0
0
0
0
0
0
1.59152e-08
1.75985e-07
-0.000714782
-0.00475214
-0.0127867
-0.0241231
-0.035848
-0.0602947
-0.0895574
-0.122603
-0.16077
-0.199806
-0.231593
-0.247924
-0.249123
-0.228392
-0.202818
-0.169063
-0.127774
-0.0966865
-0.06833
-0.0459812
-0.0293027
-0.016437
-0.0048342
0.000321128
0.00356753
0.00842506
0.00834653
0.00739409
0.00719476
0.00685702
0.00643921
0.00596905
0.00540067
0.00526731
0.00474829
0.00425353
0.00377521
0.00332154
0.0028739
0.00243962
0.00203793
0.00168446
0.00138376
0.0011157
0.000876878
0.000664521
0.000482959
0.000330768
0.000205637
0.000103124
1.84837e-05
-9.99729e-05
-0.000171236
-0.000248919
-0.000330956
-0.000409516
-0.000477812
-0.000532355
-0.000583326
-0.000628952
-0.00066942
-0.000702524
-0.00073164
-0.0007553
-0.000772798
-0.000782798
-0.00078562
-0.000788994
-0.000792893
-0.000802145
-0.000817112
-0.000838631
-0.00085905
-0.000872682
-0.000884527
-0.000895828
-0.000904688
-0.000911006
-0.000914672
-0.000915647
-0.000911711
-0.0009043
-0.000896466
-0.000890595
-0.000887667
-0.000889024
-0.000898686
-0.00091244
-0.000921048
-0.00092665
-0.000933949
-0.000940681
-0.000946055
-0.000947237
-0.000947146
-0.000941614
-0.000929843
-0.000914762
-0.000899024
-0.000884516
-0.000871113
-0.000862765
-0.000860929
-0.000863115
-0.000865906
-0.000861754
-0.000855957
-0.00085069
-0.000844171
-0.000835429
-0.000824987
-0.000808732
-0.000788463
-0.00076291
-0.000733843
-0.000708191
-0.000686845
-0.000672067
-0.000668525
-0.000665894
-0.000661828
-0.000654684
-0.00064745
-0.000640688
-0.000631956
-0.000618515
-0.00060277
-0.000582323
-0.000554913
-0.000524006
-0.000488199
-0.000457356
-0.000428828
-0.000407578
-0.000396153
-0.00039216
-0.000387833
-0.000376253
-0.000365237
-0.000357008
-0.00034622
-0.000332906
-0.000313578
-0.000285496
-0.000250635
-0.000207898
-0.000163605
-0.000125205
-9.30063e-05
-7.45746e-05
-7.52138e-05
-7.43455e-05
-6.77785e-05
-5.67777e-05
-5.12437e-05
-4.57649e-05
-3.92391e-05
-2.62271e-05
-4.33347e-06
2.25203e-05
5.80048e-05
9.88677e-05
0.000140887
0.000176871
0.000207153
0.000259894
0.000261481
0.00025766
0.000256966
0.00027003
0.000277834
0.000283467
0.000290178
0.00030672
0.000331521
0.000368934
0.0004119
0.000466341
0.000523372
0.000576918
0.000621736
0.000644662
0.000652044
0.000653968
0.000669113
0.000688867
0.00070523
0.000722089
0.000747735
0.000777936
0.000815886
0.000865924
0.000922518
0.000987034
0.00105571
0.00111925
0.00117038
0.00120034
0.00120634
0.00120555
0.0012124
0.00123113
0.00124824
0.00126467
0.00128616
0.0013156
0.00135197
0.0013974
0.00144986
0.00151886
0.00158158
0.00163978
0.00168122
0.00170233
0.00170635
0.00170779
0.00172245
0.00174186
0.00175555
0.00177218
0.00179695
0.00183367
0.00187849
0.00194084
0.00201615
0.00210151
0.00217405
0.00224435
0.00230134
0.00233516
0.00235013
0.00235356
0.00237041
0.00239446
0.00241469
0.00244051
0.0024675
0.00249945
0.00254064
0.00259043
0.0026484
0.00249039
0.00255312
0.00260969
0.00265159
0.0026635
0.00266495
0.00267786
0.00270406
0.00272569
0.00274215
0.0027604
0.00278279
0.00281589
0.00286233
0.00292968
0.00300819
0.00309263
0.00316691
0.00322609
0.0032646
0.00328234
0.00328502
0.00327762
0.00328225
0.00329353
0.00330413
0.00331522
0.00333487
0.00336668
0.00340957
0.00346265
0.00352545
0.00358983
0.00365183
0.00370815
0.00374711
0.00376386
0.00378034
0.00380444
0.00383475
0.00385809
0.00387859
0.00390009
0.00356617
0.0036
0.00364756
0.00370854
0.0037774
0.00383962
0.00389302
0.00393182
0.00395823
0.00397633
0.00398215
0.00398041
0.00398621
0.00399048
0.00398541
0.00398356
0.00398658
0.00399436
0.00400882
0.00402836
0.00405381
0.00408716
0.00411164
0.00414175
0.00415897
0.00416023
0.00417182
0.00418926
0.00421805
0.00424549
0.00427571
0.00430241
0.00433016
0.0043601
0.0043991
0.00444295
0.00449429
0.00453756
0.00457805
0.00460603
0.00461087
0.00460389
0.00458859
0.00457143
0.00456309
0.00455264
0.00454402
0.00453749
0.00453203
0.00452422
0.00451799
0.0045141
0.00450373
0.00450519
0.00450916
0.00451465
0.00450599
0.00449972
0.00450721
0.00452005
0.00453664
0.00455244
0.004567
0.00458437
0.00460017
0.00461842
0.00463508
0.00464729
0.00465514
0.004659
0.00465421
0.00463942
0.00461423
0.00459677
0.00457519
0.00454835
0.00452153
0.00449191
0.00446796
0.00444423
0.00442094
0.00439145
0.00436041
0.00431702
0.00427398
0.00424558
0.00422513
0.00423058
0.00423223
0.00424719
0.00427397
0.00428928
0.00430629
0.0043216
0.00433138
0.00442521
0.00443566
0.00443894
0.00443788
0.0044285
0.00441797
0.00519491
0.00517797
0.00515603
0.00514438
0.00513912
0.00512501
0.00510048
0.00507175
0.00504205
0.00501868
0.0049879
0.00495973
0.00492794
0.0048874
0.00484774
0.0048005
0.00476573
0.00474329
0.00473335
0.00472161
0.00472963
0.00475473
0.00477737
0.00479613
0.00481205
0.0048322
0.00485336
0.00485948
0.00485025
0.00484811
0.00482606
0.00532352
0.00530411
0.00527903
0.00524935
0.00523232
0.00523043
0.0052134
0.00517284
0.00512308
0.00506958
0.00501577
0.00496671
0.00490704
0.00483754
0.00476609
0.00470962
0.00461931
0.00453832
0.00448044
0.004451
0.00444471
0.00445652
0.00447165
0.00447795
0.00448506
0.00449524
0.00451949
0.00454412
0.0045622
0.00456396
0.00454021
0.00450306
0.00445332
0.00440285
0.00434666
0.00429276
0.00426938
0.00426196
0.00423722
0.00419109
0.00413159
0.00405093
0.00398637
0.00390962
0.00381656
0.00370285
0.00358093
0.00344637
-0.000577131
-0.000821254
-0.00101037
-0.00112503
-0.00114532
-0.00112684
-0.00115112
-0.00120477
-0.00123088
-0.00126322
-0.00129794
-0.0013531
-0.00143459
-0.00157654
-0.00177943
-0.00202654
-0.00229948
-0.00256201
-0.00281089
-0.00298219
-0.00306057
-0.00306029
-0.0030296
-0.00305549
-0.00309142
-0.00312387
-0.00319176
-0.00331097
-0.00347123
-0.00368838
-0.00392453
-0.0041921
-0.00450605
-0.00478409
-0.00502022
-0.00513464
-0.00512171
-0.00509314
-0.00510986
-0.00519033
-0.00524331
-0.00529432
-0.0053856
-0.00552514
-0.00574691
-0.00603542
-0.00637382
-0.00677402
-0.00720029
-0.00753699
-0.00780809
-0.00798989
-0.00805299
-0.00803054
-0.00799747
-0.0080817
-0.00816767
-0.0082354
-0.00834832
-0.00849025
-0.00869296
-0.0089555
-0.00927734
-0.00968942
-0.0101125
-0.0104877
-0.0107909
-0.0109891
-0.0110095
-0.0110109
-0.0110951
-0.0112432
-0.0113525
-0.0114735
-0.0116407
-0.0118366
-0.012115
-0.0124707
-0.0129153
-0.0132299
-0.0137671
-0.0141998
-0.0145865
-0.0148666
-0.0149633
-0.0149409
-0.0149002
-0.0149563
-0.0149839
-0.0150103
-0.0150859
-0.0152067
-0.0153566
-0.0156065
-0.0159067
-0.0163155
-0.0167558
-0.017156
-0.0175063
-0.0176708
-0.0177221
-0.0178006
-0.0179958
-0.018241
-0.0184693
-0.0187282
-0.0189743
-0.0192382
-0.0196245
-0.0200928
-0.0189359
-0.0195295
-0.0200921
-0.0205659
-0.0209009
-0.0211156
-0.0211376
-0.0211074
-0.0210879
-0.0211042
-0.0211014
-0.0210733
-0.0211018
-0.0211599
-0.021224
-0.0213332
-0.0214985
-0.0217856
-0.0220521
-0.0223244
-0.0225651
-0.0226096
-0.022604
-0.0226351
-0.0227686
-0.0229798
-0.0232016
-0.0234822
-0.0238536
-0.0243241
-0.0248649
-0.0255161
-0.0262534
-0.0270352
-0.0278011
-0.0284756
-0.0290202
-0.0293625
-0.0295139
-0.0294158
-0.0293738
-0.0293626
-0.0293158
-0.0292462
-0.0292429
-0.0293299
-0.0294837
-0.029738
-0.0301368
-0.0306328
-0.0311613
-0.031635
-0.0319651
-0.0320389
-0.0320368
-0.032169
-0.032424
-0.0327056
-0.0330162
-0.0334011
-0.0338119
-0.034331
-0.0349262
-0.0356397
-0.0364499
-0.0373856
-0.0381899
-0.0388705
-0.0394068
-0.0397457
-0.039792
-0.0395962
-0.0395734
-0.0396387
-0.0396001
-0.0395942
-0.0395845
-0.0396115
-0.0397061
-0.0373396
-0.0374782
-0.0376845
-0.038013
-0.0382853
-0.0385134
-0.0385572
-0.0386075
-0.0388426
-0.0391923
-0.0394752
-0.0398097
-0.040165
-0.0406373
-0.0494242
-0.0501233
-0.0510051
-0.0521588
-0.0534453
-0.0545595
-0.0554773
-0.0561682
-0.056452
-0.0564499
-0.0562309
-0.0562311
-0.0561309
-0.0560321
-0.0558806
-0.0557762
-0.0559299
-0.0561609
-0.0564629
-0.0568117
-0.0573232
-0.0578518
-0.0584569
-0.0587034
-0.0586418
-0.058697
-0.0588518
-0.0592138
-0.0597057
-0.0603913
-0.0611971
-0.0622171
-0.063383
-0.0646809
-0.0661941
-0.067989
-0.0694871
-0.0707568
-0.0719185
-0.0725658
-0.0730897
-0.0732071
-0.0730778
-0.0730178
-0.0729651
-0.0728149
-0.0725665
-0.0724431
-0.0725154
-0.0727005
-0.0731753
-0.0737717
-0.074486
-0.0743836
-0.074764
-0.0746786
-0.0744612
-0.0744759
-0.0749603
-0.075554
-0.0761181
-0.0767367
-0.0775167
-0.078482
-0.0796901
-0.0810056
-0.082339
-0.0838508
-0.0854646
-0.0869578
-0.0881168
-0.0886736
-0.0889857
-0.0888756
-0.0888145
-0.088752
-0.0886231
-0.08843
-0.0882263
-0.0882765
-0.0886544
-0.0891387
-0.0896351
-0.0903447
-0.0913344
-0.0922804
-0.0932203
-0.0934743
-0.0938405
-0.0945778
-0.0955696
-0.0966634
-0.100684
-0.10171
-0.102811
-0.104242
-0.105982
-0.107771
-0.109621
-0.111869
-0.113946
-0.115716
-0.116966
-0.117858
-0.118165
-0.118234
-0.118319
-0.118651
-0.118822
-0.119109
-0.119364
-0.119705
-0.120323
-0.121172
-0.122309
-0.123767
-0.125115
-0.126386
-0.127214
-0.127481
-0.127817
-0.128728
-0.129864
-0.131066
-0.131968
-0.132741
-0.133526
-0.134668
-0.136263
-0.138041
-0.139803
-0.14164
-0.143439
-0.144868
-0.145992
-0.146635
-0.146864
-0.146635
-0.146588
-0.146553
-0.14639
-0.146308
-0.146385
-0.146632
-0.147191
-0.148135
-0.149138
-0.150571
-0.151872
-0.152926
-0.153794
-0.154113
-0.154398
-0.155174
-0.156283
-0.157167
-0.157966
-0.158694
-0.15967
-0.160915
-0.162207
-0.164108
-0.166205
-0.168467
-0.170512
-0.172218
-0.173594
-0.174405
-0.174912
-0.175087
-0.175425
-0.175803
-0.175787
-0.175935
-0.176166
-0.176822
-0.1775
-0.178693
-0.180136
-0.182019
-0.184068
-0.18594
-0.186663
-0.187015
-0.1877
-0.188953
-0.190383
-0.191847
-0.193449
-0.195255
-0.1972
-0.19942
-0.20197
-0.204985
-0.208054
-0.211125
-0.213899
-0.216418
-0.218406
-0.219797
-0.220572
-0.226836
-0.227835
-0.228737
-0.229293
-0.229925
-0.23055
-0.231389
-0.232802
-0.234872
-0.237277
-0.239845
-0.242332
-0.244358
-0.245562
-0.246134
-0.2469
-0.24826
-0.249971
-0.251397
-0.252615
-0.254166
-0.256053
-0.257967
-0.260445
-0.263121
-0.265928
-0.268317
-0.270923
-0.273361
-0.27536
-0.276856
-0.277579
-0.278043
-0.278775
-0.279614
-0.280228
-0.281051
-0.281972
-0.283346
-0.284884
-0.286834
-0.289501
-0.292227
-0.294828
-0.297443
-0.298464
-0.299109
-0.299833
-0.301129
-0.302341
-0.303333
-0.304278
-0.305438
-0.306829
-0.308377
-0.310302
-0.312783
-0.315189
-0.317562
-0.319817
-0.322066
-0.323842
-0.32533
-0.326368
-0.327075
-0.328024
-0.328938
-0.330004
-0.331034
-0.331957
-0.333303
-0.334765
-0.336739
-0.339087
-0.341506
-0.343493
-0.344771
-0.345403
-0.345614
-0.345644
-0.345827
-0.348518
-0.34853
-0.348655
-0.348854
-0.34935
-0.350269
-0.351173
-0.352166
-0.353284
-0.354512
-0.355665
-0.356718
-0.358556
-0.35937
-0.359948
-0.36044
-0.361248
-0.358613
-0.359323
-0.36026
-0.361306
-0.362619
-0.364097
-0.365643
-0.367522
-0.369461
-0.370911
-0.372207
-0.37322
-0.373715
-0.374127
-0.374512
-0.374753
-0.375088
-0.375356
-0.375612
-0.375716
-0.376002
-0.376529
-0.377352
-0.378218
-0.379328
-0.380359
-0.381461
-0.382517
-0.383429
-0.384335
-0.385115
-0.385937
-0.386673
-0.387489
-0.388156
-0.388867
-0.389685
-0.390771
-0.39249
-0.393665
-0.394721
-0.39561
-0.396359
-0.396786
-0.39669
-0.396187
-0.395469
-0.394658
-0.395702
-0.39513
-0.394574
-0.394001
-0.393492
-0.39315
-0.393051
-0.393115
-0.393152
-0.393151
-0.393278
-0.393678
-0.394139
-0.394514
-0.3947
-0.394842
-0.395033
-0.395984
-0.396295
-0.3966
-0.396609
-0.396558
-0.396507
-0.396528
-0.396419
-0.396366
-0.396837
-0.396762
-0.396084
-0.395097
-0.393944
-0.392724
-0.391607
-0.3904
-0.389176
-0.387894
-0.38646
-0.384763
-0.383319
-0.381897
-0.380596
-0.379621
-0.378927
-0.378129
-0.377753
-0.377805
-0.377673
-0.377685
-0.37782
-0.377761
-0.377651
-0.377199
-0.376745
-0.37583
-0.374753
-0.373562
-0.372243
-0.371342
-0.37107
-0.370888
-0.369999
-0.368677
-0.367012
-0.365127
-0.363474
-0.361726
-0.359583
-0.357173
-0.354732
-0.353673
-0.350787
-0.348171
-0.348976
-0.346649
-0.344855
-0.343478
-0.342612
-0.342251
-0.341664
-0.340921
-0.340148
-0.3393
-0.338539
-0.337653
-0.336512
-0.334828
-0.33253
-0.329551
-0.327329
-0.325586
-0.324774
-0.324218
-0.323355
-0.321899
-0.320223
-0.318634
-0.316739
-0.315164
-0.313378
-0.31128
-0.308993
-0.306386
-0.303747
-0.301431
-0.29913
-0.297173
-0.295797
-0.294684
-0.294097
-0.293607
-0.292845
-0.29224
-0.291686
-0.291111
-0.290264
-0.289321
-0.288201
-0.286697
-0.284733
-0.28262
-0.280917
-0.279853
-0.279732
-0.279832
-0.279516
-0.27858
-0.277604
-0.276812
-0.275782
-0.274591
-0.273123
-0.271421
-0.269248
-0.266806
-0.264288
-0.261874
-0.259463
-0.257092
-0.255134
-0.253429
-0.252518
-0.251595
-0.250385
-0.249274
-0.248197
-0.246893
-0.245253
-0.243855
-0.241651
-0.237077
-0.233999
-0.230961
-0.228552
-0.226947
-0.226478
-0.226166
-0.225588
-0.224514
-0.22326
-0.222171
-0.220886
-0.219315
-0.217462
-0.215337
-0.212892
-0.210155
-0.206534
-0.203826
-0.201195
-0.198591
-0.196783
-0.195371
-0.194279
-0.19302
-0.191698
-0.182835
-0.182107
-0.18146
-0.180641
-0.17938
-0.177615
-0.175478
-0.172905
-0.170268
-0.168187
-0.166874
-0.166298
-0.166058
-0.165709
-0.165005
-0.164123
-0.163512
-0.162933
-0.162211
-0.161266
-0.160068
-0.158686
-0.156931
-0.155036
-0.152918
-0.1509
-0.148947
-0.147694
-0.146735
-0.146013
-0.144997
-0.143883
-0.142978
-0.142102
-0.141061
-0.139675
-0.13822
-0.136402
-0.134214
-0.131817
-0.1296
-0.125047
-0.123911
-0.123626
-0.123533
-0.123079
-0.122351
-0.121692
-0.121016
-0.120277
-0.119276
-0.118036
-0.116513
-0.114673
-0.112312
-0.109888
-0.106945
-0.104645
-0.102646
-0.101253
-0.096404
-0.0956272
-0.0946605
-0.0934819
-0.0924309
-0.0913914
-0.0901642
-0.0888361
-0.0872134
-0.0853385
-0.0831959
-0.0812348
-0.0790793
-0.0772611
-0.0761976
-0.0755262
-0.0751078
-0.0744644
-0.0736759
-0.0730087
-0.0725777
-0.0720478
-0.0714059
-0.0705338
-0.0692097
-0.0676116
-0.0657604
-0.0637251
-0.0618918
-0.0602023
-0.0588022
-0.057835
-0.0570915
-0.0566576
-0.0555862
-0.0546566
-0.0537753
-0.0529415
-0.0517945
-0.0504389
-0.0488722
-0.0470406
-0.0449766
-0.0427251
-0.0352275
-0.03387
-0.0330878
-0.0327876
-0.0326105
-0.0321182
-0.0315099
-0.0310761
-0.0306584
-0.030163
-0.0293961
-0.0284788
-0.0272844
-0.0257248
-0.0239945
-0.0223081
-0.0207442
-0.0192888
-0.0180813
-0.017319
-0.0169216
-0.0165324
-0.0159195
-0.0152499
-0.0146569
-0.0138818
-0.0129089
-0.0117557
-0.0103073
-0.00861118
-0.00669921
-0.00486202
-0.00327367
-0.00205112
-0.00122647
-0.000793561
-0.000588725
-9.94358e-06
0.000720282
0.00122143
0.00168054
0.00225967
0.0030777
0.00415839
0.00555411
0.00719747
0.00901506
0.0108829
0.0124475
0.0157946
0.0170852
0.0175461
0.0175219
0.0178798
0.0186931
0.0195518
0.0205824
0.0216175
0.0226641
0.0239815
0.0256017
0.027731
0.0296131
0.0314759
0.0333917
0.0347823
0.035503
0.0357747
0.0359226
0.0363455
0.0367284
0.0369989
0.0372138
0.0376095
0.0383018
0.0393713
0.0406812
0.0424237
0.0443186
0.0461754
0.0479015
0.0494072
0.0502908
0.0507365
0.0510043
0.0515791
0.0524549
0.053096
0.0537637
0.054625
0.0556434
0.056825
0.0583504
0.0601342
0.0621067
0.063989
0.065623
0.0669004
0.0676362
0.067988
0.0683731
0.0689998
0.0696494
0.0701441
0.0706108
0.0711251
0.0717214
0.0726373
0.0738776
0.0754714
0.077336
0.0789867
0.0804884
0.0817808
0.0824435
0.0826996
0.0828903
0.0834403
0.0841374
0.0845912
0.085097
0.0855914
0.0863165
0.0872662
0.0883507
0.0895574
0.0908477
0.0918739
0.0928586
0.0936128
0.0937117
0.0935872
0.0935042
0.0937182
0.0939604
0.0942962
0.0946597
0.0951156
0.0956611
0.0964506
0.0975867
0.098775
0.100194
0.101537
0.102755
0.103536
0.103751
0.10375
0.103632
0.103719
0.103839
0.103875
0.103929
0.104198
0.104575
0.10517
0.106072
0.107199
0.108332
0.110643
0.111612
0.115301
0.115521
0.115693
0.116047
0.11658
0.117117
0.117608
0.118181
0.118861
0.119645
0.120457
0.121399
0.1236
0.124698
0.125637
0.126409
0.126949
0.127064
0.127075
0.127074
0.127269
0.127495
0.127668
0.127835
0.128096
0.128457
0.12876
0.129149
0.129562
0.129986
0.13031
0.130578
0.130606
0.130402
0.130183
0.130113
0.130054
0.130041
0.130045
0.130089
0.130238
0.130553
0.130974
0.131483
0.13212
0.132734
0.13318
0.133482
0.133706
0.133765
0.133746
0.133666
0.133621
0.133508
0.133332
0.13327
0.133184
0.133124
0.133022
0.133041
0.133154
0.133261
0.133428
0.133638
0.133734
0.133801
0.133916
0.134085
0.134289
0.134397
0.134561
0.134693
0.134822
0.134954
0.135141
0.135322
0.135552
0.13577
0.135992
0.136112
0.136091
0.135992
0.135782
0.135495
0.135255
0.134931
0.134637
0.134322
0.133933
0.133519
0.133259
0.132773
0.132333
0.131947
0.131706
0.131404
0.13104
0.130867
0.130752
0.13067
0.130654
0.130623
0.130641
0.130613
0.130569
0.130548
0.130476
0.130335
0.130229
0.130015
0.129307
0.12905
0.128925
0.128808
0.128566
0.128231
0.127819
0.127349
0.126819
0.126349
0.125891
0.125361
0.124726
0.12403
0.12337
0.122783
0.122283
0.121956
0.121777
0.121763
0.121793
0.121813
0.121916
0.122002
0.122069
0.122086
0.122093
0.122125
0.122065
0.121819
0.12146
0.121042
0.120623
0.120262
0.120166
0.120161
0.120021
0.119689
0.119216
0.118583
0.118189
0.117706
0.1172
0.116509
0.115683
0.114669
0.113637
0.112714
0.11196
0.111446
0.111127
0.110943
0.110815
0.110665
0.110623
0.110703
0.110733
0.110642
0.1105
0.110254
0.109796
0.109329
0.10866
0.1079
0.107244
0.106632
0.106304
0.106003
0.105582
0.104986
0.104355
0.103797
0.103251
0.102631
0.101936
0.101105
0.100028
0.0988698
0.0977942
0.0968145
0.0960475
0.0955671
0.0952828
0.0951633
0.0948636
0.0945427
0.0943317
0.0941656
0.0939945
0.0936563
0.0931787
0.0927073
0.0920497
0.0912703
0.091079
0.0901966
0.0894119
0.0888808
0.0887476
0.0886712
0.0885298
0.0880822
0.0875875
0.0871422
0.0867367
0.086241
0.0856476
0.0847897
0.0837013
0.0824449
0.0813673
0.0804758
0.0796581
0.0790943
0.0788144
0.0787033
0.0785097
0.0782709
0.0781791
0.0781425
0.0780553
0.0777597
0.0774753
0.0770711
0.0765326
0.0759177
0.0750794
0.0743018
0.0735693
0.0730075
0.0727359
0.0725434
0.0723104
0.0719461
0.0715436
0.0711216
0.0706583
0.0700691
0.0693901
0.0685941
0.0676977
0.0665951
0.0655032
0.0645393
0.0636758
0.0631087
0.0628198
0.0626967
0.0624077
0.0620542
0.0617732
0.0614809
0.0611241
0.0607495
0.0602818
0.0597637
0.0591342
0.0585054
0.0577961
0.0571559
0.0565435
0.0561878
0.0560179
0.0559227
0.0557063
0.0554165
0.0551536
0.0548977
0.0545748
0.0541611
0.0536531
0.0530269
0.0522306
0.0514085
0.0507076
0.0501839
0.049773
0.0496022
0.0496259
0.049747
0.0497728
0.0497356
0.0497128
0.0496873
0.0496354
0.0495335
0.0493467
0.0490625
0.0486381
0.0481068
0.0475049
0.0469938
0.0465433
0.046309
0.0462318
0.0462141
0.0460408
0.0458004
0.0429004
0.0427628
0.0425954
0.0423889
0.0420778
0.0417029
0.0412065
0.0406788
0.0401361
0.0396446
0.0392329
0.0389755
0.0388955
0.0388221
0.0386011
0.0384246
0.0382571
0.0368531
0.0366415
0.0363989
0.0360665
0.0356244
0.0351218
0.0345423
0.0340079
0.033525
0.0330971
0.0327907
0.0326472
0.0324856
0.0322794
0.032003
0.0317178
0.0314605
0.0312031
0.0308715
0.0304575
0.0299691
0.0294401
0.0289121
0.0284891
0.0281402
0.027903
0.0277627
0.0277141
0.0276469
0.0274995
0.027361
0.0272648
0.0271224
0.0269265
0.02671
0.0264176
0.0260759
0.0257154
0.0253095
0.0249342
0.0246109
0.024348
0.0242422
0.0241908
0.0241579
0.0240469
0.0238778
0.023732
0.0235629
0.023361
0.0231291
0.0228763
0.0225772
0.0219094
0.0215714
0.0212634
0.0210257
0.020875
0.0208288
0.0208538
0.0208302
0.0207634
0.0207071
0.020659
0.0205886
0.0205246
0.0204313
0.0202886
0.0201029
0.0199141
0.0197222
0.0195193
0.0193117
0.0191636
0.0190997
0.0190885
0.0190535
0.0189561
0.0188334
0.0186991
0.0185755
0.0184277
0.0182688
0.018062
0.0177893
0.017489
0.0171911
0.0169269
0.014917
0.0148074
0.0147628
0.0147534
0.0147287
0.0146919
0.0146652
0.0146511
0.0146181
0.0145717
0.0145183
0.0144402
0.0143156
0.0141943
0.0140522
0.0139347
0.0138118
0.0137232
0.0136706
0.013642
0.0136043
0.0135249
0.0134466
0.0133599
0.0132819
0.0131852
0.0130681
0.0129179
0.0127521
0.0125588
0.012364
0.0121947
0.0120555
0.0119573
0.0119101
0.0118936
0.0118565
0.0118139
0.0117814
0.011752
0.0117275
0.0116805
0.0116256
0.0115533
0.0114397
0.0113176
0.0111842
0.0110717
0.0109621
0.0108902
0.0108584
0.0108245
0.0107806
0.0107067
0.010632
0.0105527
0.0104762
0.010387
0.01028
0.0101419
0.00998405
0.00981303
0.00964527
0.00950151
0.00939486
0.00932146
0.00929885
0.00928548
0.00925004
0.00921387
0.00902364
0.00898678
0.00894429
0.0088958
0.00882659
0.00873442
0.00861476
0.00848887
0.00835076
0.008214
0.0080967
0.00801411
0.00795935
0.00792586
0.00788971
0.0078369
0.00779212
0.00774931
0.00770414
0.00764448
0.00755228
0.00743956
0.00729751
0.00714095
0.00698771
0.0068596
0.00675983
0.00669996
0.00552981
0.00550391
0.00546265
0.00542696
0.00540594
0.00537944
0.00534507
0.00530481
0.00525577
0.00520217
0.00513712
0.00506839
0.00499986
0.0049351
0.00487888
0.00484304
0.00483407
0.00482577
0.00480756
0.00478124
0.00475554
0.00472997
0.00469527
0.0046515
0.0045994
0.00453787
0.00446512
0.00438567
0.00431588
0.00425079
0.00420167
0.00417345
0.0041579
0.00413391
0.00409848
0.00407077
0.00404569
0.0040226
0.00399953
0.00396837
0.00393247
0.00388672
0.0038355
0.00378748
0
-3.52826e-05
