-0.977004904	
-0.972582489	
-0.794773613	
-0.76042455	
-0.445099635	
-0.580974162	
-0.592043605	
-0.265059313	
-0.719866682	
-0.71502828	
-0.261743316	
-0.794037993	
-0.870860879	
-0.692357732	
-0.769696491	
-0.855585496	
-0.558474157	
-0.782954425	
-0.829454901	
-0.863107884	
-0.797271715	
-0.833364608	
-0.77886733	
-0.771013982	
-0.809912747	
-0.881795603	
-0.76676134	
-0.665544991	
-0.75663741	
-0.595706048	
-0.695441524	
-0.790324924	
-0.839566126	
-0.646425461	
-0.164919308	
-0.587004893	
-0.760960543	
-0.726914431	
-0.575957639	
-0.91114117	
-0.72642747	
-0.801977263	
-0.802968937	
-0.959387217	
-0.785965939	
-0.626686306	
-0.820251259	
-0.913325562	
-0.603704042	
-0.602692327	
-0.489007905	
-0.338895287	
-0.674285829	
-0.415945746	
-0.797230276	
-0.637486993	
-0.506797089	
-0.48601711	
-0.487403913	
-0.709297814	
-0.79633652	
-0.938512097	
-0.85748629	
-0.569736295	
-0.817504375	
-0.843636865	
-0.816153216	
-0.918355819	
-0.99557736	
-0.938324026	
-0.887201961	
-0.858146384	
-0.716226552	
-0.731847454	
-0.424812142	
-0.63370429	
-0.637965729	
-0.397579166	
-0.387855499	
-0.214253925	
-0.580216751	
-0.415386023	
-0.780440037	
-0.598799189	
-0.32092957	
-0.356947228	
-0.274424339	
-0.659929647	
0.012166889	
-0.722647661	
-0.884820858	
-0.807387121	
-0.873841443	
-0.716546282	
-0.963993528	
-0.874545336	
-0.576901584	
-0.756338614	
-0.912300554	
-0.506086194	
-0.834056236	
-0.820070103	
-0.549524939	
-0.721575076	
-0.835217237	
-0.522002176	
-0.322846065	
-0.891471487	
-0.86279091	
-0.874936605	
-0.837577835	
-0.606260531	
-0.906953387	
-0.752033415	
-0.828241599	
-0.597437792	
-0.718438718	
-0.804480326	
-0.746872864	
-0.848119661	
-0.721539804	
-0.683383145	
-0.497806226	
-0.877447112	
-0.602666185	
-0.71456999	
-0.526919006	
-0.336256002	
-0.704828006	
-0.449803639	
-0.852297571	
0.380064509	
-0.434877716	
-0.104349399	
-0.727141343	
-0.703616423	
-0.55982959	
-0.365335051	
-0.484164984	
-0.292718561	
-0.838131147	
-0.786480097	
-0.931259937	
-0.946729685	
-0.779110041	
-0.750819168	
-0.817143262	
-0.068553316	
-0.843131486	
-0.70670289	
-0.790759393	
-0.723487452	
-0.683489279	
-0.694836041	
-0.707173077	
-0.839135611	
-0.778800232	
-0.894357378	
-0.805097215	
-0.949558461	
-0.843192003	
-0.930270128	
-0.955070816	
-0.854156211	
-0.738281586	
-0.773539434	
-0.387732323	
-0.284689139	
-0.274390519	
-0.544197451	
-0.221763115	
-0.503611793	
-0.096754932	
0.174189088	
-0.073267726	
0.861539086	
-0.020268194	
0.404547163	
0.039737254	
0.072580233	
-0.34154211	
0.493453722	
-0.444402788	
-0.17807255	
-0.210079145	
0.476148796	
-0.037548717	
-0.53591095	
-0.311613867	
-0.565250097	
-0.245792108	
-0.594779507	
-0.8277662	
-0.739194074	
-0.865375202	
-0.720766055	
-0.756450952	
-0.62478768	
-0.616433463	
-0.776083444	
-0.781727627	
-0.871854973	
-0.937888759	
-0.911188965	
-0.896129895	
-0.953839535	
-0.872634855	
-0.943117086	
-0.658327664	
-0.818719421	
-0.740205389	
-0.89369747	
-0.15007933	
-0.269731013	
-0.544040529	
1	
-0.447352753	
0.044363956	
0.440405334	
-0.012006773	
0.284565775	
-0.296104115	
-0.266968724	
0.287624478	
-0.29351699	
0.348924489	
0.443770822	
-0.267686058	
0.871394823	
-0.614496256	
-0.743749226	
0.018640618	
-0.46603034	
-0.052764566	
-0.065626681	
-0.848262185	
-0.791775969	
-0.971163232	
-0.792601619	
-0.740621475	
-0.759557059	
-0.810601763	
-1	
-0.747988972	
-0.834496299	
-0.909357408	
0.23216523	
-0.591436409	
-0.37670602	
-0.309258064	
-0.176887533	
-0.401428293	
0.011620938	
-0.02219045	
0.08787511	
-0.547889252	
-0.834797829	
-0.237267078	
-0.62801432	
-0.491479763	
-0.665698914	
-0.62360437	
-0.488124659	
-0.444574184	
0.049155531	
-0.276636659	
-0.46535404	
0.338429975	
-0.400488334	
-0.548751126	
-0.584352807	
-0.467018159	
-0.601964265	
-0.714385358	
-0.903781697	
-0.848419998	
-0.724562625	
-0.820289013	
-0.679070893	
-0.503801101	
-0.82290686	
-0.731637419	
-0.61953516	
-0.519336227	
-0.507195468	
-0.650836406	
-0.768005119	
-0.817733893	
-0.796100198	
-0.610159823	
-0.821660545	
-0.57904176	
-0.685803014	
-0.714982471	
-0.621472137	
-0.625106226	
-0.282369189	
-0.137314174	
-0.491397172	
-0.506805892	
-0.110424942	
-0.667190278	
-0.541023257	
-0.524327582	
-0.691323651	
-0.344527166	
0.073263015	
-0.25480205	
-0.389857418	
-0.684011019	
-0.563380165	
0.270583562	
-0.190033353	
-0.209213369	
-0.349655338	
-0.102051539	
-0.575285993	
-0.59043942	
0.133002624	
0.172188345	
-0.678690438	
-0.37673453	
-0.597302856	
-0.156853386	
-0.871811712	
-0.526481026	
-0.610451356	
-0.738211755	
-0.769513514	
-0.715522057	
-0.842767602	
-0.121528459	
-0.868550337	
-0.657696015	
-0.712296819	
-0.661686678	
-0.474124902	
-0.139914018	
0.078068456	
-0.772548158	
-0.560464338	
-0.818434922	
-0.169377621	
-0.623569268	
-0.146936159	
-0.355016232	
-0.576085904	
-0.503444006	
-0.560890958	
-0.605383901	
-0.53532897	
-0.485661998	
-0.618807454	
-0.527686874	
-0.342750468	
-0.473568879	
-0.376011924	
-0.033413153	
-0.367689534	
-0.557634763	
-0.148019703	
-0.565124688	
-0.626612664	
-0.176359796	
-0.758375532	
-0.797080261	
0.443371586	
-0.397284198	
0.276432012	
-0.408020957	
-0.613924219	
-0.683369988	
-0.508423468	
-0.052128634	
-0.526058522	
-0.415043497	
-0.197819205	
-0.676527897	
-0.495936276	
-0.141397713	
-0.472957296	
-0.513672142	
-0.77198203	
-0.651443001	
-0.631798978	
-0.750893351	
-0.760493435	
-0.713392164	
-0.731461175	
-0.705085071	
-0.71288511	
-0.663149693	
-0.56521054	
-0.759271402	
-0.725444387	
-0.715893312	
-0.743581984	
-0.688348162	
-0.689529363	
-0.769572618	
-0.640216128	
-0.510310556	
-0.76142155	
-0.819089987	
-0.719566459	
-0.532515196	
-0.449962518	
-0.431156115	
-0.437020721	
-0.192718584	
-0.389388143	
-0.564943262	
-0.58820353	
-0.621145541	
-0.868242055	
-0.717354658	
-0.758425462	
-0.75675229	
-0.656949942	
-0.748204299	
-0.77152074	
-0.577366819	
-0.515159758	
-0.664600873	
0.201648863	
-0.554406853	
-0.361094263	
-0.613979853	
-0.063566793	
-0.407940525	
0.045612412	
-0.284558261	
-0.59846416	
-0.315207118	
-0.284638883	
-0.377449466	
-0.773838227	
-0.898413644	
-0.69411812	
-0.433110853	
-0.225852891	
-0.203038951	
0.310570982	
-0.449295995	
-0.436335342	
-0.504835551	
-0.713675835	
-0.743712337	
-0.409527272	
-0.69807271	
-0.202350443	
-0.22557098	
-0.48048897	
-0.65950062	
-0.785163183	
-0.799851759	
-0.660917426	
-0.827328335	
-0.812695494	
-0.914729646	
-0.877475057	
-0.743748389	
-0.694797088	
-0.651366822	
-0.643569679	
-0.788814787	
-0.764486908	
-0.896888898	
-0.386417931	
-0.604232845	
-0.147008715	
-0.632568422	
-0.637530546	
-0.671709947	
-0.782945971	
-0.379839776	
-0.738199779	
-0.341961029	
-0.770519716	
-0.686765861	
0.560071616	
-0.340921563	
-0.82373166	
-0.51461103	
-0.660225919	
-0.683539775	
-0.571703189	
-0.730935686	
-0.050649664	
-0.730821445	
-0.415134821	
-0.374652892	
-0.147553138	
-0.507068482	
-0.594527153	
-0.666980057	
-0.349865682	
-0.590535796	
-0.726911221	
-0.977004904	
-0.972582489	
-0.794773613	
-0.76042455	
-0.445099635	
-0.580974162	
-0.592043605	
-0.265059313	
-0.719866682	
-0.71502828	
-0.261743316	
-0.794037993	
-0.870860879	
-0.692357732	
-0.769696491	
-0.855585496	
-0.558474157	
-0.782954425	
-0.829454901	
-0.863107884	
-0.797271715	
-0.833364608	
-0.77886733	
-0.771013982	
-0.809912747	
-0.881795603	
-0.76676134	
-0.665544991	
-0.75663741	
-0.595706048	
-0.695441524	
-0.790324924	
-0.839566126	
-0.646425461	
-0.164919308	
-0.587004893	
-0.760960543	
-0.726914431	
-0.575957639	
-0.91114117	
-0.72642747	
-0.801977263	
-0.802968937	
-0.959387217	
-0.785965939	
-0.626686306	
-0.820251259	
-0.913325562	
-0.603704042	
-0.602692327	
-0.489007905	
-0.338895287	
-0.674285829	
-0.415945746	
-0.797230276	
-0.637486993	
-0.506797089	
-0.48601711	
-0.487403913	
-0.709297814	
-0.79633652	
-0.938512097	
-0.85748629	
-0.569736295	
-0.817504375	
-0.843636865	
-0.816153216	
-0.918355819	
-0.99557736	
-0.938324026	
-0.887201961	
-0.858146384	
-0.716226552	
-0.731847454	
-0.424812142	
-0.63370429	
-0.637965729	
-0.397579166	
-0.387855499	
-0.214253925	
-0.580216751	
-0.415386023	
-0.780440037	
-0.598799189	
-0.32092957	
-0.356947228	
-0.274424339	
-0.659929647	
0.012166889	
-0.722647661	
-0.884820858	
-0.807387121	
-0.873841443	
-0.716546282	
-0.963993528	
-0.874545336	
-0.576901584	
-0.756338614	
-0.912300554	
-0.506086194	
-0.834056236	
-0.820070103	
-0.549524939	
-0.721575076	
-0.835217237	
-0.522002176	
-0.322846065	
-0.891471487	
-0.86279091	
-0.874936605	
-0.837577835	
-0.606260531	
-0.906953387	
-0.752033415	
-0.828241599	
-0.597437792	
-0.718438718	
-0.804480326	
-0.746872864	
-0.848119661	
-0.721539804	
-0.683383145	
-0.497806226	
-0.877447112	
-0.602666185	
-0.71456999	
-0.526919006	
-0.336256002	
-0.704828006	
-0.449803639	
-0.852297571	
0.380064509	
-0.434877716	
-0.104349399	
-0.727141343	
-0.703616423	
-0.55982959	
-0.365335051	
-0.484164984	
-0.292718561	
-0.838131147	
-0.786480097	
-0.931259937	
-0.946729685	
-0.779110041	
-0.750819168	
-0.817143262	
-0.068553316	
-0.843131486	
-0.70670289	
-0.790759393	
-0.723487452	
-0.683489279	
-0.694836041	
-0.707173077	
-0.839135611	
-0.778800232	
-0.894357378	
-0.805097215	
-0.949558461	
-0.843192003	
-0.930270128	
-0.955070816	
-0.854156211	
-0.738281586	
-0.773539434	
-0.387732323	
-0.284689139	
-0.274390519	
-0.544197451	
-0.221763115	
-0.503611793	
-0.096754932	
0.174189088	
-0.073267726	
0.861539086	
-0.020268194	
0.404547163	
0.039737254	
0.072580233	
-0.34154211	
0.493453722	
-0.444402788	
-0.17807255	
-0.210079145	
0.476148796	
-0.037548717	
-0.53591095	
-0.311613867	
-0.565250097	
-0.245792108	
-0.594779507	
-0.8277662	
-0.739194074	
-0.865375202	
-0.720766055	
-0.756450952	
-0.62478768	
-0.616433463	
-0.776083444	
-0.781727627	
-0.871854973	
-0.937888759	
-0.911188965	
-0.896129895	
-0.953839535	
-0.872634855	
-0.943117086	
-0.658327664	
-0.818719421	
-0.740205389	
-0.89369747	
-0.15007933	
-0.269731013	
-0.544040529	
1	
-0.447352753	
0.044363956	
0.440405334	
-0.012006773	
0.284565775	
-0.296104115	
-0.266968724	
0.287624478	
-0.29351699	
0.348924489	
0.443770822	
-0.267686058	
0.871394823	
-0.614496256	
-0.743749226	
0.018640618	
-0.46603034	
-0.052764566	
-0.065626681	
-0.848262185	
-0.791775969	
-0.971163232	
-0.792601619	
-0.740621475	
-0.759557059	
-0.810601763	
-1	
-0.747988972	
-0.834496299	
-0.909357408	
0.23216523	
-0.591436409	
-0.37670602	
-0.309258064	
-0.176887533	
-0.401428293	
0.011620938	
-0.02219045	
0.08787511	
-0.547889252	
-0.834797829	
-0.237267078	
-0.62801432	
-0.491479763	
-0.665698914	
-0.62360437	
-0.488124659	
-0.444574184	
0.049155531	
-0.276636659	
-0.46535404	
0.338429975	
-0.400488334	
-0.548751126	
-0.584352807	
-0.467018159	
-0.601964265	
-0.714385358	
-0.903781697	
-0.848419998	
-0.724562625	
-0.820289013	
-0.679070893	
-0.503801101	
-0.82290686	
-0.731637419	
-0.61953516	
-0.519336227	
-0.507195468	
-0.650836406	
-0.768005119	
-0.817733893	
-0.796100198	
-0.610159823	
-0.821660545	
-0.57904176	
-0.685803014	
-0.714982471	
-0.621472137	
-0.625106226	
-0.282369189	
-0.137314174	
-0.491397172	
-0.506805892	
-0.110424942	
-0.667190278	
-0.541023257	
-0.524327582	
-0.691323651	
-0.344527166	
0.073263015	
-0.25480205	
-0.389857418	
-0.684011019	
-0.563380165	
0.270583562	
-0.190033353	
-0.209213369	
-0.349655338	
-0.102051539	
-0.575285993	
-0.59043942	
0.133002624	
0.172188345	
-0.678690438	
-0.37673453	
-0.597302856	
-0.156853386	
-0.871811712	
-0.526481026	
-0.610451356	
-0.738211755	
-0.769513514	
-0.715522057	
-0.842767602	
-0.121528459	
-0.868550337	
-0.657696015	
-0.712296819	
-0.661686678	
-0.474124902	
-0.139914018	
0.078068456	
-0.772548158	
-0.560464338	
-0.818434922	
-0.169377621	
-0.623569268	
-0.146936159	
-0.355016232	
-0.576085904	
-0.503444006	
-0.560890958	
-0.605383901	
-0.53532897	
-0.485661998	
-0.618807454	
-0.527686874	
-0.342750468	
-0.473568879	
-0.376011924	
-0.033413153	
-0.367689534	
-0.557634763	
-0.148019703	
-0.565124688	
-0.626612664	
-0.176359796	
-0.758375532	
-0.797080261	
0.443371586	
-0.397284198	
0.276432012	
-0.408020957	
-0.613924219	
-0.683369988	
-0.508423468	
-0.052128634	
-0.526058522	
-0.415043497	
-0.197819205	
-0.676527897	
-0.495936276	
-0.141397713	
-0.472957296	
-0.513672142	
-0.77198203	
-0.651443001	
-0.631798978	
-0.750893351	
-0.760493435	
-0.713392164	
-0.731461175	
-0.705085071	
-0.71288511	
-0.663149693	
-0.56521054	
-0.759271402	
-0.725444387	
-0.715893312	
-0.743581984	
-0.688348162	
-0.689529363	
-0.769572618	
-0.640216128	
-0.510310556	
-0.76142155	
-0.819089987	
-0.719566459	
-0.532515196	
-0.449962518	
-0.431156115	
-0.437020721	
-0.192718584	
-0.389388143	
-0.564943262	
-0.58820353	
-0.621145541	
-0.868242055	
-0.717354658	
-0.758425462	
-0.75675229	
-0.656949942	
-0.748204299	
-0.77152074	
-0.577366819	
-0.515159758	
-0.664600873	
0.201648863	
-0.554406853	
-0.361094263	
-0.613979853	
-0.063566793	
-0.407940525	
0.045612412	
-0.284558261	
-0.59846416	
-0.315207118	
-0.284638883	
-0.377449466	
-0.773838227	
-0.898413644	
-0.69411812	
-0.433110853	
-0.225852891	
-0.203038951	
0.310570982	
-0.449295995	
-0.436335342	
-0.504835551	
-0.713675835	
-0.743712337	
-0.409527272	
-0.69807271	
-0.202350443	
-0.22557098	
-0.48048897	
-0.65950062	
-0.785163183	
-0.799851759	
-0.660917426	
-0.827328335	
-0.812695494	
-0.914729646	
-0.877475057	
-0.743748389	
-0.694797088	
-0.651366822	
-0.643569679	
-0.788814787	
-0.764486908	
-0.896888898	
-0.386417931	
-0.604232845	
-0.147008715	
-0.632568422	
-0.637530546	
-0.671709947	
-0.782945971	
-0.379839776	
-0.738199779	
-0.341961029	
-0.770519716	
-0.686765861	
0.560071616	
-0.340921563	
-0.82373166	
-0.51461103	
-0.660225919	
-0.683539775	
-0.571703189	
-0.730935686	
-0.050649664	
-0.730821445	
-0.415134821	
-0.374652892	
-0.147553138	
-0.507068482	
-0.594527153	
-0.666980057	
-0.349865682	
-0.590535796	
-0.726911221	
-0.977004904	
-0.972582489	
-0.794773613	
-0.76042455	
-0.445099635	
-0.580974162	
-0.592043605	
-0.265059313	
-0.719866682	
-0.71502828	
-0.261743316	
-0.794037993	
-0.870860879	
-0.692357732	
-0.769696491	
-0.855585496	
-0.558474157	
-0.782954425	
-0.829454901	
-0.863107884	
-0.797271715	
-0.833364608	
-0.77886733	
-0.771013982	
-0.809912747	
-0.881795603	
-0.76676134	
-0.665544991	
-0.75663741	
-0.595706048	
-0.695441524	
-0.790324924	
-0.839566126	
-0.646425461	
-0.164919308	
-0.587004893	
-0.760960543	
-0.726914431	
-0.575957639	
-0.91114117	
-0.72642747	
-0.801977263	
-0.802968937	
-0.959387217	
-0.785965939	
-0.626686306	
-0.820251259	
-0.913325562	
-0.603704042	
-0.602692327	
-0.489007905	
-0.338895287	
-0.674285829	
-0.415945746	
-0.797230276	
-0.637486993	
-0.506797089	
-0.48601711	
-0.487403913	
-0.709297814	
-0.79633652	
-0.938512097	
-0.85748629	
-0.569736295	
-0.817504375	
-0.843636865	
-0.816153216	
-0.918355819	
-0.99557736	
-0.938324026	
-0.887201961	
-0.858146384	
-0.716226552	
-0.731847454	
-0.424812142	
-0.63370429	
-0.637965729	
-0.397579166	
-0.387855499	
-0.214253925	
-0.580216751	
-0.415386023	
-0.780440037	
-0.598799189	
-0.32092957	
-0.356947228	
-0.274424339	
-0.659929647	
0.012166889	
-0.722647661	
-0.884820858	
-0.807387121	
-0.873841443	
-0.716546282	
-0.963993528	
-0.874545336	
-0.576901584	
-0.756338614	
-0.912300554	
-0.506086194	
-0.834056236	
-0.820070103	
-0.549524939	
-0.721575076	
-0.835217237	
-0.522002176	
-0.322846065	
-0.891471487	
-0.86279091	
-0.874936605	
-0.837577835	
-0.606260531	
-0.906953387	
-0.752033415	
-0.828241599	
-0.597437792	
-0.718438718	
-0.804480326	
-0.746872864	
-0.848119661	
-0.721539804	
-0.683383145	
-0.497806226	
-0.877447112	
-0.602666185	
-0.71456999	
-0.526919006	
-0.336256002	
-0.704828006	
-0.449803639	
-0.852297571	
0.380064509	
-0.434877716	
-0.104349399	
-0.727141343	
-0.703616423	
-0.55982959	
-0.365335051	
-0.484164984	
-0.292718561	
-0.838131147	
-0.786480097	
-0.931259937	
-0.946729685	
-0.779110041	
-0.750819168	
-0.817143262	
-0.068553316	
-0.843131486	
-0.70670289	
-0.790759393	
-0.723487452	
-0.683489279	
-0.694836041	
-0.707173077	
-0.839135611	
-0.778800232	
-0.894357378	
-0.805097215	
-0.949558461	
-0.843192003	
-0.930270128	
-0.955070816	
-0.854156211	
-0.738281586	
-0.773539434	
-0.387732323	
-0.284689139	
-0.274390519	
-0.544197451	
-0.221763115	
-0.503611793	
-0.096754932	
0.174189088	
-0.073267726	
0.861539086	
-0.020268194	
0.404547163	
0.039737254	
0.072580233	
-0.34154211	
0.493453722	
-0.444402788	
-0.17807255	
-0.210079145	
0.476148796	
-0.037548717	
-0.53591095	
-0.311613867	
-0.565250097	
-0.245792108	
-0.594779507	
-0.8277662	
-0.739194074	
-0.865375202	
-0.720766055	
-0.756450952	
-0.62478768	
-0.616433463	
-0.776083444	
-0.781727627	
-0.871854973	
-0.937888759	
-0.911188965	
-0.896129895	
-0.953839535	
-0.872634855	
-0.943117086	
-0.658327664	
-0.818719421	
-0.740205389	
-0.89369747	
-0.15007933	
-0.269731013	
-0.544040529	
1	
-0.447352753	
0.044363956	
0.440405334	
-0.012006773	
0.284565775	
-0.296104115	
-0.266968724	
0.287624478	
-0.29351699	
0.348924489	
0.443770822	
-0.267686058	
0.871394823	
-0.614496256	
-0.743749226	
0.018640618	
-0.46603034	
-0.052764566	
-0.065626681	
-0.848262185	
-0.791775969	
-0.971163232	
-0.792601619	
-0.740621475	
-0.759557059	
-0.810601763	
-1	
-0.747988972	
-0.834496299	
-0.909357408	
0.23216523	
-0.591436409	
-0.37670602	
-0.309258064	
-0.176887533	
-0.401428293	
0.011620938	
-0.02219045	
0.08787511	
-0.547889252	
-0.834797829	
-0.237267078	
-0.62801432	
-0.491479763	
-0.665698914	
-0.62360437	
-0.488124659	
-0.444574184	
0.049155531	
-0.276636659	
-0.46535404	
0.338429975	
-0.400488334	
-0.548751126	
-0.584352807	
-0.467018159	
-0.601964265	
-0.714385358	
-0.903781697	
-0.848419998	
-0.724562625	
-0.820289013	
-0.679070893	
-0.503801101	
-0.82290686	
-0.731637419	
-0.61953516	
-0.519336227	
-0.507195468	
-0.650836406	
-0.768005119	
-0.817733893	
-0.796100198	
-0.610159823	
-0.821660545	
-0.57904176	
-0.685803014	
-0.714982471	
-0.621472137	
-0.625106226	
-0.282369189	
-0.137314174	
-0.491397172	
-0.506805892	
-0.110424942	
-0.667190278	
-0.541023257	
-0.524327582	
-0.691323651	
-0.344527166	
0.073263015	
-0.25480205	
-0.389857418	
-0.684011019	
-0.563380165	
0.270583562	
-0.190033353	
-0.209213369	
-0.349655338	
-0.102051539	
-0.575285993	
-0.59043942	
0.133002624	
0.172188345	
-0.678690438	
-0.37673453	
-0.597302856	
-0.156853386	
-0.871811712	
-0.526481026	
-0.610451356	
-0.738211755	
-0.769513514	
-0.715522057	
-0.842767602	
-0.121528459	
-0.868550337	
-0.657696015	
-0.712296819	
-0.661686678	
-0.474124902	
-0.139914018	
0.078068456	
-0.772548158	
-0.560464338	
-0.818434922	
-0.169377621	
-0.623569268	
-0.146936159	
-0.355016232	
-0.576085904	
-0.503444006	
-0.560890958	
-0.605383901	
-0.53532897	
-0.485661998	
-0.618807454	
-0.527686874	
-0.342750468	
-0.473568879	
-0.376011924	
-0.033413153	
-0.367689534	
-0.557634763	
-0.148019703	
-0.565124688	
-0.626612664	
-0.176359796	
-0.758375532	
-0.797080261	
0.443371586	
-0.397284198	
0.276432012	
-0.408020957	
-0.613924219	
-0.683369988	
-0.508423468	
-0.052128634	
-0.526058522	
-0.415043497	
-0.197819205	
-0.676527897	
-0.495936276	
-0.141397713	
-0.472957296	
-0.513672142	
-0.77198203	
-0.651443001	
-0.631798978	
-0.750893351	
-0.760493435	
-0.713392164	
-0.731461175	
-0.705085071	
-0.71288511	
-0.663149693	
-0.56521054	
-0.759271402	
-0.725444387	
-0.715893312	
-0.743581984	
-0.688348162	
-0.689529363	
-0.769572618	
-0.640216128	
-0.510310556	
-0.76142155	
-0.819089987	
-0.719566459	
-0.532515196	
-0.449962518	
-0.431156115	
-0.437020721	
-0.192718584	
-0.389388143	
-0.564943262	
-0.58820353	
-0.621145541	
-0.868242055	
-0.717354658	
-0.758425462	
-0.75675229	
-0.656949942	
-0.748204299	
-0.77152074	
-0.577366819	
-0.515159758	
-0.664600873	
0.201648863	
-0.554406853	
-0.361094263	
-0.613979853	
-0.063566793	
-0.407940525	
0.045612412	
-0.284558261	
-0.59846416	
-0.315207118	
-0.284638883	
-0.377449466	
-0.773838227	
-0.898413644	
-0.69411812	
-0.433110853	
-0.225852891	
-0.203038951	
0.310570982	
-0.449295995	
-0.436335342	
-0.504835551	
-0.713675835	
-0.743712337	
-0.409527272	
-0.69807271	
-0.202350443	
-0.22557098	
-0.48048897	
-0.65950062	
-0.785163183	
-0.799851759	
-0.660917426	
-0.827328335	
-0.812695494	
-0.914729646	
-0.877475057	
-0.743748389	
-0.694797088	
-0.651366822	
-0.643569679	
-0.788814787	
-0.764486908	
-0.896888898	
-0.386417931	
-0.604232845	
-0.147008715	
-0.632568422	
-0.637530546	
-0.671709947	
-0.782945971	
-0.379839776	
-0.738199779	
-0.341961029	
-0.770519716	
-0.686765861	
0.560071616	
-0.340921563	
-0.82373166	
-0.51461103	
-0.660225919	
-0.683539775	
-0.571703189	
-0.730935686	
-0.050649664	
-0.730821445	
-0.415134821	
-0.374652892	
-0.147553138	
-0.507068482	
-0.594527153	
-0.666980057	
-0.349865682	
-0.590535796	
-0.726911221	
-0.977004904	
-0.972582489	
-0.794773613	
-0.76042455	
-0.445099635	
-0.580974162	
-0.592043605	
-0.265059313	
-0.719866682	
-0.71502828	
-0.261743316	
-0.794037993	
-0.870860879	
-0.692357732	
-0.769696491	
-0.855585496	
-0.558474157	
-0.782954425	
-0.829454901	
-0.863107884	
-0.797271715	
-0.833364608	
-0.77886733	
-0.771013982	
-0.809912747	
-0.881795603	
-0.76676134	
-0.665544991	
-0.75663741	
-0.595706048	
-0.695441524	
-0.790324924	
-0.839566126	
-0.646425461	
-0.164919308	
-0.587004893	
-0.760960543	
-0.726914431	
-0.575957639	
-0.91114117	
-0.72642747	
-0.801977263	
-0.802968937	
-0.959387217	
-0.785965939	
-0.626686306	
-0.820251259	
-0.913325562	
-0.603704042	
-0.602692327	
-0.489007905	
-0.338895287	
-0.674285829	
-0.415945746	
-0.797230276	
-0.637486993	
-0.506797089	
-0.48601711	
-0.487403913	
-0.709297814	
-0.79633652	
-0.938512097	
-0.85748629	
-0.569736295	
-0.817504375	
-0.843636865	
-0.816153216	
-0.918355819	
-0.99557736	
-0.938324026	
-0.887201961	
-0.858146384	
-0.716226552	
-0.731847454	
-0.424812142	
-0.63370429	
-0.637965729	
-0.397579166	
-0.387855499	
-0.214253925	
-0.580216751	
-0.415386023	
-0.780440037	
-0.598799189	
-0.32092957	
-0.356947228	
-0.274424339	
-0.659929647	
0.012166889	
-0.722647661	
-0.884820858	
-0.807387121	
-0.873841443	
-0.716546282	
-0.963993528	
-0.874545336	
-0.576901584	
-0.756338614	
-0.912300554	
-0.506086194	
-0.834056236	
-0.820070103	
-0.549524939	
-0.721575076	
-0.835217237	
-0.522002176	
-0.322846065	
-0.891471487	
-0.86279091	
-0.874936605	
-0.837577835	
-0.606260531	
-0.906953387	
-0.752033415	
-0.828241599	
-0.597437792	
-0.718438718	
-0.804480326	
-0.746872864	
-0.848119661	
-0.721539804	
-0.683383145	
-0.497806226	
-0.877447112	
-0.602666185	
-0.71456999	
-0.526919006	
-0.336256002	
-0.704828006	
-0.449803639	
-0.852297571	
0.380064509	
-0.434877716	
-0.104349399	
-0.727141343	
-0.703616423	
-0.55982959	
-0.365335051	
-0.484164984	
-0.292718561	
-0.838131147	
-0.786480097	
-0.931259937	
-0.946729685	
-0.779110041	
-0.750819168	
-0.817143262	
-0.068553316	
-0.843131486	
-0.70670289	
-0.790759393	
-0.723487452	
-0.683489279	
-0.694836041	
-0.707173077	
-0.839135611	
-0.778800232	
-0.894357378	
-0.805097215	
-0.949558461	
-0.843192003	
-0.930270128	
-0.955070816	
-0.854156211	
-0.738281586	
-0.773539434	
-0.387732323	
-0.284689139	
-0.274390519	
-0.544197451	
-0.221763115	
-0.503611793	
-0.096754932	
0.174189088	
-0.073267726	
0.861539086	
-0.020268194	
0.404547163	
0.039737254	
0.072580233	
-0.34154211	
0.493453722	
-0.444402788	
-0.17807255	
-0.210079145	
0.476148796	
-0.037548717	
-0.53591095	
-0.311613867	
-0.565250097	
-0.245792108	
-0.594779507	
-0.8277662	
-0.739194074	
-0.865375202	
-0.720766055	
-0.756450952	
-0.62478768	
-0.616433463	
-0.776083444	
-0.781727627	
-0.871854973	
-0.937888759	
-0.911188965	
-0.896129895	
-0.953839535	
-0.872634855	
-0.943117086	
-0.658327664	
-0.818719421	
-0.740205389	
-0.89369747	
-0.15007933	
-0.269731013	
-0.544040529	
1	
-0.447352753	
0.044363956	
0.440405334	
-0.012006773	
0.284565775	
-0.296104115	
-0.266968724	
0.287624478	
-0.29351699	
0.348924489	
0.443770822	
-0.267686058	
0.871394823	
-0.614496256	
-0.743749226	
0.018640618	
-0.46603034	
-0.052764566	
-0.065626681	
-0.848262185	
-0.791775969	
-0.971163232	
-0.792601619	
-0.740621475	
-0.759557059	
-0.810601763	
-1	
-0.747988972	
-0.834496299	
-0.909357408	
0.23216523	
-0.591436409	
-0.37670602	
-0.309258064	
-0.176887533	
-0.401428293	
0.011620938	
-0.02219045	
0.08787511	
-0.547889252	
-0.834797829	
-0.237267078	
-0.62801432	
-0.491479763	
-0.665698914	
-0.62360437	
-0.488124659	
-0.444574184	
0.049155531	
-0.276636659	
-0.46535404	
0.338429975	
-0.400488334	
-0.548751126	
-0.584352807	
-0.467018159	
-0.601964265	
-0.714385358	
-0.903781697	
-0.848419998	
-0.724562625	
-0.820289013	
-0.679070893	
-0.503801101	
-0.82290686	
-0.731637419	
-0.61953516	
-0.519336227	
-0.507195468	
-0.650836406	
-0.768005119	
-0.817733893	
-0.796100198	
-0.610159823	
-0.821660545	
-0.57904176	
-0.685803014	
-0.714982471	
-0.621472137	
-0.625106226	
-0.282369189	
-0.137314174	
-0.491397172	
-0.506805892	
-0.110424942	
-0.667190278	
-0.541023257	
-0.524327582	
-0.691323651	
-0.344527166	
0.073263015	
-0.25480205	
-0.389857418	
-0.684011019	
-0.563380165	
0.270583562	
-0.190033353	
-0.209213369	
-0.349655338	
-0.102051539	
-0.575285993	
-0.59043942	
0.133002624	
0.172188345	
-0.678690438	
-0.37673453	
-0.597302856	
-0.156853386	
-0.871811712	
-0.526481026	
-0.610451356	
-0.738211755	
-0.769513514	
-0.715522057	
-0.842767602	
-0.121528459	
-0.868550337	
-0.657696015	
-0.712296819	
-0.661686678	
-0.474124902	
-0.139914018	
0.078068456	
-0.772548158	
-0.560464338	
-0.818434922	
-0.169377621	
-0.623569268	
-0.146936159	
-0.355016232	
-0.576085904	
-0.503444006	
-0.560890958	
-0.605383901	
-0.53532897	
-0.485661998	
-0.618807454	
-0.527686874	
-0.342750468	
-0.473568879	
-0.376011924	
-0.033413153	
-0.367689534	
-0.557634763	
-0.148019703	
-0.565124688	
-0.626612664	
-0.176359796	
-0.758375532	
-0.797080261	
0.443371586	
-0.397284198	
0.276432012	
-0.408020957	
-0.613924219	
-0.683369988	
-0.508423468	
-0.052128634	
-0.526058522	
-0.415043497	
-0.197819205	
-0.676527897	
-0.495936276	
-0.141397713	
-0.472957296	
-0.513672142	
-0.77198203	
-0.651443001	
-0.631798978	
-0.750893351	
-0.760493435	
-0.713392164	
-0.731461175	
-0.705085071	
-0.71288511	
-0.663149693	
-0.56521054	
-0.759271402	
-0.725444387	
-0.715893312	
-0.743581984	
-0.688348162	
-0.689529363	
-0.769572618	
-0.640216128	
-0.510310556	
-0.76142155	
-0.819089987	
-0.719566459	
-0.532515196	
-0.449962518	
-0.431156115	
-0.437020721	
-0.192718584	
-0.389388143	
-0.564943262	
-0.58820353	
-0.621145541	
-0.868242055	
-0.717354658	
-0.758425462	
-0.75675229	
-0.656949942	
-0.748204299	
-0.77152074	
-0.577366819	
-0.515159758	
-0.664600873	
0.201648863	
-0.554406853	
-0.361094263	
-0.613979853	
-0.063566793	
-0.407940525	
0.045612412	
-0.284558261	
-0.59846416	
-0.315207118	
-0.284638883	
-0.377449466	
-0.773838227	
-0.898413644	
-0.69411812	
-0.433110853	
-0.225852891	
-0.203038951	
0.310570982	
-0.449295995	
-0.436335342	
-0.504835551	
-0.713675835	
-0.743712337	
-0.409527272	
-0.69807271	
-0.202350443	
-0.22557098	
-0.48048897	
-0.65950062	
-0.785163183	
-0.799851759	
-0.660917426	
-0.827328335	
-0.812695494	
-0.914729646	
-0.877475057	
-0.743748389	
-0.694797088	
-0.651366822	
-0.643569679	
-0.788814787	
-0.764486908	
-0.896888898	
-0.386417931	
-0.604232845	
-0.147008715	
-0.632568422	
-0.637530546	
-0.671709947	
-0.782945971	
-0.379839776	
-0.738199779	
-0.341961029	
-0.770519716	
-0.686765861	
0.560071616	
-0.340921563	
-0.82373166	
-0.51461103	
-0.660225919	
-0.683539775	
-0.571703189	
-0.730935686	
-0.050649664	
-0.730821445	
-0.415134821	
-0.374652892	
-0.147553138	
-0.507068482	
-0.594527153	
-0.666980057	
-0.349865682	
-0.590535796	
-0.726911221	
-0.977004904	
-0.972582489	
-0.794773613	
-0.76042455