0.209525062	
0.114914794	
-0.158704116	
0.001911592	
0.243313085	
0.156050186	
0.08841095	
-0.016051824	
0.27786006	
-0.037913569	
0.161679343	
-0.113632727	
-0.123317038	
0.061541032	
0.186695131	
0.247481825	
-0.120722788	
0.214040377	
0.116084759	
-0.165543	
-0.018519612	
0.210555492	
-0.125267136	
-0.147512631	
-0.423724501	
-0.461368877	
-0.574523065	
-0.527124457	
-0.913147881	
-0.128131619	
-0.636222117	
-0.645127041	
-0.556457109	
-0.385483338	
0.25178679	
-0.68137278	
-0.288823395	
-0.249744778	
-0.003299465	
-0.027433588	
-0.366823882	
0.42678231	
-0.100480608	
-0.249881151	
-0.046915483	
-0.020413559	
-0.2134316	
0.011126294	
0.435946985	
-0.2134316	
-0.140289306	
-0.230833553	
0.088227913	
-0.098586273	
0.141601675	
-0.044388708	
0.376217101	
0.125259078	
0.184435656	
0.247481825	
0.185212409	
-0.028304569	
0.275036081	
0.247481825	
0.055351946	
0.01501762	
-0.623108414	
-0.511609161	
-0.689294505	
-0.588828146	
-0.770951808	
-0.248287503	
-0.58837016	
-0.418946379	
-0.136778417	
-0.918577342	
-0.464932521	
-0.534750953	
-0.675585695	
-0.224595498	
-0.746001384	
0.029692724	
-0.655797384	
-0.530392247	
-0.599536896	
0.746092239	
-0.249744778	
-0.760807123	
0.210406221	
-0.540066931	
-0.178640899	
0.013617034	
0.01501762	
0.037577744	
0.168288556	
0.067401222	
-0.104905674	
-0.269825821	
-0.227377747	
0.12705509	
0.147412487	
0.037577744	
0.297122837	
-0.065883792	
0.013617034	
0.370216696	
0.187719467	
0.42678231	
-0.413455866	
-0.498083795	
-0.366694556	
-0.179143913	
-0.228431182	
-0.372362866	
-0.829615767	
0.03366744	
-0.283787546	
-0.573468845	
-0.74601378	
-0.215960826	
-0.156357139	
-0.303921448	
-0.461556704	
-0.871306258	
-0.53986733	
-0.462282516	
-0.620980567	
0.031712232	
-0.408098533	
-0.122657622	
-0.592829833	
-0.436940069	
-0.154586896	
-0.656728983	
0.012145286	
0.096736619	
0.483064579	
0.08760197	
0.14579184	
0.202395649	
0.823460754	
0.391791185	
0.392989148	
-0.171658102	
0.576077786	
0.185212409	
0.189298469	
-0.043367093	
-0.072446046	
0.15313084	
-0.077865954	
0.145122861	
0.233609675	
0.28540771	
0.382876643	
0.171387637	
-0.290532473	
0.143149514	
-0.394676008	
0.12083886	
0.03485415	
0.124746954	
-0.031155687	
-0.080067245	
0.320786215	
0.252704597	
-0.310227838	
-0.443854864	
-0.238285624	
0.11541241	
-0.787059153	
0.139032285	
-0.576219081	
-0.636222117	
-0.337756198	
-0.434390176	
-0.53216068	
-0.414051973	
-0.012546713	
-0.430171941	
-0.165392553	
-0.066174441	
-0.568940772	
-0.427041668	
-0.296541786	
0.199858127	
-0.206790616	
0.206814236	
-0.03520613	
-0.574206799	
-0.604271942	
0.237156593	
-0.034058445	
-0.043367093	
0.315072871	
0.547026616	
0.289012717	
0.24374283	
0.247901329	
-0.039878383	
0.498208545	
0.497460051	
-0.106601907	
-0.051892688	
0.010297137	
-0.204368978	
-0.017920387	
0.1246049	
0.276786075	
-0.0703953	
0.742164248	
0.541904892	
-0.289995721	
-0.15416804	
-0.140537021	
-0.547603535	
-0.145594606	
-0.385483338	
-0.643784289	
-0.401402879	
-0.09690405	
-0.459514487	
-0.10372712	
-0.303921448	
-0.069474598	
-0.999999998	
-0.100475182	
0.008180068	
-0.255443486	
0.449976559	
-0.034993357	
-0.061437332	
-0.212524732	
-0.204368978	
-0.027157872	
0.112086263	
0.124746954	
-0.069490932	
0.295686158	
0.177525275	
0.214189992	
0.294356648	
0.470905426	
0.275036081	
-0.230637643	
-0.322109836	
-0.032523707	
-0.053760867	
-0.671382516	
-0.261588089	
-0.366694556	
-0.169232101	
-0.053699207	
0.022205981	
-0.115169292	
0.419322531	
0.217554766	
0.35313644	
0.397854039	
0.355477465	
0.569456626	
0.24975467	
0.236177941	
0.157657979	
0.108827481	
0.220087159	
0.058334233	
-0.043023024	
-0.180029461	
-0.014281192	
0.234197533	
0.414758259	
0.188614163	
0.513828281	
0.511027308	
-0.133316002	
0.270403825	
-0.208795319	
0.690798789	
0.408953691	
0.19733625	
0.247901329	
0.266659149	
0.160996003	
0.235672928	
0.374018211	
0.734774611	
0.203842721	
0.123004672	
0.450981216	
0.392162849	
0.088627937	
0.24513689	
0.344364586	
0.430189259	
0.504667964	
0.109594501	
-0.169232101	
-0.122008529	
0.095251302	
-0.005900865	
-0.071006646	
0.160996003	
0.239639826	
-0.122657622	
-0.060526634	
0.079554004	
0.210406221	
0.107571019	
0.094063237	
-0.213755499	
-0.039402557	
-0.128684994	
0.263270372	
0.351575869	
0.157192628	
-0.065953649	
0.131205799	
-0.145594606	
-0.193261597	
-0.117537651	
0.103266107	
0.057949411	
0.38250151	
0.456514653	
0.423226944	
0.35100225	
0.106142717	
0.286845436	
0.306057452	
0.506873046	
0.28468077	
0.437442536	
0.475387996	
0.326148312	
0.210565477	
0.061489153	
0.455070624	
0.222916767	
0.319435143	
0.246282697	
0.067658348	
0.268810081	
0.171733847	
0.169514578	
0.300000683	
-0.143259249	
0.06225772	
-0.203331926	
-0.097482663	
0.330868256	
-0.035383698	
0.050342144	
0.122689446	
-0.043023024	
0.430462453	
-0.156726996	
0.202009318	
0.020075724	
0.275288945	
-0.07085619	
0.264682896	
0.999999999	
0.286691808	
0.335798492	
0.306523123	
0.812213809	
0.557548326	
0.202983332	
0.656198535	
0.129563949	
0.087435553	
0.221012773	
0.348431519	
0.816404157	
-0.175902327	
0.398380838	
-0.185503934	
0.224982175	
-0.050793536	
-0.038671426	
0.697064987	
0.190515666	
0.500082212	
0.618627323	
0.388106763	
0.851731728	
0.429462244	
0.553326723	
0.403972337	
0.510069868	
0.171403465	
0.388974867	
0.670997978	
0.113946286	
0.454225353	
0.094063237	
0.280774256	
0.606252081	
0.618923759	
0.509974155	
0.269105662	
0.420218017	
0.206362715	
0.421782361	
0.419342919	
0.231279078	
0.641930978	
0.349016906	
0.27436934	
0.07277249	
0.166692772	
0.386626532	
0.433360966	
0.367914021	
0.312785365	
0.268400629	
0.541569536	
0.528152891	
0.383895994	
0.123008426	
0.09140807	
0.123538652	
0.184485985	
0.34685408	
0.249291474	
0.599826753	
0.513152742	
0.002827851	
0.366526836	
0.360536652	
0.105197135	
0.450958859	
0.75683154	
0.227976626	
0.280978569	
0.360704323	
0.27861898	
0.133142011	
0.528254549	
0.253547424	
0.40470633	
-0.124515224	
0.021638527	
-0.046020843	
0.089154305	
-0.213755499	
0.040945993	
-0.098470833	
0.277012887	
-0.055355845	
0.228668914	
0.509619055	
0.564630439	
0.194376977	
0.228233447	
0.598453405	
0.169514578	
0.096945453	
0.390318812	
0.155564741	
0.617650196	
0.269105662	
0.501566303	
0.590146576	
0.44133006	
0.778250096	
0.863795572	
0.611251682	
0.495854385	
0.305451171	
0.482796212	
0.569580176	
0.299077615	
0.028854685	
0.3957276	
0.499335161	
0.392308973	
0.151130498	
0.533002464	
0.29575126	
0.127327771	
0.397176741	
0.369169884	
0.24538399	
-0.003371471	
0.27861898	
0.31561779	
0.817448433	
0.167524284	
0.299361601	
0.059542364	
-0.083348326	
0.008327803	
-0.048295252	
-0.220705657	
0.055229156	
0.249543019	
0.309570519	
0.209525062	
0.114914794	
-0.158704116	
0.001911592	
0.243313085	
0.156050186	
0.08841095	
-0.016051824	
0.27786006	
-0.037913569	
0.161679343	
-0.113632727	
-0.123317038	
0.061541032	
0.186695131	
0.247481825	
-0.120722788	
0.214040377	
0.116084759	
-0.165543	
-0.018519612	
0.210555492	
-0.125267136	
-0.147512631	
-0.423724501	
-0.461368877	
-0.574523065	
-0.527124457	
-0.913147881	
-0.128131619	
-0.636222117	
-0.645127041	
-0.556457109	
-0.385483338	
0.25178679	
-0.68137278	
-0.288823395	
-0.249744778	
-0.003299465	
-0.027433588	
-0.366823882	
0.42678231	
-0.100480608	
-0.249881151	
-0.046915483	
-0.020413559	
-0.2134316	
0.011126294	
0.435946985	
-0.2134316	
-0.140289306	
-0.230833553	
0.088227913	
-0.098586273	
0.141601675	
-0.044388708	
0.376217101	
0.125259078	
0.184435656	
0.247481825	
0.185212409	
-0.028304569	
0.275036081	
0.247481825	
0.055351946	
0.01501762	
-0.623108414	
-0.511609161	
-0.689294505	
-0.588828146	
-0.770951808	
-0.248287503	
-0.58837016	
-0.418946379	
-0.136778417	
-0.918577342	
-0.464932521	
-0.534750953	
-0.675585695	
-0.224595498	
-0.746001384	
0.029692724	
-0.655797384	
-0.530392247	
-0.599536896	
0.746092239	
-0.249744778	
-0.760807123	
0.210406221	
-0.540066931	
-0.178640899	
0.013617034	
0.01501762	
0.037577744	
0.168288556	
0.067401222	
-0.104905674	
-0.269825821	
-0.227377747	
0.12705509	
0.147412487	
0.037577744	
0.297122837	
-0.065883792	
0.013617034	
0.370216696	
0.187719467	
0.42678231	
-0.413455866	
-0.498083795	
-0.366694556	
-0.179143913	
-0.228431182	
-0.372362866	
-0.829615767	
0.03366744	
-0.283787546	
-0.573468845	
-0.74601378	
-0.215960826	
-0.156357139	
-0.303921448	
-0.461556704	
-0.871306258	
-0.53986733	
-0.462282516	
-0.620980567	
0.031712232	
-0.408098533	
-0.122657622	
-0.592829833	
-0.436940069	
-0.154586896	
-0.656728983	
0.012145286	
0.096736619	
0.483064579	
0.08760197	
0.14579184	
0.202395649	
0.823460754	
0.391791185	
0.392989148	
-0.171658102	
0.576077786	
0.185212409	
0.189298469	
-0.043367093	
-0.072446046	
0.15313084	
-0.077865954	
0.145122861	
0.233609675	
0.28540771	
0.382876643	
0.171387637	
-0.290532473	
0.143149514	
-0.394676008	
0.12083886	
0.03485415	
0.124746954	
-0.031155687	
-0.080067245	
0.320786215	
0.252704597	
-0.310227838	
-0.443854864	
-0.238285624	
0.11541241	
-0.787059153	
0.139032285	
-0.576219081	
-0.636222117	
-0.337756198	
-0.434390176	
-0.53216068	
-0.414051973	
-0.012546713	
-0.430171941	
-0.165392553	
-0.066174441	
-0.568940772	
-0.427041668	
-0.296541786	
0.199858127	
-0.206790616	
0.206814236	
-0.03520613	
-0.574206799	
-0.604271942	
0.237156593	
-0.034058445	
-0.043367093	
0.315072871	
0.547026616	
0.289012717	
0.24374283	
0.247901329	
-0.039878383	
0.498208545	
0.497460051	
-0.106601907	
-0.051892688	
0.010297137	
-0.204368978	
-0.017920387	
0.1246049	
0.276786075	
-0.0703953	
0.742164248	
0.541904892	
-0.289995721	
-0.15416804	
-0.140537021	
-0.547603535	
-0.145594606	
-0.385483338	
-0.643784289	
-0.401402879	
-0.09690405	
-0.459514487	
-0.10372712	
-0.303921448	
-0.069474598	
-0.999999998	
-0.100475182	
0.008180068	
-0.255443486	
0.449976559	
-0.034993357	
-0.061437332	
-0.212524732	
-0.204368978	
-0.027157872	
0.112086263	
0.124746954	
-0.069490932	
0.295686158	
0.177525275	
0.214189992	
0.294356648	
0.470905426	
0.275036081	
-0.230637643	
-0.322109836	
-0.032523707	
-0.053760867	
-0.671382516	
-0.261588089	
-0.366694556	
-0.169232101	
-0.053699207	
0.022205981	
-0.115169292	
0.419322531	
0.217554766	
0.35313644	
0.397854039	
0.355477465	
0.569456626	
0.24975467	
0.236177941	
0.157657979	
0.108827481	
0.220087159	
0.058334233	
-0.043023024	
-0.180029461	
-0.014281192	
0.234197533	
0.414758259	
0.188614163	
0.513828281	
0.511027308	
-0.133316002	
0.270403825	
-0.208795319	
0.690798789	
0.408953691	
0.19733625	
0.247901329	
0.266659149	
0.160996003	
0.235672928	
0.374018211	
0.734774611	
0.203842721	
0.123004672	
0.450981216	
0.392162849	
0.088627937	
0.24513689	
0.344364586	
0.430189259	
0.504667964	
0.109594501	
-0.169232101	
-0.122008529	
0.095251302	
-0.005900865	
-0.071006646	
0.160996003	
0.239639826	
-0.122657622	
-0.060526634	
0.079554004	
0.210406221	
0.107571019	
0.094063237	
-0.213755499	
-0.039402557	
-0.128684994	
0.263270372	
0.351575869	
0.157192628	
-0.065953649	
0.131205799	
-0.145594606	
-0.193261597	
-0.117537651	
0.103266107	
0.057949411	
0.38250151	
0.456514653	
0.423226944	
0.35100225	
0.106142717	
0.286845436	
0.306057452	
0.506873046	
0.28468077	
0.437442536	
0.475387996	
0.326148312	
0.210565477	
0.061489153	
0.455070624	
0.222916767	
0.319435143	
0.246282697	
0.067658348	
0.268810081	
0.171733847	
0.169514578	
0.300000683	
-0.143259249	
0.06225772	
-0.203331926	
-0.097482663	
0.330868256	
-0.035383698	
0.050342144	
0.122689446	
-0.043023024	
0.430462453	
-0.156726996	
0.202009318	
0.020075724	
0.275288945	
-0.07085619	
0.264682896	
0.999999999	
0.286691808	
0.335798492	
0.306523123	
0.812213809	
0.557548326	
0.202983332	
0.656198535	
0.129563949	
0.087435553	
0.221012773	
0.348431519	
0.816404157	
-0.175902327	
0.398380838	
-0.185503934	
0.224982175	
-0.050793536	
-0.038671426	
0.697064987	
0.190515666	
0.500082212	
0.618627323	
0.388106763	
0.851731728	
0.429462244	
0.553326723	
0.403972337	
0.510069868	
0.171403465	
0.388974867	
0.670997978	
0.113946286	
0.454225353	
0.094063237	
0.280774256	
0.606252081	
0.618923759	
0.509974155	
0.269105662	
0.420218017	
0.206362715	
0.421782361	
0.419342919	
0.231279078	
0.641930978	
0.349016906	
0.27436934	
0.07277249	
0.166692772	
0.386626532	
0.433360966	
0.367914021	
0.312785365	
0.268400629	
0.541569536	
0.528152891	
0.383895994	
0.123008426	
0.09140807	
0.123538652	
0.184485985	
0.34685408	
0.249291474	
0.599826753	
0.513152742	
0.002827851	
0.366526836	
0.360536652	
0.105197135	
0.450958859	
0.75683154	
0.227976626	
0.280978569	
0.360704323	
0.27861898	
0.133142011	
0.528254549	
0.253547424	
0.40470633	
-0.124515224	
0.021638527	
-0.046020843	
0.089154305	
-0.213755499	
0.040945993	
-0.098470833	
0.277012887	
-0.055355845	
0.228668914	
0.509619055	
0.564630439	
0.194376977	
0.228233447	
0.598453405	
0.169514578	
0.096945453	
0.390318812	
0.155564741	
0.617650196	
0.269105662	
0.501566303	
0.590146576	
0.44133006	
0.778250096	
0.863795572	
0.611251682	
0.495854385	
0.305451171	
0.482796212	
0.569580176	
0.299077615	
0.028854685	
0.3957276	
0.499335161	
0.392308973	
0.151130498	
0.533002464	
0.29575126	
0.127327771	
0.397176741	
0.369169884	
0.24538399	
-0.003371471	
0.27861898	
0.31561779	
0.817448433	
0.167524284	
0.299361601	
0.059542364	
-0.083348326	
0.008327803	
-0.048295252	
-0.220705657	
0.055229156	
0.249543019	
0.309570519	
0.209525062	
0.114914794	
-0.158704116	
0.001911592	
0.243313085	
0.156050186	
0.08841095	
-0.016051824	
0.27786006	
-0.037913569	
0.161679343	
-0.113632727	
-0.123317038	
0.061541032	
0.186695131	
0.247481825	
-0.120722788	
0.214040377	
0.116084759	
-0.165543	
-0.018519612	
0.210555492	
-0.125267136	
-0.147512631	
-0.423724501	
-0.461368877	
-0.574523065	
-0.527124457	
-0.913147881	
-0.128131619	
-0.636222117	
-0.645127041	
-0.556457109	
-0.385483338	
0.25178679	
-0.68137278	
-0.288823395	
-0.249744778	
-0.003299465	
-0.027433588	
-0.366823882	
0.42678231	
-0.100480608	
-0.249881151	
-0.046915483	
-0.020413559	
-0.2134316	
0.011126294	
0.435946985	
-0.2134316	
-0.140289306	
-0.230833553	
0.088227913	
-0.098586273	
0.141601675	
-0.044388708	
0.376217101	
0.125259078	
0.184435656	
0.247481825	
0.185212409	
-0.028304569	
0.275036081	
0.247481825	
0.055351946	
0.01501762	
-0.623108414	
-0.511609161	
-0.689294505	
-0.588828146	
-0.770951808	
-0.248287503	
-0.58837016	
-0.418946379	
-0.136778417	
-0.918577342	
-0.464932521	
-0.534750953	
-0.675585695	
-0.224595498	
-0.746001384	
0.029692724	
-0.655797384	
-0.530392247	
-0.599536896	
0.746092239	
-0.249744778	
-0.760807123	
0.210406221	
-0.540066931	
-0.178640899	
0.013617034	
0.01501762	
0.037577744	
0.168288556	
0.067401222	
-0.104905674	
-0.269825821	
-0.227377747	
0.12705509	
0.147412487	
0.037577744	
0.297122837	
-0.065883792	
0.013617034	
0.370216696	
0.187719467	
0.42678231	
-0.413455866	
-0.498083795	
-0.366694556	
-0.179143913	
-0.228431182	
-0.372362866	
-0.829615767	
0.03366744	
-0.283787546	
-0.573468845	
-0.74601378	
-0.215960826	
-0.156357139	
-0.303921448	
-0.461556704	
-0.871306258	
-0.53986733	
-0.462282516	
-0.620980567	
0.031712232	
-0.408098533	
-0.122657622	
-0.592829833	
-0.436940069	
-0.154586896	
-0.656728983	
0.012145286	
0.096736619	
0.483064579	
0.08760197	
0.14579184	
0.202395649	
0.823460754	
0.391791185	
0.392989148	
-0.171658102	
0.576077786	
0.185212409	
0.189298469	
-0.043367093	
-0.072446046	
0.15313084	
-0.077865954	
0.145122861	
0.233609675	
0.28540771	
0.382876643	
0.171387637	
-0.290532473	
0.143149514	
-0.394676008	
0.12083886	
0.03485415	
0.124746954	
-0.031155687	
-0.080067245	
0.320786215	
0.252704597	
-0.310227838	
-0.443854864	
-0.238285624	
0.11541241	
-0.787059153	
0.139032285	
-0.576219081	
-0.636222117	
-0.337756198	
-0.434390176	
-0.53216068	
-0.414051973	
-0.012546713	
-0.430171941	
-0.165392553	
-0.066174441	
-0.568940772	
-0.427041668	
-0.296541786	
0.199858127	
-0.206790616	
0.206814236	
-0.03520613	
-0.574206799	
-0.604271942	
0.237156593	
-0.034058445	
-0.043367093	
0.315072871	
0.547026616	
0.289012717	
0.24374283	
0.247901329	
-0.039878383	
0.498208545	
0.497460051	
-0.106601907	
-0.051892688	
0.010297137	
-0.204368978	
-0.017920387	
0.1246049	
0.276786075	
-0.0703953	
0.742164248	
0.541904892	
-0.289995721	
-0.15416804	
-0.140537021	
-0.547603535	
-0.145594606	
-0.385483338	
-0.643784289	
-0.401402879	
-0.09690405	
-0.459514487	
-0.10372712	
-0.303921448	
-0.069474598	
-0.999999998	
-0.100475182	
0.008180068	
-0.255443486	
0.449976559	
-0.034993357	
-0.061437332	
-0.212524732	
-0.204368978	
-0.027157872	
0.112086263	
0.124746954	
-0.069490932	
0.295686158	
0.177525275	
0.214189992	
0.294356648	
0.470905426	
0.275036081	
-0.230637643	
-0.322109836	
-0.032523707	
-0.053760867	
-0.671382516	
-0.261588089	
-0.366694556	
-0.169232101	
-0.053699207	
0.022205981	
-0.115169292	
0.419322531	
0.217554766	
0.35313644	
0.397854039	
0.355477465	
0.569456626	
0.24975467	
0.236177941	
0.157657979	
0.108827481	
0.220087159	
0.058334233	
-0.043023024	
-0.180029461	
-0.014281192	
0.234197533	
0.414758259	
0.188614163	
0.513828281	
0.511027308	
-0.133316002	
0.270403825	
-0.208795319	
0.690798789	
0.408953691	
0.19733625	
0.247901329	
0.266659149	
0.160996003	
0.235672928	
0.374018211	
0.734774611	
0.203842721	
0.123004672	
0.450981216	
0.392162849	
0.088627937	
0.24513689	
0.344364586	
0.430189259	
0.504667964	
0.109594501	
-0.169232101	
-0.122008529	
0.095251302	
-0.005900865	
-0.071006646	
0.160996003	
0.239639826	
-0.122657622	
-0.060526634	
0.079554004	
0.210406221	
0.107571019	
0.094063237	
-0.213755499	
-0.039402557	
-0.128684994	
0.263270372	
0.351575869	
0.157192628	
-0.065953649	
0.131205799	
-0.145594606	
-0.193261597	
-0.117537651	
0.103266107	
0.057949411	
0.38250151	
0.456514653	
0.423226944	
0.35100225	
0.106142717	
0.286845436	
0.306057452	
0.506873046	
0.28468077	
0.437442536	
0.475387996	
0.326148312	
0.210565477	
0.061489153	
0.455070624	
0.222916767	
0.319435143	
0.246282697	
0.067658348	
0.268810081	
0.171733847	
0.169514578	
0.300000683	
-0.143259249	
0.06225772	
-0.203331926	
-0.097482663	
0.330868256	
-0.035383698	
0.050342144	
0.122689446	
-0.043023024	
0.430462453	
-0.156726996	
0.202009318	
0.020075724	
0.275288945	
-0.07085619	
0.264682896	
0.999999999	
0.286691808	
0.335798492	
0.306523123	
0.812213809	
0.557548326	
0.202983332	
0.656198535	
0.129563949	
0.087435553	
0.221012773	
0.348431519	
0.816404157	
-0.175902327	
0.398380838	
-0.185503934	
0.224982175	
-0.050793536	
-0.038671426	
0.697064987	
0.190515666	
0.500082212	
0.618627323	
0.388106763	
0.851731728	
0.429462244	
0.553326723	
0.403972337	
0.510069868	
0.171403465	
0.388974867	
0.670997978	
0.113946286	
0.454225353	
0.094063237	
0.280774256	
0.606252081	
0.618923759	
0.509974155	
0.269105662	
0.420218017	
0.206362715	
0.421782361	
0.419342919	
0.231279078	
0.641930978	
0.349016906	
0.27436934	
0.07277249	
0.166692772	
0.386626532	
0.433360966	
0.367914021	
0.312785365	
0.268400629	
0.541569536	
0.528152891	
0.383895994	
0.123008426	
0.09140807	
0.123538652	
0.184485985	
0.34685408	
0.249291474	
0.599826753	
0.513152742	
0.002827851	
0.366526836	
0.360536652	
0.105197135	
0.450958859	
0.75683154	
0.227976626	
0.280978569	
0.360704323	
0.27861898	
0.133142011	
0.528254549	
0.253547424	
0.40470633	
-0.124515224	
0.021638527	
-0.046020843	
0.089154305	
-0.213755499	
0.040945993	
-0.098470833	
0.277012887	
-0.055355845	
0.228668914	
0.509619055	
0.564630439	
0.194376977	
0.228233447	
0.598453405	
0.169514578	
0.096945453	
0.390318812	
0.155564741	
0.617650196	
0.269105662	
0.501566303	
0.590146576	
0.44133006	
0.778250096	
0.863795572	
0.611251682	
0.495854385	
0.305451171	
0.482796212	
0.569580176	
0.299077615	
0.028854685	
0.3957276	
0.499335161	
0.392308973	
0.151130498	
0.533002464	
0.29575126	
0.127327771	
0.397176741	
0.369169884	
0.24538399	
-0.003371471	
0.27861898	
0.31561779	
0.817448433	
0.167524284	
0.299361601	
0.059542364	
-0.083348326	
0.008327803	
-0.048295252	
-0.220705657	
0.055229156	
0.249543019	
0.309570519	
0.209525062	
0.114914794	
-0.158704116	
0.001911592	
0.243313085	
0.156050186	
0.08841095	
-0.016051824	
0.27786006	
-0.037913569	
0.161679343	
-0.113632727	
-0.123317038	
0.061541032	
0.186695131	
0.247481825	
-0.120722788	
0.214040377	
0.116084759	
-0.165543	
-0.018519612	
0.210555492	
-0.125267136	
-0.147512631	
-0.423724501	
-0.461368877	
-0.574523065	
-0.527124457	
-0.913147881	
-0.128131619	
-0.636222117	
-0.645127041	
-0.556457109	
-0.385483338	
0.25178679	
-0.68137278	
-0.288823395	
-0.249744778	
-0.003299465	
-0.027433588	
-0.366823882	
0.42678231	
-0.100480608	
-0.249881151	
-0.046915483	
-0.020413559	
-0.2134316	
0.011126294	
0.435946985	
-0.2134316	
-0.140289306	
-0.230833553	
0.088227913	
-0.098586273	
0.141601675	
-0.044388708	
0.376217101	
0.125259078	
0.184435656	
0.247481825	
0.185212409	
-0.028304569	
0.275036081	
0.247481825	
0.055351946	
0.01501762	
-0.623108414	
-0.511609161	
-0.689294505	
-0.588828146	
-0.770951808	
-0.248287503	
-0.58837016	
-0.418946379	
-0.136778417	
-0.918577342	
-0.464932521	
-0.534750953	
-0.675585695	
-0.224595498	
-0.746001384	
0.029692724	
-0.655797384	
-0.530392247	
-0.599536896	
0.746092239	
-0.249744778	
-0.760807123	
0.210406221	
-0.540066931	
-0.178640899	
0.013617034	
0.01501762	
0.037577744	
0.168288556	
0.067401222	
-0.104905674	
-0.269825821	
-0.227377747	
0.12705509	
0.147412487	
0.037577744	
0.297122837	
-0.065883792	
0.013617034	
0.370216696	
0.187719467	
0.42678231	
-0.413455866	
-0.498083795	
-0.366694556	
-0.179143913	
-0.228431182	
-0.372362866	
-0.829615767	
0.03366744	
-0.283787546	
-0.573468845	
-0.74601378	
-0.215960826	
-0.156357139	
-0.303921448	
-0.461556704	
-0.871306258	
-0.53986733	
-0.462282516	
-0.620980567	
0.031712232	
-0.408098533	
-0.122657622	
-0.592829833	
-0.436940069	
-0.154586896	
-0.656728983	
0.012145286	
0.096736619	
0.483064579	
0.08760197	
0.14579184	
0.202395649	
0.823460754	
0.391791185	
0.392989148	
-0.171658102	
0.576077786	
0.185212409	
0.189298469	
-0.043367093	
-0.072446046	
0.15313084	
-0.077865954	
0.145122861	
0.233609675	
0.28540771	
0.382876643	
0.171387637	
-0.290532473	
0.143149514	
-0.394676008	
0.12083886	
0.03485415	
0.124746954	
-0.031155687	
-0.080067245	
0.320786215	
0.252704597	
-0.310227838	
-0.443854864	
-0.238285624	
0.11541241	
-0.787059153	
0.139032285	
-0.576219081	
-0.636222117	
-0.337756198	
-0.434390176	
-0.53216068	
-0.414051973	
-0.012546713	
-0.430171941	
-0.165392553	
-0.066174441	
-0.568940772	
-0.427041668	
-0.296541786	
0.199858127	
-0.206790616	
0.206814236	
-0.03520613	
-0.574206799	
-0.604271942	
0.237156593	
-0.034058445	
-0.043367093	
0.315072871	
0.547026616	
0.289012717	
0.24374283	
0.247901329	
-0.039878383	
0.498208545	
0.497460051	
-0.106601907	
-0.051892688	
0.010297137	
-0.204368978	
-0.017920387	
0.1246049	
0.276786075	
-0.0703953	
0.742164248	
0.541904892	
-0.289995721	
-0.15416804	
-0.140537021	
-0.547603535	
-0.145594606	
-0.385483338	
-0.643784289	
-0.401402879	
-0.09690405	
-0.459514487	
-0.10372712	
-0.303921448	
-0.069474598	
-0.999999998	
-0.100475182	
0.008180068	
-0.255443486	
0.449976559	
-0.034993357	
-0.061437332	
-0.212524732	
-0.204368978	
-0.027157872	
0.112086263	
0.124746954	
-0.069490932	
0.295686158	
0.177525275	
0.214189992	
0.294356648	
0.470905426	
0.275036081	
-0.230637643	
-0.322109836	
-0.032523707	
-0.053760867	
-0.671382516	
-0.261588089	
-0.366694556	
-0.169232101	
-0.053699207	
0.022205981	
-0.115169292	
0.419322531	
0.217554766	
0.35313644	
0.397854039	
0.355477465	
0.569456626	
0.24975467	
0.236177941	
0.157657979	
0.108827481	
0.220087159	
0.058334233	
-0.043023024	
-0.180029461	
-0.014281192	
0.234197533	
0.414758259	
0.188614163	
0.513828281	
0.511027308	
-0.133316002	
0.270403825	
-0.208795319	
0.690798789	
0.408953691	
0.19733625	
0.247901329	
0.266659149	
0.160996003	
0.235672928	
0.374018211	
0.734774611	
0.203842721	
0.123004672	
0.450981216	
0.392162849	
0.088627937	
0.24513689	
0.344364586	
0.430189259	
0.504667964	
0.109594501	
-0.169232101	
-0.122008529	
0.095251302	
-0.005900865	
-0.071006646	
0.160996003	
0.239639826	
-0.122657622	
-0.060526634	
0.079554004	
0.210406221	
0.107571019	
0.094063237	
-0.213755499	
-0.039402557	
-0.128684994	
0.263270372	
0.351575869	
0.157192628	
-0.065953649	
0.131205799	
-0.145594606	
-0.193261597	
-0.117537651	
0.103266107	
0.057949411	
0.38250151	
0.456514653	
0.423226944	
0.35100225	
0.106142717	
0.286845436	
0.306057452	
0.506873046	
0.28468077	
0.437442536	
0.475387996	
0.326148312	
0.210565477	
0.061489153	
0.455070624	
0.222916767	
0.319435143	
0.246282697	
0.067658348	
0.268810081	
0.171733847	
0.169514578	
0.300000683	
-0.143259249	
0.06225772	
-0.203331926	
-0.097482663	
0.330868256	
-0.035383698	
0.050342144	
0.122689446	
-0.043023024	
0.430462453	
-0.156726996	
0.202009318	
0.020075724	
0.275288945	
-0.07085619	
0.264682896	
0.999999999	
0.286691808	
0.335798492	
0.306523123	
0.812213809	
0.557548326	
0.202983332	
0.656198535	
0.129563949	
0.087435553	
0.221012773	
0.348431519	
0.816404157	
-0.175902327	
0.398380838	
-0.185503934	
0.224982175	
-0.050793536	
-0.038671426	
0.697064987	
0.190515666	
0.500082212	
0.618627323	
0.388106763	
0.851731728	
0.429462244	
0.553326723	
0.403972337	
0.510069868	
0.171403465	
0.388974867	
0.670997978	
0.113946286	
0.454225353	
0.094063237	
0.280774256	
0.606252081	
0.618923759	
0.509974155	
0.269105662	
0.420218017	
0.206362715	
0.421782361	
0.419342919	
0.231279078	
0.641930978	
0.349016906	
0.27436934	
0.07277249	
0.166692772	
0.386626532	
0.433360966	
0.367914021	
0.312785365	
0.268400629	
0.541569536	
0.528152891	
0.383895994	
0.123008426	
0.09140807	
0.123538652	
0.184485985	
0.34685408	
0.249291474	
0.599826753	
0.513152742	
0.002827851	
0.366526836	
0.360536652	
0.105197135	
0.450958859	
0.75683154	
0.227976626	
0.280978569	
0.360704323	
0.27861898	
0.133142011	
0.528254549	
0.253547424	
0.40470633	
-0.124515224	
0.021638527	
-0.046020843	
0.089154305	
-0.213755499	
0.040945993	
-0.098470833	
0.277012887	
-0.055355845	
0.228668914	
0.509619055	
0.564630439	
0.194376977	
0.228233447	
0.598453405	
0.169514578	
0.096945453	
0.390318812	
0.155564741	
0.617650196	
0.269105662	
0.501566303	
0.590146576	
0.44133006	
0.778250096	
0.863795572	
0.611251682	
0.495854385	
0.305451171	
0.482796212	
0.569580176	
0.299077615	
0.028854685	
0.3957276	
0.499335161	
0.392308973	
0.151130498	
0.533002464	
0.29575126	
0.127327771	
0.397176741	
0.369169884	
0.24538399	
-0.003371471	
0.27861898	
0.31561779	
0.817448433	
0.167524284	
0.299361601	
0.059542364	
-0.083348326	
0.008327803	
-0.048295252	
-0.220705657	
0.055229156	
0.249543019	
0.309570519	
0.209525062	
0.114914794	
-0.158704116	
0.001911592