0.0418221 -0.235619 -0.0885061
0.0794686 -0.44768 -0.168164
0.113342 -0.638508 -0.239842
0.143816 -0.810189 -0.304336
0.171225 -0.964629 -0.362358
0.195875 -1.10356 -0.414554
0.218041 -1.2285 -0.461508
0.237973 -1.34085 -0.503744
0.255894 -1.44186 -0.541737
0.27201 -1.53265 -0.575916
0.286506 -1.61426 -0.606668
0.299549 -1.68758 -0.634335
0.311283 -1.75345 -0.659228
0.321842 -1.81262 -0.681631
0.331345 -1.86574 -0.701795
0.339905 -1.91345 -0.719948
0.347614 -1.95628 -0.736293
0.354562 -1.99469 -0.751015
0.360828 -2.02914 -0.764278
0.366484 -2.06 -0.776231
0.371586 -2.08763 -0.78701
0.376197 -2.11236 -0.796736
0.380362 -2.13446 -0.805515
0.384133 -2.15418 -0.813447
0.387554 -2.17177 -0.820618
0.390659 -2.18742 -0.827106
0.393477 -2.20133 -0.832981
0.396042 -2.21366 -0.838308
0.398381 -2.22458 -0.843144
0.40052 -2.23422 -0.847539
0.402481 -2.2427 -0.85154
0.404286 -2.2501 -0.855189
0.40595 -2.25656 -0.858524
0.407492 -2.26219 -0.86157
0.408917 -2.2671 -0.864346
0.410231 -2.27145 -0.866861
0.411428 -2.27542 -0.869119
0.412499 -2.27917 -0.871125
0.41344 -2.28285 -0.872876
0.414242 -2.28663 -0.874378
0.41492 -2.2906 -0.875652
0.415488 -2.29482 -0.876732
0.415981 -2.29934 -0.877661
0.416436 -2.30414 -0.87849
0.416891 -2.30919 -0.879281
0.417396 -2.31445 -0.880096
0.417983 -2.3198 -0.880979
0.418667 -2.32509 -0.881952
0.419446 -2.33023 -0.88301
0.420297 -2.33516 -0.884131
0.421198 -2.33981 -0.885265
0.422132 -2.34414 -0.886374
0.423083 -2.34816 -0.887419
0.424036 -2.35183 -0.888369
0.424987 -2.35515 -0.889199
0.425919 -2.35813 -0.889889
0.426822 -2.36076 -0.89043
0.427695 -2.36306 -0.890813
0.42854 -2.36503 -0.891034
0.429358 -2.3667 -0.891093
0.430156 -2.36805 -0.890996
0.430941 -2.36911 -0.890753
0.431719 -2.36988 -0.890373
0.432488 -2.37037 -0.889878
0.43325 -2.37062 -0.889289
0.434006 -2.37066 -0.888629
0.434766 -2.37054 -0.887917
0.435536 -2.37025 -0.887168
0.436321 -2.36986 -0.886396
0.437123 -2.3694 -0.885618
0.437943 -2.3689 -0.88484
0.43879 -2.36838 -0.884071
0.439658 -2.36791 -0.88332
0.440552 -2.36747 -0.882589
0.441476 -2.36709 -0.88188
0.442431 -2.36679 -0.881199
0.443417 -2.36658 -0.880545
0.444435 -2.36646 -0.879919
0.445489 -2.36641 -0.879321
0.446571 -2.36645 -0.878748
0.447685 -2.36656 -0.878203
0.448828 -2.36673 -0.877678
0.450002 -2.36692 -0.877169
0.4512 -2.36714 -0.876671
0.452416 -2.36738 -0.876182
0.453649 -2.36763 -0.875699
0.454898 -2.36788 -0.875215
0.456155 -2.36811 -0.874729
0.457416 -2.36833 -0.874236
0.458679 -2.36852 -0.873733
0.459945 -2.36868 -0.873219
0.46121 -2.36878 -0.872689
0.462469 -2.36885 -0.872146
0.463718 -2.36888 -0.871589
0.464959 -2.36885 -0.871017
0.466193 -2.36878 -0.870427
0.467421 -2.36868 -0.869823
0.468643 -2.36854 -0.869205
0.469856 -2.36837 -0.868572
0.471064 -2.36817 -0.867925
0.472266 -2.36796 -0.867267
0.473461 -2.36773 -0.8666
0.474654 -2.36747 -0.865925
0.475848 -2.3672 -0.865243
0.477035 -2.36691 -0.864554
0.478219 -2.36662 -0.86386
0.479407 -2.36633 -0.863165
0.480594 -2.36604 -0.862465
0.481784 -2.36576 -0.861765
0.482981 -2.36549 -0.861064
0.484183 -2.36521 -0.860364
0.485394 -2.36494 -0.859668
0.486613 -2.36467 -0.858973
0.487843 -2.36442 -0.858283
0.489084 -2.36417 -0.857595
0.490329 -2.36392 -0.856908
0.491582 -2.36367 -0.856226
0.492841 -2.36342 -0.855547
0.494106 -2.36319 -0.854873
0.495384 -2.36296 -0.8542
0.496671 -2.36274 -0.85353
0.49796 -2.36255 -0.852861
0.499258 -2.36237 -0.852193
0.500563 -2.36217 -0.851525
0.501874 -2.36198 -0.850857
0.503184 -2.3618 -0.850188
0.504498 -2.36162 -0.849518
0.505814 -2.36144 -0.848846
0.507128 -2.36125 -0.848171
0.508446 -2.36106 -0.847491
0.50976 -2.36085 -0.846808
0.511079 -2.36063 -0.84612
0.512393 -2.36038 -0.845429
0.513706 -2.36012 -0.844732
0.51502 -2.35984 -0.84403
0.516337 -2.35955 -0.843321
0.517653 -2.35924 -0.842605
0.518972 -2.35893 -0.841881
0.520288 -2.3586 -0.841151
0.521607 -2.35827 -0.840418
0.522928 -2.35795 -0.839681
0.524248 -2.35762 -0.838943
0.525575 -2.35729 -0.838203
0.526899 -2.35695 -0.83746
0.528231 -2.35661 -0.836715
0.529567 -2.35627 -0.835967
0.530904 -2.35593 -0.835216
0.532247 -2.3556 -0.834463
0.533597 -2.35528 -0.83371
0.534953 -2.35496 -0.832955
0.536309 -2.35464 -0.832202
0.537671 -2.35432 -0.831446
0.539033 -2.35401 -0.83069
0.540396 -2.35369 -0.829932
0.541763 -2.35339 -0.829174
0.543138 -2.35308 -0.828415
0.544515 -2.35276 -0.827656
0.545898 -2.35244 -0.826897
0.547281 -2.35211 -0.826137
0.548667 -2.35177 -0.825374
0.550056 -2.35143 -0.824609
0.55145 -2.35109 -0.823842
0.552852 -2.35075 -0.823076
0.554259 -2.3504 -0.822308
0.555664 -2.35007 -0.821538
0.557071 -2.34975 -0.820767
0.558481 -2.34942 -0.819992
0.559888 -2.3491 -0.819214
0.561297 -2.34877 -0.818435
0.562707 -2.34843 -0.817656
0.564122 -2.34808 -0.816874
0.565542 -2.34773 -0.81609
0.56696 -2.34739 -0.815304
0.568383 -2.34705 -0.814516
0.569805 -2.34671 -0.813727
0.571227 -2.34636 -0.812935
0.572648 -2.34601 -0.81214
0.574076 -2.34565 -0.811344
0.575506 -2.3453 -0.810544
0.576937 -2.34493 -0.80974
0.578371 -2.34456 -0.808934
0.579804 -2.34417 -0.808127
0.581244 -2.34378 -0.807319
0.582688 -2.3434 -0.806509
0.584142 -2.34302 -0.805699
0.585595 -2.34264 -0.80489
0.587053 -2.34226 -0.804079
0.588515 -2.34188 -0.803269
0.589979 -2.3415 -0.802456
0.591443 -2.34112 -0.801642
0.592908 -2.34073 -0.800826
0.594371 -2.34035 -0.800008
0.595835 -2.33996 -0.79919
0.597307 -2.33956 -0.798369
0.598784 -2.33917 -0.797545
0.600259 -2.33878 -0.79672
0.60174 -2.33837 -0.795892
0.603224 -2.33796 -0.795064
0.604709 -2.33756 -0.794232
0.606191 -2.33715 -0.793399
0.607672 -2.33673 -0.792564
0.609157 -2.33631 -0.791728
0.610642 -2.3359 -0.790891
0.612132 -2.33548 -0.790053
0.613626 -2.33506 -0.789214
0.615123 -2.33465 -0.788373
0.616617 -2.33424 -0.787529
0.618118 -2.33383 -0.786684
0.619619 -2.33342 -0.785839
0.621124 -2.333 -0.784991
0.622634 -2.33256 -0.784142
0.624146 -2.33213 -0.783293
0.625663 -2.3317 -0.782441
0.627184 -2.33126 -0.781589
0.628705 -2.33083 -0.780739
0.630227 -2.3304 -0.779886
0.631752 -2.32998 -0.779033
0.633273 -2.32955 -0.778179
0.634795 -2.32912 -0.777324
0.636319 -2.3287 -0.776468
0.637842 -2.32826 -0.775614
0.639365 -2.32782 -0.774756
0.640891 -2.32738 -0.773896
0.642419 -2.32693 -0.773034
0.643949 -2.32649 -0.772169
0.64548 -2.32604 -0.771301
0.647013 -2.32559 -0.770433
0.648553 -2.32515 -0.769566
0.650093 -2.32471 -0.768699
0.651637 -2.32427 -0.767832
0.653184 -2.32382 -0.766965
0.654733 -2.32338 -0.766096
0.656283 -2.32294 -0.765225
0.65784 -2.32249 -0.764353
0.659398 -2.32204 -0.763484
0.660954 -2.3216 -0.762613
0.662506 -2.32116 -0.76174
0.664059 -2.32073 -0.760867
0.665619 -2.3203 -0.759993
0.667181 -2.31985 -0.759118
0.668743 -2.3194 -0.758242
0.670308 -2.31894 -0.757363
0.67188 -2.31848 -0.756487
0.673453 -2.31803 -0.755611
0.675021 -2.31757 -0.754733
0.676586 -2.31712 -0.753854
0.678152 -2.31666 -0.752975
0.679719 -2.3162 -0.752097
0.681285 -2.31573 -0.751217
0.682857 -2.31527 -0.750338
0.684424 -2.3148 -0.74946
0.68599 -2.31434 -0.748582
0.687561 -2.31388 -0.747703
0.689137 -2.31343 -0.746825
0.690712 -2.31296 -0.745947
0.692286 -2.3125 -0.745069
0.693862 -2.31202 -0.744187
0.69544 -2.31156 -0.743302
0.697021 -2.3111 -0.742418
0.698604 -2.31065 -0.741533
0.700187 -2.31019 -0.740648
0.701771 -2.30974 -0.739763
0.703363 -2.30928 -0.738877
0.704953 -2.30881 -0.737988
0.706547 -2.30834 -0.737099
0.708142 -2.30788 -0.73621
0.709743 -2.30741 -0.735318
0.711348 -2.30694 -0.734427
0.712952 -2.30647 -0.733537
0.714553 -2.30601 -0.732648
0.716153 -2.30555 -0.731759
0.717755 -2.3051 -0.730871
0.71935 -2.30465 -0.729984
0.720947 -2.3042 -0.729097
0.722543 -2.30376 -0.728213
0.724135 -2.30332 -0.727328
0.725728 -2.30286 -0.72644
0.727326 -2.30241 -0.725548
0.728926 -2.30195 -0.724653
0.730536 -2.30148 -0.723757
0.732146 -2.30102 -0.72286
0.733764 -2.30056 -0.721959
0.735386 -2.3001 -0.721057
0.737008 -2.29964 -0.720152
0.73863 -2.29917 -0.719248
0.740259 -2.29869 -0.718342
0.741891 -2.29821 -0.717433
0.743525 -2.29773 -0.716523
0.745162 -2.29723 -0.71561
0.746801 -2.29675 -0.714697
0.748449 -2.29626 -0.713784
0.7501 -2.29576 -0.712869
0.751745 -2.29527 -0.711955
0.753386 -2.29478 -0.711041
0.755024 -2.29429 -0.710126
0.756661 -2.29379 -0.709212
0.758298 -2.2933 -0.708297
0.759943 -2.2928 -0.707384
0.761596 -2.2923 -0.70647
0.76325 -2.29179 -0.705558
0.764902 -2.2913 -0.704646
0.766555 -2.29081 -0.703734
0.768207 -2.29034 -0.702823
0.76986 -2.28986 -0.70191
0.771514 -2.28938 -0.700998
0.773172 -2.28889 -0.700086
0.77483 -2.2884 -0.699173
0.776488 -2.28792 -0.69826
0.778142 -2.28743 -0.697346
0.779796 -2.28693 -0.696436
0.781443 -2.28644 -0.695523
0.78309 -2.28596 -0.694613
0.784738 -2.28547 -0.693703
0.786385 -2.28498 -0.692792
0.788038 -2.28449 -0.691881
0.789692 -2.28399 -0.690969
0.791347 -2.28349 -0.690056
0.793004 -2.28299 -0.689142
0.794662 -2.28249 -0.688229
0.796319 -2.28201 -0.687316
0.797971 -2.28153 -0.686402
0.799626 -2.28105 -0.68549
0.801288 -2.28057 -0.684578
0.802946 -2.2801 -0.683668
0.804608 -2.27962 -0.682757
0.806271 -2.27915 -0.681847
0.807934 -2.27868 -0.680935
0.8096 -2.27822 -0.680023
0.811266 -2.27776 -0.679111
0.812931 -2.2773 -0.678202
0.814601 -2.27683 -0.677292
0.816273 -2.27636 -0.676381
0.817939 -2.27589 -0.675471
0.819601 -2.27543 -0.674562
0.821259 -2.27498 -0.673655
0.822913 -2.27451 -0.672751
0.824575 -2.27404 -0.671844
0.82624 -2.27357 -0.670938
0.827908 -2.2731 -0.670033
0.829575 -2.27263 -0.66913
0.831241 -2.27217 -0.66823
0.832911 -2.27169 -0.667331
0.834581 -2.27122 -0.666434
0.83625 -2.27076 -0.665539
0.837922 -2.27028 -0.664644
0.839593 -2.2698 -0.663749
0.841264 -2.26932 -0.662854
0.842938 -2.26885 -0.661957
0.844608 -2.26836 -0.661059
0.846279 -2.26788 -0.660162
0.847953 -2.2674 -0.659266
0.849631 -2.26692 -0.658369
0.85131 -2.26645 -0.657473
0.852989 -2.26598 -0.65658
0.854662 -2.26552 -0.655688
0.856334 -2.26505 -0.654798
0.858004 -2.26458 -0.65391
0.859674 -2.2641 -0.653023
0.861341 -2.26363 -0.652136
0.863003 -2.26316 -0.651249
0.864664 -2.2627 -0.65036
0.866328 -2.26224 -0.649473
0.867992 -2.26177 -0.648587
0.869657 -2.26131 -0.647704
0.871326 -2.26085 -0.646822
0.872996 -2.26039 -0.645941
0.874662 -2.25993 -0.645059
0.876329 -2.25947 -0.644181
0.878002 -2.25903 -0.643303
0.879677 -2.2586 -0.642425
0.881347 -2.25815 -0.641549
0.883016 -2.25772 -0.640674
0.884686 -2.25728 -0.639798
0.886354 -2.25685 -0.638924
0.888018 -2.25642 -0.638052
0.889679 -2.25599 -0.63718
0.891338 -2.25555 -0.63631
0.892996 -2.25512 -0.635441
0.894648 -2.25468 -0.634573
0.896303 -2.25423 -0.633706
0.897957 -2.2538 -0.63284
0.89961 -2.25336 -0.631975
0.901264 -2.25293 -0.631109
0.902919 -2.25252 -0.630243
0.904573 -2.25211 -0.629378
0.906224 -2.25169 -0.628515
0.907869 -2.25128 -0.627654
0.909518 -2.25088 -0.626794
0.911165 -2.25046 -0.625937
0.912814 -2.25004 -0.625083
0.914467 -2.24962 -0.624231
0.916118 -2.2492 -0.623378
0.917777 -2.24879 -0.622523
0.919436 -2.24837 -0.621671
0.921093 -2.24797 -0.62082
0.922749 -2.24756 -0.619968
0.924407 -2.24716 -0.619116
0.926065 -2.24676 -0.618266
0.927722 -2.24636 -0.617417
0.929373 -2.24596 -0.61657
0.931026 -2.24555 -0.615725
0.932677 -2.24515 -0.614882
0.934329 -2.24474 -0.614042
0.93598 -2.24435 -0.613203
0.937628 -2.24395 -0.612364
0.93928 -2.24356 -0.611527
0.94093 -2.24317 -0.610694
0.942583 -2.24277 -0.609858
0.944239 -2.24239 -0.609022
0.945894 -2.242 -0.608185
0.947552 -2.24161 -0.60735
0.949209 -2.24122 -0.606517
0.950868 -2.24083 -0.605683
0.952529 -2.24045 -0.604854
0.954184 -2.24006 -0.604026
0.955833 -2.23967 -0.603196
0.957481 -2.23928 -0.602368
0.959122 -2.23889 -0.60154
0.96076 -2.23851 -0.600714
0.962398 -2.23814 -0.599888
0.964043 -2.23776 -0.599067
0.965685 -2.23739 -0.598248
0.967327 -2.23701 -0.59743
0.96897 -2.23664 -0.596616
0.97061 -2.23626 -0.595807
0.972254 -2.23588 -0.594999
0.973893 -2.23552 -0.594193
0.975526 -2.23516 -0.593388
0.977151 -2.2348 -0.592581
0.978785 -2.23443 -0.591776
0.980417 -2.23406 -0.590973
0.982051 -2.23369 -0.59017
0.983684 -2.23331 -0.58937
0.985318 -2.23294 -0.588569
0.986954 -2.23256 -0.587771
0.988586 -2.2322 -0.58697
0.99022 -2.23184 -0.58617
0.991854 -2.23148 -0.585371
0.993486 -2.23111 -0.584571
0.995115 -2.23075 -0.583776
0.996744 -2.23039 -0.582982
0.998372 -2.23003 -0.582188
0.999996 -2.22968 -0.581395
1.00162 -2.22932 -0.580601
1.00324 -2.22896 -0.579808
1.00486 -2.22861 -0.579017
1.00648 -2.22825 -0.578226
1.0081 -2.2279 -0.57744
1.00971 -2.22754 -0.576654
1.01133 -2.22719 -0.575869
1.01295 -2.22685 -0.575084
1.01457 -2.22651 -0.5743
1.01619 -2.22617 -0.573516
1.0178 -2.22583 -0.572734
1.01942 -2.22549 -0.571954
1.02105 -2.22516 -0.571177
1.02267 -2.22482 -0.570401
1.02429 -2.22448 -0.569624
1.02591 -2.22414 -0.56885
1.02753 -2.2238 -0.568077
1.02914 -2.22346 -0.567303
1.03076 -2.22313 -0.566533
1.03237 -2.2228 -0.565764
1.03398 -2.22248 -0.564997
1.03559 -2.22217 -0.56423
1.0372 -2.22186 -0.563465
1.03881 -2.22155 -0.562703
1.04042 -2.22123 -0.56194
1.04203 -2.22091 -0.561176
1.04364 -2.22057 -0.560412
1.04525 -2.22025 -0.55965
1.04687 -2.21992 -0.558886
1.0485 -2.2196 -0.558124
1.05012 -2.21928 -0.557364
1.05174 -2.21896 -0.556605
1.05336 -2.21864 -0.555846
1.05498 -2.21832 -0.555086
1.0566 -2.21801 -0.554326
1.05823 -2.2177 -0.553567
1.05984 -2.21739 -0.552812
1.06146 -2.21709 -0.552057
1.06308 -2.21678 -0.551304
1.06469 -2.21648 -0.550553
1.06631 -2.21616 -0.549804
1.06793 -2.21584 -0.549054
1.06955 -2.21552 -0.548304
1.07116 -2.2152 -0.547556
1.07278 -2.21489 -0.546806
1.0744 -2.21458 -0.546057
1.07601 -2.21427 -0.545308
1.07762 -2.21397 -0.544563
1.07922 -2.21367 -0.543815
1.08083 -2.21337 -0.543066
1.08244 -2.21307 -0.54232
1.08404 -2.21276 -0.541577
1.08565 -2.21245 -0.540833
1.08725 -2.21215 -0.54009
1.08886 -2.21185 -0.539348
1.09046 -2.21155 -0.538606
1.09207 -2.21125 -0.537864
1.09368 -2.21094 -0.537121
1.09529 -2.21063 -0.536379
1.09691 -2.21032 -0.535636
1.09853 -2.21 -0.534892
1.10015 -2.20969 -0.534151
1.10178 -2.20936 -0.533412
1.10339 -2.20903 -0.532671
1.10501 -2.2087 -0.53193
1.10662 -2.20838 -0.531193
1.10823 -2.20807 -0.530455
1.10985 -2.20778 -0.529719
1.11147 -2.20748 -0.528982
1.11308 -2.20719 -0.528243
1.11469 -2.20689 -0.527504
1.11631 -2.2066 -0.526763
1.11793 -2.20631 -0.526024
1.11955 -2.20603 -0.525285
1.12116 -2.20573 -0.524549
1.12278 -2.20544 -0.523814
1.12439 -2.20515 -0.523082
1.12599 -2.20486 -0.52235
1.1276 -2.20457 -0.521621
1.12921 -2.20427 -0.520893
1.13081 -2.20398 -0.520165
1.13242 -2.20369 -0.519437
1.13403 -2.2034 -0.518708
1.13564 -2.20312 -0.517983
1.13724 -2.20283 -0.517258
1.13885 -2.20255 -0.516531
1.14046 -2.20226 -0.515805
1.14207 -2.20198 -0.515078
1.14369 -2.20169 -0.51435
1.1453 -2.20141 -0.513625
1.14692 -2.20113 -0.5129
1.14853 -2.20086 -0.512176
1.15015 -2.20059 -0.511452
1.15176 -2.20031 -0.51073
1.15338 -2.20003 -0.510006
1.155 -2.19975 -0.509282
1.15662 -2.19947 -0.508556
1.15824 -2.19918 -0.507832
1.15986 -2.1989 -0.507107
1.16147 -2.19861 -0.50638
1.16309 -2.19833 -0.505655
1.16471 -2.19806 -0.504928
1.16633 -2.19777 -0.504201
1.16794 -2.19748 -0.503475
1.16956 -2.19719 -0.502747
1.17119 -2.1969 -0.50202
1.17282 -2.1966 -0.501292
1.17444 -2.1963 -0.500565
1.17607 -2.196 -0.499838
1.1777 -2.19571 -0.499108
1.17933 -2.19543 -0.498379
1.18096 -2.19514 -0.49765
1.18259 -2.19486 -0.496925
1.18422 -2.19459 -0.496199
1.18585 -2.19431 -0.495472
1.18748 -2.19402 -0.494749
1.18911 -2.19372 -0.494024
1.19073 -2.19344 -0.4933
1.19236 -2.19315 -0.492578
1.19399 -2.19286 -0.491856
1.19562 -2.19258 -0.491132
1.19725 -2.1923 -0.490409
1.19888 -2.19203 -0.489688
1.2005 -2.19175 -0.488966
1.20212 -2.19147 -0.488245
1.20374 -2.1912 -0.487524
1.20535 -2.19092 -0.486807
1.20697 -2.19064 -0.486088
1.20859 -2.19035 -0.48537
1.21021 -2.19006 -0.484653
1.21183 -2.18977 -0.483934
1.21345 -2.1895 -0.483216
1.21506 -2.18922 -0.482497
1.21669 -2.18894 -0.481777
1.21832 -2.18867 -0.481057
1.21995 -2.18839 -0.48034
1.22157 -2.18812 -0.479624
1.2232 -2.18785 -0.478908
1.22483 -2.18759 -0.478192
1.22645 -2.18733 -0.477477
1.22808 -2.18706 -0.476761
1.22971 -2.18678 -0.476044
1.23133 -2.1865 -0.475327
1.23296 -2.18622 -0.474612
1.23459 -2.18593 -0.473899
1.23622 -2.18565 -0.473184
1.23785 -2.18536 -0.472468
1.23948 -2.18508 -0.471754
1.24111 -2.1848 -0.471041
1.24274 -2.18452 -0.470325
1.24437 -2.18424 -0.46961
1.24599 -2.18396 -0.468895
1.24762 -2.18368 -0.46818
1.24924 -2.1834 -0.467468
1.25087 -2.18311 -0.466758
1.2525 -2.18282 -0.46605
1.25412 -2.18254 -0.465342
1.25574 -2.18225 -0.464634
1.25736 -2.18198 -0.463922
1.25898 -2.18171 -0.463208
1.2606 -2.18143 -0.462494
1.26222 -2.18116 -0.461779
1.26385 -2.18088 -0.461064
1.26547 -2.1806 -0.460348
1.2671 -2.18033 -0.45963
1.26873 -2.18005 -0.458912
1.27036 -2.17978 -0.458195
1.27199 -2.17951 -0.457481
1.27362 -2.17924 -0.456767
1.27525 -2.17897 -0.456056
1.27689 -2.17871 -0.455344
1.27852 -2.17844 -0.454631
1.28016 -2.17817 -0.453916
1.28179 -2.17789 -0.453204
1.28343 -2.17762 -0.452494
1.28505 -2.17736 -0.451787
1.28668 -2.1771 -0.45108
1.2883 -2.17684 -0.450375
1.28993 -2.17658 -0.449674
1.29156 -2.17633 -0.448972
1.29318 -2.17606 -0.448274
1.2948 -2.1758 -0.447574
1.29643 -2.17555 -0.446876
1.29805 -2.17529 -0.446177
1.29967 -2.17504 -0.44548
1.30129 -2.17479 -0.444786
1.30292 -2.17454 -0.444092
1.30454 -2.17429 -0.443399
1.30616 -2.17403 -0.442707
1.30778 -2.17378 -0.442013
1.30941 -2.17353 -0.441318
1.31103 -2.17328 -0.440621
1.31266 -2.17303 -0.439925
1.31429 -2.17278 -0.439229
1.3159 -2.17252 -0.438533
1.31753 -2.17226 -0.437837
1.31915 -2.172 -0.437144
1.32077 -2.17174 -0.436451
1.32239 -2.17148 -0.435758
1.32401 -2.17122 -0.435067
1.32563 -2.17097 -0.434374
1.32724 -2.17073 -0.43368
1.32886 -2.17048 -0.432988
1.33048 -2.17023 -0.432296
1.33209 -2.16998 -0.431604
1.33372 -2.16972 -0.430909
1.33535 -2.16946 -0.430209
1.33697 -2.16919 -0.429507
1.3386 -2.16892 -0.428803
1.34024 -2.16865 -0.428096
1.34187 -2.16839 -0.427386
1.34351 -2.16811 -0.426672
1.34516 -2.16784 -0.425958
1.3468 -2.16757 -0.425242
1.34844 -2.16729 -0.424527
1.35008 -2.16701 -0.423808
1.35173 -2.16673 -0.423089
1.35338 -2.16645 -0.422369
1.35504 -2.16618 -0.421644
1.3567 -2.1659 -0.420916
1.35836 -2.16563 -0.420188
1.36001 -2.16535 -0.419458
1.36166 -2.16506 -0.418729
1.36331 -2.16477 -0.417998
1.36496 -2.16448 -0.417264
1.36663 -2.16419 -0.416529
1.36828 -2.1639 -0.415793
1.36994 -2.16361 -0.415057
1.3716 -2.16331 -0.414323
1.37326 -2.16302 -0.41359
1.37493 -2.16272 -0.412855
1.3766 -2.16243 -0.412117
1.37827 -2.16215 -0.411377
1.37995 -2.16187 -0.410633
1.38163 -2.16158 -0.409892
1.38332 -2.16129 -0.409151
1.385 -2.161 -0.40841
1.38669 -2.16071 -0.407671
1.38837 -2.16042 -0.40693
1.39005 -2.16014 -0.406191
1.39172 -2.15984 -0.405453
1.3934 -2.15954 -0.404711
1.39507 -2.15924 -0.403966
1.39675 -2.15894 -0.403222
1.39842 -2.15865 -0.402475
1.40008 -2.15835 -0.401731
1.40175 -2.15805 -0.400986
1.40341 -2.15776 -0.400238
1.40509 -2.15745 -0.399487
1.40675 -2.15714 -0.398736
1.40843 -2.15684 -0.397986
1.4101 -2.15654 -0.397234
1.41179 -2.15624 -0.396487
1.41347 -2.15595 -0.395743
1.41515 -2.15566 -0.395002
1.41682 -2.15537 -0.394263
1.41849 -2.15507 -0.393526
1.42016 -2.15477 -0.392789
1.42183 -2.15448 -0.392053
1.42349 -2.15419 -0.391316
1.42515 -2.1539 -0.390577
1.42681 -2.1536 -0.389841
1.42848 -2.15331 -0.389104
1.43015 -2.15301 -0.388367
1.43182 -2.15271 -0.387631
1.4335 -2.15241 -0.386892
1.43517 -2.15211 -0.386154
1.43685 -2.15181 -0.385415
1.43853 -2.15151 -0.384674
1.44022 -2.15122 -0.383934
1.4419 -2.15092 -0.383193
1.44357 -2.15063 -0.382452
1.44525 -2.15034 -0.381706
1.44692 -2.15005 -0.380958
1.4486 -2.14975 -0.380209
1.45028 -2.14945 -0.379462
1.45196 -2.14915 -0.378713
1.45364 -2.14885 -0.377967
1.45533 -2.14855 -0.377221
1.45701 -2.14826 -0.376478
1.45869 -2.14797 -0.375734
1.46037 -2.14768 -0.374985
1.46204 -2.1474 -0.374236
1.46372 -2.14711 -0.373484
1.4654 -2.14683 -0.372732
1.46708 -2.14654 -0.371981
1.46877 -2.14624 -0.371229
1.47046 -2.14595 -0.370476
1.47215 -2.14565 -0.369723
1.47384 -2.14535 -0.368967
1.47553 -2.14504 -0.368213
1.47721 -2.14473 -0.36746
1.47889 -2.14443 -0.366703
1.48057 -2.14412 -0.365948
1.48225 -2.14381 -0.365196
1.48394 -2.14349 -0.364442
1.48562 -2.14318 -0.36369
1.48731 -2.14287 -0.362934
1.489 -2.14255 -0.362177
1.49068 -2.14224 -0.361419
1.49236 -2.14193 -0.360659
1.49404 -2.14162 -0.359899
1.49572 -2.1413 -0.35914
1.49741 -2.14099 -0.35838
1.4991 -2.14068 -0.357616
1.50078 -2.14036 -0.356853
1.50247 -2.14004 -0.356086
1.50416 -2.13973 -0.355316
1.50584 -2.13941 -0.354546
1.50753 -2.1391 -0.353775
1.50923 -2.13879 -0.353002
1.51093 -2.13848 -0.35223
1.51262 -2.13816 -0.35146
1.51431 -2.13784 -0.350688
1.51601 -2.13752 -0.349915
1.5177 -2.1372 -0.349141
1.5194 -2.13688 -0.34837
1.52111 -2.13655 -0.347595
1.52281 -2.13623 -0.346819
1.52452 -2.1359 -0.346045
1.52622 -2.13558 -0.345273
1.52793 -2.13527 -0.344502
1.52965 -2.13495 -0.343729
1.53136 -2.13463 -0.342956
1.53308 -2.13431 -0.34218
1.53481 -2.13398 -0.341402
1.53653 -2.13366 -0.340617
1.53826 -2.13333 -0.339828
1.53999 -2.13301 -0.339037
1.54172 -2.13267 -0.338246
1.54345 -2.13234 -0.337451
1.54518 -2.13201 -0.33665
1.54691 -2.13167 -0.335847
1.54864 -2.13132 -0.335043
1.55038 -2.13096 -0.334235
1.55211 -2.1306 -0.333426
1.55384 -2.13025 -0.332615
1.55558 -2.12989 -0.3318
1.55732 -2.12953 -0.330983
1.55907 -2.12916 -0.330166
1.56082 -2.12879 -0.329345
1.56257 -2.12841 -0.328521
1.56432 -2.12803 -0.327695
1.56607 -2.12766 -0.326867
1.56782 -2.12728 -0.326038
1.56957 -2.1269 -0.325203
1.57132 -2.12652 -0.324367
1.57307 -2.12615 -0.323532
1.57482 -2.12578 -0.322697
1.57657 -2.12539 -0.32186
1.57832 -2.12502 -0.321023
1.58008 -2.12464 -0.320187
1.58183 -2.12427 -0.319348
1.58358 -2.1239 -0.318508
1.58534 -2.12352 -0.317666
1.5871 -2.12313 -0.316826
1.58885 -2.12275 -0.315986
1.59061 -2.12236 -0.315145
1.59237 -2.12197 -0.314304
1.59414 -2.12158 -0.31346
1.59591 -2.12119 -0.312611
1.59768 -2.1208 -0.311758
1.59944 -2.12041 -0.310903
1.60122 -2.12002 -0.310046
1.60299 -2.11963 -0.309187
1.60478 -2.11923 -0.308325
1.60657 -2.11883 -0.307461
1.60836 -2.11842 -0.306589
1.61015 -2.11802 -0.305715
1.61194 -2.11761 -0.304835
1.61373 -2.1172 -0.303955
1.61553 -2.11679 -0.303068
1.61734 -2.11637 -0.302179
1.61915 -2.11595 -0.301285
1.62095 -2.11553 -0.300388
1.62277 -2.11511 -0.299486
1.62458 -2.11468 -0.29858
1.62639 -2.11424 -0.297674
1.62821 -2.1138 -0.296765
1.63003 -2.11335 -0.295853
1.63185 -2.1129 -0.294937
1.63368 -2.11244 -0.294018
1.63551 -2.11199 -0.293098
1.63734 -2.11153 -0.292173
1.63917 -2.11108 -0.291243
1.64101 -2.11061 -0.290313
1.64284 -2.11015 -0.289379
1.64467 -2.10969 -0.288443
1.64651 -2.10923 -0.287508
1.64835 -2.10876 -0.28657
1.65019 -2.10828 -0.285632
1.65203 -2.1078 -0.284689
1.65388 -2.10732 -0.283744
1.65573 -2.10685 -0.282795
1.65757 -2.10637 -0.281843
1.65941 -2.10588 -0.280884
1.66126 -2.10541 -0.279926
1.66311 -2.10493 -0.278967
1.66497 -2.10444 -0.278002
1.66683 -2.10395 -0.277037
1.66869 -2.10346 -0.276069
1.67055 -2.10297 -0.275095
1.67242 -2.10249 -0.274118
1.67429 -2.10199 -0.273139
1.67617 -2.10149 -0.272157
1.67806 -2.10098 -0.27117
1.67994 -2.10047 -0.27018
1.68183 -2.09996 -0.269189
1.68373 -2.09944 -0.268199
1.68563 -2.09893 -0.267205
1.68753 -2.09841 -0.266206
1.68943 -2.09789 -0.265202
1.69134 -2.09736 -0.264196
1.69325 -2.09684 -0.263185
1.69516 -2.0963 -0.26217
1.69706 -2.09577 -0.26115
1.69897 -2.09523 -0.260128
1.70088 -2.09469 -0.259104
1.70279 -2.09415 -0.258078
1.7047 -2.09361 -0.257049
1.70661 -2.09306 -0.256018
1.70853 -2.09251 -0.254987
1.71045 -2.09196 -0.253953
1.71238 -2.0914 -0.252919
1.71431 -2.09083 -0.251877
1.71624 -2.09027 -0.250829
1.71818 -2.08971 -0.249774
1.72012 -2.08914 -0.248715
1.72206 -2.08858 -0.247655
1.724 -2.088 -0.246588
1.72594 -2.08742 -0.245515
1.72789 -2.08683 -0.244442
1.72983 -2.08624 -0.243368
1.73179 -2.08564 -0.242293
1.73374 -2.08504 -0.241216
1.73569 -2.08444 -0.240132
1.73764 -2.08383 -0.239044
1.7396 -2.08322 -0.237953
1.74155 -2.0826 -0.236855
1.74351 -2.08199 -0.235755
1.74546 -2.08138 -0.234651
1.74742 -2.08077 -0.233543
1.74938 -2.08016 -0.232436
1.75134 -2.07955 -0.231329
1.75332 -2.07894 -0.230217
1.7553 -2.07832 -0.229105
1.75727 -2.0777 -0.227992
1.75925 -2.07708 -0.226875
1.76124 -2.07645 -0.22575
1.76322 -2.07581 -0.224624
1.76521 -2.07517 -0.223491
1.7672 -2.07452 -0.222352
1.76919 -2.07387 -0.221209
1.77119 -2.07322 -0.220065
1.77318 -2.07257 -0.218913
1.77519 -2.07193 -0.217756
1.7772 -2.07128 -0.216596
1.77921 -2.07063 -0.215435
1.78122 -2.06996 -0.214269
1.78324 -2.0693 -0.2131
1.78527 -2.06863 -0.211924
1.7873 -2.06796 -0.21074
1.78933 -2.06728 -0.209555
1.79137 -2.06661 -0.208364
1.79342 -2.06592 -0.207173
1.79546 -2.06523 -0.205977
1.79751 -2.06455 -0.204776
1.79956 -2.06385 -0.203574
1.80161 -2.06315 -0.202365
1.80366 -2.06245 -0.201151
1.80571 -2.06175 -0.199934
1.80777 -2.06104 -0.198715
1.80982 -2.06033 -0.197491
1.81188 -2.05961 -0.196261
1.81394 -2.05889 -0.195031
1.816 -2.05818 -0.193794
1.81807 -2.05746 -0.192551
1.82014 -2.05673 -0.191301
1.82222 -2.056 -0.190051
1.8243 -2.05526 -0.188797
1.82638 -2.05453 -0.187536
1.82847 -2.05378 -0.186269
1.83056 -2.05302 -0.185002
1.83265 -2.05226 -0.183732
1.83475 -2.0515 -0.182454
1.83685 -2.05074 -0.181175
1.83894 -2.04997 -0.179889
1.84104 -2.04921 -0.178596
1.84314 -2.04844 -0.177296
1.84525 -2.04766 -0.175989
1.84737 -2.04689 -0.174676
1.84948 -2.04611 -0.173363
1.8516 -2.04532 -0.172045
1.85373 -2.04453 -0.17072
1.85585 -2.04373 -0.169395
1.85799 -2.04293 -0.168064
1.86013 -2.04213 -0.16673
1.86227 -2.04133 -0.165391
1.86441 -2.04052 -0.164049
1.86657 -2.0397 -0.162704
1.86874 -2.03888 -0.161354
1.8709 -2.03806 -0.160002
1.87306 -2.03724 -0.158647
1.87524 -2.03641 -0.157287
1.87741 -2.03557 -0.155921
1.87959 -2.03473 -0.154551
1.88178 -2.03389 -0.153178
1.88397 -2.03304 -0.151797
1.88616 -2.0322 -0.150417
1.88835 -2.03134 -0.149034
1.89054 -2.03048 -0.14765
1.89273 -2.02961 -0.146263
1.89493 -2.02875 -0.144866
1.89713 -2.02788 -0.143467
1.89934 -2.027 -0.142066
1.90154 -2.02614 -0.140661
1.90375 -2.02527 -0.13925
1.90596 -2.02439 -0.137837
1.90816 -2.02352 -0.136424
1.91036 -2.02263 -0.135007
1.91256 -2.02174 -0.133587
1.91477 -2.02085 -0.132165
1.91698 -2.01996 -0.130734
1.91918 -2.01906 -0.129301
1.92139 -2.01817 -0.127868
1.9236 -2.01727 -0.12643
1.92581 -2.01638 -0.124989
1.92801 -2.01548 -0.123545
1.93021 -2.01457 -0.122101
1.93241 -2.01368 -0.120652
1.93461 -2.01277 -0.119197
1.93681 -2.01187 -0.117741
1.93901 -2.01097 -0.116285
1.94121 -2.01007 -0.11483
1.94343 -2.00917 -0.113369
1.94564 -2.00826 -0.111902
1.94785 -2.00736 -0.11043
1.95005 -2.00646 -0.108953
1.95227 -2.00555 -0.107479
1.95449 -2.00465 -0.106004
1.9567 -2.00374 -0.104525
1.95892 -2.00284 -0.103046
1.96113 -2.00192 -0.101566
1.96335 -2.00101 -0.100079
1.96557 -2.00009 -0.0985906
1.9678 -1.99917 -0.0970986
1.97004 -1.99826 -0.0955997
1.97228 -1.99733 -0.0940998
1.97452 -1.9964 -0.0925917
1.97677 -1.99547 -0.0910826
1.97901 -1.99454 -0.0895693
1.98126 -1.9936 -0.0880506
1.9835 -1.99266 -0.0865267
1.98575 -1.99171 -0.0849972
1.988 -1.99077 -0.083467
1.99025 -1.98983 -0.0819355
1.9925 -1.98888 -0.0804026
1.99474 -1.98793 -0.0788695
1.997 -1.98697 -0.0773329
1.99924 -1.98602 -0.0757923
2.00149 -1.98507 -0.0742498
2.00374 -1.98412 -0.072705
2.006 -1.98317 -0.0711609
2.00825 -1.98221 -0.0696141
2.0105 -1.98124 -0.0680659
2.01276 -1.98028 -0.0665149
2.01501 -1.97931 -0.064963
2.01727 -1.97832 -0.0634039
2.01954 -1.97734 -0.0618389
2.02182 -1.97635 -0.0602677
2.02409 -1.97535 -0.0586943
2.02636 -1.97437 -0.0571171
2.02863 -1.97338 -0.0555389
2.0309 -1.97239 -0.0539587
2.03317 -1.97141 -0.0523725
2.03545 -1.97042 -0.0507793
2.03772 -1.96943 -0.0491873
2.04 -1.96843 -0.0475929
2.04227 -1.96743 -0.0459939
2.04455 -1.96644 -0.0443981
2.04682 -1.96544 -0.0428033
2.04909 -1.96444 -0.0412025
2.05136 -1.96344 -0.0395963
2.05363 -1.96244 -0.0379853
2.0559 -1.96144 -0.0363775
2.05817 -1.96044 -0.0347698
2.06044 -1.95943 -0.0331608
2.06271 -1.95842 -0.0315515
2.06499 -1.95742 -0.029942
2.06726 -1.95642 -0.0283271
2.06953 -1.95543 -0.0267126
2.07181 -1.95443 -0.0250986
2.07409 -1.95343 -0.0234818
2.07636 -1.95243 -0.0218603
2.07862 -1.95144 -0.0202409
2.08087 -1.95045 -0.0186187
2.08312 -1.94946 -0.0170016
2.08536 -1.94847 -0.0153879
2.08762 -1.94748 -0.0137723
2.08986 -1.94649 -0.0121543
2.09212 -1.94551 -0.0105313
2.09438 -1.94452 -0.00890607
2.09664 -1.94352 -0.00727997
2.09891 -1.94253 -0.00564831
2.10118 -1.94152 -0.00401272
2.10345 -1.94052 -0.00237393
2.10572 -1.93951 -0.000732866
2.10799 -1.93851 0.000912472
2.11025 -1.9375 0.00255667
2.11253 -1.93649 0.00420261
2.1148 -1.93547 0.00585544
2.11708 -1.93445 0.00751438
2.11935 -1.93342 0.00917157
2.12162 -1.9324 0.0108349
2.12388 -1.93137 0.0124973
2.12614 -1.93034 0.0141576
2.12839 -1.92932 0.0158171
2.13066 -1.9283 0.0174814
2.13292 -1.92728 0.0191461
2.13519 -1.92625 0.0208142
2.13745 -1.92522 0.0224777
2.13972 -1.92419 0.0241466
2.14198 -1.92317 0.0258183
2.14425 -1.92215 0.0274876
2.14651 -1.92113 0.0291523
2.14877 -1.92011 0.0308149
2.15103 -1.9191 0.0324796
2.15328 -1.91808 0.0341425
2.15553 -1.91706 0.035805
2.15778 -1.91604 0.0374683
2.16001 -1.91503 0.0391298
2.16225 -1.91402 0.0407961
2.16448 -1.913 0.0424615
2.16672 -1.91199 0.0441246
2.16895 -1.91099 0.0457836
2.17118 -1.90998 0.0474474
2.17341 -1.90898 0.0491059
2.17564 -1.90798 0.0507681
2.17786 -1.90699 0.0524315
2.18007 -1.906 0.0540974
2.18228 -1.90501 0.0557608
2.18449 -1.90402 0.0574263
2.18669 -1.90303 0.0590847
2.18889 -1.90204 0.0607385
2.19109 -1.90105 0.062388
2.19329 -1.90006 0.0640352
2.19549 -1.89908 0.0656792
2.19767 -1.8981 0.0673226
2.19985 -1.89713 0.0689635
2.20203 -1.89616 0.0706057
2.2042 -1.89519 0.0722462
2.20637 -1.89422 0.073885
2.20854 -1.89325 0.0755224
2.21071 -1.89229 0.0771639
2.21287 -1.89133 0.0788093
2.21503 -1.89038 0.0804529
2.21718 -1.88942 0.0820988
2.21933 -1.88847 0.0837432
2.22147 -1.88751 0.0853835
2.22361 -1.88655 0.0870243
2.22575 -1.8856 0.0886589
2.22789 -1.88465 0.0902935
2.23003 -1.8837 0.0919269
2.23216 -1.88276 0.0935633
2.23429 -1.88182 0.0952003
2.23642 -1.88088 0.0968395
2.23854 -1.87995 0.0984727
2.24065 -1.87902 0.100108
2.24276 -1.87811 0.101743
2.24487 -1.87719 0.103373
2.24697 -1.87628 0.105
2.24907 -1.87537 0.106627
2.25116 -1.87446 0.108253
2.25326 -1.87355 0.109873
2.25535 -1.87264 0.111495
2.25744 -1.87174 0.113115
2.25953 -1.87083 0.114735
2.26161 -1.86993 0.11635
2.26369 -1.86902 0.117962
2.26577 -1.86813 0.119569
2.26785 -1.86724 0.121173
2.26992 -1.86635 0.122774
2.27199 -1.86548 0.124374
2.27405 -1.8646 0.125976
2.2761 -1.86372 0.127577
2.27815 -1.86284 0.129172
2.28019 -1.86197 0.13077
2.28223 -1.8611 0.132369
2.28427 -1.86023 0.133966
2.2863 -1.85937 0.135561
2.28833 -1.85851 0.137152
2.29035 -1.85764 0.138738
2.29237 -1.85678 0.140329
2.29438 -1.85592 0.141914
2.2964 -1.85506 0.143502
2.29841 -1.8542 0.145087
2.30041 -1.85335 0.146668
2.30242 -1.85251 0.148253
2.30442 -1.85166 0.149839
2.30643 -1.85081 0.151427
2.30843 -1.84996 0.153007
2.31043 -1.84912 0.154585
2.31242 -1.84829 0.156159
2.31441 -1.84746 0.157733
2.3164 -1.84663 0.159306
2.31838 -1.84581 0.160873
2.32037 -1.84499 0.162439
2.32235 -1.84417 0.164003
2.32433 -1.84335 0.165564
2.3263 -1.84253 0.167124
2.32826 -1.84172 0.168682
2.33023 -1.8409 0.170238
2.3322 -1.84008 0.171792
2.33416 -1.83926 0.17335
2.33613 -1.83845 0.174909
2.33808 -1.83763 0.176469
2.34004 -1.83681 0.178035
2.34199 -1.836 0.179605
2.34394 -1.83518 0.181178
2.34589 -1.83436 0.18275
2.34783 -1.83355 0.184319
2.34977 -1.83273 0.185885
2.35171 -1.83191 0.187449
2.35365 -1.83109 0.189013
2.35559 -1.83028 0.190578
2.35751 -1.82948 0.192148
2.35944 -1.82867 0.193716
2.36135 -1.82787 0.195284
2.36327 -1.82708 0.196849
2.36518 -1.82628 0.198417
2.3671 -1.82549 0.199986
2.36902 -1.8247 0.201548
2.37093 -1.82391 0.203115
2.37285 -1.82312 0.204683
2.37476 -1.82233 0.206251
2.37667 -1.82154 0.207819
2.37857 -1.82075 0.209384
2.38046 -1.81996 0.210953
2.38235 -1.81917 0.212519
2.38424 -1.81838 0.214082
2.38613 -1.81759 0.21565
2.38802 -1.8168 0.217212
2.38991 -1.81602 0.218771
2.39181 -1.81524 0.220336
2.39369 -1.81446 0.221904
2.39558 -1.81368 0.22347
2.39747 -1.8129 0.225039
2.39936 -1.81212 0.226611
2.40124 -1.81134 0.228185
2.40312 -1.81056 0.22976
2.40501 -1.80977 0.231341
2.40689 -1.80899 0.232926
2.40877 -1.80821 0.234511
2.41065 -1.80743 0.236097
2.41252 -1.80665 0.237679
2.4144 -1.80587 0.239262
2.41628 -1.80509 0.240842
2.41815 -1.80431 0.24243
2.42003 -1.80352 0.244022
2.4219 -1.80273 0.245619
2.42378 -1.80194 0.247218
2.42566 -1.80115 0.248818
2.42754 -1.80035 0.250412
2.42941 -1.79955 0.252005
2.4313 -1.79876 0.253604
2.43317 -1.79796 0.255206
2.43505 -1.79716 0.256815
2.43693 -1.79636 0.258422
2.4388 -1.79557 0.260035
2.44067 -1.79477 0.261648
2.44253 -1.79398 0.26326
2.4444 -1.79318 0.264876
2.44627 -1.79238 0.266497
2.44813 -1.79158 0.26812
2.44999 -1.79078 0.26974
2.45185 -1.78997 0.271362
2.45371 -1.78916 0.272986
2.45557 -1.78836 0.274615
2.45743 -1.78754 0.276245
2.45929 -1.78673 0.277877
2.46115 -1.78592 0.279514
2.46302 -1.78511 0.281152
2.46488 -1.7843 0.282793
2.46674 -1.78348 0.284439
2.46861 -1.78267 0.286087
2.47048 -1.78185 0.287736
2.47235 -1.78104 0.289388
2.47423 -1.78022 0.291035
2.4761 -1.7794 0.292683
2.47797 -1.77857 0.294334
2.47984 -1.77775 0.295985
2.48171 -1.77693 0.297632
2.48358 -1.77611 0.299279
2.48544 -1.77529 0.300932
2.48731 -1.77447 0.302583
2.48918 -1.77364 0.304243
2.49105 -1.77282 0.305904
2.49292 -1.772 0.307565
2.49479 -1.77117 0.309225
2.49666 -1.77034 0.310885
2.49853 -1.76951 0.312548
2.50039 -1.76868 0.314212
2.50225 -1.76784 0.315885
2.50412 -1.76701 0.317561
2.50599 -1.76617 0.319247
2.50786 -1.76533 0.320936
2.50973 -1.7645 0.322626
2.5116 -1.76366 0.324316
2.51348 -1.76282 0.326006
2.51536 -1.76198 0.327706
2.51723 -1.76113 0.32941
2.51912 -1.76029 0.331121
2.52099 -1.75943 0.332835
2.52288 -1.75858 0.334553
2.52476 -1.75774 0.336273
2.52664 -1.75689 0.337996
2.52851 -1.75604 0.33972
2.53039 -1.75519 0.341448
2.53226 -1.75434 0.343183
2.53414 -1.75349 0.34492
2.53602 -1.75263 0.346659
2.5379 -1.75177 0.348397
2.53978 -1.75091 0.350142
2.54166 -1.75004 0.35189
2.54354 -1.74917 0.353642
2.54542 -1.7483 0.355395
2.5473 -1.74743 0.357155
2.54919 -1.74655 0.358913
2.55108 -1.74568 0.360674
2.55296 -1.7448 0.362439
2.55484 -1.74393 0.364201
2.55672 -1.74306 0.365971
2.5586 -1.74219 0.367745
2.56048 -1.74132 0.369515
2.56236 -1.74045 0.37129
2.56424 -1.73959 0.373066
2.56612 -1.73871 0.374839
2.56799 -1.73783 0.376611
2.56987 -1.73694 0.378384
2.57174 -1.73606 0.380165
2.57362 -1.73518 0.381947
2.5755 -1.7343 0.383738
2.57737 -1.73342 0.385535
2.57924 -1.73254 0.387336
2.58112 -1.73165 0.389138
2.58299 -1.73076 0.390939
2.58487 -1.72987 0.392749
2.58674 -1.72897 0.394567
2.58862 -1.72807 0.396388
2.5905 -1.72716 0.398212
2.59238 -1.72626 0.400034
2.59426 -1.72536 0.401857
2.59614 -1.72446 0.403682
2.59802 -1.72356 0.40551
2.5999 -1.72265 0.407335
2.60177 -1.72175 0.409161
2.60365 -1.72085 0.410991
2.60552 -1.71994 0.412819
2.60739 -1.71903 0.414654
2.60927 -1.71812 0.416493
2.61114 -1.71721 0.418334
2.61303 -1.7163 0.420174
2.61491 -1.71538 0.422021
2.6168 -1.71447 0.423873
2.61869 -1.71354 0.425725
2.62059 -1.71262 0.427584
2.62248 -1.71169 0.429448
2.62437 -1.71077 0.431322
2.62627 -1.70984 0.433203
2.62816 -1.70891 0.435085
2.63005 -1.70796 0.436969
2.63195 -1.70701 0.438855
2.63385 -1.70607 0.440742
2.63575 -1.70511 0.442633
2.63765 -1.70416 0.444528
2.63956 -1.70321 0.446427
2.64146 -1.70225 0.448327
2.64336 -1.7013 0.450229
2.64527 -1.70035 0.452134
2.64717 -1.6994 0.454046
2.64907 -1.69844 0.455962
2.65098 -1.69749 0.457885
2.65288 -1.69653 0.459809
2.65479 -1.69556 0.461739
2.6567 -1.6946 0.463668
2.65861 -1.69363 0.465601
2.66052 -1.69265 0.46754
2.66244 -1.69168 0.469476
2.66435 -1.69071 0.471416
2.66626 -1.68973 0.473361
2.66817 -1.68875 0.475306
2.67009 -1.68777 0.477262
2.67201 -1.68679 0.479222
2.67393 -1.6858 0.481187
2.67585 -1.68481 0.483155
2.67778 -1.68382 0.48513
2.67972 -1.68282 0.487101
2.68165 -1.68183 0.489075
2.68358 -1.68083 0.491057
2.68551 -1.67984 0.493043
2.68745 -1.67884 0.495035
2.68938 -1.67784 0.497036
2.69131 -1.67684 0.499044
2.69324 -1.67582 0.501055
2.69517 -1.67481 0.50307
2.69711 -1.67379 0.505085
2.69905 -1.67277 0.507097
2.70099 -1.67174 0.50912
2.70293 -1.6707 0.511152
2.70487 -1.66967 0.513186
2.70681 -1.66863 0.515229
2.70875 -1.66759 0.517285
2.7107 -1.66655 0.519345
2.71265 -1.66551 0.521405
2.7146 -1.66446 0.523468
2.71655 -1.6634 0.525532
2.71851 -1.66235 0.527606
2.72047 -1.66129 0.529681
2.72242 -1.66023 0.531766
2.72438 -1.65916 0.533847
2.72635 -1.65809 0.535933
2.72831 -1.65702 0.538024
2.73028 -1.65594 0.54012
2.73225 -1.65486 0.542222
2.73422 -1.65377 0.544331
2.7362 -1.65269 0.546443
2.73818 -1.6516 0.548562
2.74016 -1.65051 0.55068
2.74214 -1.64941 0.552805
2.74411 -1.64831 0.554927
2.7461 -1.64722 0.557063
2.74808 -1.64611 0.559208
2.75007 -1.64501 0.561355
2.75205 -1.6439 0.563503
2.75405 -1.64279 0.565663
2.75603 -1.64168 0.56782
2.75803 -1.64057 0.569981
2.76002 -1.63945 0.572148
2.76201 -1.63835 0.574312
2.76399 -1.63723 0.57648
2.76597 -1.63612 0.578647
2.76795 -1.63501 0.580813
2.76992 -1.63389 0.582979
2.7719 -1.63278 0.585144
2.77388 -1.63166 0.587307
2.77585 -1.63055 0.589467
2.77783 -1.62944 0.591628
2.77981 -1.62832 0.593789
2.78179 -1.6272 0.59596
2.78378 -1.62609 0.598137
2.78577 -1.62498 0.600317
2.78775 -1.62385 0.602501
2.78973 -1.62273 0.604693
2.79172 -1.62161 0.606886
2.7937 -1.62048 0.609089
2.79568 -1.61936 0.611298
2.79766 -1.61823 0.613511
2.79964 -1.61711 0.615722
2.80163 -1.61598 0.617935
2.8036 -1.61485 0.620148
2.80558 -1.61371 0.622372
2.80755 -1.61257 0.624601
2.80953 -1.61144 0.626832
2.81151 -1.6103 0.629061
2.81349 -1.60916 0.631299
2.81548 -1.60802 0.633542
2.81746 -1.60688 0.635792
2.81945 -1.60573 0.638042
2.82143 -1.60459 0.640293
2.82341 -1.60343 0.642544
2.82539 -1.60228 0.6448
2.82738 -1.60113 0.647056
2.82936 -1.59998 0.649308
2.83135 -1.59882 0.651566
2.83333 -1.59767 0.653829
2.83532 -1.5965 0.656101
2.83731 -1.59534 0.658382
2.8393 -1.59418 0.660667
2.84129 -1.59301 0.662954
2.84328 -1.59184 0.665245
2.84527 -1.59068 0.667535
2.84726 -1.58951 0.669827
2.84926 -1.58835 0.672124
2.85126 -1.58718 0.674428
2.85325 -1.58601 0.676733
2.85524 -1.58484 0.679037
2.85723 -1.58366 0.681345
2.85922 -1.58249 0.683652
2.86121 -1.58131 0.685967
2.86319 -1.58014 0.688281
2.86518 -1.57896 0.690605
2.86717 -1.57778 0.692928
2.86916 -1.57661 0.69525
2.87116 -1.57543 0.69758
2.87315 -1.57426 0.699909
2.87514 -1.57309 0.702236
2.87713 -1.57191 0.704563
2.87912 -1.57074 0.706881
2.88111 -1.56956 0.7092
2.8831 -1.56838 0.71153
2.88508 -1.5672 0.713856
2.88707 -1.56602 0.71618
2.88905 -1.56483 0.718511
2.89103 -1.56365 0.720842
2.89302 -1.56246 0.723183
2.89501 -1.56128 0.725531
2.89699 -1.5601 0.72788
2.89897 -1.55892 0.730229
2.90095 -1.55773 0.732584
2.90293 -1.55654 0.734935
2.90491 -1.55535 0.737279
2.90689 -1.55416 0.739635
2.90887 -1.55298 0.741989
2.91084 -1.55179 0.744338
2.91281 -1.5506 0.746688
2.91477 -1.54942 0.749042
2.91674 -1.54824 0.751398
2.9187 -1.54706 0.753759
2.92066 -1.54588 0.756129
2.92263 -1.5447 0.758498
2.92459 -1.54352 0.760869
2.92654 -1.54234 0.763236
2.9285 -1.54115 0.765603
2.93046 -1.53997 0.767975
2.93242 -1.53879 0.770352
2.93437 -1.5376 0.772733
2.93632 -1.53641 0.775112
2.93827 -1.53522 0.777503
2.94021 -1.53403 0.77989
2.94216 -1.53285 0.782267
2.9441 -1.53166 0.784643
2.94604 -1.53048 0.787028
2.94798 -1.5293 0.789416
2.94991 -1.52812 0.791797
2.95184 -1.52693 0.794179
2.95377 -1.52576 0.796558
2.9557 -1.52458 0.79894
2.95763 -1.52341 0.801321
2.95956 -1.52223 0.803699
2.96148 -1.52105 0.806081
2.9634 -1.51988 0.808463
2.96532 -1.5187 0.810848
2.96724 -1.51752 0.813232
2.96916 -1.51636 0.815619
2.97107 -1.51519 0.818002
2.97297 -1.51403 0.820389
2.97488 -1.51287 0.82278
2.97679 -1.51172 0.825169
2.97869 -1.51057 0.827561
2.98059 -1.50942 0.829954
2.98248 -1.50827 0.832341
2.98438 -1.50712 0.834728
2.98627 -1.50597 0.83712
2.98815 -1.50483 0.839512
2.99003 -1.50368 0.841895
2.9919 -1.50254 0.844271
2.99377 -1.5014 0.846647
2.99564 -1.50026 0.849028
2.99751 -1.49912 0.851406
2.99937 -1.49799 0.853782
3.00123 -1.49686 0.856148
3.00309 -1.49574 0.85852
3.00495 -1.49462 0.860894
3.0068 -1.4935 0.863272
3.00865 -1.49238 0.865652
3.0105 -1.49126 0.868034
3.01234 -1.49015 0.870414
3.01418 -1.48903 0.872791
3.01602 -1.48792 0.875158
3.01784 -1.48682 0.877525
3.01967 -1.48571 0.879896
3.02149 -1.48461 0.882276
3.0233 -1.48351 0.884662
3.02511 -1.48242 0.887041
3.02691 -1.48132 0.88942
3.02871 -1.48023 0.891803
3.0305 -1.47914 0.89418
3.0323 -1.47805 0.896545
3.03409 -1.47696 0.898899
3.03587 -1.47589 0.901255
3.03766 -1.47481 0.903618
3.03945 -1.47373 0.905975
3.04123 -1.47267 0.908336
3.04301 -1.4716 0.910691
3.04478 -1.47054 0.913043
3.04655 -1.46948 0.915391
3.04832 -1.46843 0.917742
3.05008 -1.46737 0.920096
3.05184 -1.46632 0.922448
3.0536 -1.46528 0.924793
3.05534 -1.46423 0.927137
3.05709 -1.46318 0.929477
3.05883 -1.46214 0.931813
3.06057 -1.46109 0.93414
3.06231 -1.46006 0.936462
3.06404 -1.45902 0.938786
3.06577 -1.45798 0.941119
3.06749 -1.45695 0.943455
3.06921 -1.45591 0.945783
3.07092 -1.45488 0.948106
3.07262 -1.45385 0.950429
3.07432 -1.45283 0.952749
3.07602 -1.45181 0.955067
3.07772 -1.45079 0.957383
3.0794 -1.44978 0.959702
3.08108 -1.44877 0.962015
3.08276 -1.44776 0.964327
3.08443 -1.44676 0.96663
3.0861 -1.44576 0.968934
3.08776 -1.44476 0.971231
3.08942 -1.44377 0.97353
3.09107 -1.44279 0.975826
3.09272 -1.44181 0.978131
3.09436 -1.44085 0.980438
3.096 -1.43988 0.98274
3.09764 -1.43892 0.985043
3.09927 -1.43796 0.987349
3.10089 -1.43701 0.989653
3.10251 -1.43606 0.991943
3.10412 -1.43511 0.994227
3.10573 -1.43416 0.996513
3.10733 -1.43323 0.998798
3.10892 -1.4323 1.00108
3.11051 -1.43137 1.00336
3.1121 -1.43046 1.00563
3.11368 -1.42954 1.0079
3.11525 -1.42862 1.01017
3.11682 -1.42771 1.01244
3.11839 -1.4268 1.0147
3.11995 -1.42589 1.01695
3.12151 -1.425 1.0192
3.12306 -1.4241 1.02143
3.1246 -1.42321 1.02367
3.12614 -1.42233 1.02591
3.12768 -1.42145 1.02815
2.50089 -1.42057 1.03039
1.9369 -1.41972 1.03259
1.42939 -1.41894 1.03474
0.972689 -1.41824 1.03679
0.561698 -1.41763 1.03875
0.191827 -1.41713 1.04061
-0.141045 -1.41672 1.04238
-0.440624 -1.41641 1.04406
-0.710239 -1.41619 1.04565
-0.952888 -1.41605 1.04716
-1.17127 -1.41599 1.04859
-1.36782 -1.416 1.04997
-1.54471 -1.41607 1.05128
-1.70392 -1.41621 1.05253
-1.8472 -1.41639 1.05374
-1.97614 -1.41661 1.05491
-2.09217 -1.41685 1.05605
-2.19657 -1.4171 1.05717
-2.29049 -1.41735 1.05829
-2.37496 -1.41758 1.05945
-2.45091 -1.41778 1.06063
-2.51916 -1.41792 1.06186
-2.58045 -1.41799 1.06317
-2.63547 -1.41795 1.06458
-2.6848 -1.41781 1.06609
-2.72899 -1.41755 1.06774
-2.76855 -1.41717 1.06952
-2.80392 -1.41665 1.07141
-2.8355 -1.41601 1.07343
-2.86367 -1.41524 1.07559
-2.88876 -1.41436 1.07786
-2.91106 -1.41335 1.08024
-2.93085 -1.41223 1.08274
-2.94839 -1.41101 1.08534
-2.96389 -1.4097 1.08806
-2.97755 -1.4083 1.09086
-2.98956 -1.40681 1.09374
-3.00009 -1.40525 1.09669
-3.00927 -1.40363 1.09972
-3.01725 -1.40194 1.10282
-3.02414 -1.40019 1.10597
-3.03006 -1.39839 1.10919
-3.0351 -1.39654 1.11244
-3.03934 -1.39465 1.11574
-3.04287 -1.39273 1.11907
-3.04575 -1.39076 1.12243
-3.04806 -1.38876 1.12583
-3.04985 -1.38673 1.12926
-3.05118 -1.38467 1.1327
-3.05208 -1.3826 1.13618
-3.05261 -1.38049 1.13968
-3.0528 -1.37837 1.14319
-3.05268 -1.37623 1.14673
-3.05228 -1.37408 1.1503
-3.05165 -1.37192 1.15387
-3.05078 -1.36975 1.15745
-3.04972 -1.36758 1.16104
-3.04848 -1.3654 1.16465
-3.04708 -1.36321 1.16826
-3.04554 -1.36102 1.17188
-3.04386 -1.35882 1.1755
-3.04207 -1.35661 1.17913
-3.04018 -1.35441 1.18276
-3.03819 -1.3522 1.1864
-3.03613 -1.34999 1.19005
-3.03399 -1.34779 1.1937
-3.0318 -1.34558 1.19735
-3.02954 -1.34337 1.20099
-3.02723 -1.34116 1.20465
-3.02487 -1.33895 1.2083
-3.02248 -1.33675 1.21195
-3.02005 -1.33455 1.2156
-3.01759 -1.33235 1.21925
-3.0151 -1.33016 1.22288
-3.01259 -1.32796 1.2265
-3.01006 -1.32577 1.23014
-3.00751 -1.32358 1.23376
-3.00495 -1.3214 1.23738
-3.00237 -1.31922 1.241
-2.99979 -1.31705 1.24462
-2.99719 -1.31488 1.24823
-2.99459 -1.31271 1.25183
-2.99198 -1.31056 1.25544
-2.98936 -1.3084 1.25903
-2.98674 -1.30626 1.26261
-2.98411 -1.30412 1.26619
-2.98149 -1.30198 1.26976
-2.97887 -1.29985 1.27332
-2.97624 -1.29772 1.27689
-2.97362 -1.2956 1.28047
-2.97099 -1.29348 1.28404
-2.96837 -1.29137 1.28761
-2.96575 -1.28926 1.29117
-2.96313 -1.28715 1.29473
-2.96051 -1.28505 1.29829
-2.95789 -1.28295 1.30186
-2.95528 -1.28086 1.30542
-2.95267 -1.27878 1.30898
-2.95007 -1.2767 1.31255
-2.94747 -1.27463 1.3161
-2.94488 -1.27256 1.31966
-2.94229 -1.27049 1.32321
-2.93971 -1.26843 1.32676
-2.93713 -1.26637 1.3303
-2.93456 -1.26433 1.33384
-2.93199 -1.26229 1.33736
-2.92943 -1.26025 1.34089
-2.92687 -1.25823 1.34441
-2.92432 -1.2562 1.34792
-2.92177 -1.25418 1.35142
-2.91923 -1.25216 1.35493
-2.91669 -1.25014 1.35842
-2.91416 -1.24812 1.36192
-2.91164 -1.24611 1.36541
-2.90911 -1.24409 1.3689
-2.90659 -1.24209 1.37238
-2.90408 -1.24009 1.37587
-2.90157 -1.2381 1.37936
-2.89907 -1.2361 1.38286
-2.89657 -1.23411 1.38634
-2.89408 -1.23213 1.38983
-2.8916 -1.23015 1.3933
-2.88912 -1.22817 1.39677
-2.88664 -1.2262 1.40024
-2.88418 -1.22423 1.4037
-2.88172 -1.22227 1.40715
-2.87927 -1.22031 1.41061
-2.87682 -1.21835 1.41405
-2.87438 -1.2164 1.41749
-2.87194 -1.21446 1.42091
-2.86951 -1.21251 1.42433
-2.86708 -1.21058 1.42775
-2.86466 -1.20865 1.43116
-2.86224 -1.20672 1.43456
-2.85983 -1.20479 1.43796
-2.85743 -1.20287 1.44136
-2.85503 -1.20095 1.44475
-2.85264 -1.19905 1.44813
-2.85026 -1.19714 1.45152
-2.84788 -1.19525 1.45489
-2.84552 -1.19336 1.45826
-2.84316 -1.19147 1.46161
-2.8408 -1.18959 1.46497
-2.83846 -1.18771 1.46831
-2.83612 -1.18584 1.47165
-2.83379 -1.18397 1.475
-2.83146 -1.1821 1.47833
-2.82914 -1.18025 1.48166
-2.82683 -1.17839 1.48499
-2.82452 -1.17654 1.4883
-2.82222 -1.1747 1.49161
-2.81993 -1.17286 1.49492
-2.81764 -1.17103 1.49823
-2.81535 -1.1692 1.50153
-2.81308 -1.16738 1.50482
-2.8108 -1.16556 1.5081
-2.80854 -1.16375 1.51138
-2.80628 -1.16195 1.51466
-2.80403 -1.16015 1.51793
-2.80179 -1.15836 1.52121
-2.79956 -1.15658 1.52447
-2.79733 -1.15479 1.52773
-2.79511 -1.15302 1.53098
-2.7929 -1.15126 1.53423
-2.79069 -1.1495 1.53748
-2.7885 -1.14774 1.54073
-2.7863 -1.14599 1.54398
-2.78411 -1.14424 1.54722
-2.78193 -1.1425 1.55044
-2.77975 -1.14077 1.55366
-2.77758 -1.13903 1.55688
-2.77542 -1.1373 1.56009
-2.77326 -1.13558 1.5633
-2.77111 -1.13386 1.56651
-2.76897 -1.13215 1.56972
-2.76683 -1.13045 1.57292
-2.7647 -1.12875 1.57613
-2.76258 -1.12706 1.57932
-2.76046 -1.12537 1.58252
-2.75835 -1.12369 1.5857
-2.75624 -1.12201 1.58888
-2.75414 -1.12033 1.59205
-2.75205 -1.11866 1.59522
-2.74997 -1.11699 1.59839
-2.74789 -1.11533 1.60154
-2.74582 -1.11368 1.6047
-2.74375 -1.11204 1.60784
-2.74169 -1.1104 1.61097
-2.73965 -1.10877 1.61409
-2.7376 -1.10715 1.6172
-2.73556 -1.10553 1.62031
-2.73353 -1.10391 1.62341
-2.7315 -1.1023 1.62649
-2.72949 -1.10069 1.62956
-2.72747 -1.09908 1.63262
-2.72547 -1.09748 1.63567
-2.72347 -1.09588 1.63871
-2.72148 -1.09429 1.64176
-2.7195 -1.09271 1.6448
-2.71752 -1.09115 1.64784
-2.71556 -1.08958 1.65087
-2.7136 -1.08802 1.65389
-2.71165 -1.08646 1.65691
-2.70971 -1.08491 1.65991
-2.70778 -1.08337 1.66289
-2.70586 -1.08183 1.66586
-2.70394 -1.08031 1.66883
-2.70204 -1.07879 1.6718
-2.70015 -1.07729 1.67477
-2.69826 -1.07579 1.67773
-2.69638 -1.0743 1.6807
-2.69452 -1.07282 1.68366
-2.69266 -1.07136 1.68661
-2.6908 -1.06989 1.68955
-2.68896 -1.06843 1.69247
-2.68712 -1.06697 1.69538
-2.6853 -1.06553 1.69828
-2.68348 -1.0641 1.70118
-2.68167 -1.06268 1.70407
-2.67987 -1.06126 1.70695
-2.67808 -1.05985 1.70982
-2.6763 -1.05844 1.71269
-2.67452 -1.05705 1.71555
-2.67275 -1.05566 1.71839
-2.67099 -1.05427 1.72123
-2.66924 -1.05289 1.72406
-2.66749 -1.05151 1.72688
-2.66575 -1.05014 1.72968
-2.66401 -1.04878 1.73249
-2.66228 -1.04742 1.73529
-2.66057 -1.04608 1.73808
-2.65886 -1.04474 1.74088
-2.65715 -1.04341 1.74366
-2.65546 -1.04208 1.74644
-2.65377 -1.04076 1.74921
-2.65209 -1.03945 1.75198
-2.65042 -1.03815 1.75473
-2.64876 -1.03685 1.75747
-2.6471 -1.03555 1.76021
-2.64544 -1.03427 1.76293
-2.64379 -1.03298 1.76564
-2.64215 -1.0317 1.76836
-2.64051 -1.03043 1.77106
-2.63889 -1.02916 1.77376
-2.63727 -1.02789 1.77645
-2.63566 -1.02663 1.77914
-2.63405 -1.02538 1.78182
-2.63245 -1.02414 1.78449
-2.63086 -1.0229 1.78716
-2.62927 -1.02167 1.78982
-2.62769 -1.02045 1.79248
-2.62611 -1.01923 1.79512
-2.62455 -1.01802 1.79776
-2.62299 -1.01681 1.8004
-2.62144 -1.01562 1.80303
-2.6199 -1.01443 1.80565
-2.61837 -1.01325 1.80827
-2.61685 -1.01208 1.81087
-2.61534 -1.01091 1.81346
-2.61384 -1.00975 1.81605
-2.61234 -1.0086 1.81862
-2.61086 -1.00744 1.82119
-2.60938 -1.00631 1.82374
-2.60791 -1.00517 1.82629
-2.60645 -1.00405 1.82882
-2.60499 -1.00293 1.83136
-2.60354 -1.00183 1.83389
-2.6021 -1.00073 1.83643
-2.60066 -0.999632 1.83894
-2.59923 -0.998537 1.84145
-2.5978 -0.997449 1.84396
-2.59638 -0.996368 1.84646
-2.59496 -0.995289 1.84895
-2.59355 -0.994214 1.85142
-2.59214 -0.99314 1.8539
-2.59074 -0.992074 1.85637
-2.58934 -0.991017 1.85884
-2.58795 -0.989966 1.86131
-2.58656 -0.988924 1.86378
-2.58518 -0.98788 1.86625
-2.58381 -0.986844 1.86871
-2.58244 -0.985811 1.87117
-2.58108 -0.984778 1.87362
-2.57972 -0.983752 1.87606
-2.57837 -0.982737 1.87849
-2.57702 -0.981727 1.88091
-2.57567 -0.980719 1.88331
-2.57433 -0.979711 1.88572
-2.573 -0.978704 1.88812
-2.57167 -0.977695 1.89052
-2.57035 -0.97669 1.89291
-2.56903 -0.975695 1.89529
-2.56772 -0.974706 1.89766
-2.56641 -0.973722 1.90003
-2.56511 -0.972739 1.90238
-2.56381 -0.971762 1.90472
-2.56252 -0.970791 1.90707
-2.56123 -0.96982 1.90942
-2.55994 -0.968849 1.91176
-2.55866 -0.967887 1.9141
-2.55739 -0.966933 1.91642
-2.55612 -0.965985 1.91874
-2.55486 -0.96504 1.92105
-2.5536 -0.964103 1.92337
-2.55235 -0.963165 1.92569
-2.5511 -0.962228 1.92799
-2.54985 -0.961294 1.93029
-2.5486 -0.96036 1.9326
-2.54736 -0.959427 1.9349
-2.54612 -0.958504 1.93719
-2.54489 -0.957591 1.93948
-2.54366 -0.956684 1.94176
-2.54243 -0.955782 1.94403
-2.54121 -0.954888 1.94631
-2.53999 -0.953996 1.94858
-2.53878 -0.953107 1.95085
-2.53757 -0.952223 1.9531
-2.53636 -0.951336 1.95535
-2.53517 -0.950455 1.95759
-2.53397 -0.94958 1.95984
-2.53279 -0.948701 1.96207
-2.5316 -0.94782 1.9643
-2.53042 -0.946942 1.96653
-2.52924 -0.946067 1.96875
-2.52807 -0.945198 1.97096
-2.5269 -0.944335 1.97316
-2.52573 -0.943475 1.97537
-2.52457 -0.942618 1.97758
-2.52341 -0.941761 1.97978
-2.52225 -0.940912 1.98198
-2.5211 -0.940063 1.98417
-2.51996 -0.939218 1.98637
-2.51881 -0.938381 1.98856
-2.51767 -0.937541 1.99076
-2.51654 -0.936699 1.99295
-2.51541 -0.935856 1.99513
-2.51428 -0.935012 1.99731
-2.51315 -0.934175 1.99948
-2.51203 -0.933345 2.00165
-2.51091 -0.932515 2.00381
-2.50979 -0.931693 2.00598
-2.50868 -0.930875 2.00814
-2.50756 -0.930061 2.01029
-2.50645 -0.929247 2.01245
-2.50534 -0.928436 2.01461
-2.50423 -0.927624 2.01677
-2.50313 -0.926815 2.01892
-2.50203 -0.926009 2.02107
-2.50093 -0.925203 2.02322
-2.49983 -0.924398 2.02536
-2.49873 -0.92359 2.0275
-2.49764 -0.922788 2.02963
-2.49655 -0.921986 2.03175
-2.49545 -0.92118 2.03386
-2.49436 -0.92038 2.03598
-2.49327 -0.919584 2.03809
-2.49219 -0.918789 2.0402
-2.49111 -0.917999 2.0423
-2.49002 -0.917211 2.0444
-2.48894 -0.916419 2.04649
-2.48787 -0.915636 2.04859
-2.48679 -0.914857 2.05068
-2.48572 -0.914084 2.05278
-2.48466 -0.91332 2.05487
-2.48359 -0.912556 2.05696
-2.48252 -0.911794 2.05905
-2.48146 -0.911027 2.06113
-2.48041 -0.910262 2.0632
-2.47936 -0.909503 2.06526
-2.47831 -0.90874 2.06732
-2.47726 -0.907982 2.06938
-2.47622 -0.907229 2.07144
-2.47518 -0.906476 2.07349
-2.47414 -0.905723 2.07554
-2.4731 -0.90497 2.07758
-2.47207 -0.904221 2.07962
-2.47104 -0.903472 2.08166
-2.47001 -0.902728 2.08369
-2.46898 -0.901992 2.08573
-2.46796 -0.901251 2.08777
-2.46694 -0.900515 2.08981
-2.46592 -0.899776 2.09183
-2.4649 -0.899034 2.09385
-2.46389 -0.898295 2.09587
-2.46287 -0.89756 2.09789
-2.46186 -0.89683 2.09991
-2.46085 -0.896106 2.10193
-2.45984 -0.895377 2.10394
-2.45882 -0.894654 2.10595
-2.45782 -0.893927 2.10794
-2.45681 -0.89321 2.10994
-2.4558 -0.892496 2.11194
-2.45479 -0.891781 2.11395
-2.45379 -0.891061 2.11595
-2.45278 -0.890351 2.11795
-2.45178 -0.889647 2.11994
-2.45078 -0.888945 2.12193
-2.44979 -0.888245 2.12391
-2.44879 -0.887542 2.1259
-2.44779 -0.886837 2.12789
-2.4468 -0.886127 2.12987
-2.44581 -0.885413 2.13186
-2.44481 -0.884706 2.13384
-2.44382 -0.883997 2.13583
-2.44284 -0.883284 2.13781
-2.44185 -0.882575 2.13979
-2.44087 -0.881863 2.14176
-2.43988 -0.881149 2.14372
-2.4389 -0.88044 2.14568
-2.43793 -0.879732 2.14764
-2.43695 -0.879031 2.14959
-2.43597 -0.878331 2.15155
-2.43499 -0.87763 2.1535
-2.43401 -0.876921 2.15547
-2.43303 -0.87622 2.15742
-2.43206 -0.875523 2.15938
-2.43108 -0.874827 2.16133
-2.43011 -0.874132 2.16328
-2.42914 -0.87343 2.16522
-2.42817 -0.872724 2.16715
-2.42719 -0.872028 2.16908
-2.42622 -0.87133 2.17102
-2.42525 -0.870629 2.17295
-2.42428 -0.869922 2.17489
-2.42332 -0.869212 2.17682
-2.42235 -0.86851 2.17876
-2.42138 -0.867815 2.18069
-2.42041 -0.867126 2.18262
-2.41943 -0.866437 2.18455
-2.41846 -0.865739 2.18649
-2.41749 -0.865038 2.18842
-2.41652 -0.864334 2.19035
-2.41555 -0.863633 2.19228
-2.41458 -0.862937 2.1942
-2.41361 -0.86224 2.19612
-2.41264 -0.861536 2.19805
-2.41168 -0.860832 2.19997
-2.41071 -0.860127 2.20189
-2.40974 -0.859426 2.20382
-2.40877 -0.858721 2.20576
-2.4078 -0.858017 2.20768
-2.40683 -0.857314 2.2096
-2.40586 -0.856613 2.21152
-2.4049 -0.855914 2.21343
-2.40394 -0.855214 2.21535
-2.40298 -0.854516 2.21726
-2.40202 -0.853821 2.21917
-2.40106 -0.853121 2.22108
-2.4001 -0.852417 2.22299
-2.39913 -0.851716 2.22489
-2.39817 -0.851019 2.2268
-2.39721 -0.850316 2.22871
-2.39625 -0.849611 2.23062
-2.39528 -0.848908 2.23252
-2.39432 -0.848201 2.23443
-2.39336 -0.847499 2.23634
-2.3924 -0.846799 2.23824
-2.39144 -0.846099 2.24014
-2.39048 -0.845394 2.24205
-2.38953 -0.844693 2.24395
-2.38857 -0.843994 2.24585
-2.38762 -0.843303 2.24774
-2.38666 -0.842616 2.24963
-2.38571 -0.841932 2.25152
-2.38476 -0.841251 2.25341
-2.38381 -0.840572 2.2553
-2.38286 -0.839884 2.25718
-2.38191 -0.839191 2.25907
-2.38096 -0.838499 2.26095
-2.38001 -0.837801 2.26284
-2.37906 -0.837099 2.26472
-2.3781 -0.836396 2.2666
-2.37715 -0.835687 2.26847
-2.3762 -0.834991 2.27034
-2.37525 -0.834292 2.27221
-2.3743 -0.833602 2.27407
-2.37335 -0.832912 2.27593
-2.3724 -0.832222 2.27778
-2.37145 -0.831535 2.27963
-2.3705 -0.830841 2.28148
-2.36955 -0.830146 2.28333
-2.3686 -0.829453 2.28518
-2.36765 -0.82876 2.28702
-2.3667 -0.828072 2.28887
-2.36576 -0.827378 2.29071
-2.36481 -0.826691 2.29255
-2.36387 -0.826013 2.29438
-2.36292 -0.825328 2.29621
-2.36198 -0.824642 2.29804
-2.36104 -0.823959 2.29988
-2.3601 -0.823277 2.30172
-2.35916 -0.822599 2.30356
-2.35822 -0.821915 2.3054
-2.35728 -0.821232 2.30723
-2.35635 -0.820555 2.30907
-2.35542 -0.819882 2.31091
-2.3545 -0.819205 2.31274
-2.35357 -0.818525 2.31455
-2.35265 -0.817852 2.31636
-2.35173 -0.817183 2.31817
-2.35081 -0.816518 2.31997
-2.34989 -0.815863 2.32177
-2.34898 -0.815207 2.32357
-2.34807 -0.814543 2.32538
-2.34716 -0.813874 2.32717
-2.34625 -0.813206 2.32897
-2.34534 -0.812538 2.33077
-2.34443 -0.811878 2.33257
-2.34352 -0.811223 2.33436
-2.34262 -0.81056 2.33616
-2.34171 -0.8099 2.33795
-2.34081 -0.809241 2.33975
-2.3399 -0.808589 2.34153
-2.33899 -0.807941 2.34331
-2.33809 -0.807285 2.34508
-2.33719 -0.806621 2.34685
-2.33629 -0.805957 2.34862
-2.33539 -0.805296 2.35039
-2.33449 -0.804633 2.35216
-2.33359 -0.803967 2.35394
-2.3327 -0.803294 2.35571
-2.3318 -0.802622 2.35748
-2.3309 -0.801957 2.35925
-2.33001 -0.801288 2.36101
-2.32911 -0.800615 2.36276
-2.32822 -0.799953 2.36452
-2.32732 -0.799292 2.36628
-2.32642 -0.798629 2.36803
-2.32551 -0.797975 2.36978
-2.32461 -0.797324 2.37153
-2.32372 -0.796677 2.37328
-2.32282 -0.796029 2.37503
-2.32192 -0.795381 2.37677
-2.32103 -0.794743 2.37851
-2.32014 -0.794101 2.38025
-2.31924 -0.793459 2.38198
-2.31835 -0.792812 2.38372
-2.31745 -0.792162 2.38546
-2.31656 -0.791505 2.38721
-2.31566 -0.790849 2.38896
-2.31477 -0.790203 2.39071
-2.31388 -0.789562 2.39246
-2.31299 -0.788922 2.3942
-2.31209 -0.788272 2.39593
-2.31119 -0.787622 2.39767
-2.3103 -0.786971 2.3994
-2.3094 -0.786319 2.40114
-2.3085 -0.785665 2.40287
-2.3076 -0.785014 2.40461
-2.30671 -0.784362 2.40634
-2.30581 -0.783709 2.40807
-2.30491 -0.783062 2.40981
-2.30401 -0.78242 2.41153
-2.30312 -0.781773 2.41325
-2.30223 -0.781126 2.41497
-2.30134 -0.78047 2.41669
-2.30045 -0.77982 2.41841
-2.29956 -0.779167 2.42013
-2.29867 -0.778516 2.42184
-2.29778 -0.777868 2.42355
-2.29689 -0.77722 2.42525
-2.296 -0.776576 2.42695
-2.2951 -0.775935 2.42864
-2.29421 -0.77529 2.43034
-2.29332 -0.774638 2.43204
-2.29243 -0.773987 2.43374
-2.29154 -0.773332 2.43544
-2.29066 -0.772679 2.43715
-2.28977 -0.772029 2.43885
-2.28888 -0.771379 2.44054
-2.288 -0.770721 2.44224
-2.28712 -0.770063 2.44394
-2.28624 -0.769404 2.44564
-2.28536 -0.768744 2.44734
-2.28448 -0.768082 2.44903
-2.28361 -0.767418 2.45072
-2.28274 -0.766754 2.4524
-2.28186 -0.766091 2.45408
-2.28099 -0.765428 2.45577
-2.28011 -0.764776 2.45745
-2.27924 -0.764135 2.45914
-2.27836 -0.763488 2.46082
-2.27749 -0.762842 2.46249
-2.27661 -0.762198 2.46417
-2.27573 -0.761556 2.46585
-2.27486 -0.760913 2.46753
-2.27398 -0.760276 2.4692
-2.27311 -0.759648 2.47086
-2.27224 -0.759022 2.47252
-2.27136 -0.758396 2.47418
-2.27049 -0.757773 2.47584
-2.26962 -0.757156 2.4775
-2.26875 -0.756535 2.47917
-2.26788 -0.755915 2.48084
-2.26701 -0.755291 2.4825
-2.26614 -0.754664 2.48415
-2.26527 -0.754029 2.48581
-2.2644 -0.75339 2.48747
-2.26353 -0.752754 2.48912
-2.26266 -0.752126 2.49077
-2.26179 -0.751494 2.49241
-2.26092 -0.750865 2.49406
-2.26004 -0.750234 2.49571
-2.25917 -0.749602 2.49736
-2.2583 -0.748969 2.499
-2.25743 -0.748333 2.50063
-2.25656 -0.747687 2.50226
-2.25569 -0.747038 2.50389
-2.25482 -0.746379 2.50554
-2.25394 -0.745719 2.50718
-2.25307 -0.745054 2.50881
-2.2522 -0.744384 2.51044
-2.25133 -0.743715 2.51208
-2.25046 -0.743048 2.51373
-2.24958 -0.742378 2.51537
-2.24871 -0.741715 2.51701
-2.24784 -0.741056 2.51865
-2.24696 -0.740399 2.52028
-2.24609 -0.739755 2.52191
-2.24522 -0.739102 2.52355
-2.24434 -0.738456 2.52518
-2.24347 -0.73781 2.5268
-2.24259 -0.737165 2.52843
-2.24172 -0.736518 2.53005
-2.24084 -0.735869 2.53168
-2.23997 -0.735216 2.53331
-2.2391 -0.73456 2.53494
-2.23823 -0.733907 2.53656
-2.23736 -0.733253 2.53818
-2.23649 -0.732606 2.5398
-2.23562 -0.731957 2.54142
-2.23475 -0.73131 2.54303
-2.23388 -0.730673 2.54464
-2.23302 -0.730042 2.54624
-2.23215 -0.72941 2.54784
-2.23128 -0.728776 2.54944
-2.23042 -0.728138 2.55105
-2.22955 -0.727494 2.55266
-2.22868 -0.726851 2.55427
-2.22781 -0.726213 2.55588
-2.22694 -0.725576 2.55749
-2.22608 -0.724936 2.5591
-2.22521 -0.724286 2.56072
-2.22434 -0.723632 2.56232
-2.22347 -0.722978 2.56392
-2.2226 -0.722322 2.56551
-2.22173 -0.721673 2.56711
-2.22085 -0.721027 2.56871
-2.21998 -0.720383 2.57031
-2.21911 -0.719742 2.5719
-2.21824 -0.719097 2.57348
-2.21737 -0.718447 2.57506
-2.2165 -0.717796 2.57665
-2.21563 -0.717141 2.57824
-2.21476 -0.716488 2.57983
-2.21389 -0.715831 2.58142
-2.21302 -0.715172 2.58301
-2.21215 -0.714511 2.58459
-2.21129 -0.713861 2.58618
-2.21042 -0.713213 2.58777
-2.20955 -0.712565 2.58936
-2.20869 -0.711918 2.59095
-2.20782 -0.711277 2.59252
-2.20695 -0.71064 2.5941
-2.20609 -0.710003 2.59568
-2.20522 -0.709355 2.59725
-2.20436 -0.70871 2.59881
-2.2035 -0.708057 2.60038
-2.20263 -0.707407 2.60195
-2.20177 -0.706758 2.60351
-2.2009 -0.706105 2.60508
-2.20003 -0.705463 2.60665
-2.19916 -0.704818 2.60822
-2.19829 -0.70417 2.60978
-2.19743 -0.703512 2.61134
-2.19656 -0.702856 2.6129
-2.19569 -0.702198 2.61447
-2.19483 -0.701546 2.61604
-2.19396 -0.700898 2.6176
-2.19309 -0.700259 2.61917
-2.19223 -0.699615 2.62074
-2.19137 -0.698977 2.6223
-2.1905 -0.698329 2.62386
-2.18964 -0.697678 2.62542
-2.18878 -0.697022 2.62698
-2.18792 -0.696365 2.62855
-2.18705 -0.695702 2.63011
-2.18619 -0.695037 2.63167
-2.18533 -0.694378 2.63322
-2.18447 -0.693726 2.63477
-2.1836 -0.693071 2.63633
-2.18274 -0.692415 2.63789
-2.18188 -0.691749 2.63944
-2.18102 -0.691083 2.641
-2.18016 -0.690424 2.64254
-2.1793 -0.689769 2.64409
-2.17844 -0.689114 2.64565
-2.17757 -0.68845 2.6472
-2.17671 -0.687792 2.64875
-2.17584 -0.687129 2.65029
-2.17498 -0.686464 2.65184
-2.17411 -0.685802 2.65338
-2.17324 -0.685138 2.65492
-2.17237 -0.684479 2.65646
-2.1715 -0.683816 2.658
-2.17063 -0.683143 2.65954
-2.16976 -0.682465 2.66107
-2.16889 -0.68179 2.66261
-2.16802 -0.681119 2.66414
-2.16716 -0.680458 2.66567
-2.16629 -0.679799 2.6672
-2.16542 -0.679142 2.66872
-2.16455 -0.678488 2.67024
-2.16368 -0.677839 2.67176
-2.16282 -0.6772 2.67328
-2.16195 -0.676556 2.6748
-2.16108 -0.67591 2.67633
-2.16022 -0.675267 2.67785
-2.15935 -0.674624 2.67938
-2.15848 -0.673976 2.6809
-2.15761 -0.673332 2.68242
-2.15675 -0.672679 2.68394
-2.15588 -0.67202 2.68545
-2.15501 -0.671368 2.68696
-2.15415 -0.670705 2.68847
-2.15328 -0.670051 2.68998
-2.15242 -0.669387 2.69149
-2.15155 -0.66871 2.69301
-2.15069 -0.668039 2.69452
-2.14982 -0.667366 2.69603
-2.14895 -0.666689 2.69755
-2.14809 -0.666018 2.69906
-2.14722 -0.665353 2.70057
-2.14635 -0.664686 2.70207
-2.14548 -0.664018 2.70358
-2.14461 -0.663359 2.70508
-2.14374 -0.662689 2.70659
-2.14288 -0.662021 2.70809
-2.14201 -0.661368 2.70959
-2.14115 -0.660713 2.7111
-2.14029 -0.660049 2.7126
-2.13943 -0.659393 2.71409
-2.13857 -0.65874 2.71559
-2.13771 -0.658085 2.71708
-2.13685 -0.657422 2.71856
-2.13598 -0.656757 2.72005
-2.13512 -0.656095 2.72153
-2.13426 -0.655435 2.723
-2.13339 -0.654777 2.72449
-2.13253 -0.654112 2.72597
-2.13167 -0.653443 2.72745
-2.1308 -0.652774 2.72893
-2.12994 -0.652094 2.73041
-2.12907 -0.651413 2.73188
-2.12821 -0.650737 2.73335
-2.12734 -0.650063 2.73483
-2.12648 -0.649396 2.7363
-2.12562 -0.648726 2.73777
-2.12475 -0.64807 2.73925
-2.12389 -0.647403 2.74071
-2.12303 -0.64673 2.74218
-2.12216 -0.646064 2.74364
-2.1213 -0.645406 2.74511
-2.12043 -0.644741 2.74657
-2.11957 -0.644071 2.74803
-2.1187 -0.643399 2.74949
-2.11783 -0.642739 2.75096
-2.11697 -0.64209 2.75242
-2.1161 -0.641444 2.75389
-2.11523 -0.640795 2.75536
-2.11436 -0.640141 2.75683
-2.11349 -0.639474 2.75829
-2.11262 -0.638805 2.75976
-2.11176 -0.638138 2.76123
-2.11089 -0.637467 2.76271
-2.11003 -0.6368 2.76419
-2.10916 -0.636118 2.76566
-2.10829 -0.63543 2.76713
-2.10742 -0.634741 2.7686
-2.10655 -0.634041 2.77008
-2.10569 -0.633339 2.77155
-2.10482 -0.632641 2.77301
-2.10395 -0.631953 2.77448
-2.10308 -0.63127 2.77594
-2.10222 -0.630593 2.77741
-2.10135 -0.62991 2.77887
-2.10048 -0.629217 2.78034
-2.09962 -0.62853 2.7818
-2.09875 -0.627854 2.78326
-2.09788 -0.62718 2.78472
-2.09701 -0.626516 2.78618
-2.09614 -0.625862 2.78764
-2.09527 -0.625212 2.7891
-2.09441 -0.62455 2.79055
-2.09353 -0.623883 2.79201
-2.09266 -0.623223 2.79346
-2.09179 -0.622567 2.79491
-2.09092 -0.62191 2.79636
-2.09005 -0.62125 2.79781
-2.08918 -0.620592 2.79925
-2.0883 -0.619932 2.8007
-2.08743 -0.619259 2.80215
-2.08656 -0.618582 2.8036
-2.08569 -0.617898 2.80506
-2.08481 -0.617206 2.80651
-2.08394 -0.61651 2.80796
-2.08306 -0.615815 2.8094
-2.08219 -0.61511 2.81084
-2.08131 -0.614398 2.81228
-2.08043 -0.613687 2.81373
-2.07956 -0.612982 2.81518
-2.07868 -0.612282 2.81662
-2.0778 -0.611589 2.81807
-2.07692 -0.610893 2.81951
-2.07604 -0.610199 2.82095
-2.07516 -0.609508 2.82239
-2.07428 -0.60882 2.82384
-2.0734 -0.608136 2.82528
-2.07252 -0.607446 2.82672
-2.07164 -0.606746 2.82816
-2.07076 -0.606053 2.8296
-2.06988 -0.605355 2.83103
-2.069 -0.604661 2.83247
-2.06812 -0.603967 2.8339
-2.06724 -0.603264 2.83534
-2.06635 -0.602558 2.83677
-2.06547 -0.601857 2.83821
-2.06459 -0.601159 2.83964
-2.06371 -0.600452 2.84108
-2.06282 -0.599751 2.84252
-2.06194 -0.599052 2.84396
-2.06105 -0.598349 2.84539
-2.06017 -0.597651 2.84682
-2.05929 -0.596949 2.84825
-2.0584 -0.596259 2.84968
-2.05752 -0.595567 2.85111
-2.05664 -0.594879 2.85254
-2.05575 -0.594194 2.85397
-2.05487 -0.593517 2.85539
-2.05398 -0.592842 2.85681
-2.0531 -0.59217 2.85823
-2.05221 -0.591494 2.85964
-2.05133 -0.5908 2.86105
-2.05044 -0.590089 2.86246
-2.04956 -0.589386 2.86387
-2.04868 -0.588687 2.86529
-2.0478 -0.58799 2.8667
-2.04691 -0.587279 2.86812
-2.04603 -0.586569 2.86953
-2.04514 -0.585865 2.87095
-2.04426 -0.585157 2.87236
-2.04337 -0.584456 2.87377
-2.04248 -0.583755 2.87519
-2.0416 -0.583041 2.87661
-2.04071 -0.582323 2.87803
-2.03982 -0.581609 2.87945
-2.03893 -0.580894 2.88087
-2.03805 -0.580177 2.88229
-2.03716 -0.579448 2.88371
-2.03628 -0.57873 2.88513
-2.03539 -0.578014 2.88654
-2.03451 -0.577285 2.88796
-2.03362 -0.576572 2.88937
-2.03274 -0.575867 2.89077
-2.03186 -0.575153 2.89218
-2.03097 -0.574444 2.89358
-2.03009 -0.573729 2.89499
-2.0292 -0.573012 2.8964
-2.02832 -0.57229 2.89781
-2.02743 -0.571579 2.89921
-2.02655 -0.570879 2.90061
-2.02566 -0.570165 2.90201
-2.02478 -0.569455 2.9034
-2.0239 -0.568731 2.90479
-2.02302 -0.568013 2.90618
-2.02213 -0.5673 2.90758
-2.02125 -0.566582 2.90897
-2.02036 -0.565869 2.91036
-2.01948 -0.565163 2.91176
-2.01859 -0.564461 2.91315
-2.0177 -0.563762 2.91454
-2.01681 -0.563059 2.91593
-2.01592 -0.562345 2.91733
-2.01503 -0.561642 2.91872
-2.01414 -0.560941 2.92012
-2.01326 -0.560227 2.92152
-2.01237 -0.559511 2.92291
-2.01148 -0.558788 2.92431
-2.01059 -0.558064 2.9257
-2.00969 -0.557341 2.92709
-2.0088 -0.556613 2.92848
-2.00791 -0.555878 2.92986
-2.00702 -0.555138 2.93124
-2.00613 -0.554401 2.93262
-2.00524 -0.553673 2.934
-2.00435 -0.552942 2.93538
-2.00347 -0.552215 2.93676
-2.00258 -0.551476 2.93814
-2.00169 -0.550727 2.93952
-2.0008 -0.549971 2.94089
-1.9999 -0.549235 2.94227
-1.99901 -0.5485 2.94364
-1.99812 -0.547764 2.94502
-1.99723 -0.54703 2.94639
-1.99634 -0.546292 2.94776
-1.99545 -0.545542 2.94913
-1.99456 -0.544783 2.9505
-1.99367 -0.544034 2.95186
-1.99278 -0.543298 2.95322
-1.99189 -0.542565 2.95459
-1.991 -0.541822 2.95596
-1.99011 -0.541079 2.95732
-1.98922 -0.54034 2.95868
-1.98833 -0.539603 2.96004
-1.98744 -0.538872 2.96141
-1.98655 -0.538151 2.96277
-1.98566 -0.537424 2.96414
-1.98476 -0.536696 2.96551
-1.98387 -0.53596 2.96687
-1.98298 -0.535211 2.96824
-1.98209 -0.53448 2.9696
-1.98119 -0.533739 2.97095
-1.9803 -0.533009 2.97232
-1.97941 -0.532287 2.97368
-1.97851 -0.531561 2.97504
-1.97762 -0.53084 2.9764
-1.97673 -0.530112 2.97776
-1.97584 -0.52938 2.97912
-1.97495 -0.528659 2.98047
-1.97406 -0.527932 2.98184
-1.97317 -0.527217 2.98319
-1.97228 -0.526507 2.98455
-1.97139 -0.525792 2.98591
-1.9705 -0.525068 2.98726
-1.96962 -0.524336 2.98862
-1.96873 -0.523618 2.98997
-1.96785 -0.522887 2.99132
-1.96696 -0.522146 2.99267
-1.96607 -0.521409 2.99402
-1.96519 -0.520681 2.99536
-1.96431 -0.519954 2.9967
-1.96342 -0.519233 2.99804
-1.96254 -0.518521 2.99938
-1.96166 -0.517794 3.00071
-1.96078 -0.517074 3.00205
-1.95989 -0.516339 3.00338
-1.95901 -0.515606 3.00471
-1.95813 -0.514882 3.00604
-1.95725 -0.514154 3.00737
-1.95637 -0.513443 3.0087
-1.95548 -0.512733 3.01003
-1.9546 -0.512019 3.01135
-1.95372 -0.511297 3.01268
-1.95284 -0.510567 3.01401
-1.95196 -0.509842 3.01533
-1.95109 -0.509111 3.01665
-1.95021 -0.508383 3.01797
-1.94933 -0.507654 3.01929
-1.94846 -0.506931 3.02061
-1.94758 -0.506197 3.02193
-1.94671 -0.505462 3.02325
-1.94583 -0.504731 3.02457
-1.94495 -0.504004 3.02589
-1.94407 -0.503264 3.02721
-1.94319 -0.502531 3.02853
-1.94232 -0.501804 3.02985
-1.94144 -0.501066 3.03116
-1.94057 -0.500323 3.03248
-1.93969 -0.499583 3.0338
-1.93882 -0.498831 3.03511
-1.93795 -0.498091 3.03642
-1.93707 -0.497361 3.03773
-1.9362 -0.496649 3.03904
-1.93532 -0.495918 3.04034
-1.93445 -0.495194 3.04164
-1.93357 -0.494468 3.04294
-1.9327 -0.493749 3.04424
-1.93183 -0.493029 3.04554
-1.93095 -0.492292 3.04684
-1.93007 -0.491561 3.04813
-1.9292 -0.49082 3.04943
-1.92832 -0.490089 3.05072
-1.92744 -0.489351 3.05202
-1.92656 -0.488613 3.05332
-1.92568 -0.487875 3.05462
-1.92481 -0.487125 3.05592
-1.92393 -0.486363 3.05722
-1.92305 -0.485593 3.05852
-1.92217 -0.48484 3.05981
-1.9213 -0.484082 3.06111
-1.92042 -0.483338 3.06241
-1.91954 -0.482602 3.0637
-1.91867 -0.48187 3.065
-1.91779 -0.481125 3.0663
-1.91691 -0.480381 3.0676
-1.91603 -0.479632 3.0689
-1.91515 -0.478878 3.0702
-1.91428 -0.478131 3.07149
-1.9134 -0.47739 3.07278
-1.91252 -0.476649 3.07408
-1.91165 -0.47591 3.07537
-1.91078 -0.475179 3.07666
-1.9099 -0.474458 3.07795
-1.90903 -0.47373 3.07924
-1.90816 -0.473012 3.08053
-1.90729 -0.47229 3.08181
-1.90643 -0.471568 3.08309
-1.90556 -0.470834 3.08437
-1.90469 -0.470097 3.08565
-1.90383 -0.469363 3.08692
-1.90296 -0.468631 3.0882
-1.90209 -0.467904 3.08947
-1.90122 -0.467176 3.09075
-1.90036 -0.466453 3.09202
-1.89949 -0.465726 3.09328
-1.89863 -0.464992 3.09455
-1.89776 -0.464269 3.09581
-1.8969 -0.463537 3.09707
-1.89604 -0.462815 3.09832
-1.89518 -0.462096 3.09958
-1.89431 -0.461367 3.10083
-1.89345 -0.460642 3.10208
-1.89259 -0.459918 3.10334
-1.89173 -0.459194 3.10459
-1.89087 -0.458463 3.10585
-1.89 -0.457739 3.10711
-1.88914 -0.456999 3.10836
-1.88827 -0.456272 3.10961
-1.8874 -0.455537 3.11087
-1.88654 -0.454814 3.11213
-1.88568 -0.454083 3.11338
-1.88482 -0.453351 3.11464
-1.88396 -0.452602 3.1159
-1.8831 -0.451848 3.11715
-1.88224 -0.451108 3.1184
-1.88137 -0.450368 3.11966
-1.88051 -0.449623 3.12091
-1.87965 -0.448887 3.12216
-1.87879 -0.448168 3.1234
-1.87793 -0.447437 3.12465
-1.87706 -0.446722 3.12589
-1.8762 -0.446008 3.12714
-1.87534 -0.445284 3.12839
-1.87447 -0.444563 3.12963
-1.87361 -0.443834 2.50255
-1.87276 -0.443111 1.9383
-1.87193 -0.442437 1.43057
-1.87116 -0.44182 0.97367
-1.87045 -0.441275 0.562512
-1.86982 -0.440785 0.1925
-1.86927 -0.440386 -0.14049
-1.8688 -0.440065 -0.440168
-1.86841 -0.439813 -0.709872
-1.86808 -0.439626 -0.952598
-1.86783 -0.439492 -1.17105
-1.86763 -0.439416 -1.36765
-1.8675 -0.439389 -1.5446
-1.86741 -0.439409 -1.70385
-1.86737 -0.43947 -1.84717
-1.86737 -0.439569 -1.97616
-1.86741 -0.439688 -2.09225
-1.86748 -0.439869 -2.19674
-1.86758 -0.440085 -2.29077
-1.86771 -0.440327 -2.37541
-1.86786 -0.440584 -2.45158
-1.86804 -0.440864 -2.52014
-1.86823 -0.441173 -2.58184
-1.86845 -0.441513 -2.63737
-1.86867 -0.441859 -2.68735
-1.86891 -0.442216 -2.73233
-1.86917 -0.442592 -2.77282
-1.86943 -0.443 -2.80925
-1.8697 -0.443415 -2.84204
-1.86999 -0.443849 -2.87155
-1.87028 -0.444276 -2.89812
-1.87058 -0.444704 -2.92202
-1.87088 -0.445137 -2.94354
-1.8712 -0.445567 -2.9629
-1.87152 -0.446016 -2.98032
-1.87184 -0.44649 -2.996
-1.87216 -0.446979 -3.01011
-1.8725 -0.447454 -3.02281
-1.87283 -0.447944 -3.03424
-1.87317 -0.448457 -3.04453
-1.87352 -0.448952 -3.05379
-1.87386 -0.449471 -3.06212
-1.87422 -0.449987 -3.06962
-1.87457 -0.450492 -3.07637
-1.87492 -0.450999 -3.08245
-1.87528 -0.45151 -3.08792
-1.87565 -0.452004 -3.09283
-1.87601 -0.452495 -3.09726
-1.87637 -0.45298 -3.10124
-1.87673 -0.453485 -3.10483
-1.87709 -0.454 -3.10806
-1.87746 -0.454521 -3.11097
-1.87783 -0.455055 -3.11358
-1.87819 -0.455599 -3.11594
-1.87856 -0.456134 -3.11806
-1.87892 -0.456672 -3.11998
-1.87929 -0.45723 -3.12169
-1.87966 -0.457791 -3.12324
-1.88003 -0.458345 -3.12463
-1.8804 -0.458907 -3.12588
-1.88076 -0.459466 -3.12701
-1.88113 -0.460036 -3.12803
-1.8815 -0.460599 -3.12895
-1.88186 -0.461168 -3.12977
-1.88223 -0.46172 -3.13052
-1.8826 -0.462266 -3.13118
-1.88297 -0.462811 -3.13178
-1.88334 -0.463371 -3.13232
-1.88371 -0.463924 -3.13281
-1.88408 -0.464474 -3.13326
-1.88445 -0.46504 -3.13366
-1.88482 -0.465584 -3.13402
-1.8852 -0.466152 -3.13434
-1.88557 -0.466732 -3.13464
-1.88594 -0.467297 -3.1349
-1.88631 -0.467869 -3.13513
-1.88668 -0.46845 -3.13534
-1.88705 -0.469024 -3.13553
-1.88742 -0.469586 -3.13569
-1.88779 -0.470138 -3.13584
-1.88815 -0.470676 -3.13598
-1.88852 -0.471231 -3.13611
-1.88889 -0.471793 -3.13623
-1.88926 -0.47236 -3.13633
-1.88963 -0.472937 -3.13642
-1.89 -0.473521 -3.13651
-1.89037 -0.474096 -3.13659
-1.89074 -0.474675 -3.13666
-1.89111 -0.47526 -3.13672
-1.89148 -0.47583 -3.13678
-1.89185 -0.47642 -3.13682
-1.89221 -0.477025 -3.13687
-1.89258 -0.477636 -3.1369
-1.89295 -0.478261 -3.13694
-1.89332 -0.478886 -3.13697
-1.89369 -0.479507 -3.137
-1.89405 -0.480103 -3.13702
-1.89442 -0.480701 -3.13704
-1.89479 -0.481309 -3.13706
-1.89516 -0.481897 -3.13707
-1.89553 -0.482475 -3.13709
-1.89589 -0.483048 -3.1371
-1.89626 -0.48364 -3.13712
-1.89662 -0.484217 -3.13713
-1.89699 -0.484809 -3.13715
-1.89736 -0.485414 -3.13716
-1.89772 -0.486024 -3.13718
-1.89809 -0.486645 -3.13719
-1.89845 -0.487281 -3.13721
-1.89882 -0.487918 -3.13722
-1.89918 -0.488559 -3.13723
-1.89954 -0.489194 -3.13723
-1.89991 -0.48981 -3.13724
-1.90027 -0.490438 -3.13725
-1.90064 -0.491044 -3.13725
-1.901 -0.491665 -3.13726
-1.90137 -0.492277 -3.13727
-1.90173 -0.492906 -3.13727
-1.9021 -0.493529 -3.13728
-1.90247 -0.494139 -3.13729
-1.90283 -0.49475 -3.1373
-1.9032 -0.495353 -3.1373
-1.90356 -0.495971 -3.13731
-1.90393 -0.4966 -3.13732
-1.90429 -0.497246 -3.13732
-1.90466 -0.49788 -3.13733
-1.90502 -0.498494 -3.13733
-1.90539 -0.499113 -3.13733
-1.90575 -0.499749 -3.13733
-1.90612 -0.500399 -3.13733
-1.90648 -0.501054 -3.13733
-1.90684 -0.501724 -3.13733
-1.90721 -0.502377 -3.13733
-1.90757 -0.50303 -3.13732
-1.90793 -0.503662 -3.13732
-1.9083 -0.504288 -3.13732
-1.90866 -0.504925 -3.13731
-1.90903 -0.505569 -3.13731
-1.90939 -0.506194 -3.13731
-1.90976 -0.506799 -3.1373
-1.91012 -0.507405 -3.1373
-1.91049 -0.50802 -3.1373
-1.91085 -0.508647 -3.1373
-1.91121 -0.5093 -3.1373
-1.91157 -0.50996 -3.13729
-1.91193 -0.510635 -3.13729
-1.9123 -0.511328 -3.13729
-1.91266 -0.512002 -3.13728
-1.91303 -0.512671 -3.13728
-1.91339 -0.513362 -3.13729
-1.91376 -0.514059 -3.13729
-1.91412 -0.514774 -3.13729
-1.91449 -0.515493 -3.13729
-1.91485 -0.516216 -3.1373
-1.91522 -0.516928 -3.13731
-1.91558 -0.517646 -3.13731
-1.91595 -0.518328 -3.13731
-1.91631 -0.518987 -3.13732
-1.91668 -0.519654 -3.13731
-1.91704 -0.520318 -3.13731
-1.9174 -0.520976 -3.13732
-1.91776 -0.52164 -3.13732
-1.91813 -0.522306 -3.13733
-1.91849 -0.522972 -3.13734
-1.91885 -0.523632 -3.13735
-1.91921 -0.524285 -3.13736
-1.91957 -0.52496 -3.13736
-1.91993 -0.525631 -3.13737
-1.92029 -0.526299 -3.13738
-1.92065 -0.526969 -3.13739
-1.92101 -0.527656 -3.13739
-1.92137 -0.528358 -3.1374
-1.92172 -0.529078 -3.13741
-1.92208 -0.529777 -3.13741
-1.92244 -0.530496 -3.13742
-1.9228 -0.531202 -3.13742
-1.92316 -0.531893 -3.13743
-1.92351 -0.532569 -3.13743
-1.92387 -0.533256 -3.13744
-1.92423 -0.533947 -3.13744
-1.92458 -0.534643 -3.13744
-1.92494 -0.535349 -3.13745
-1.9253 -0.536062 -3.13745
-1.92565 -0.536783 -3.13746
-1.92601 -0.537508 -3.13746
-1.92637 -0.538248 -3.13747
-1.92672 -0.538997 -3.13747
-1.92708 -0.539752 -3.13748
-1.92744 -0.540513 -3.13748
-1.9278 -0.541252 -3.13748
-1.92816 -0.542 -3.13748
-1.92852 -0.542738 -3.13748
-1.92888 -0.543471 -3.13748
-1.92924 -0.544217 -3.13748
-1.9296 -0.544977 -3.13748
-1.92996 -0.545715 -3.13748
-1.93033 -0.546439 -3.13748
-1.93069 -0.547188 -3.13748
-1.93105 -0.547965 -3.13749
-1.9314 -0.548733 -3.13749
-1.93176 -0.549518 -3.13749
-1.93212 -0.550294 -3.13749
-1.93248 -0.551093 -3.13749
-1.93283 -0.551863 -3.13749
-1.93319 -0.552627 -3.13748
-1.93354 -0.553399 -3.13748
-1.9339 -0.554195 -3.13748
-1.93426 -0.554992 -3.13748
-1.93461 -0.555785 -3.13748
-1.93497 -0.55656 -3.13748
-1.93532 -0.557337 -3.13749
-1.93568 -0.558092 -3.13749
-1.93604 -0.558869 -3.1375
-1.93639 -0.559651 -3.1375
-1.93675 -0.560467 -3.13751
-1.93711 -0.561299 -3.13752
-1.93747 -0.562156 -3.13752
-1.93782 -0.563007 -3.13753
-1.93818 -0.563828 -3.13753
-1.93854 -0.56465 -3.13753
-1.9389 -0.565463 -3.13753
-1.93925 -0.56628 -3.13753
-1.93961 -0.567077 -3.13753
-1.93997 -0.567886 -3.13753
-1.94032 -0.568698 -3.13753
-1.94068 -0.569495 -3.13753
-1.94103 -0.570272 -3.13752
-1.94139 -0.571042 -3.13752
-1.94175 -0.571811 -3.13752
-1.9421 -0.572588 -3.13751
-1.94246 -0.573391 -3.13751
-1.94281 -0.574184 -3.13751
-1.94317 -0.575001 -3.13751
-1.94352 -0.575815 -3.13751
-1.94387 -0.576631 -3.13751
-1.94422 -0.577448 -3.13751
-1.94457 -0.578255 -3.13751
-1.94492 -0.579079 -3.1375
-1.94527 -0.579914 -3.1375
-1.94562 -0.58075 -3.1375
-1.94597 -0.581584 -3.13749
-1.94632 -0.582431 -3.1375
-1.94668 -0.583299 -3.1375
-1.94703 -0.584131 -3.1375
-1.94739 -0.584978 -3.13751
-1.94774 -0.585829 -3.13751
-1.9481 -0.586677 -3.13752
-1.94846 -0.587535 -3.13753
-1.94881 -0.58839 -3.13754
-1.94917 -0.589248 -3.13754
-1.94952 -0.590114 -3.13755
-1.94988 -0.590962 -3.13756
-1.95024 -0.591807 -3.13757
-1.95059 -0.592667 -3.13758
-1.95094 -0.593517 -3.13759
-1.9513 -0.594392 -3.13759
-1.95165 -0.595303 -3.1376
-1.952 -0.59622 -3.13761
-1.95236 -0.597128 -3.13761
-1.95271 -0.598021 -3.13762
-1.95306 -0.598878 -3.13762
-1.95341 -0.59976 -3.13762
-1.95376 -0.600632 -3.13763
-1.95411 -0.601476 -3.13763
-1.95447 -0.602362 -3.13763
-1.95481 -0.603244 -3.13763
-1.95517 -0.604111 -3.13763
-1.95552 -0.604987 -3.13763
-1.95587 -0.605887 -3.13763
-1.95622 -0.606798 -3.13763
-1.95657 -0.60773 -3.13764
-1.95693 -0.608659 -3.13764
-1.95728 -0.609602 -3.13764
-1.95764 -0.610536 -3.13764
-1.95799 -0.611443 -3.13764
-1.95835 -0.612332 -3.13764
-1.9587 -0.613261 -3.13764
-1.95904 -0.614175 -3.13765
-1.9594 -0.615101 -3.13765
-1.95975 -0.61604 -3.13765
-1.96009 -0.616992 -3.13766
-1.96044 -0.617967 -3.13766
-1.96079 -0.618917 -3.13767
-1.96114 -0.619864 -3.13767
-1.96149 -0.620792 -3.13767
-1.96184 -0.621689 -3.13767
-1.96219 -0.622577 -3.13766
-1.96254 -0.623492 -3.13766
-1.96289 -0.62443 -3.13765
-1.96323 -0.625366 -3.13764
-1.96358 -0.626311 -3.13764
-1.96393 -0.627241 -3.13764
-1.96428 -0.628167 -3.13764
-1.96463 -0.629081 -3.13763
-1.96497 -0.630015 -3.13763
-1.96532 -0.630947 -3.13764
-1.96566 -0.631861 -3.13764
-1.96601 -0.632754 -3.13764
-1.96635 -0.6337 -3.13765
-1.9667 -0.63467 -3.13765
-1.96705 -0.63562 -3.13765
-1.9674 -0.63661 -3.13765
-1.96775 -0.637598 -3.13765
-1.96809 -0.638579 -3.13765
-1.96844 -0.639562 -3.13766
-1.96879 -0.640542 -3.13766
-1.96914 -0.641543 -3.13766
-1.96949 -0.642544 -3.13766
-1.96984 -0.643556 -3.13766
-1.97019 -0.644571 -3.13766
-1.97054 -0.645571 -3.13766
-1.97089 -0.646533 -3.13767
-1.97124 -0.647523 -3.13767
-1.97159 -0.648498 -3.13768
-1.97194 -0.64953 -3.13768
-1.97229 -0.650558 -3.13769
-1.97263 -0.651611 -3.13769
-1.97298 -0.652655 -3.13769
-1.97333 -0.653717 -3.1377
-1.97367 -0.654763 -3.1377
-1.97402 -0.655826 -3.13771
-1.97436 -0.656841 -3.13771
-1.97471 -0.657869 -3.13772
-1.97505 -0.658889 -3.13772
-1.97539 -0.659896 -3.13772
-1.97574 -0.660935 -3.13773
-1.97609 -0.661993 -3.13773
-1.97643 -0.663083 -3.13773
-1.97678 -0.664165 -3.13772
-1.97713 -0.665242 -3.13772
-1.97747 -0.666351 -3.13772
-1.97782 -0.667427 -3.13772
-1.97816 -0.66852 -3.13772
-1.9785 -0.669613 -3.13773
-1.97885 -0.670713 -3.13773
-1.97919 -0.67184 -3.13774
-1.97954 -0.67299 -3.13774
-1.97989 -0.674141 -3.13774
-1.98023 -0.675245 -3.13774
-1.98058 -0.67637 -3.13774
-1.98092 -0.677518 -3.13775
-1.98126 -0.678671 -3.13775
-1.98161 -0.679791 -3.13775
-1.98195 -0.68093 -3.13776
-1.9823 -0.682059 -3.13776
-1.98264 -0.683197 -3.13776
-1.98298 -0.684301 -3.13776
-1.98332 -0.685383 -3.13776
-1.98367 -0.686467 -3.13776
-1.98401 -0.687551 -3.13776
-1.98435 -0.688667 -3.13776
-1.98469 -0.689815 -3.13777
-1.98503 -0.690921 -3.13777
-1.98537 -0.69199 -3.13777
-1.98571 -0.693077 -3.13777
-1.98605 -0.69417 -3.13777
-1.9864 -0.695274 -3.13777
-1.98674 -0.696404 -3.13778
-1.98708 -0.69756 -3.13778
-1.98742 -0.698704 -3.13777
-1.98776 -0.699834 -3.13777
-1.9881 -0.700993 -3.13777
-1.98845 -0.702172 -3.13777
-1.98879 -0.703353 -3.13778
-1.98913 -0.704567 -3.13778
-1.98948 -0.705783 -3.13778
-1.98982 -0.706986 -3.13777
-1.99016 -0.708178 -3.13777
-1.9905 -0.709382 -3.13777
-1.99084 -0.710561 -3.13777
-1.99118 -0.711755 -3.13777
-1.99152 -0.71296 -3.13777
-1.99186 -0.714156 -3.13777
-1.9922 -0.715327 -3.13777
-1.99254 -0.716499 -3.13777
-1.99288 -0.717679 -3.13777
-1.75176 -0.881588 -2.91251
-1.53476 -1.02909 -2.70977
-1.33948 -1.16179 -2.5273
-1.16374 -1.28115 -2.36304
-1.00559 -1.3885 -2.21519
-0.863274 -1.48501 -2.0821
-0.735207 -1.57178 -1.96229
-0.619965 -1.64975 -1.85443
-0.516263 -1.71982 -1.75734
-0.422942 -1.78276 -1.66994
-0.33896 -1.83929 -1.59127
-0.263381 -1.89005 -1.52046
-0.195365 -1.9356 -1.45672
-0.134156 -1.97648 -1.39935
-0.0790697 -2.01313 -1.34772
-0.0294891 -2.04597 -1.30126
0.0151418 -2.07541 -1.25945
0.0553149 -2.10176 -1.22183
0.0914853 -2.12533 -1.18799
0.124053 -2.14638 -1.15755
0.153376 -2.16516 -1.13018
0.179786 -2.18192 -1.10556
0.203572 -2.19683 -1.08343
0.224999 -2.21007 -1.06355
0.244306 -2.22179 -1.04568
0.261711 -2.23216 -1.02964
0.277404 -2.24132 -1.01523
0.291558 -2.24935 -1.00231
0.304331 -2.25638 -0.990717
0.315861 -2.26249 -0.98033
0.326276 -2.26777 -0.97103
0.335687 -2.27229 -0.962709
0.344197 -2.27615 -0.955265
0.351893 -2.27946 -0.948596
0.358842 -2.28237 -0.942609
0.365102 -2.28504 -0.937215
0.370728 -2.28764 -0.932325
0.37576 -2.29034 -0.927863
0.380241 -2.29324 -0.923773
0.38423 -2.29642 -0.920013
0.387786 -2.29995 -0.916564
0.390971 -2.30382 -0.913421
0.393849 -2.30802 -0.910591
0.396486 -2.31252 -0.908093
0.398957 -2.31726 -0.905956
0.401313 -2.32213 -0.904187
0.403593 -2.32696 -0.902774
0.4058 -2.33169 -0.901685
0.407928 -2.33624 -0.900867
0.409971 -2.34053 -0.900246
0.411921 -2.34454 -0.899764
0.413776 -2.34823 -0.899364
0.415534 -2.3516 -0.898999
0.417188 -2.35466 -0.89863
0.41874 -2.35739 -0.898227
0.420195 -2.35979 -0.897767
0.421555 -2.36185 -0.897238
0.422834 -2.36361 -0.89663
0.42404 -2.36505 -0.89594
0.425178 -2.36618 -0.895164
0.426258 -2.36703 -0.894314
0.427293 -2.3676 -0.893405
0.428294 -2.36791 -0.892451
0.429269 -2.36802 -0.891468
0.430226 -2.36794 -0.890467
0.431175 -2.36772 -0.889462
0.432123 -2.36739 -0.888466
0.433072 -2.36699 -0.887488
0.434032 -2.36655 -0.886533
0.434999 -2.36611 -0.885603
0.435978 -2.36569 -0.884704
0.436969 -2.36532 -0.883838
0.437978 -2.36501 -0.88301
0.439011 -2.36478 -0.882221
0.440067 -2.3646 -0.88147
0.441144 -2.3645 -0.880756
0.442248 -2.3645 -0.880079
0.443383 -2.36457 -0.879435
0.444545 -2.36469 -0.878826
0.445734 -2.36488 -0.878242
0.446947 -2.36511 -0.877682
0.448178 -2.36537 -0.877145
0.449426 -2.36562 -0.876624
0.450685 -2.36588 -0.876111
0.451958 -2.36612 -0.875604
0.453239 -2.36637 -0.875099
0.45452 -2.36658 -0.874593
0.455806 -2.36676 -0.874079
0.457091 -2.3669 -0.873554
0.458374 -2.36699 -0.873018
0.459649 -2.36705 -0.872467
0.460914 -2.36707 -0.871901
0.462163 -2.36706 -0.871319
0.463402 -2.36701 -0.870721
0.464633 -2.36693 -0.870105
0.465858 -2.36682 -0.869472
0.467074 -2.36668 -0.868824
0.46828 -2.36649 -0.868164
0.469483 -2.36628 -0.867495
0.470681 -2.36606 -0.866816
0.471873 -2.36584 -0.866128
0.473062 -2.36558 -0.865434
0.474253 -2.36531 -0.864735
0.475444 -2.36502 -0.864032
0.476633 -2.36474 -0.863326
0.47782 -2.36446 -0.86262
0.479014 -2.36418 -0.861914
0.480208 -2.36389 -0.861207
0.481408 -2.36361 -0.860502
0.482618 -2.36334 -0.859803
0.483829 -2.3631 -0.859106
0.485053 -2.36285 -0.858411
0.486284 -2.3626 -0.857723
0.487525 -2.36235 -0.857039
0.488774 -2.36212 -0.856359
0.490027 -2.36188 -0.855683
0.491285 -2.36166 -0.855009
0.492553 -2.36143 -0.854338
0.493826 -2.36121 -0.853671
0.495106 -2.361 -0.853003
0.496387 -2.36079 -0.852337
0.497673 -2.36058 -0.851673
0.498961 -2.36039 -0.851008
0.500251 -2.36019 -0.850345
0.501545 -2.36 -0.84968
0.502841 -2.35982 -0.849013
0.504139 -2.35964 -0.848343
0.505443 -2.35945 -0.847669
0.506748 -2.35926 -0.846991
0.508061 -2.35905 -0.846309
0.509376 -2.35883 -0.845622
0.510686 -2.35858 -0.844928
0.511996 -2.35834 -0.844228
0.513302 -2.35808 -0.843522
0.514611 -2.35782 -0.84281
0.515923 -2.35754 -0.842093
0.517238 -2.35725 -0.84137
0.518553 -2.35694 -0.840642
0.519873 -2.35662 -0.83991
0.521197 -2.35631 -0.839174
0.522525 -2.35598 -0.838432
0.523856 -2.35565 -0.837688
0.52519 -2.35531 -0.836942
0.526527 -2.35497 -0.836193
0.527868 -2.35463 -0.835442
0.529214 -2.3543 -0.834689
0.530567 -2.35399 -0.833935
0.531921 -2.35367 -0.833181
0.533283 -2.35335 -0.832427
0.534649 -2.35303 -0.831672
0.53602 -2.35271 -0.830918
0.537396 -2.35239 -0.830162
0.538771 -2.35207 -0.829407
0.540144 -2.35176 -0.828652
0.541525 -2.35144 -0.827895
0.542906 -2.35111 -0.827134
0.544293 -2.35078 -0.826371
0.545682 -2.35045 -0.825607
0.547069 -2.35013 -0.82484
0.54846 -2.34981 -0.824073
0.549854 -2.34948 -0.823306
0.551248 -2.34915 -0.822537
0.552645 -2.34882 -0.821766
0.554047 -2.3485 -0.820994
0.555448 -2.34817 -0.820222
0.55685 -2.34784 -0.819446
0.558251 -2.3475 -0.818668
0.559651 -2.34715 -0.817886
0.561058 -2.34678 -0.817104
0.562465 -2.34642 -0.816321
0.563873 -2.34606 -0.815537
0.565281 -2.3457 -0.814753
0.566691 -2.34534 -0.813965
0.568105 -2.34497 -0.813174
0.569527 -2.34459 -0.81238
0.57095 -2.34422 -0.811584
0.572372 -2.34384 -0.810787
0.573797 -2.34347 -0.809987
0.575228 -2.3431 -0.809187
0.576663 -2.34273 -0.808387
0.578105 -2.34237 -0.807583
