0
-1.75685e-09
4.21858e-07
1.78234e-06
3.77048e-06
-1.6927e-05
-5.99803e-05
-0.000142272
-0.000255894
-0.000964671
-0.00169849
-0.00275205
-0.00465334
-0.00669619
-0.00888259
-0.0111058
-0.0132175
-0.0151087
-0.0166202
-0.0179375
-0.0189914
-0.0198141
-0.0204763
-0.020943
-0.0212781
-0.02208
-0.0223078
-0.0224729
-0.0225904
-0.0226721
-0.0227273
-0.0227636
-0.0227871
-0.022802
-0.0228063
-0.0228121
-0.0228147
-0.022813
-0.0228061
-0.0227917
-0.0227679
-0.0228121
-0.0227671
-0.0223017
-0.0222218
-0.0221322
-0.0220346
-0.0219327
-0.0218299
-0.0217288
-0.0216305
-0.0215371
-0.0214495
-0.021368
-0.0212937
-0.0212271
-0.0210033
-0.0209515
-0.0209081
-0.0208732
-0.0208467
-0.0208294
-0.0208207
-0.0208207
-0.0208296
-0.0208458
-0.0208683
-0.020896
-0.0210917
-0.021127
-0.021165
-0.0212044
-0.0212449
-0.0212847
-0.021324
-0.0213623
-0.0213992
-0.0214343
-0.0214678
-0.0215
-0.0215308
-0.0215605
-0.0215894
-0.0216577
-0.0216874
-0.0217169
-0.0217471
-0.0217776
-0.0218089
-0.0218406
-0.0218733
-0.0219072
-0.0219423
-0.0219783
-0.022015
-0.0220529
-0.0220918
-0.0221312
-0.0221714
-0.022212
-0.0222531
-0.0222941
-0.0223354
-0.022377
-0.0224191
-0.0224612
-0.0225031
-0.0225448
-0.0225863
-0.0226276
-0.0226688
-0.0227103
-0.0227515
-0.0227929
-0.0228342
-0.0228756
-0.0229169
-0.0229585
-0.0230001
-0.0230414
-0.0230829
-0.0231244
-0.0231652
-0.0232059
-0.023247
-0.023288
-0.0233287
-0.0233693
-0.0234098
-0.0238551
-0.0238925
-0.0239297
-0.0239674
-0.0240051
-0.024043
-0.024081
-0.0241192
-0.0241573
-0.0241955
-0.0242335
-0.0242714
-0.0243091
-0.0243466
-0.0243841
-0.0244214
-0.024459
-0.0244963
-0.0245333
-0.02457
-0.0246068
-0.0246434
-0.0246798
-0.0247161
-0.0247521
-0.0247879
-0.0248234
-0.0248591
-0.0248946
-0.0249233
-0.024959
-0.0249946
-0.02503
-0.0250704
-0.0251058
-0.0251412
-0.0251759
-0.0252103
-0.0252444
-0.0252782
-0.0253118
-0.0253453
-0.0253788
-0.0254121
-0.0254449
-0.0254776
-0.0255099
-0.025542
-0.0255737
-0.0256055
-0.0256368
-0.0256679
-0.0256989
-0.0257298
-0.0257604
-0.0257907
-0.0258209
-0.0258508
-0.0258806
-0.0259101
-0.0259392
-0.025968
-0.0259965
-0.0260244
-0.0260521
-0.0260797
-0.0261069
-0.0261337
-0.0261603
-0.0261867
-0.0262126
-0.026238
-0.0262631
-0.0262878
-0.026312
-0.0263361
-0.0263597
-0.026383
-0.0264056
-0.026428
-0.02645
-0.0264716
-0.0264931
-0.0265141
-0.0265348
-0.0265552
-0.0265751
-0.0265945
-0.0266135
-0.0266319
-0.0266498
-0.0266674
-0.0266845
-0.0267011
-0.0267172
-0.0267329
-0.0267481
-0.0267627
-0.0267769
-0.0267908
-0.0268041
-0.0268171
-0.0268297
-0.0268482
-0.0268596
-0.0268707
-0.0268814
-0.0268914
-0.0269008
-0.0269096
-0.0269181
-0.0269262
-0.0269336
-0.0269406
-0.0269473
-0.0269535
-0.026959
-0.0269638
-0.0269681
-0.026972
-0.0269753
-0.0269782
-0.0269804
-0.0269821
-0.0269834
-0.0269842
-0.0269844
-0.0269841
-0.0269832
-0.0269816
-0.0269796
-0.026977
-0.0269738
-0.0269702
-0.026966
-0.0269612
-0.0269559
-0.0269509
-0.0269445
-0.0269377
-0.0269303
-0.0269223
-0.0269137
-0.0269047
-0.026895
-0.0268848
-0.0275906
-0.027588
-0.0275848
-0.0275811
-0.0275768
-0.0275722
-0.027567
-0.0275614
-0.0275553
-0.0275486
-0.0275414
-0.0274557
-0.0274479
-0.0274395
-0.0274306
-0.0274212
-0.0274115
-0.0274013
-0.0273905
-0.0273791
-0.0273672
-0.0273548
-0.0273418
-0.0273286
-0.027315
-0.0272833
-0.0272689
-0.0272541
-0.0272389
-0.0272232
-0.027207
-0.0271904
-0.0271733
-0.0271556
-0.0271374
-0.0271189
-0.0270998
-0.0273022
-0.0272861
-0.0272694
-0.0272525
-0.0272351
-0.0272173
-0.0271991
-0.0271805
-0.0271616
-0.0271423
-0.0271227
-0.0271028
-0.0270827
-0.0270622
-0.0270414
-0.0270202
-0.0269986
-0.0269768
-0.0269548
-0.0269324
-0.0269096
-0.0268864
-0.026863
-0.0268393
-0.0268152
-0.0267908
-0.0267662
-0.0267414
-0.0267164
-0.0266912
-0.0266658
-0.0266402
-0.0266144
-0.0265884
-0.026562
-0.0265353
-0.0265083
-0.0264808
-0.0264532
-0.0264253
-0.0263973
-0.0263691
-0.0263408
-0.0263122
-0.0262835
-0.0262546
-0.0262255
-0.0261961
-0.0261663
-0.0261363
-0.0261063
-0.026076
-0.0260458
-0.0260155
-0.025985
-0.0259542
-0.0259234
-0.0258927
-0.0258618
-0.0258307
-0.0257996
-0.0257683
-0.0257368
-0.0257053
-0.0256735
-0.0256416
-0.0256096
-0.0255774
-0.0255451
-0.0255128
-0.0254479
-0.0254156
-0.0254801
-0.0254464
-0.0254124
-0.0253786
-0.0253448
-0.0253109
-0.0252771
-0.0252434
-0.0252095
-0.0251755
-0.0251416
-0.0251077
-0.0250737
-0.0250397
-0.0250058
-0.0249719
-0.0249378
-0.0249039
-0.02487
-0.0248361
-0.0248024
-0.0247686
-0.024735
-0.0247014
-0.0246678
-0.0246342
-0.0246004
-0.0245668
-0.0245333
-0.0244997
-0.0244664
-0.024433
-0.0243995
-0.024366
-0.0243325
-0.0242991
-0.0242657
-0.0242327
-0.0241998
-0.024167
-0.0241344
-0.024102
-0.0240699
-0.0240378
-0.0240058
-0.0239737
-0.0239417
-0.0239098
-0.0238778
-0.0238461
-0.0238118
-0.0237803
-0.0237487
-0.0237172
-0.0236858
-0.0236544
-0.0236232
-0.0235923
-0.0235613
-0.0235305
-0.0234996
-0.0234687
-0.023438
-0.0234074
-0.0233771
-0.0233469
-0.0233169
-0.023287
-0.0232572
-0.0232276
-0.0231981
-0.0231688
-0.0231398
-0.0231109
-0.023082
-0.0230534
-0.0230249
-0.0229964
-0.0229682
-0.0229402
-0.0229124
-0.0228849
-0.0229548
-0.0229289
-0.0229031
-0.0228772
-0.0228513
-0.0228257
-0.0228002
-0.0227733
-0.0227483
-0.0227236
-0.0226988
-0.0226742
-0.0226498
-0.0226256
-0.0226017
-0.0225779
-0.0225543
-0.0225309
-0.0225077
-0.0224846
-0.0224616
-0.0224388
-0.0224161
-0.0223936
-0.0223711
-0.022349
-0.0223268
-0.0223047
-0.0222829
-0.0222612
-0.0222397
-0.0222185
-0.0226876
-0.0226681
-0.0226487
-0.0226294
-0.0222577
-0.0222443
-0.0222308
-0.0222176
-0.0222044
-0.0221911
-0.0221777
-0.0221647
-0.0221519
-0.0221394
-0.0221268
-0.0221141
-0.0221015
-0.022089
-0.0220767
-0.0220645
-0.0220524
-0.0220403
-0.0220284
-0.0220166
-0.0220048
-0.0220074
-0.021996
-0.0219846
-0.0219733
-0.0219623
-0.0219514
-0.0219404
-0.0219295
-0.0219188
-0.021908
-0.0218976
-0.0218871
-0.021877
-0.0218668
-0.0218568
-0.0218467
-0.0218368
-0.0218268
-0.0218168
-0.0218069
-0.0217968
-0.0217869
-0.0217771
-0.0217674
-0.0217575
-0.0217477
-0.0217381
-0.0217284
-0.021719
-0.0216285
-0.02162
-0.0216117
-0.0216035
-0.0215955
-0.0215876
-0.0215796
-0.0215717
-0.0215638
-0.021556
-0.0215484
-0.0215407
-0.0215331
-0.0215255
-0.0215182
-0.0215106
-0.021503
-0.0214954
-0.0215132
-0.0215061
-0.021499
-0.0214919
-0.0214848
-0.0214778
-0.0214708
-0.0214639
-0.0214571
-0.0214505
-0.0214439
-0.0214374
-0.0214308
-0.0214244
-0.021418
-0.0214113
-0.0214045
-0.0213981
-0.0213916
-0.021385
-0.0213784
-0.0213718
-0.0213655
-0.021359
-0.0213524
-0.0213458
-0.0213391
-0.0213325
-0.0213261
-0.0213197
-0.0213132
-0.0213067
-0.0213
-0.0212932
-0.0212864
-0.0212794
-0.0212725
-0.0212657
-0.0212586
-0.0212516
-0.0212445
-0.0212377
-0.0212309
-0.0212242
-0.0212174
-0.0212105
-0.0212035
-0.0206766
-0.0206754
-0.0206742
-0.0206728
-0.0206714
-0.0206702
-0.0206689
-0.0206675
-0.0206659
-0.0206643
-0.0206626
-0.0206608
-0.020659
-0.0206572
-0.0206552
-0.0206533
-0.0206511
-0.0206488
-0.0206462
-0.0206437
-0.0206408
-0.0206378
-0.0206346
-0.0206315
-0.0206282
-0.0206247
-0.0206212
-0.0206175
-0.0206136
-0.0214077
-0.0214154
-0.0214231
-0.0214308
-0.0214334
-0.0214409
-0.0214482
-0.0214558
-0.0214631
-0.0214704
-0.0214777
-0.0214849
-0.0214922
-0.0214992
-0.0215063
-0.0215135
-0.0215208
-0.021528
-0.021535
-0.0215418
-0.0215486
-0.0215554
-0.021562
-0.0215688
-0.0215755
-0.021582
-0.0215888
-0.0215957
-0.0216027
-0.0216097
-0.0216166
-0.0216235
-0.0216306
-0.0216379
-0.0216452
-0.0216525
-0.0216597
-0.0216669
-0.021674
-0.021681
-0.0216878
-0.0216947
-0.0217014
-0.0217082
-0.0217149
-0.0217215
-0.0212389
-0.0212472
-0.0212558
-0.0212644
-0.0212734
-0.0212827
-0.0212919
-0.0213011
-0.0213104
-0.0213196
-0.021329
-0.0213382
-0.0213473
-0.0213566
-0.021366
-0.0213757
-0.0213854
-0.021395
-0.0214047
-0.0214146
-0.0214247
-0.0214349
-0.0214449
-0.0214549
-0.0214647
-0.0214745
-0.0214845
-0.0214945
-0.0215046
-0.0215149
-0.0215254
-0.0215361
-0.0215466
-0.021557
-0.0215675
-0.0215779
-0.0215885
-0.0215993
-0.0216103
-0.0216213
-0.0216325
-0.0216434
-0.0216545
-0.0216657
-0.0216768
-0.021688
-0.0216993
-0.0217108
-0.0217225
-0.0217341
-0.0217075
-0.0217197
-0.0217318
-0.0217441
-0.0217564
-0.021769
-0.0217816
-0.0217942
-0.0218067
-0.0218194
-0.0218322
-0.021847
-0.0218602
-0.0218735
-0.0218869
-0.0219252
-0.021939
-0.0219528
-0.021967
-0.0219813
-0.0219957
-0.0220103
-0.0220252
-0.0220404
-0.0228068
-0.0228325
-0.0228587
-0.022885
-0.0229116
-0.0229383
-0.0229652
-0.0229924
-0.0230199
-0.0230474
-0.0230749
-0.023103
-0.0231313
-0.0231599
-0.0231886
-0.0232176
-0.023247
-0.0232768
-0.023307
-0.0233375
-0.0228697
-0.0229087
-0.022948
-0.0229872
-0.0230269
-0.0230667
-0.0231067
-0.0231468
-0.0231872
-0.0232282
-0.0232693
-0.0233104
-0.0233519
-0.0233938
-0.0234358
-0.0234783
-0.0235212
-0.0241496
-0.024197
-0.0242443
-0.0242919
-0.0243402
-0.0243889
-0.0244381
-0.0244875
-0.0245373
-0.0245875
-0.0246376
-0.024688
-0.024739
-0.0247907
-0.0248424
-0.0248943
-0.0249467
-0.0249994
-0.0250526
-0.0251061
-0.0251601
-0.0252133
-0.025268
-0.0253233
-0.0253788
-0.0254343
-0.0254905
-0.0255469
-0.0256034
-0.0256608
-0.0257186
-0.0257766
-0.0258353
-0.0258944
-0.0259536
-0.0260129
-0.0260723
-0.0261326
-0.0261935
-0.0262547
-0.0263163
-0.0263785
-0.0264411
-0.0265042
-0.0265676
-0.0266317
-0.0266963
-0.0267613
-0.026827
-0.0268933
-0.0269604
-0.0270276
-0.0270951
-0.0271632
-0.0272317
-0.0273002
-0.0273686
-0.0274378
-0.0275073
-0.027577
-0.0276471
-0.027718
-0.0277891
-0.027861
-0.0279332
-0.028006
-0.0280789
-0.0281521
-0.0282117
-0.0282858
-0.0283601
-0.0284345
-0.0285094
-0.0285847
-0.0286605
-0.0287365
-0.0284126
-0.0284873
-0.028562
-0.0286369
-0.0289474
-0.0290274
-0.0291073
-0.0291879
-0.0292693
-0.0293513
-0.0294339
-0.0295166
-0.0295998
-0.0296831
-0.029767
-0.0298508
-0.0299349
-0.0300195
-0.0301042
-0.0301888
-0.0302742
-0.0303598
-0.0304458
-0.030532
-0.0306188
-0.030706
-0.030793
-0.0308803
-0.0309678
-0.0310561
-0.0311443
-0.0312325
-0.0313205
-0.0314088
-0.031497
-0.0315203
-0.0316097
-0.0316989
-0.0317881
-0.0318774
-0.0319665
-0.0320556
-0.0321447
-0.0322338
-0.0323227
-0.0324117
-0.0325007
-0.0325896
-0.0326779
-0.0327663
-0.0328541
-0.0329415
-0.0330283
-0.033115
-0.0332016
-0.0332875
-0.0333731
-0.0334586
-0.0335439
-0.0336288
-0.0337137
-0.0337977
-0.0338813
-0.0339646
-0.0340481
-0.0341311
-0.0342134
-0.034295
-0.0343762
-0.0344568
-0.0345369
-0.0346164
-0.0346951
-0.0347729
-0.0348499
-0.0349257
-0.0350009
-0.0350751
-0.0351488
-0.0352218
-0.034594
-0.0346786
-0.0347615
-0.0348432
-0.0349234
-0.0350019
-0.0350794
-0.0351556
-0.0352301
-0.0353035
-0.0353754
-0.0354454
-0.0355137
-0.0355804
-0.0351457
-0.0352128
-0.0352782
-0.0353425
-0.0354056
-0.0354673
-0.0355269
-0.0355848
-0.0356407
-0.0356955
-0.036149
-0.0361985
-0.0362462
-0.0362924
-0.0363368
-0.0363793
-0.0364206
-0.0364601
-0.036498
-0.0365338
-0.0365681
-0.0366001
-0.0366302
-0.036658
-0.036684
-0.0367082
-0.0367304
-0.0367505
-0.0367689
-0.0367855
-0.0367998
-0.036812
-0.0368225
-0.0368313
-0.0375817
-0.0375957
-0.037608
-0.0376185
-0.037627
-0.0376336
-0.0376382
-0.0376407
-0.0376408
-0.0376391
-0.0376355
-0.0376295
-0.0376214
-0.0376115
-0.0375997
-0.0375856
-0.0375697
-0.0375523
-0.0375323
-0.0375099
-0.037658
-0.0376357
-0.0376115
-0.0375856
-0.0375581
-0.0375286
-0.0374971
-0.0374639
-0.037429
-0.0373923
-0.0373532
-0.0373123
-0.0372692
-0.0372249
-0.0371789
-0.0371314
-0.0379983
-0.0379614
-0.037923
-0.038485
-0.0384593
-0.0384325
-0.0384041
-0.0383746
-0.0383435
-0.0383116
-0.0382788
-0.0382447
-0.0382095
-0.0381731
-0.038135
-0.0380961
-0.0380562
-0.0380157
-0.0379741
-0.0379318
-0.0378885
-0.0378447
-0.0378
-0.0377542
-0.0377081
-0.0376614
-0.037614
-0.0375659
-0.0375172
-0.037468
-0.037418
-0.0373674
-0.0373156
-0.0372637
-0.0372115
-0.037159
-0.0371055
-0.0370522
-0.0369981
-0.0369433
-0.0368878
-0.0368321
-0.0367759
-0.0367199
-0.0366641
-0.0366084
-0.0365528
-0.0364969
-0.0364407
-0.0363844
-0.0363279
-0.0362713
-0.0362147
-0.036158
-0.036101
-0.0360436
-0.0359861
-0.0359283
-0.0358706
-0.0358132
-0.0357559
-0.0356991
-0.0356424
-0.035586
-0.0355295
-0.0354728
-0.0354159
-0.0353597
-0.0353032
-0.0352469
-0.0351909
-0.0351355
-0.0350802
-0.0350251
-0.034971
-0.0349171
-0.0348635
-0.0348102
-0.0347787
-0.034727
-0.0344614
-0.0344161
-0.0343711
-0.0343262
-0.0342813
-0.0341412
-0.0340991
-0.0340569
-0.0340149
-0.0339703
-0.033929
-0.0338883
-0.0338481
-0.033808
-0.0337687
-0.0337294
-0.0336907
-0.0336523
-0.0336144
-0.0335769
-0.0335397
-0.0335034
-0.0334674
-0.0334319
-0.0333969
-0.0333624
-0.0333288
-0.0332956
-0.0332631
-0.0332311
-0.0331994
-0.0331684
-0.0331381
-0.0331086
-0.0330793
-0.0330504
-0.0330219
-0.0329935
-0.0329652
-0.0329373
-0.03291
-0.0328834
-0.0328575
-0.0328326
-0.0328078
-0.0327836
-0.0327592
-0.0327354
-0.032712
-0.0326643
-0.0326422
-0.0326208
-0.0326004
-0.0325802
-0.0325604
-0.0325412
-0.0325225
-0.0325043
-0.0324864
-0.032469
-0.0324523
-0.0324361
-0.0324206
-0.0329545
-0.0329521
-0.0329501
-0.032949
-0.0329486
-0.0329489
-0.0329497
-0.0329512
-0.0329533
-0.0329559
-0.0329592
-0.0329631
-0.0329681
-0.0329738
-0.0329806
-0.0329629
-0.032971
-0.0329797
-0.0329892
-0.0329995
-0.0330109
-0.0330234
-0.0330363
-0.0330498
-0.0330638
-0.0330786
-0.0330935
-0.0332906
-0.0333098
-0.0333296
-0.03335
-0.033371
-0.0333931
-0.0334158
-0.033439
-0.033463
-0.0334879
-0.0335134
-0.0335393
-0.0335661
-0.0335936
-0.0336216
-0.0336505
-0.0336804
-0.0337107
-0.0337422
-0.0337713
-0.0338041
-0.0338374
-0.0338717
-0.0339064
-0.0339414
-0.0339773
-0.0340139
-0.0340511
-0.0340888
-0.0341272
-0.0341663
-0.034206
-0.0342461
-0.0342866
-0.0343276
-0.0343692
-0.0344112
-0.0344648
-0.0345081
-0.0345521
-0.0345966
-0.0346417
-0.0346872
-0.0347331
-0.0347795
-0.0348265
-0.0348735
-0.0349208
-0.0349686
-0.0350167
-0.0350653
-0.0351146
-0.0351646
-0.0352149
-0.0352655
-0.0353166
-0.035368
-0.0354197
-0.0346878
-0.0347582
-0.0348284
-0.0348986
-0.0349682
-0.035038
-0.0351078
-0.0351776
-0.035247
-0.0353167
-0.0353866
-0.0354567
-0.0355264
-0.0355962
-0.0356656
-0.0357347
-0.0358037
-0.0358727
-0.0359421
-0.0360112
-0.035353
-0.0354311
-0.0355093
-0.0355871
-0.0356648
-0.0357425
-0.0358198
-0.035897
-0.0359739
-0.0360505
-0.036127
-0.0362065
-0.0362826
-0.0363584
-0.0364345
-0.0365103
-0.0365861
-0.0366619
-0.0367374
-0.0368126
-0.0368873
-0.0369618
-0.0370359
-0.0371102
-0.0371844
-0.0372585
-0.0365877
-0.0366769
-0.0367653
-0.036853
-0.0369403
-0.0370271
-0.037113
-0.0371983
-0.037283
-0.0373671
-0.0374506
-0.0375337
-0.0376162
-0.0376982
-0.0377797
-0.0378604
-0.0379404
-0.0380197
-0.0380984
-0.0381767
-0.0382544
-0.0383315
-0.0384554
-0.0385324
-0.0386088
-0.0386843
-0.0387591
-0.0388333
-0.0389067
-0.0389792
-0.0390512
-0.0391226
-0.0391935
-0.0392639
-0.0393335
-0.0394024
-0.0394705
-0.0395379
-0.0396045
-0.0396706
-0.039736
-0.0398008
-0.0398651
-0.0399284
-0.0399913
-0.0400532
-0.0401146
-0.0401753
-0.0402354
-0.0402946
-0.0403531
-0.0404111
-0.0404685
-0.0405248
-0.0405805
-0.0406353
-0.0406894
-0.0407427
-0.0407951
-0.0408468
-0.0408978
-0.0409479
-0.040099
-0.0401621
-0.040224
-0.0402849
-0.0403447
-0.0404034
-0.0404611
-0.0405178
-0.0405734
-0.0406281
-0.0406819
-0.0407347
-0.0407867
-0.0408377
-0.0408878
-0.0409397
-0.0409877
-0.0410346
-0.0410806
-0.0411255
-0.0411693
-0.0412121
-0.041254
-0.041215
-0.0412567
-0.0412973
-0.0413368
-0.0413752
-0.0414127
-0.0414492
-0.0414847
-0.0415191
-0.0415524
-0.0415846
-0.0416159
-0.041646
-0.0416753
-0.0417034
-0.0417305
-0.0417565
-0.0417814
-0.0418053
-0.0418281
-0.0418498
-0.0418704
-0.0418901
-0.0419087
-0.0419263
-0.0419427
-0.0419581
-0.0420573
-0.0420724
-0.0420864
-0.0420993
-0.0421111
-0.042122
-0.0421318
-0.0421407
-0.0421485
-0.0421554
-0.0421613
-0.0421662
-0.0421701
-0.042173
-0.0421747
-0.0421754
-0.0421752
-0.0421738
-0.0421714
-0.042168
-0.0421635
-0.042158
-0.0421515
-0.0421438
-0.0421352
-0.0421256
-0.0421149
-0.0421032
-0.0420904
-0.0420767
-0.042062
-0.0420462
-0.0420294
-0.0420116
-0.0419928
-0.0419729
-0.041952
-0.0419301
-0.0419072
-0.0418832
-0.0418581
-0.041832
-0.0418047
-0.0417763
-0.0417472
-0.0417172
-0.041686
-0.0416539
-0.0416208
-0.0415867
-0.0415518
-0.0415159
-0.041479
-0.0414411
-0.041171
-0.0411366
-0.041101
-0.0410645
-0.041027
-0.0409883
-0.0409487
-0.040908
-0.0408664
-0.0408238
-0.0407799
-0.0407351
-0.0406892
-0.0406422
-0.0405942
-0.0405453
-0.0404953
-0.0404444
-0.0403924
-0.0403394
-0.0402855
-0.0402308
-0.0401752
-0.0401187
-0.0400634
-0.0400047
-0.0397731
-0.0397159
-0.0396578
-0.0395989
-0.0395389
-0.0394778
-0.0394157
-0.0393524
-0.0392881
-0.0392228
-0.0391564
-0.039089
-0.0390209
-0.0389523
-0.0388827
-0.038812
-0.0387404
-0.038668
-0.0385948
-0.0385208
-0.0384457
-0.0383698
-0.0382928
-0.038215
-0.0381364
-0.0380569
-0.0379763
-0.0378949
-0.0378129
-0.0377302
-0.0376465
-0.0375616
-0.0374757
-0.0373889
-0.0373014
-0.0372131
-0.0371241
-0.0370342
-0.0369437
-0.0368522
-0.03676
-0.0366668
-0.0365732
-0.0364788
-0.0363837
-0.036288
-0.0361917
-0.0360947
-0.035997
-0.0358986
-0.0357992
-0.0356991
-0.0355982
-0.035497
-0.0353952
-0.0352927
-0.0351896
-0.035086
-0.0349821
-0.0348775
-0.0347723
-0.0346663
-0.0345596
-0.0344525
-0.0343451
-0.0342375
-0.0341291
-0.0340205
-0.0339113
-0.0338013
-0.0174084
-0.00125179
-0.000135334
-8.16921e-06
-2.84852e-06
-6.3931e-07
-5.03072e-08
8.95367e-07
3.03853e-06
2.40349e-06
-4.83627e-06
-0.000137624
-0.000870976
-0.00248916
-0.00474314
-0.00777743
-0.0104809
-0.0154008
-0.0201981
-0.0269332
-0.0342204
-0.0407747
-0.0465799
-0.0513815
-0.0551359
-0.0580661
-0.060068
-0.0617937
-0.0631044
-0.0641045
-0.0648724
-0.0654653
-0.0659254
-0.0661936
-0.0664789
-0.0665505
-0.0667311
-0.0668689
-0.0669716
-0.0670453
-0.0670947
-0.0671236
-0.0671351
-0.0671317
-0.0671152
-0.0670873
-0.0670494
-0.0670023
-0.0669473
-0.066885
-0.0668159
-0.066741
-0.0666604
-0.0665745
-0.066484
-0.0663894
-0.0662906
-0.0661881
-0.066082
-0.0659729
-0.0658608
-0.065746
-0.0656284
-0.0655083
-0.0653858
-0.0647481
-0.0646405
-0.0645305
-0.064418
-0.0643032
-0.0641865
-0.0640308
-0.0640022
-0.0638832
-0.0637628
-0.0636407
-0.0635171
-0.0633922
-0.063266
-0.0631385
-0.0630098
-0.0628801
-0.0627493
-0.0626174
-0.0624849
-0.0625951
-0.0624695
-0.0623434
-0.0622165
-0.0620887
-0.0619607
-0.0619936
-0.0618665
-0.0617387
-0.0616104
-0.0614815
-0.0613523
-0.0612226
-0.0610925
-0.0609622
-0.0608317
-0.0607007
-0.0605696
-0.0604383
-0.0603068
-0.0601751
-0.0600429
-0.0599105
-0.0597783
-0.0596458
-0.0597766
-0.059795
-0.0596741
-0.0595535
-0.0594327
-0.0593117
-0.0591905
-0.0590691
-0.0589475
-0.058826
-0.0587043
-0.0585826
-0.0584608
-0.0583388
-0.058217
-0.0580949
-0.0579726
-0.0578503
-0.0576301
-0.0575083
-0.0573862
-0.0572637
-0.057141
-0.0570181
-0.0568948
-0.0567708
-0.0566466
-0.0565497
-0.0564251
-0.0563002
-0.0561748
-0.0560489
-0.0559226
-0.0557958
-0.0556682
-0.0555398
-0.0554108
-0.0552812
-0.0551509
-0.05502
-0.0548884
-0.0547556
-0.0546219
-0.0544874
-0.0543522
-0.0542162
-0.054079
-0.0539408
-0.0538018
-0.0536617
-0.0535208
-0.0533788
-0.0532357
-0.0530915
-0.0529461
-0.0527995
-0.0526515
-0.0525026
-0.0523527
-0.0522017
-0.0524547
-0.0523158
-0.0521761
-0.0520355
-0.0518939
-0.0517515
-0.0516081
-0.051464
-0.0513191
-0.0511736
-0.0510271
-0.0508798
-0.0507317
-0.0505829
-0.0504334
-0.050283
-0.0501318
-0.0499803
-0.0498282
-0.0496754
-0.0495216
-0.0493674
-0.0492126
-0.0490575
-0.0489019
-0.0487458
-0.04843
-0.0482738
-0.0481171
-0.0479598
-0.0478019
-0.0476437
-0.0474852
-0.0473265
-0.0471676
-0.0470859
-0.04609
-0.0459579
-0.0458246
-0.0456901
-0.0455546
-0.045418
-0.0452804
-0.0451421
-0.0450032
-0.0448635
-0.0447233
-0.0445822
-0.0444407
-0.0442987
-0.0441559
-0.0440126
-0.0438689
-0.0437249
-0.0435802
-0.0434355
-0.0432905
-0.0431451
-0.0429992
-0.0429055
-0.0427601
-0.0426144
-0.0424687
-0.0423227
-0.0421768
-0.0420307
-0.041885
-0.0417393
-0.0415936
-0.0414482
-0.0413029
-0.0411575
-0.0410125
-0.0408678
-0.0407232
-0.0405787
-0.0404345
-0.0402908
-0.0401473
-0.040004
-0.0398613
-0.0397191
-0.0395773
-0.0387765
-0.0386521
-0.0385279
-0.0384042
-0.0382809
-0.0381578
-0.0380352
-0.037913
-0.0377912
-0.0376701
-0.0375494
-0.0377117
-0.0375982
-0.0374853
-0.0373728
-0.037261
-0.0371499
-0.0370392
-0.036929
-0.0368197
-0.0367111
-0.036603
-0.0364955
-0.0363884
-0.036282
-0.0361762
-0.0360709
-0.0359664
-0.0358627
-0.0357596
-0.0356576
-0.0355564
-0.0354562
-0.0353568
-0.035258
-0.0351601
-0.0350629
-0.0349665
-0.0348712
-0.0347768
-0.0346832
-0.0345906
-0.034499
-0.034408
-0.0343177
-0.0342282
-0.0341395
-0.0340519
-0.0339652
-0.0338794
-0.0337942
-0.0337097
-0.0336262
-0.0335435
-0.0334613
-0.03338
-0.0332996
-0.0332199
-0.0331413
-0.0330636
-0.0329865
-0.0329102
-0.0328349
-0.0327605
-0.0326869
-0.0326142
-0.0325421
-0.0324709
-0.0324006
-0.0323309
-0.0322621
-0.0321941
-0.0321269
-0.0320603
-0.0319945
-0.0319293
-0.0318649
-0.0318012
-0.031738
-0.0316757
-0.0316139
-0.0315527
-0.0314922
-0.0314326
-0.0313735
-0.0313152
-0.0315393
-0.0315154
-0.0314654
-0.0314162
-0.0313675
-0.0313193
-0.0312718
-0.031225
-0.0311789
-0.0311334
-0.0310887
-0.0310446
-0.0310012
-0.0309585
-0.0309165
-0.0308749
-0.0308341
-0.0307938
-0.0307541
-0.030715
-0.0306766
-0.0306386
-0.0300846
-0.0300576
-0.030031
-0.0300047
-0.0299788
-0.0299532
-0.029928
-0.0299033
-0.0298788
-0.0298546
-0.0298308
-0.0298072
-0.0297839
-0.0297609
-0.0296495
-0.0296282
-0.0296072
-0.0295864
-0.0295657
-0.0295453
-0.0295253
-0.0295054
-0.0294857
-0.0294662
-0.0294469
-0.0294278
-0.0294088
-0.0293901
-0.0293717
-0.0293534
-0.0293353
-0.0293172
-0.0292992
-0.0292815
-0.029264
-0.0292195
-0.0292025
-0.0291856
-0.0291689
-0.0291521
-0.0291846
-0.0291685
-0.0291524
-0.0291364
-0.0291206
-0.0291048
-0.0290891
-0.0290735
-0.0290579
-0.0290424
-0.029027
-0.0290116
-0.0289961
-0.0289807
-0.0289653
-0.02895
-0.0289347
-0.0289194
-0.0289041
-0.0288889
-0.0288736
-0.0288583
-0.0288429
-0.0288274
-0.0288119
-0.0287965
-0.0291708
-0.0291625
-0.0291543
-0.0291461
-0.029138
-0.0291299
-0.029122
-0.029114
-0.0291061
-0.0290981
-0.0290902
-0.0290823
-0.0290744
-0.0290666
-0.0290588
-0.029051
-0.0290433
-0.0290355
-0.0290277
-0.0290199
-0.0290122
-0.0290044
-0.0289967
-0.028989
-0.0289812
-0.0289734
-0.0289656
-0.0289578
-0.0289499
-0.0289421
-0.0289342
-0.0289262
-0.0289182
-0.0289102
-0.0288798
-0.028872
-0.0288642
-0.0288563
-0.0288484
-0.0288404
-0.0288323
-0.0288243
-0.0288161
-0.0288079
-0.0287997
-0.0287914
-0.0287831
-0.0287748
-0.0287666
-0.0287583
-0.02875
-0.0287416
-0.0287332
-0.0287335
-0.028725
-0.0287165
-0.0287079
-0.0285577
-0.0285506
-0.0285434
-0.0285362
-0.0285289
-0.0285215
-0.0285139
-0.0285063
-0.0278116
-0.0278165
-0.0278211
-0.0278254
-0.0278293
-0.027833
-0.0278364
-0.0278396
-0.0278424
-0.0278451
-0.0278474
-0.0278494
-0.0278511
-0.0278526
-0.0278537
-0.0278547
-0.0278554
-0.0278559
-0.0278561
-0.027856
-0.0278558
-0.0278554
-0.0278547
-0.0278538
-0.0278527
-0.0278513
-0.0278497
-0.0278478
-0.0278457
-0.0278434
-0.0278409
-0.0278382
-0.0278353
-0.0278323
-0.0278291
-0.0278257
-0.0278222
-0.0278185
-0.0278146
-0.0278106
-0.0278064
-0.027802
-0.0277974
-0.0277926
-0.0277877
-0.0278959
-0.0278921
-0.0278881
-0.027884
-0.0278798
-0.0278754
-0.027871
-0.0278665
-0.0278618
-0.0278569
-0.027852
-0.0278469
-0.0278418
-0.0278365
-0.027831
-0.0278255
-0.0278199
-0.0278142
-0.0278082
-0.0278023
-0.0277962
-0.02779
-0.0277838
-0.0277775
-0.0277713
-0.0277649
-0.0277584
-0.027511
-0.0275078
-0.0275045
-0.0275011
-0.0274975
-0.0274938
-0.0274899
-0.0274859
-0.0274817
-0.0274775
-0.0274731
-0.0275587
-0.0275547
-0.0275505
-0.0275463
-0.027542
-0.0275376
-0.0275331
-0.0275285
-0.0275239
-0.0275192
-0.0275143
-0.0275095
-0.0275046
-0.0274996
-0.0274946
-0.0274895
-0.0274843
-0.027479
-0.0274735
-0.0274681
-0.0274627
-0.0274571
-0.0274515
-0.0274459
-0.0274402
-0.0274345
-0.0277266
-0.0277251
-0.0277237
-0.0277223
-0.027721
-0.0277197
-0.0277184
-0.027717
-0.027639
-0.0276385
-0.027638
-0.0276376
-0.0276371
-0.0276367
-0.0276362
-0.0276358
-0.0276354
-0.027635
-0.0276347
-0.0276344
-0.0276341
-0.0276339
-0.0276337
-0.0276335
-0.0276334
-0.0276332
-0.0276332
-0.0276332
-0.0276331
-0.0276332
-0.0276333
-0.0276334
-0.0276335
-0.0276337
-0.027634
-0.0276342
-0.0276346
-0.0276349
-0.0276353
-0.0276357
-0.0276362
-0.0276368
-0.0276375
-0.0276383
-0.0276392
-0.02764
-0.0276409
-0.0276419
-0.0276429
-0.027644
-0.0276452
-0.0276464
-0.0276477
-0.0276491
-0.0276505
-0.027652
-0.0276536
-0.0276551
-0.0276567
-0.0276583
-0.0276601
-0.0276618
-0.0276636
-0.0276655
-0.0276675
-0.0276696
-0.0276717
-0.0276739
-0.0276762
-0.0276786
-0.0276809
-0.0276833
-0.0276859
-0.0276885
-0.0276912
-0.027694
-0.0276967
-0.0276995
-0.0277023
-0.0277052
-0.0277081
-0.0277112
-0.0277143
-0.0277175
-0.0277208
-0.0277242
-0.0277277
-0.0277312
-0.0277347
-0.0277383
-0.027742
-0.0277458
-0.0277496
-0.0277535
-0.0277574
-0.0277614
-0.0277655
-0.0277696
-0.0277738
-0.0277781
-0.0277824
-0.0277868
-0.0277912
-0.0277957
-0.0278004
-0.0278051
-0.0277807
-0.0277858
-0.0277908
-0.0277959
-0.027801
-0.0278062
-0.0278113
-0.0278164
-0.0278216
-0.0278268
-0.0278321
-0.0278374
-0.0278427
-0.0278481
-0.0278536
-0.0278593
-0.0278648
-0.0278706
-0.0278763
-0.0278821
-0.027888
-0.027894
-0.0279
-0.0276461
-0.027656
-0.0276659
-0.0276758
-0.0276857
-0.0276954
-0.0277053
-0.0277151
-0.0277247
-0.0277343
-0.027744
-0.0277536
-0.0277631
-0.0277726
-0.0277822
-0.0277918
-0.0278014
-0.0278109
-0.0278203
-0.0278298
-0.0278393
-0.0278489
-0.0278585
-0.0278681
-0.0278776
-0.0278871
-0.0278964
-0.0279058
-0.027915
-0.0279243
-0.0279336
-0.0279428
-0.0279519
-0.027961
-0.0279702
-0.0279794
-0.0279884
-0.0279972
-0.028006
-0.0280147
-0.0280235
-0.0280325
-0.0280414
-0.0280503
-0.0280592
-0.028068
-0.028077
-0.0280861
-0.0280951
-0.0281042
-0.0281133
-0.0281223
-0.0281312
-0.02814
-0.0281486
-0.0281573
-0.0281661
-0.0281748
-0.0281833
-0.0281917
-0.0282
-0.0282081
-0.0282161
-0.0282242
-0.0282323
-0.0282403
-0.0282482
-0.028256
-0.0282639
-0.0282717
-0.0282794
-0.0282873
-0.0282952
-0.0283032
-0.0283113
-0.0283193
-0.0283273
-0.0283353
-0.0283434
-0.0283515
-0.0283594
-0.0283672
-0.0283748
-0.0283825
-0.02839
-0.0283975
-0.0284049
-0.0284122
-0.0284195
-0.0284269
-0.0284341
-0.0284414
-0.0284485
-0.0284556
-0.0284628
-0.02847
-0.028477
-0.0284839
-0.028491
-0.0284978
-0.0285046
-0.0285114
-0.0285181
-0.0285247
-0.0285311
-0.0285376
-0.0285439
-0.02855
-0.028556
-0.0285619
-0.0285678
-0.0285736
-0.0285795
-0.0285857
-0.0285917
-0.0285976
-0.0286034
-0.0286094
-0.0286153
-0.028621
-0.0286267
-0.0285834
-0.0285892
-0.0285952
-0.0286011
-0.0286069
-0.0286126
-0.0286183
-0.0286242
-0.0286298
-0.0286353
-0.028641
-0.0286463
-0.0286515
-0.0286567
-0.0286618
-0.0286669
-0.028672
-0.028677
-0.0286819
-0.0286865
-0.0286912
-0.0286958
-0.0287006
-0.0287051
-0.0287096
-0.0287599
-0.0287644
-0.0287688
-0.028773
-0.0287771
-0.0287812
-0.0287854
-0.0287893
-0.0287932
-0.0287702
-0.0287744
-0.0287786
-0.0287827
-0.0287868
-0.0287908
-0.0287948
-0.0287989
-0.0288028
-0.0288065
-0.0288102
-0.0288138
-0.0288174
-0.0288212
-0.0288249
-0.0288282
-0.0288315
-0.0288347
-0.0288378
-0.0288409
-0.028844
-0.0288473
-0.0288502
-0.028853
-0.0288556
-0.0288583
-0.0288609
-0.0288633
-0.0288657
-0.0288679
-0.0288698
-0.0288718
-0.0288737
-0.0288756
-0.0288776
-0.0288793
-0.0288811
-0.0288826
-0.0288839
-0.0288852
-0.0288864
-0.0288876
-0.0288887
-0.0288897
-0.0288907
-0.0284895
-0.0284953
-0.0285011
-0.028507
-0.0285128
-0.0285182
-0.0285237
-0.0285292
-0.0285345
-0.0285395
-0.0285444
-0.028549
-0.0285534
-0.0285578
-0.028562
-0.0285663
-0.0285704
-0.0285743
-0.0285781
-0.0285816
-0.0285848
-0.028588
-0.0285912
-0.0285944
-0.0285974
-0.0286004
-0.0285137
-0.0285166
-0.0285194
-0.0285866
-0.0285899
-0.028593
-0.028596
-0.0285902
-0.028593
-0.0285957
-0.0285984
-0.0286011
-0.0286036
-0.0286062
-0.0286084
-0.0286105
-0.0286121
-0.0286139
-0.0286154
-0.0286169
-0.0286182
-0.0286194
-0.0286206
-0.0286217
-0.0286227
-0.0286235
-0.0286243
-0.028625
-0.0286256
-0.0286262
-0.0286269
-0.0286275
-0.0286278
-0.0286281
-0.0286281
-0.0286279
-0.0286276
-0.0286273
-0.0286269
-0.0286264
-0.0286259
-0.0286251
-0.0286243
-0.0286233
-0.0286222
-0.0286209
-0.0283424
-0.0283436
-0.0283445
-0.0283453
-0.0283461
-0.0283468
-0.0283475
-0.028348
-0.0283483
-0.0283485
-0.0283486
-0.0283485
-0.0283483
-0.0283481
-0.0283477
-0.0283472
-0.0283465
-0.0283457
-0.0283449
-0.0283439
-0.0283429
-0.0283417
-0.0283404
-0.028339
-0.0283376
-0.0283359
-0.0283343
-0.0283324
-0.0283305
-0.0283285
-0.0283266
-0.0283247
-0.0283225
-0.0283201
-0.0283177
-0.0283151
-0.0283122
-0.0283093
-0.0283062
-0.028303
-0.0282997
-0.0282964
-0.0228912
-0.0115827
-0.00338521
-0.00188499
-0.00100941
-0.000371024
-0.000138958
-1.13644e-06
-7.26083e-07
-4.2636e-07
-2.32519e-07
-1.3038e-07
-6.26262e-08
-2.63889e-08
-1.56687e-08
-1.35625e-08
-1.17668e-08
-1.03129e-08
-8.80686e-09
-7.64044e-09
-6.18253e-09
-5.16701e-09
-4.2307e-09
-3.45635e-09
-2.83683e-09
-2.35564e-09
-1.98699e-09
-1.70548e-09
-1.48981e-09
-1.30588e-09
-1.15576e-09
-1.05873e-09
-9.81576e-10
-9.19601e-10
-8.69278e-10
-8.28015e-10
-7.9388e-10
-7.65431e-10
-7.41503e-10
-7.21228e-10
-7.03966e-10
-6.89149e-10
-5.68597e-10
-4.07234e-10
-4.07323e-10
-4.07352e-10
-4.07342e-10
-4.07292e-10
-4.0721e-10
-4.07088e-10
-4.06934e-10
-4.06754e-10
-4.06546e-10
-4.06316e-10
-4.06075e-10
-4.05818e-10
-4.05538e-10
-4.05245e-10
-4.04945e-10
-4.04633e-10
-4.04315e-10
-4.03983e-10
-4.03649e-10
-4.03306e-10
-4.02967e-10
-4.02626e-10
-4.0228e-10
-4.01922e-10
-4.01564e-10
-4.01205e-10
-4.00833e-10
-4.00471e-10
-4.00092e-10
-3.99704e-10
-3.99322e-10
-3.98934e-10
-3.98539e-10
-3.98146e-10
-3.97757e-10
-3.97374e-10
-3.96996e-10
-3.96607e-10
-3.96213e-10
-3.95814e-10
-3.95407e-10
-3.94996e-10
-3.94587e-10
-3.94176e-10
-3.93759e-10
-3.9335e-10
-3.92929e-10
-3.92497e-10
-3.92061e-10
-3.91615e-10
-3.91167e-10
-3.9072e-10
-3.90287e-10
-3.89851e-10
-3.89408e-10
-3.88977e-10
-3.88551e-10
-3.88127e-10
-3.8769e-10
-3.87263e-10
-3.86825e-10
-3.86377e-10
-3.85926e-10
-3.85466e-10
-3.84997e-10
-3.84525e-10
-3.84051e-10
-3.83579e-10
-3.83117e-10
-3.82646e-10
-3.82189e-10
-3.81721e-10
-3.81258e-10
-3.80782e-10
-3.80309e-10
-3.79844e-10
-3.79377e-10
-3.78915e-10
-3.78441e-10
-3.7796e-10
-3.77467e-10
-3.7698e-10
-3.76506e-10
-3.76027e-10
-3.75536e-10
-3.75034e-10
-3.74529e-10
-3.74012e-10
-3.73505e-10
-3.72998e-10
-3.72503e-10
-3.72011e-10
-3.71511e-10
-3.71005e-10
-3.70511e-10
-3.70029e-10
-3.69545e-10
-3.69056e-10
-3.68558e-10
-3.68041e-10
-3.67518e-10
-3.66983e-10
-3.66435e-10
-3.65899e-10
-3.65365e-10
-3.64815e-10
-3.6426e-10
-3.6369e-10
-3.63118e-10
-3.62541e-10
-3.61971e-10
-3.61396e-10
-3.60845e-10
-3.60308e-10
-3.59766e-10
-3.59224e-10
-3.58686e-10
-3.58142e-10
-3.57597e-10
-3.57052e-10
-3.56509e-10
-3.55971e-10
-3.55416e-10
-3.54863e-10
-3.54311e-10
-3.53756e-10
-3.53189e-10
-3.5261e-10
-3.52016e-10
-3.51438e-10
-3.50844e-10
-3.50258e-10
-3.49682e-10
-3.49116e-10
-3.48542e-10
-3.47963e-10
-3.4738e-10
-3.46789e-10
-3.46191e-10
-3.45587e-10
-3.44979e-10
-3.44358e-10
-3.43731e-10
-3.43097e-10
-3.42457e-10
-3.41832e-10
-3.41199e-10
-3.40574e-10
-3.3995e-10
-3.39317e-10
-3.38671e-10
-3.38042e-10
-3.37422e-10
-3.36782e-10
-3.3612e-10
-3.35464e-10
-3.34794e-10
-3.34131e-10
-3.33448e-10
-3.32787e-10
-3.3213e-10
-3.31466e-10
-3.30782e-10
-3.30097e-10
-3.29413e-10
-3.28742e-10
-3.2807e-10
-3.27414e-10
-3.26739e-10
-3.2606e-10
-3.25353e-10
-3.24633e-10
-3.23892e-10
-3.23154e-10
-3.2244e-10
-3.21723e-10
-3.21013e-10
-3.20299e-10
-3.19599e-10
-3.18889e-10
-3.18176e-10
-3.17475e-10
-3.16789e-10
-3.16107e-10
-3.15425e-10
-3.14736e-10
-3.14025e-10
-3.13323e-10
-3.12601e-10
-3.1188e-10
-3.11158e-10
-3.10434e-10
-3.09718e-10
-3.08986e-10
-3.08246e-10
-3.07503e-10
-3.06761e-10
-3.06008e-10
-3.05237e-10
-3.04495e-10
-3.0374e-10
-3.02981e-10
-3.02223e-10
-3.01456e-10
-3.00692e-10
-2.99925e-10
-2.9915e-10
-2.9839e-10
-2.9763e-10
-2.96859e-10
-2.96095e-10
-2.95311e-10
-2.94496e-10
-2.93676e-10
-2.92862e-10
-2.92061e-10
-2.91288e-10
-2.90495e-10
-2.8971e-10
-2.88947e-10
-2.88149e-10
-2.87354e-10
-2.86571e-10
-2.85779e-10
-2.84968e-10
-2.84147e-10
-2.83307e-10
-2.8247e-10
-2.81621e-10
-2.80778e-10
-2.79959e-10
-2.79153e-10
-2.78315e-10
-2.7749e-10
-2.76653e-10
-2.75806e-10
-2.74947e-10
-2.7407e-10
-2.73212e-10
-2.72358e-10
-2.71519e-10
-2.70705e-10
-2.699e-10
-2.6907e-10
-2.68222e-10
-2.67376e-10
-2.66522e-10
-2.6568e-10
-2.64842e-10
-2.64013e-10
-2.63169e-10
-2.62327e-10
-2.61499e-10
-2.6069e-10
-2.59836e-10
-2.58961e-10
-2.58103e-10
-2.57212e-10
-2.56322e-10
-2.55438e-10
-2.54553e-10
-2.53671e-10
-2.52771e-10
-2.51871e-10
-2.50961e-10
-2.5005e-10
-2.49152e-10
-2.48286e-10
-2.47396e-10
-2.4652e-10
-2.45597e-10
-2.44677e-10
-2.43738e-10
-2.42805e-10
-2.41858e-10
-2.40926e-10
-2.3998e-10
-2.39074e-10
-2.38159e-10
-2.3725e-10
-2.36354e-10
-2.35431e-10
-2.34492e-10
-2.33528e-10
-2.3257e-10
-2.31618e-10
-2.30639e-10
-2.2969e-10
-2.28727e-10
-2.27765e-10
-2.26798e-10
-2.2581e-10
-2.24803e-10
-2.23796e-10
-2.22831e-10
-2.21848e-10
-2.20847e-10
-2.19844e-10
-2.18869e-10
-2.1788e-10
-2.169e-10
-2.15914e-10
-2.14957e-10
-2.1402e-10
-2.13083e-10
-2.12146e-10
-2.11185e-10
-2.10199e-10
-2.0925e-10
-2.08331e-10
-2.07398e-10
-2.06463e-10
-2.0552e-10
-2.04558e-10
-2.03576e-10
-2.02604e-10
-2.01647e-10
-2.00667e-10
-1.99673e-10
-1.98679e-10
-1.9766e-10
-1.96642e-10
-1.95636e-10
-1.94641e-10
-1.93639e-10
-1.92659e-10
-1.91668e-10
-1.90671e-10
-1.89684e-10
-1.88717e-10
-1.87754e-10
-1.86785e-10
-2.11201e-10
-1.90621e-09
-6.20817e-08
-2.43591e-07
4.88963e-07
4.30309e-06
3.92672e-05
0.000116725
0.000253504
0.00041412
0.000553377
0.000245636
-0.000271204
-0.00122078
-0.0021053
-0.00382621
-0.00501535
-0.00727282
-0.0089286
-0.0111587
-0.0126547
-0.0139421
-0.0150261
-0.0159265
-0.0167479
-0.0173561
-0.0178515
-0.0188003
-0.0192049
-0.0195829
-0.0199009
-0.0201585
-0.0203839
-0.0206506
-0.0208294
-0.020984
-0.0211148
-0.0212209
-0.0213022
-0.021522
-0.0215541
-0.0215645
-0.0215554
-0.021529
-0.021488
-0.0212718
-0.0212138
-0.0211533
-0.0210922
-0.0210329
-0.0209769
-0.0209252
-0.0208788
-0.0208377
-0.0208024
-0.0207737
-0.0207521
-0.0207372
-0.0207302
-0.0207305
-0.0207381
-0.0207529
-0.0207749
-0.0208024
-0.0208348
-0.0208714
-0.0209114
-0.0211165
-0.0211581
-0.0211996
-0.0212408
-0.0212808
-0.0213192
-0.0213562
-0.0213922
-0.0214262
-0.0214585
-0.0214897
-0.0215201
-0.0215495
-0.0215784
-0.0216074
-0.0216756
-0.021706
-0.0217371
-0.0217684
-0.0218007
-0.0218342
-0.0218689
-0.0219046
-0.0219411
-0.0219784
-0.0220158
-0.0220538
-0.0220925
-0.0221318
-0.0221713
-0.0222117
-0.0222524
-0.022293
-0.0223337
-0.0223746
-0.0224162
-0.0224579
-0.0224992
-0.0225403
-0.0225815
-0.0226226
-0.0226638
-0.0227047
-0.022745
-0.0227855
-0.0228264
-0.0228674
-0.0229084
-0.0229492
-0.0229899
-0.0230307
-0.0230717
-0.0231123
-0.0231529
-0.0231936
-0.0232338
-0.0232741
-0.023314
-0.0237614
-0.0237978
-0.0238345
-0.0238709
-0.0239081
-0.0239451
-0.0239824
-0.0240195
-0.0240564
-0.0240934
-0.0241304
-0.0241676
-0.0242049
-0.0242424
-0.0242797
-0.024317
-0.0243543
-0.0243918
-0.024429
-0.024466
-0.0245028
-0.0245394
-0.0245757
-0.0246123
-0.0246488
-0.024685
-0.0247213
-0.0247574
-0.0247931
-0.0248288
-0.0248645
-0.0248999
-0.0249353
-0.0249633
-0.0250031
-0.025038
-0.0250726
-0.025107
-0.0251413
-0.0251751
-0.0252089
-0.0252424
-0.0252758
-0.0253093
-0.0253425
-0.0253754
-0.0254079
-0.0254401
-0.0254723
-0.0255046
-0.0255364
-0.0255679
-0.025599
-0.02563
-0.0256608
