0
-0.0803289
-0.0813906
-0.0823285
-0.0831559
-0.0838852
-0.0845271
-0.0871526
-0.0878209
-0.0884301
-0.0889861
-0.0894943
-0.0899591
-0.0903847
-0.0907743
-0.0911314
-0.0913802
-0.0917559
-0.0920255
-0.0922732
-0.0925008
-0.0927099
-0.0929023
-0.0930794
-0.0932425
-0.0933928
-0.0935312
-0.0936589
-0.0937768
-0.0938853
-0.0939855
-0.0940778
-0.0941629
-0.0942414
-0.094314
-0.094381
-0.0944427
-0.0944998
-0.0945532
-0.0946036
-0.0946516
-0.0946976
-0.0947419
-0.0948569
-0.0948997
-0.0949413
-0.0949815
-0.0950206
-0.0950585
-0.0950952
-0.0951308
-0.0951657
-0.0951999
-0.0952332
-0.0952659
-0.095298
-0.0953296
-0.0953609
-0.0953918
-0.0954223
-0.0954526
-0.0954827
-0.0954025
-0.0954333
-0.0954642
-0.0954951
-0.0955262
-0.0955572
-0.0955882
-0.0956191
-0.0956496
-0.0956795
-0.0957088
-0.0957373
-0.0957648
-0.0957911
-0.095816
-0.0958394
-0.0958609
-0.0958803
-0.0958975
-0.0959123
-0.0959245
-0.0962016
-0.0962088
-0.0962129
-0.0962137
-0.0962113
-0.0962053
-0.0961957
-0.0961822
-0.0961649
-0.0961437
-0.0961186
-0.0960895
-0.0960564
-0.0960192
-0.0959777
-0.0959318
-0.0958817
-0.095827
-0.0957678
-0.0957041
-0.0956359
-0.095563
-0.0954851
-0.0954026
-0.0953152
-0.095223
-0.0951258
-0.0950238
-0.0949169
-0.0948051
-0.0946168
-0.0938122
-0.0936675
-0.093517
-0.0933612
-0.0931999
-0.093033
-0.0928607
-0.0926828
-0.0924993
-0.0923106
-0.0921166
-0.0919171
-0.0917122
-0.0915018
-0.0912859
-0.0910646
-0.0908379
-0.0906056
-0.090368
-0.0901251
-0.0898769
-0.0896235
-0.0893645
-0.0891004
-0.0888312
-0.0885565
-0.0881489
-0.0878669
-0.0875798
-0.0872877
-0.0869904
-0.0866879
-0.0863805
-0.0860679
-0.0857503
-0.0854277
-0.0857097
-0.0853852
-0.0850561
-0.0847223
-0.0843838
-0.0840406
-0.0836926
-0.08334
-0.0829829
-0.0826213
-0.0822556
-0.0818858
-0.0815118
-0.0811336
-0.0807513
-0.0803648
-0.079176
-0.0787648
-0.0783496
-0.0779305
-0.0775079
-0.0770814
-0.0766512
-0.0762176
-0.0757807
-0.0753405
-0.0748165
-0.0743692
-0.073919
-0.0734663
-0.0730105
-0.072552
-0.072091
-0.0716279
-0.0711626
-0.070695
-0.0702251
-0.0697525
-0.0692779
-0.0688016
-0.0683235
-0.0678437
-0.0673622
-0.0668796
-0.0668745
-0.0663817
-0.0658874
-0.0653923
-0.0648963
-0.0643996
-0.0639023
-0.0631367
-0.0626398
-0.0621428
-0.061646
-0.0611488
-0.060652
-0.0601552
-0.0596583
-0.0591611
-0.0586642
-0.0581678
-0.0576722
-0.0571776
-0.0566835
-0.0561902
-0.055698
-0.0552067
-0.0547166
-0.0541592
-0.0536707
-0.0531832
-0.0526974
-0.0522133
-0.0517306
-0.0496119
-0.0490985
-0.0485871
-0.0480774
-0.0475698
-0.0470645
-0.0465614
-0.0460606
-0.0455625
-0.0450664
-0.0445728
-0.0440816
-0.0435931
-0.0431072
-0.0426238
-0.042143
-0.0416649
-0.0411903
-0.0407188
-0.0402504
-0.0397852
-0.0393234
-0.0388651
-0.0384094
-0.0379573
-0.0375083
-0.0370623
-0.0366199
-0.0361803
-0.0357441
-0.0353106
-0.0348806
-0.0344535
-0.0340293
-0.0336089
-0.0331917
-0.0327778
-0.032367
-0.0319592
-0.0315547
-0.031154
-0.0307563
-0.0303624
-0.0299719
-0.0295852
-0.0292016
-0.0288208
-0.0284431
-0.0280696
-0.0276996
-0.0273331
-0.0266134
-0.0262494
-0.0258888
-0.0256095
-0.0252552
-0.0249047
-0.0245573
-0.0242127
-0.0238715
-0.0235341
-0.0232001
-0.0228694
-0.0225417
-0.0222171
-0.0218954
-0.0215768
-0.0212616
-0.0209499
-0.0206412
-0.0190014
-0.018712
-0.0184255
-0.0181427
-0.0178631
-0.0175875
-0.0173154
-0.0170462
-0.0167806
-0.0165179
-0.0162585
-0.016002
-0.0157483
-0.0154979
-0.0152504
-0.0150056
-0.0147633
-0.0145238
-0.0142874
-0.0140536
-0.0138227
-0.0135947
-0.0133691
-0.0131467
-0.0129266
-0.0127095
-0.0124953
-0.0122835
-0.0120745
-0.0118685
-0.0116653
-0.0114646
-0.0112661
-0.0110701
-0.0108758
-0.0106835
-0.010493
-0.0103045
-0.0101176
-0.00993279
-0.00974976
-0.0095691
-0.00939093
-0.00921525
-0.00904197
-0.00887054
-0.00870115
-0.00853306
-0.00836713
-0.00820315
-0.0080408
-0.0078799
-0.0077201
-0.00756231
-0.00740586
-0.00725112
-0.00709846
-0.00694721
-0.00679728
-0.00664919
-0.00650249
-0.00635778
-0.00621444
-0.00607283
-0.00593291
-0.00579395
-0.00565603
-0.00552023
-0.0053861
-0.00525322
-0.0051211
-0.00499016
-0.00486069
-0.00473236
-0.00460624
-0.00448111
-0.0043572
-0.00423551
-0.0041156
-0.00399697
-0.00388009
-0.00376417
-0.00364943
-0.00353639
-0.0034242
-0.00331323
-0.00320283
-0.00309386
-0.00298574
-0.00287912
-0.00277344
-0.00266863
-0.002565
-0.00246205
-0.00236016
-0.00225934
-0.00215998
-0.002062
-0.00196575
-0.00187046
-0.00177604
-0.00168275
-0.00159053
-0.00150009
-0.00141006
-0.0013207
-0.0012317
-0.00114403
-0.0010575
-0.000971932
-0.00088741
-0.000803945
-0.000801136
-0.000718982
-0.000638409
-0.000557851
-0.000477792
-0.000399422
-0.000321227
-0.000243281
-0.000166175
-9.08008e-05
-1.62501e-05
5.70337e-05
0.000130347
0.000203097
0.00027529
0.000347061
0.000418326
0.000487997
0.000556832
0.000624557
0.000691573
0.000758055
0.000823072
0.000888022
0.000953241
0.00101734
0.00108116
0.00114351
0.00120577
0.00126767
0.00132873
0.00138932
0.00144857
0.00150763
0.00156699
0.00162626
0.00168444
0.00174205
0.00179839
0.00185341
0.00190733
0.00196123
0.00201475
0.00206711
0.00211915
0.00217121
0.00222343
0.00227555
0.00232733
0.00237753
0.00242683
0.00247492
0.00252279
0.00257024
0.00261787
0.00266509
0.00271175
0.00275749
0.00280359
0.00284918
0.002895
0.00293985
0.0029849
0.00303005
0.00307456
0.00311817
0.00316194
0.00320525
0.00324769
0.0032899
0.00333116
0.00337165
0.00341198
0.0034524
0.00349248
0.00353127
0.00357035
0.00360874
0.00364592
0.00368248
0.00371849
0.00375361
0.00378813
0.00382227
0.00385607
0.00389025
0.00392522
0.00396018
0.0039945
0.00402875
0.00406217
0.00409568
0.00412937
0.00416337
0.00419716
0.00423046
0.00426353
0.00429637
0.00432809
0.004359
0.00439053
0.00442117
0.00445157
0.00448093
0.00451031
0.00453932
0.00456877
0.00459839
0.00462803
0.00465764
0.0046876
0.00471753
0.00474626
0.00477371
0.00480116
0.00482896
0.00485577
0.00488128
0.00490638
0.004932
0.00495644
0.00498064
0.00500405
0.00502818
0.00505306
0.00507781
0.00510226
0.005126
0.0051494
0.00517254
0.00519589
0.00521938
0.0052431
0.00526689
0.0052899
0.00531315
0.00533526
0.00535628
0.00537622
0.00539605
0.00541495
0.00543308
0.00545057
0.00546726
0.00548505
0.00550344
0.0055219
0.00554124
0.00556023
0.00557954
0.00559861
0.00561647
0.00563462
0.00565257
0.00567011
0.00568783
0.00570654
0.00572497
0.00574216
0.00575851
0.00577477
0.00579092
0.00580809
0.00582516
0.00584146
0.00585724
0.00587219
0.00588668
0.00590272
0.00591798
0.00593313
0.00594884
0.00596523
0.00598082
0.00599694
0.006012
0.00602638
0.00604027
0.00605441
0.00606912
0.00608494
0.00609971
0.00611458
0.0061284
0.00614231
0.00615537
0.00616977
0.00618309
0.00619686
0.00621097
0.00622511
0.00623928
0.00625415
0.00626815
0.00628252
0.00629759
0.00631316
0.00632936
0.00634598
0.00636331
0.00638031
0.00639746
0.00641274
0.0064264
0.00643861
0.00645006
0.00646166
0.00647342
0.00648397
0.00649567
0.00650732
0.00651971
0.00653062
0.0065424
0.00655424
0.00656646
0.00657827
0.00659111
0.00660228
0.00661332
0.0066238
0.00663468
0.00664562
0.00665592
0.00666629
0.00667568
0.00668395
0.00669355
0.00670168
0.00670883
0.00671783
0.0067265
0.00673621
0.00674451
0.00675216
0.00676137
0.00676971
0.00677702
0.00678392
0.00679119
0.00679919
0.0068067
0.00681474
0.00682193
0.00682804
0.00683517
0.00684336
0.00685337
0.00686443
0.00687499
0.00688639
0.00689854
0.00690981
0.00692129
0.00693209
0.00694369
0.00695355
0.0069624
0.0069713
0.00697908
0.00698637
0.006993
0.00700133
0.0070103
0.00701912
0.00702733
0.00703428
0.0070404
0.00704737
0.00705496
0.00706388
0.0070713
0.00707902
0.00708694
0.00709483
0.00710171
0.00710808
0.00711371
0.0071201
0.00712747
0.00713558
0.00714288
0.00715096
0.00715846
0.00716682
0.00717331
0.00717944
0.00718487
0.00719144
0.0071993
0.00720755
0.00721642
0.00722556
0.00723584
0.00724545
0.00725321
0.00726112
0.00726864
0.00727582
0.00728188
0.00728769
0.00729337
0.00729972
0.00730631
0.00731174
0.00731581
0.00731981
0.00732471
0.00733025
0.00733711
0.00734502
0.00735435
0.00736207
0.00736871
0.00737628
0.00738428
0.00739251
0.00740123
0.00741137
0.00742145
0.00743036
0.00743965
0.00744785
0.00745571
0.00746154
0.00746576
0.00747158
0.00747741
0.0074841
0.00749049
0.00749711
0.00750327
0.00750752
0.00751242
0.00751765
0.00752308
0.00752842
0.00753387
0.00754051
0.00754805
0.00755703
0.00756434
0.00757183
0.00758027
0.00758905
0.00759612
0.00760477
0.00761177
0.00761902
0.00762415
0.00762782
0.00762976
0.00763154
0.00763293
0.0076346
0.00763857
0.00764314
0.00764675
0.00764951
0.00765102
0.00765194
0.00765251
0.00765448
0.00765553
0.00765893
0.00766492
0.0076723
0.00767822
0.00768537
0.00769247
0.00770088
0.00770971
0.00771676
0.00772269
0.00772859
0.00773384
0.0077378
0.00774424
0.00775108
0.00775792
0.00776266
0.00776873
0.00777371
0.00778113
0.00778737
0.00779197
0.00779626
0.00779899
0.00801976
0.00802707
0.00803409
0.00804063
0.00804658
0.0080523
0.00805698
0.00805977
0.00806235
0.0080643
0.00806617
0.00806929
0.00807031
0.00807025
0.00807302
0.00807896
0.00808444
0.00808941
0.00809434
0.00810185
0.00811175
0.00811999
0.00812549
0.00813061
0.00813594
0.0081406
0.00814465
0.00815161
0.00815603
0.00816212
0.00816641
0.00816906
0.00817528
0.00817893
0.00818262
0.00818403
0.00818745
0.0081938
0.00820084
0.00820889
0.0082168
0.00822654
0.00823601
0.00824428
0.00825305
0.00826075
0.00826815
0.0082765
0.00828369
0.00829261
0.00830293
0.00831167
0.00832159
0.00833356
0.00834754
0.00835802
0.00836819
0.0083781
0.00838689
0.00839828
0.00840663
0.00841535
0.00842628
0.00843436
0.00844095
0.0084462
0.00845014
0.00845246
0.00845525
0.00845675
0.00845814
0.00845779
0.00845938
0.00846186
0.00846673
0.00847447
0.00847907
0.00848618
0.00849392
0.00850181
0.00850596
0.00851078
0.0085169
0.00852603
0.00853635
0.00854461
0.00854852
0.00855416
0.00856094
0.00857043
0.00857632
0.00858086
0.00858463
0.00858745
0.0085923
0.00860016
0.0086063
0.00861126
0.00861629
0.00862307
0.00862863
0.00863858
0.00864907
0.00866323
0.00867174
0.008683
0.00869431
0.0087039
0.00871413
0.00872235
0.00873167
0.00873735
0.00873898
0.00874252
0.00874188
0.00874167
0.00874127
0.00874447
0.00874863
0.00875452
0.00875662
0.00876494
0.00877084
0.00877505
0.00878047
0.00878369
0.0702897
0.0702889
0.0702917
0.0702991
0.0703158
0.0703395
0.0703699
0.0704084
0.070456
0.0705116
0.0705747
0.0706424
0.0707161
0.0707942
0.0708789
0.0709671
0.0710587
0.0711557
0.0712545
0.0713589
0.0714682
0.071582
0.071699
0.0718176
0.0719385
0.0720597
0.0721832
0.0723116
0.0724409
0.0725719
0.0727053
0.0728409
0.0729769
0.0731161
0.0732582
0.0734035
0.0735485
0.0736932
0.073837
0.0739816
0.0741267
0.074273
0.0744194
0.0745676
0.0747157
0.0748636
0.0750115
0.0751609
0.0753106
0.0754585
0.0756058
0.0757544
0.0759001
0.0760436
0.0761877
0.0763295
0.0764733
0.0766179
0.0767639
0.0769073
0.0770521
0.0771978
0.0774148
0.0775609
0.0777056
0.077847
0.0779866
0.0781231
0.0782569
0.0783904
0.0785222
0.0786554
0.0787895
0.078922
0.0790523
0.0791817
0.0793106
0.0794384
0.079566
0.0796931
0.0798158
0.0799385
0.0800578
0.080175
0.0802898
0.0804035
0.0805137
0.080621
0.0807275
0.0808316
0.0814335
0.0815462
0.0816547
0.0817627
0.0818675
0.0819686
0.0820683
0.0821657
0.0826291
0.0827268
0.0827687
0.0828616
0.082954
0.0830428
0.0831274
0.0832087
0.0832875
0.083363
0.0834385
0.0835118
0.0835835
0.0836517
0.083718
0.0837813
0.0838426
0.0838997
0.0839533
0.0837558
0.0838075
0.0838559
0.083903
0.0839457
0.0839842
0.08402
0.0840541
0.0840845
0.0841111
0.0842432
0.084265
0.0842833
0.0842985
0.0843095
0.0843181
0.0843233
0.0843236
0.0843206
0.0843138
0.0843022
0.0844365
0.0844211
0.0841802
0.0841604
0.0841363
0.0840048
0.0839761
0.0839435
0.0839069
0.0838664
0.0838213
0.0837719
0.0837728
0.083715
0.0836525
0.0835851
0.0835128
0.0834356
0.0833537
0.0832668
0.0831749
0.0830787
0.0829769
0.082869
0.0827561
0.0826385
0.0825148
0.0823859
0.0822499
0.0821097
0.0820608
0.0819085
0.0817496
0.0815846
0.0814111
0.0808897
0.0807146
0.0805322
0.079866
0.0796516
0.0794318
0.0792001
0.0799959
0.0798052
0.0796068
0.0794007
0.0791885
0.0789674
0.0787403
0.0785075
0.07827
0.0780221
0.0777671
0.0775039
0.0772334
0.0769525
0.0766641
0.0760465
0.0758229
0.0756615
0.0754917
0.0753126
0.0751243
0.0749261
0.0747187
0.0745003
0.0742741
0.0740399
0.073798
0.073548
0.073289
0.0730198
0.073178
0.0729195
0.0726553
0.0726496
0.0721081
0.0718612
0.0716097
0.0713952
0.0711345
0.0708684
0.0705263
0.0702578
0.0699895
0.0682092
0.0680685
0.0679177
0.0680243
0.06787
0.0677093
0.0675428
0.0673715
0.0671968
0.067019
0.066787
0.0666095
0.0664325
0.0662557
0.0660794
0.0659228
0.0657503
0.0655797
0.0654117
0.0652463
0.0650831
0.0649235
0.0643573
0.0642229
0.0639939
0.063867
0.0637417
0.0636183
0.0634968
0.0633776
0.0632608
0.0631458
0.0630326
0.0629211
0.0628113
0.062703
0.0622386
0.0621467
0.0620554
0.0620716
0.0619828
0.0618945
0.0618064
0.0617183
0.0616302
0.0615423
0.0614544
0.0613664
0.061278
0.061189
0.0615676
0.0614697
0.0613717
0.0612736
0.0611752
0.0610765
0.0609776
0.0608783
0.0607788
0.0606683
0.0605679
0.0603194
0.0602213
0.0601225
0.0600232
0.0599232
0.0598227
0.0597213
0.0596195
0.0595171
0.0594142
0.0593105
0.0592062
0.0591011
0.0589953
0.0588886
0.0587812
0.058673
0.0585641
0.0584545
0.0583443
0.0582333
0.0581216
0.0580092
0.0578961
0.0577822
0.0576676
0.0575522
0.0574361
0.0573192
0.0572015
0.0570833
0.056922
0.0568029
0.0566652
0.056545
0.0564241
0.0563026
0.0561806
0.0560577
0.0559339
0.0558095
0.0556847
0.0555592
0.053933
0.0538365
0.0537391
0.0536406
0.0535407
0.0534399
0.0528408
0.0527443
0.0526468
0.0525477
0.0524474
0.0523454
0.0522421
0.0521378
0.0520322
0.0519258
0.0518186
0.0517105
0.0516009
0.0514907
0.0513793
0.0512675
0.0511549
0.051041
0.0509268
0.0508116
0.0506953
0.0505785
0.0504607
0.0503418
0.0502219
0.0501012
0.0499803
0.0498593
0.049738
0.0496165
0.0494943
0.0493717
0.049248
0.0491242
0.0489998
0.0488751
0.0487492
0.0486224
0.0484951
0.0483672
0.0482391
0.0481106
0.0479818
0.0478524
0.0477225
0.0475925
0.0474622
0.0473318
0.0472012
0.0470699
0.0469381
0.0468057
0.0466733
0.0465402
0.0464072
0.0462742
0.0461407
0.0460068
0.045873
0.0442759
0.0440957
0.0412562
0.0370252
0.0328793
0.0290026
0.0285972
0.0266142
0.026046
0.0261228
0.0261291
0.0255816
0.0247953
0.0234703
0.0206372
0.0189213
0.0168446
0.0142501
0.0121993
0.010396
0.00945448
0.00849088
0.00821309
0.0079661
0.0065105
0.00709239
0.00764012
0.00846146
0.00918399
0.009904
0.0106015
0.0112724
0.011958
0.0125432
0.0130757
0.0135487
0.0139647
0.0143486
0.0146889
0.0149898
0.0152553
0.01549
0.0156975
0.0158813
0.016044
0.0161888
0.0163178
0.0164333
0.0165367
0.0166296
0.0166145
0.0166972
0.0167496
0.0168191
0.0168826
0.0169408
0.0169943
0.0170438
0.0170896
0.0171321
0.0171718
0.0171745
0.0172106
0.0172446
0.0172766
0.0173068
0.0173354
0.0172813
0.0173092
0.0173358
0.0173612
0.0173855
0.0174088
0.0174313
0.0174528
0.0174736
0.0174936
0.017513
0.0175316
0.0175497
0.0175672
0.0175842
0.0176008
0.0176169
0.0176328
0.0176483
0.0176634
0.0176782
0.0172126
0.0172252
0.0172375
0.0172496
0.0172615
0.017273
0.0172842
0.0172953
0.0173062
0.017317
0.0173277
0.0173382
0.0173486
0.0173588
0.0173688
0.0173788
0.0173885
0.0173981
0.0174075
0.0174169
0.0174262
0.0174353
0.0174443
0.0174532
0.0174621
0.0174709
0.0174797
0.0174884
0.0174969
0.0175053
0.0175137
0.0175221
0.0175304
0.0175387
0.017547
0.0175553
0.0175634
0.0175716
0.0175797
0.0175877
0.0175956
0.0176035
0.0176114
0.0176192
0.017627
0.0176348
0.0176424
0.01765
0.0176575
0.0176649
0.0176723
0.0176796
0.0176869
0.0176942
0.0177015
0.0177087
0.0177159
0.017723
0.0177301
0.0177372
0.0177442
0.0177512
0.0177581
0.017765
0.0177717
0.0177785
0.0177852
0.0177919
0.0174386
0.0174431
0.0174475
0.0174519
0.0174563
0.0174606
0.0174649
0.0174691
0.0174733
0.0174775
0.0174817
0.0174858
0.0174899
0.0174939
0.0174979
0.0175018
0.0175058
0.0175097
0.0175135
0.0175174
0.0175211
0.0175248
0.0175284
0.017532
0.0175355
0.0175389
0.0175423
0.0175457
0.017549
0.0175522
0.0175554
0.0175586
0.0175617
0.0175647
0.0175677
0.0175706
0.0175734
0.0175762
0.017579
0.0175816
0.0175843
0.0175869
0.0175894
0.0175918
0.0175943
0.0175966
0.0175989
0.0176011
0.0176033
0.0176055
0.0176076
0.0176096
0.0176116
0.0176135
0.0176154
0.0176172
0.017619
0.0176206
0.0176222
0.0176238
0.0176253
0.0176268
0.0176284
0.0176298
0.0176313
0.0176327
0.017634
0.0176353
0.0176364
0.0176376
0.0176386
0.0176396
0.0176405
0.0176413
0.0176421
0.0176428
0.0176434
0.017644
0.0176445
0.017645
0.0176454
0.0176459
0.0176462
0.0176465
0.0176467
0.0176468
0.0176468
0.0176467
0.0176467
0.0177294
0.0177294
0.0177294
0.0177293
0.0177291
0.0177289
0.0177286
0.0177283
0.0177279
0.0177275
0.017727
0.0177263
0.0177257
0.017725
0.0177242
0.0177234
0.0177225
0.0177216
0.0177206
0.0177195
0.0177184
0.0177172
0.0177159
0.0177146
0.0177132
0.0177117
0.0177101
0.0177084
0.0177066
0.0177048
0.0177029
0.017701
0.0176989
0.0176968
0.0176947
0.0176925
0.0176901
0.0176878
0.0176853
0.0176828
0.0176801
0.0176775
0.0176747
0.0176719
0.017669
0.017666
0.017663
0.0176599
0.0176567
0.0176534
0.0176501
0.0176467
0.0176432
0.0176396
0.017636
0.0176323
0.0176284
0.0176245
0.0176206
0.0176165
0.0176124
0.0176083
0.0176041
0.0175998
0.0175954
0.0175909
0.0175864
0.0175817
0.017577
0.0175723
0.0175674
0.0175626
0.0175576
0.0175525
0.0175473
0.017542
0.0175366
0.017545
0.0175396
0.017534
0.0175283
0.0175226
0.0175168
0.0175109
0.0175049
0.0174989
0.0174928
0.0174867
0.0174804
0.0174741
0.0174676
0.0174611
0.0174545
0.0174478
0.017441
0.0174341
0.0174272
0.0174201
0.0174129
0.0174057
0.0173983
0.0173909
0.0173834
0.0173758
0.0173681
0.0173603
0.0173525
0.0173446
0.0173365
0.0173284
0.0173202
0.0173119
0.0173035
0.017295
0.0172865
0.0172778
0.017269
0.0172602
0.0172513
0.0172423
0.0172332
0.0172241
0.0172149
0.0172056
0.0171962
0.0171867
0.0171771
0.0171674
0.0171576
0.0171477
0.0171378
0.0171278
0.0171177
0.0171075
0.0170973
0.0170869
0.0170764
0.0170659
0.0170552
0.0170445
0.0170336
0.0170226
0.0170115
0.0170003
0.016989
0.0169777
0.0169662
0.0169546
0.016943
0.0169313
0.0169195
0.0169076
0.0168956
0.0168835
0.0168713
0.016859
0.0168466
0.0168341
0.0168214
0.0168087
0.0167958
0.0167828
0.0167698
0.0167567
0.0167435
0.0167302
0.0167167
0.0167031
0.0166894
0.0166756
0.0166618
0.0166479
0.0166339
0.0166198
0.0165591
0.016545
0.0165309
0.0165166
0.0165022
0.0164878
0.0164733
0.0164586
0.0164439
0.0164291
0.0164141
0.0163991
0.016384
0.0163688
0.0163535
0.016338
0.0163224
0.0163068
0.016291
0.0162752
0.0162592
0.016243
0.0162268
0.0162105
0.0161942
0.0161777
0.0161613
0.0161447
0.0161281
0.0161114
0.0160946
0.0160777
0.0160608
0.0160437
0.0160264
0.016009
0.0159915
0.0159739
0.0159563
0.0159386
0.0159208
0.0159028
0.0158847
0.0158666
0.0158483
0.01583
0.0158116
0.0157931
0.0157745
0.0157558
0.0157369
0.015718
0.0156989
0.0156797
0.0156604
0.0156411
0.0156217
0.0156022
0.0155825
0.0155628
0.015543
0.0155231
0.0155031
0.0154831
0.0154631
0.015443
0.0154228
0.0154026
0.0153821
0.0153616
0.0153409
0.0153201
0.0152993
0.0152783
0.0152572
0.015236
0.0152147
0.0151934
0.0151719
0.0151502
0.0151285
0.0151067
0.0150848
0.0150628
0.0150407
0.0150184
0.014996
0.0149737
0.0149511
0.0149286
0.0149061
0.0148834
0.0148606
0.0148377
0.0148148
0.0147919
0.0147688
0.0147455
0.0147222
0.0145961
0.0145722
0.0145482
0.0145241
0.0144999
0.0144756
0.0144512
0.0144268
0.0144021
0.0143774
0.0143525
0.0143275
0.0143025
0.0142774
0.0142523
0.0142271
0.0142019
0.0141765
0.0141511
0.0141254
0.0140996
0.0140738
0.014048
0.014022
0.0139959
0.0139697
0.0139434
0.0139171
0.0138906
0.013864
0.0138373
0.0138106
0.0137838
0.0137568
0.0137297
0.0137025
0.0136754
0.0136481
0.013621
0.0135937
0.0135664
0.0135391
0.0135115
0.0134839
0.0134561
0.0134284
0.0134005
0.0133726
0.0133446
0.0133164
0.0132883
0.0132601
0.0132317
0.0132033
0.0131748
0.0131461
0.0131173
0.0130885
0.0130595
0.0129707
0.012942
0.0129134
0.0128848
0.0128561
0.0128274
0.0127986
0.0127697
0.0127407
0.0127117
0.0126825
0.0126532
0.0126239
0.0125944
0.0125648
0.012535
0.0125053
0.0124756
0.0124459
0.0124161
0.0123864
0.0123566
0.0123266
0.0122966
0.0122666
0.0122366
0.0122063
0.0121759
0.0121455
0.012115
0.0120844
0.012054
0.0120234
0.0119927
0.0119619
0.011931
0.0119001
0.0118691
0.0118382
0.0118071
0.011776
0.0117447
0.0117134
0.0116819
0.0116506
0.0116193
0.0115879
0.0115565
0.0115251
0.0114936
0.011462
0.0114304
0.0113988
0.011367
0.0113351
0.0113032
0.0112712
0.0112393
0.0112074
0.0111756
0.011144
0.0111123
0.0110806
0.0110486
0.0110165
0.0109843
0.0109522
0.0109199
0.0108877
0.0108553
0.0108227
0.0107901
0.0107576
0.0107252
0.0106927
0.0106602
0.0106274
0.0105945
0.0105616
0.0105288
0.0104958
0.0104627
0.0104295
0.0103961
0.0103627
0.0103293
0.0102957
0.0102618
0.0102282
0.0101946
0.0101612
0.0101277
0.0100944
0.0100608
0.0100271
0.0099936
0.00996002
0.00992644
0.00989294
0.00985933
0.00982576
0.00979221
0.00975854
0.00972506
0.00969168
0.0096583
0.0096247
0.009591
0.0095574
0.00952387
0.00949031
0.00945667
0.00942283
0.00938916
0.00935562
0.00932185
0.00928794
0.00925381
0.00921952
0.0091852
0.00915101
0.00911706
0.00908284
0.00904872
0.00901459
0.00898039
0.00851493
0.00847913
0.00844339
0.0084078
0.00837244
0.00833728
0.00830191
0.00826652
0.00823134
0.00819598
0.00816033
0.00812479
0.00808939
0.00805389
0.00801858
0.00798316
0.0079477
0.0079127
0.00787753
0.00784259
0.00780772
0.00777294
0.00773839
0.00770376
0.00766909
0.00763464
0.00759984
0.00756498
0.00753026
0.00749569
0.00746113
0.00742667
0.00739219
0.00735775
0.00732341
0.00728925
0.00725516
0.00722077
0.00718656
0.00715226
0.00711787
0.00708364
0.00704944
0.00701546
0.00698136
0.00694754
0.00691385
0.00688047
0.0068468
0.00681277
0.00677884
0.00674485
0.00671074
0.00667679
0.00664293
0.00660889
0.00657512
0.00654148
0.00650768
0.00647351
0.00643966
0.00640594
0.00637187
0.00633785
0.0063039
0.0062704
0.00623663
0.00620315
0.00616939
0.00613564
0.00610201
0.00606836
0.00603461
0.00600093
0.00596772
0.00593452
0.00590176
0.00586874
0.00583596
0.00580331
0.00577059
0.00573812
0.00570605
0.00567381
0.0056412
0.00560885
0.0055766
0.0055441
0.00551193
0.00547952
0.0054472
0.0054149
0.00538222
0.00534985
0.00531766
0.00528515
0.00525294
0.00522104
0.00518931
0.00515777
0.00512651
0.00509524
0.00506416
0.00503273
0.0050015
0.00497027
0.00493911
0.00490807
0.00487686
0.0048453
0.0048136
0.0047825
0.0047514
0.00472054
0.00447509
0.00444525
0.00441546
0.00438596
0.00435651
0.00432725
0.00429849
0.00426954
0.00424049
0.00421168
0.00418308
0.00415425
0.0041254
0.00409653
0.00406808
0.00403977
0.00401177
0.00398397
0.00395564
0.00392708
0.00389834
0.00386961
0.00384134
0.00381317
0.00378512
0.00375684
0.00372866
0.00370075
0.00367344
0.00364651
0.00361995
0.00359328
0.00356666
0.0035399
0.00351316
0.00348675
0.00346014
0.00343332
0.00340661
0.00338018
0.00335376
0.00332738
0.00330084
0.00327498
0.00324919
0.00322345
0.00319307
0.00316735
0.00314192
0.00311634
0.00309104
0.00306607
0.00304106
0.00301617
0.00299142
0.00296684
0.00294268
0.00291875
0.00289488
0.00287142
0.00284741
0.00282364
0.00280054
0.0027776
0.00275494
0.00273192
0.00270861
0.00268518
0.00266215
0.00263896
0.00261522
0.00259216
0.00256873
0.00254558
0.00252273
0.00250023
0.0024778
0.00245531
0.00243366
0.00241144
0.00238917
0.00236731
0.00234496
0.00232291
0.00230128
0.00227909
0.00225779
0.00223639
0.00221549
0.00219423
0.00217334
0.00215226
0.00213194
0.00211196
0.00209191
0.00207236
0.00205269
0.00203393
0.00201509
0.00199683
0.0019793
0.00196183
0.00194402
0.00192579
0.0019077
0.00188962
0.00187151
0.00185401
0.00183675
0.00181947
0.00180254
0.00178551
0.00176811
0.00175052
0.00173319
0.00171637
0.00169918
0.00168247
0.00166549
0.00164902
0.00163265
0.00161696
0.00160056
0.00158409
0.00156766
0.00155165
0.00153582
0.00152115
0.00150582
0.00149116
0.00147737
0.00146364
0.00145049
0.00143698
0.00142433
0.00141192
0.00139939
0.00138637
0.00180209
-0.0733031
-0.0732251
-0.0731569
-0.073101
-0.0730589
-0.0730305
-0.0730166
-0.0730164
-0.0730304
-0.0730569
-0.0730961
-0.0731469
-0.073209
-0.0732818
-0.0733645
-0.0734567
-0.0735574
-0.0736661
-0.0737822
-0.0739051
-0.0745557
-0.0746817
-0.0748132
-0.0749499
-0.0751622
-0.0753061
-0.0754535
-0.0756042
-0.0757589
-0.0759171
-0.076526
-0.0766816
-0.0768389
-0.0769982
-0.0771588
-0.0773213
-0.0774861
-0.0776516
-0.0778188
-0.0779281
-0.0780964
-0.0782655
-0.0784346
-0.0786027
-0.0787711
-0.078938
-0.0791046
-0.07927
-0.0794341
-0.0795978
-0.0797606
-0.0799229
-0.0800832
-0.0802414
-0.0803985
-0.0805533
-0.0807056
-0.0808552
-0.0810014
-0.0811445
-0.0812841
-0.081422
-0.0815567
-0.0816892
-0.0818186
-0.0819451
-0.0820692
-0.0821892
-0.0823067
-0.0824198
-0.0825313
-0.0826415
-0.0827451
-0.082844
-0.0829384
-0.0830283
-0.0831153
-0.0831975
-0.0803964
-0.0731575
-0.060633
-0.0432524
-0.0258407
-0.0141419
-0.00804588
-0.00474852
-0.00641195
-0.0101371
-0.0133793
-0.0190654
-0.0241118
-0.0293324
-0.0346901
-0.0409838
-0.0475565
-0.0541289
-0.0612177
-0.0717135
-0.079066
-0.0873926
-0.0944616
-0.102066
-0.109842
-0.117882
-0.126388
-0.135297
-0.144131
-0.154758
-0.163953
-0.172805
-0.1812
-0.189072
-0.196713
-0.200786
-0.206959
-0.212612
-0.217793
-0.222534
-0.226887
-0.230889
-0.234421
-0.237839
-0.241002
-0.243931
-0.246646
-0.249166
-0.251508
-0.253113
-0.255175
-0.257079
-0.258833
-0.260439
-0.261899
-0.263219
-0.264399
-0.265439
-0.266338
-0.267106
-0.267735
-0.268229
-0.268589
-0.268821
-0.26891
-0.268869
-0.268702
-0.26839
-0.267599
-0.268246
-0.267733
-0.267011
-0.266156
-0.265178
-0.264069
-0.262817
-0.261454
-0.259964
-0.258353
-0.256618
-0.25478
-0.252849
-0.250806
-0.248691
-0.246473
-0.244165
-0.241761
-0.239278
-0.236706
-0.232491
-0.22988
-0.227197
-0.224471
-0.221722
-0.218944
-0.216133
-0.213317
-0.210495
-0.207661
-0.204828
-0.202003
-0.199174
-0.196362
-0.193564
-0.190797
-0.188043
-0.185706
-0.183076
-0.180502
-0.177975
-0.175499
-0.173086
-0.170724
-0.168404
-0.166133
-0.163925
-0.161762
-0.159662
-0.15762
-0.155637
-0.153709
-0.151215
-0.149432
-0.147707
-0.146026
-0.144379
-0.142771
-0.141214
-0.139709
-0.138237
-0.136803
-0.135407
-0.134046
-0.132736
-0.131466
-0.130227
-0.129031
-0.127879
-0.12676
-0.125676
-0.124616
-0.123583
-0.122578
-0.121603
-0.120648
-0.119717
-0.118809
-0.117919
-0.117054
-0.116212
-0.115387
-0.114583
-0.113802
-0.113042
-0.112297
-0.111567
-0.110853
-0.110153
-0.109468
-0.108797
-0.10814
-0.107494
-0.106858
-0.106232
-0.105619
-0.105016
-0.104423
-0.103841
-0.103268
-0.102702
-0.102144
-0.101594
-0.102526
-0.100431
-0.099897
-0.0993716
-0.0988534
-0.098343
-0.0978393
-0.0973431
-0.0968542
-0.0963726
-0.0958963
-0.0954265
-0.094963
-0.0945044
-0.0940517
-0.0936036
-0.0931605
-0.0927223
-0.0922891
-0.0918599
-0.0914357
-0.0910159
-0.0906002
-0.0901888
-0.0897816
-0.0890681
-0.0886736
-0.0838035
-0.0835361
-0.0832689
-0.0830019
-0.0827359
-0.0824702
-0.0822059
-0.0819418
-0.0816788
-0.0814162
-0.0811541
-0.0808925
-0.0806315
-0.0803712
-0.0801118
-0.0798539
-0.0795962
-0.07934
-0.0790847
-0.0788306
-0.0785769
-0.0783239
-0.0780715
-0.0778201
-0.0775698
-0.0773202
-0.0770717
-0.0768237
-0.0819458
-0.0863559
-0.0942906
-0.104604
-0.113155
-0.119256
-0.118092
-0.10942
-0.099593
-0.0880256
-0.0765391
-0.0663844
-0.0592793
-0.0526718
-0.0415182
-0.0375675
-0.033215
-0.0285128
-0.0239453
-0.0198353
-0.0157475
-0.0152182
-0.0135354
-0.0124305
-0.0118
-0.00959712
-0.0101464
-0.0103958
-0.0111601
-0.0119112
-0.0126285
-0.0132961
-0.0138998
-0.0144335
-0.0148938
-0.0152832
-0.015605
-0.0158636
-0.0160663
-0.016218
-0.016327
-0.016399
-0.0164392
-0.0164532
-0.0164458
-0.0147258
-0.0146581
-0.0145816
-0.014498
-0.0144099
-0.0143183
-0.0142246
-0.0141296
-0.0140351
-0.0139415
-0.0134322
-0.0133623
-0.0132919
-0.0132222
-0.0128304
-0.0127768
-0.0127226
-0.0126691
-0.0126174
-0.0125664
-0.0125163
-0.0124672
-0.0124197
-0.0123748
-0.012332
-0.0122909
-0.0122519
-0.0122146
-0.0115814
-0.0115585
-0.0115375
-0.0115184
-0.0115002
-0.0114839
-0.0114685
-0.0114544
-0.0114412
-0.0114296
-0.0114195
-0.0114112
-0.0114042
-0.0111879
-0.0111825
-0.0119838
-0.0119751
-0.0119673
-0.0119602
-0.0119549
-0.0119505
-0.0119473
-0.0119463
-0.0119465
-0.0119468
-0.0119475
-0.011949
-0.0119508
-0.0119533
-0.0119563
-0.0119598
-0.0119634
-0.0119678
-0.0119723
-0.0119767
-0.0119815
-0.0119871
-0.0119942
-0.0120015
-0.0120091
-0.0120174
-0.0120262
-0.0120349
-0.0120434
-0.0120522
-0.0120616
-0.0120714
-0.012082
-0.012093
-0.012104
-0.012115
-0.0121262
-0.0121384
-0.0121512
-0.0121635
-0.0121761
-0.0121894
-0.0122033
-0.0122166
-0.0122305
-0.0122439
-0.0122582
-0.0122721
-0.0122859
-0.0122997
-0.0123128
-0.0123254
-0.0123373
-0.0123497
-0.012362
-0.012374
-0.0123858
-0.012398
-0.0124091
-0.0124202
-0.0124323
-0.0124438
-0.0124547
-0.0124653
-0.0124755
-0.0124858
-0.0124967
-0.0125089
-0.0125218
-0.0125343
-0.0125459
-0.0125583
-0.0125707
-0.0125828
-0.0125949
-0.0126065
-0.012618
-0.0126294
-0.0126407
-0.0126519
-0.0126631
-0.0126743
-0.0126857
-0.0126959
-0.012706
-0.0127157
-0.0127257
-0.0127356
-0.0127451
-0.0127545
-0.0127637
-0.0127718
-0.0127791
-0.0127868
-0.0127942
-0.012801
-0.0128073
-0.0128138
-0.0128208
-0.0128283
-0.0128363
-0.0128441
-0.0128521
-0.0128594
-0.0128666
-0.0128746
-0.0128825
-0.0128906
-0.0128984
-0.0129074
-0.0129168
-0.0129258
-0.0129343
-0.0129432
-0.0129513
-0.0129582
-0.0129653
-0.0129721
-0.0129789
-0.0129863
-0.0129939
-0.0130018
-0.0130087
-0.0130144
-0.0130193
-0.0130246
-0.0130306
-0.0130357
-0.0130406
-0.013045
-0.0130485
-0.0130513
-0.0130552
-0.0130591
-0.0130634
-0.0130681
-0.0130717
-0.0130754
-0.0130796
-0.0130838
-0.0130877
-0.0130922
-0.0130961
-0.0130997
-0.013104
-0.0131075
-0.0131114
-0.0131156
-0.0131197
-0.0131247
-0.0131299
-0.0131346
-0.0131395
-0.0131439
-0.0131475
-0.0131517
-0.0131561
-0.0131603
-0.0131644
-0.0131676
-0.0131709
-0.0131742
-0.013177
-0.0131805
-0.0131831
-0.0131848
-0.0131868
-0.0131894
-0.0131911
-0.0131935
-0.0131969
-0.0131992
-0.0132007
-0.0132027
-0.0132052
-0.0132065
-0.0132081
-0.0132097
-0.0132111
-0.0132138
-0.0132169
-0.0132202
-0.0132232
-0.0132247
-0.0132267
-0.0132293
-0.0132324
-0.0132363
-0.0132399
-0.0132427
-0.0132445
-0.0132472
-0.0132489
-0.0132512
-0.0132541
-0.013258
-0.0132615
-0.0132656
-0.0132684
-0.0132723
-0.0132754
-0.013278
-0.0132801
-0.0132827
-0.013285
-0.0132871
-0.013289
-0.0132905
-0.0132909
-0.0132916
-0.0132927
-0.0132944
-0.0132954
-0.0132954
-0.0132964
-0.0132971
-0.0132984
-0.0133003
-0.0133016
-0.0133029
-0.0133048
-0.0133065
-0.0133085
-0.0133104
-0.0133113
-0.0133126
-0.0133133
-0.0133143
-0.0125098
-0.0125105
-0.0125116
-0.0125118
-0.0125131
-0.0125159
-0.0125194
-0.0125238
-0.0125282
-0.0125322
-0.0125358
-0.0125398
-0.0125438
-0.0125474
-0.0125511
-0.0125551
-0.0125595
-0.0125649
-0.0125702
-0.0125755
-0.0125817
-0.0125884
-0.0125955
-0.0126037
-0.0126136
-0.0126236
-0.0126336
-0.0126447
-0.0126559
-0.012666
-0.0126757
-0.0126849
-0.0126933
-0.0127018
-0.0127101
-0.0127196
-0.012729
-0.0127372
-0.0127452
-0.0127548
-0.0127648
-0.0127742
-0.0127832
-0.0127914
-0.012799
-0.012806
-0.0128141
-0.0128208
-0.0128277
-0.0128342
-0.012841
-0.0128474
-0.0128543
-0.0128603
-0.0128661
-0.0128713
-0.012878
-0.0128857
-0.0128937
-0.012901
-0.0129097
-0.012918
-0.0129265
-0.0129358
-0.0129447
-0.0129536
-0.0129631
-0.0129717
-0.0129795
-0.0129877
-0.0129957
-0.0130032
-0.0130122
-0.0130218
-0.0130306
-0.013039
-0.0130473
-0.0130556
-0.0130639
-0.0130719
-0.0130789
-0.0130868
-0.013093
-0.013101
-0.0131077
-0.0131144
-0.0131212
-0.0131277
-0.0131343
-0.0131417
-0.0131499
-0.0131579
-0.0131665
-0.0131749
-0.0131847
-0.0131935
-0.0132034
-0.0132127
-0.0132227
-0.0132335
-0.0132439
-0.0132538
-0.0132624
-0.0132712
-0.013281
-0.0132919
-0.0133019
-0.0133127
-0.0133228
-0.0133316
-0.0133407
-0.0133488
-0.0133572
-0.0139673
-0.0139755
-0.0139819
-0.0139864
-0.0139899
-0.013993
-0.0139959
-0.0139992
-0.0140016
-0.0140053
-0.0140076
-0.0140085
-0.0140084
-0.0140094
-0.0140093
-0.0140096
-0.0140095
-0.0140092
-0.0140094
-0.0140089
-0.0140089
-0.014009
-0.0140082
-0.014008
-0.0140079
-0.0140081
-0.0140081
-0.0140074
-0.0140059
-0.0140048
-0.0140042
-0.0140047
-0.0140053
-0.014005
-0.0140041
-0.014003
-0.0140022
-0.0140012
-0.0140006
-0.0140007
-0.0140012
-0.014001
-0.013999
-0.0139969
-0.0139962
-0.0139946
-0.0139926
-0.0139907
-0.0139893
-0.0139876
-0.0139853
-0.0139827
-0.0139807
-0.0139777
-0.0139764
-0.0139755
-0.0139759
-0.0139763
-0.0139757
-0.0139746
-0.0139732
-0.0139705
-0.0139692
-0.0139685
-0.0139686
-0.0139684
-0.0139678
-0.0139673
-0.0139677
-0.013967
-0.0139649
-0.0139623
-0.0139598
-0.0139579
-0.0139548
-0.0139523
-0.0139509
-0.0139499
-0.013948
-0.013948
-0.0139471
-0.0139463
-0.0139448
-0.013945
-0.0139455
-0.0139467
-0.0139475
-0.0139488
-0.0139514
-0.013954
-0.0139566
-0.0139596
-0.0139624
-0.0139664
-0.0139704
-0.0139731
-0.0139767
-0.0139812
-0.0139853
-0.0139892
-0.0139941
-0.0139984
-0.0140015
-0.0140046
-0.0140061
-0.0140063
-0.0140053
-0.014004
-0.0140016
-0.0139994
-0.013999
-0.0139988
-0.0139997
-0.013999
-0.0139995
-0.0139995
-0.0139989
-0.0139974
-0.0139966
-0.013996
-0.0139973
-0.0139981
-0.0139978
-0.0139972
-0.0139969
-0.013997
-0.0139986
-0.0140009
-0.0140015
-0.0140024
-0.0140053
-0.0140073
-0.0140116
-0.0140145
-0.0140177
-0.014023
-0.0140287
-0.0140366
-0.0140446
-0.0140505
-0.0140564
-0.0140605
-0.0140662
-0.014072
-0.0140777
-0.0140824
-0.0140879
-0.014092
-0.0140961
-0.0141011
-0.0141058
-0.0141099
-0.0141135
-0.0141176
-0.0141232
-0.0141298
-0.0141366
-0.014142
-0.014147
-0.0141538
-0.0141606
-0.0141662
-0.0141714
-0.0141758
-0.0141783
-0.0141807
-0.0141815
-0.0141831
-0.0141872
-0.0141919
-0.0141964
-0.0142024
-0.0142066
-0.0142096
-0.0142123
-0.0142162
-0.0142188
-0.0142225
-0.0142254
-0.0142295
-0.0142321
-0.0142341
-0.0142378
-0.014241
-0.0142435
-0.0142466
-0.0142519
-0.0142568
-0.0142627
-0.0142695
-0.0142783
-0.0142867
-0.0142934
-0.0143006
-0.014307
-0.0143136
-0.0143224
-0.0143311
-0.0143415
-0.0143519
-0.0143601
-0.0143663
-0.0143727
-0.0143804
-0.0143894
-0.0143963
-0.0144051
-0.0144147
-0.0144226
-0.0144332
-0.0144454
-0.0144582
-0.0144729
-0.0144872
-0.0144995
-0.0145113
-0.0145227
-0.0145348
-0.0145467
-0.0145582
-0.0145704
-0.0145816
-0.014593
-0.0146051
-0.0146188
-0.0146284
-0.0146367
-0.0146466
-0.0146573
-0.0146661
-0.0146731
-0.0146785
-0.0146833
-0.0146876
-0.0146931
-0.0146969
-0.0147021
-0.0147069
-0.014709
-0.0147112
-0.0147163
-0.0147191
-0.0147224
-0.0147277
-0.0147317
-0.014735
-0.0147393
-0.0147436
-0.0147472
-0.0147541
-0.0147621
-0.0147697
-0.0147768
-0.014784
-0.0147888
-0.0147935
-0.0147987
-0.0148045
-0.0148111
-0.0148195
-0.0148273
-0.0148363
-0.0148449
-0.0148526
-0.0148631
-0.0148731
-0.0148828
-0.0148924
-0.0149007
-0.0149101
-0.0149211
-0.0149311
-0.0149398
-0.01495
-0.0149612
-0.0149711
-0.0149828
-0.0149933
-0.0150066
-0.0150228
-0.0150405
-0.0150576
-0.015074
-0.0150881
-0.0151033
-0.0151197
-0.0151373
-0.0151521
-0.015168
-0.0151801
-0.0151939
-0.0152075
-0.0152178
-0.0152315
-0.0152478
-0.0152658
-0.0152818
-0.0152964
-0.0153138
-0.0153302
-0.0153451
-0.0153603
-0.0153727
-0.015383
-0.015395
-0.0154095
-0.0154232
-0.0154341
-0.0154464
-0.0154592
-0.0154716
-0.0154869
-0.0155045
-0.0155216
-0.0155386
-0.0155556
-0.0155759
-0.0155971
-0.0156182
-0.0156397
-0.0156608
-0.0156843
-0.0157028
-0.0157206
-0.0157345
-0.0157475
-0.0157583
-0.0157661
-0.0157732
-0.0157833
-0.0157894
-0.0157938
-0.0158031
-0.0158177
-0.0158305
-0.0158415
-0.015852
-0.0158621
-0.0158746
-0.0158869
-0.0159023
-0.0159171
-0.0159325
-0.0159453
-0.0159597
-0.0159725
-0.015985
-0.0159992
-0.0160165
-0.0160344
-0.0160547
-0.0160713
-0.0160923
-0.016113
-0.0161371
-0.0161588
-0.0161791
-0.0161993
-0.0162163
-0.0162381
-0.0162599
-0.0162819
-0.0163032
-0.0163272
-0.0163464
-0.0163641
-0.0163874
-0.0164137
-0.016442
-0.0164706
-0.0164962
-0.0165212
-0.0165481
-0.0165769
-0.0166062
-0.0166321
-0.0166573
-0.0166782
-0.0166963
-0.0167131
-0.0167333
-0.016753
-0.016774
-0.0167957
-0.0168161
-0.0168397
-0.0168669
-0.0168974
-0.0169259
-0.016951
-0.0169812
-0.0170071
-0.017033
-0.017059
-0.0170836
-0.0171065
-0.0171331
-0.0171571
-0.0171778
-0.0171992
-0.0172206
-0.0172459
-0.0172697
-0.0172901
-0.0173145
-0.0173433
-0.0175795
-0.0176071
-0.0176326
-0.0176596
-0.0176908
-0.0177226
-0.017752
-0.0177825
-0.017809
-0.0178315
-0.0178556
-0.0178795
-0.0179035
-0.017924
-0.0179479
-0.0179714
-0.0179946
-0.0180222
-0.0180466
-0.0180721
-0.0180959
-0.018122
-0.0181564
-0.0181906
-0.0182215
-0.018256
-0.0182913
-0.0183276
-0.0183613
-0.0183945
-0.0184297
-0.0184725
-0.0185089
-0.0185472
-0.0185818
-0.0186183
-0.0186565
-0.0186914
-0.0187243
-0.0187579
-0.0187901
-0.0188248
-0.0188558
-0.0188853
-0.0189187
-0.0189472
-0.0189856
-0.0190292
-0.0207551
-0.0207948
-0.0208316
-0.0208709
-0.0209048
-0.0209428
-0.0209771
-0.0210095
-0.0210493
-0.0210853
-0.0214554
-0.0214853
-0.0215189
-0.0215492
-0.0215797
-0.0216065
-0.0216357
-0.0216645
-0.0216942
-0.0217234
-0.0217562
-0.021789
-0.0218179
-0.0218517
-0.0218843
-0.0219236
-0.0219599
-0.0219943
-0.0220302
-0.022066
-0.0221063
-0.0221431
-0.0221785
-0.0222158
-0.0222512
-0.0222863
-0.0223244
-0.0223657
-0.022403
-0.0224502
-0.0224945
-0.0225454
-0.022604
-0.0226635
-0.0227336
