0.3575 -0.0835 -0.5005 0.3575 -0.0835 -0.5005
0.3575 -0.0835 -0.5005 0.3575 -0.0835 -0.5005
-0.00942046 -0.0835 -0.5005 0.3575 -0.0835 -0.5005
0.724576 -0.0835 -0.5005 0.3575 -0.0835 -0.5005
0.640965 -0.0835 -0.5005 0.3575 -0.0835 -0.5005
0.00138624 -0.0835 -0.5005 0.3575 -0.0835 -0.5005
0.00138624 -0.0835 -0.5005 0.3575 -0.0835 -0.5005
0.00138624 -0.0835 -0.5005 0.3575 -0.0835 -0.5005
0.00138624 -0.0835 -0.5005 0.3575 -0.0835 -0.5005
0.00138624 -0.0835 -0.5005 0.3575 -0.0835 -0.5005
0.00138624 -0.0835 -0.5005 0.3575 -0.0835 -0.5005
0.00138624 -0.0835 -0.5005 0.3575 -0.0835 -0.5005
0.00138624 -0.0835 -0.5005 0.3575 -0.0835 -0.5005
0.00138624 -0.0835 -0.5005 0.3575 -0.0835 -0.5005
0.00138624 -0.0835 -0.5005 0.3575 -0.0835 -0.5005
0.00138624 -0.0835 -0.5005 0.3575 -0.0835 -0.5005
0.00138624 -0.0835 -0.5005 0.3575 -0.0835 -0.5005
0.00138624 -0.0835 -0.5005 0.3575 -0.0835 -0.5005
0.00138624 -0.512002 -0.5005 0.3575 -0.0835 -0.5005
0.00138624 0.345183 -0.5005 0.3575 -0.0835 -0.5005
0.00138624 0.247539 -0.5005 0.3575 -0.0835 -0.5005
0.00138624 -0.499381 -0.5005 0.3575 -0.0835 -0.5005
0.00138624 -0.499381 -0.5005 0.3575 -0.0835 -0.5005
0.00138624 -0.499381 -0.5005 0.3575 -0.0835 -0.5005
0.00138624 -0.499381 -0.5005 0.3575 -0.0835 -0.5005
0.00138624 -0.499381 -0.5005 0.3575 -0.0835 -0.5005
0.00138624 -0.499381 -0.5005 0.3575 -0.0835 -0.5005
0.00138624 -0.499381 -0.5005 0.3575 -0.0835 -0.5005
0.00138624 -0.499381 -0.5005 0.3575 -0.0835 -0.5005
0.00138624 -0.499381 -0.5005 0.3575 -0.0835 -0.5005
0.00138624 -0.499381 -0.5005 0.3575 -0.0835 -0.5005
0.00138624 -0.499381 -0.5005 0.3575 -0.0835 -0.5005
0.00138624 -0.499381 -0.5005 0.3575 -0.0835 -0.5005
0.00138624 -0.499381 -0.5005 0.3575 -0.0835 -0.5005
0.00138624 -0.499381 -0.86742 0.3575 -0.0835 -0.5005
0.00138624 -0.499381 -0.133424 0.3575 -0.0835 -0.5005
0.00138624 -0.499381 -0.217035 0.3575 -0.0835 -0.5005
0.00138624 -0.499381 -0.856614 0.3575 -0.0835 -0.5005
0.711202 -0.499381 -0.856614 0.3575 -0.0835 -0.5005
0.711202 -0.499381 -0.856614 0.3575 -0.0835 -0.5005
0.711202 -0.499381 -0.856614 0.3575 -0.0835 -0.5005
0.711202 -0.499381 -0.856614 0.3575 -0.0835 -0.5005
0.711202 -0.499381 -0.856614 0.3575 -0.0835 -0.5005
0.711202 -0.499381 -0.856614 0.3575 -0.0835 -0.5005
0.711202 -0.499381 -0.856614 0.3575 -0.0835 -0.5005
0.711202 -0.499381 -0.856614 0.3575 -0.0835 -0.5005
0.70962 -0.499381 -0.856614 0.3575 -0.0835 -0.5005
0.70772 -0.499381 -0.856614 0.3575 -0.0835 -0.5005
0.705417 -0.499381 -0.856614 0.3575 -0.0835 -0.5005
0.702598 -0.499381 -0.856614 0.3575 -0.0835 -0.5005
0.69963 -0.499381 -0.856614 -0.00942046 -0.0835 -0.5005
0.695383 -0.499381 -0.856614 0.724576 -0.0835 -0.5005
0.69002 -0.499381 -0.856614 0.640965 -0.0835 -0.5005
0.683177 -0.499381 -0.856614 0.00138624 -0.0835 -0.5005
0.67436 0.329565 -0.856614 0.00138624 -0.0835 -0.5005
0.662908 0.329565 -0.856614 0.00138624 -0.0835 -0.5005
0.647965 0.329565 -0.856614 0.00138624 -0.0835 -0.5005
0.628464 0.329565 -0.856614 0.00138624 -0.0835 -0.5005
0.603031 0.329565 -0.856614 0.00138624 -0.0835 -0.5005
0.570533 0.329565 -0.856614 0.00138624 -0.0835 -0.5005
0.530055 0.329565 -0.856614 0.00138624 -0.0835 -0.5005
0.481447 0.329565 -0.856614 0.00138624 -0.0835 -0.5005
0.425755 0.327717 -0.856614 0.00138624 -0.0835 -0.5005
0.365397 0.325498 -0.856614 0.00138624 -0.0835 -0.5005
0.303886 0.322809 -0.856614 0.00138624 -0.0835 -0.5005
0.245083 0.319517 -0.856614 0.00138624 -0.0835 -0.5005
0.192277 0.31605 -0.856614 0.00138624 -0.512002 -0.5005
0.147495 0.31109 -0.856614 0.00138624 0.345183 -0.5005
0.111306 0.304828 -0.856614 0.00138624 0.247539 -0.5005
0.0831237 0.296836 -0.856614 0.00138624 -0.499381 -0.5005
0.0617155 0.286539 -0.146798 0.00138624 -0.499381 -0.5005
0.0456735 0.273165 -0.146798 0.00138624 -0.499381 -0.5005
0.0337044 0.255714 -0.146798 0.00138624 -0.499381 -0.5005
0.0247506 0.23294 -0.146798 0.00138624 -0.499381 -0.5005
0.018003 0.203239 -0.146798 0.00138624 -0.499381 -0.5005
0.0128656 0.165286 -0.146798 0.00138624 -0.499381 -0.5005
0.0089082 0.118015 -0.146798 0.00138624 -0.499381 -0.5005
0.00582207 0.0612492 -0.146798 0.00138624 -0.499381 -0.5005
0.00338584 -0.00378997 -0.14838 0.00138624 -0.499381 -0.5005
0.00143986 -0.0742771 -0.15028 0.00138624 -0.499381 -0.5005
0.00143633 -0.146112 -0.152583 0.00138624 -0.499381 -0.5005
0.00143295 -0.214784 -0.155402 0.00138624 -0.499381 -0.5005
0.00142972 -0.276452 -0.15837 0.00138624 -0.499381 -0.86742
0.00142662 -0.328751 -0.162617 0.00138624 -0.499381 -0.133424
0.00142366 -0.371013 -0.16798 0.00138624 -0.499381 -0.217035
0.00142082 -0.403925 -0.174823 0.00138624 -0.499381 -0.856614
0.00141811 -0.428927 -0.18364 0.711202 -0.499381 -0.856614
0.00141551 -0.447661 -0.195092 0.711202 -0.499381 -0.856614
0.00141302 -0.461639 -0.210035 0.711202 -0.499381 -0.856614
0.0139075 -0.472095 -0.229536 0.711202 -0.499381 -0.856614
0.0525486 -0.479976 -0.254969 0.711202 -0.499381 -0.856614
0.178 -0.485975 -0.287467 0.711202 -0.499381 -0.856614
0.421794 -0.490597 -0.327945 0.711202 -0.499381 -0.856614
0.607433 -0.494201 -0.376553 0.711202 -0.499381 -0.856614
0.67806 -0.497046 -0.432245 0.70962 -0.499381 -0.856614
0.701826 -0.499318 -0.492603 0.70772 -0.499381 -0.856614
0.711216 -0.499323 -0.554114 0.705417 -0.499381 -0.856614
0.709988 -0.499327 -0.612917 0.702598 -0.499381 -0.856614
0.70857 -0.49933 -0.665723 0.69963 -0.499381 -0.856614
0.706926 -0.499334 -0.710505 0.695383 -0.499381 -0.856614
0.705005 -0.499337 -0.746694 0.69002 -0.499381 -0.856614
0.702762 -0.499341 -0.774876 0.683177 -0.499381 -0.856614
0.700129 -0.499344 -0.796284 0.67436 0.329565 -0.856614
0.697007 -0.499347 -0.812327 0.662908 0.329565 -0.856614
0.693287 -0.49935 -0.824296 0.647965 0.329565 -0.856614
0.688829 -0.484758 -0.833249 0.628464 0.329565 -0.856614
0.683464 -0.439632 -0.839997 0.603031 0.329565 -0.856614
0.676985 -0.293126 -0.845134 0.570533 0.329565 -0.856614
0.669144 -0.00841508 -0.849092 0.530055 0.329565 -0.856614
0.659047 0.20838 -0.852178 0.481447 0.329565 -0.856614
0.646565 0.290861 -0.854614 0.425755 0.327717 -0.856614
0.631148 0.318615 -0.85656 0.365397 0.325498 -0.856614
0.61218 0.32958 -0.856564 0.303886 0.322809 -0.856614
0.589034 0.328146 -0.856567 0.245083 0.319517 -0.856614
0.561156 0.326491 -0.85657 0.192277 0.31605 -0.856614
0.528192 0.32457 -0.856573 0.147495 0.31109 -0.856614
0.490131 0.322328 -0.856576 0.111306 0.304828 -0.856614
0.447445 0.319708 -0.856579 0.0831237 0.296836 -0.856614
0.401151 0.316633 -0.856582 0.0617155 0.286539 -0.146798
0.352771 0.312987 -0.856584 0.0456735 0.273165 -0.146798
0.304164 0.308642 -0.856587 0.0337044 0.255714 -0.146798
0.257251 0.303437 -0.844093 0.0247506 0.23294 -0.146798
0.213728 0.297172 -0.805451 0.018003 0.203239 -0.146798
0.174828 0.289605 -0.68 0.0128656 0.165286 -0.146798
0.141204 0.280448 -0.436206 0.0089082 0.118015 -0.146798
0.112956 0.268656 -0.250567 0.00582207 0.0612492 -0.146798
0.089758 0.25408 -0.17994 0.00338584 -0.00378997 -0.14838
0.0710212 0.236075 -0.156174 0.00143986 -0.0742771 -0.15028
0.0560514 0.213923 -0.146784 0.00143633 -0.146112 -0.152583
0.04416 0.186892 -0.148012 0.00143295 -0.214784 -0.155402
0.0347282 0.154336 -0.14943 0.00142972 -0.276452 -0.15837
0.027234 0.115839 -0.151074 0.00142662 -0.328751 -0.162617
0.0212545 0.0713913 -0.152995 0.00142366 -0.371013 -0.16798
0.0164555 0.0215408 -0.155238 0.00142082 -0.403925 -0.174823
0.0125774 -0.0325231 -0.157871 0.00141811 -0.428927 -0.18364
0.00942013 -0.0890221 -0.160993 0.00141551 -0.447661 -0.195092
0.00682986 -0.145788 -0.164713 0.00141302 -0.461639 -0.210035
0.00468839 -0.200574 -0.169171 0.0139075 -0.472095 -0.229536
0.00290462 -0.251401 -0.174536 0.0525486 -0.479976 -0.254969
0.0139007 -0.29683 -0.181015 0.178 -0.485975 -0.287467
0.0525268 -0.336098 -0.188856 0.421794 -0.490597 -0.327945
0.177935 -0.369086 -0.198953 0.607433 -0.494201 -0.376553
0.421709 -0.396178 -0.211435 0.67806 -0.497046 -0.432245
0.607389 -0.418059 -0.226852 0.701826 -0.499318 -0.492603
0.678044 -0.435541 -0.24582 0.711216 -0.499323 -0.554114
0.701819 -0.449429 -0.268966 0.709988 -0.499327 -0.612917
0.711212 -0.460443 -0.296844 0.70857 -0.49933 -0.665723
0.71121 -0.469195 -0.329808 0.706926 -0.499334 -0.710505
0.70995 -0.476178 -0.367869 0.705005 -0.499337 -0.746694
0.708491 -0.481783 -0.410555 0.702762 -0.499341 -0.774876
0.706791 -0.486312 -0.456849 0.700129 -0.499344 -0.796284
0.704798 -0.489999 -0.505229 0.697007 -0.499347 -0.812327
0.702468 -0.493024 -0.553836 0.693287 -0.49935 -0.824296
0.69971 -0.495525 -0.600749 0.688829 -0.484758 -0.833249
0.696424 -0.497608 -0.644272 0.683464 -0.439632 -0.839997
0.692485 -0.484766 -0.683172 0.676985 -0.293126 -0.845134
0.687738 -0.439658 -0.716796 0.669144 -0.00841508 -0.849092
0.681989 -0.293202 -0.745044 0.659047 0.20838 -0.852178
0.675003 -0.00851513 -0.768242 0.646565 0.290861 -0.854614
0.666495 0.208329 -0.786979 0.631148 0.318615 -0.85656
0.655489 0.290842 -0.801949 0.61218 0.32958 -0.856564
0.641816 0.318607 -0.81384 0.589034 0.328146 -0.856567
0.624856 0.329576 -0.823272 0.561156 0.326491 -0.85657
0.603939 0.329574 -0.830766 0.528192 0.32457 -0.856573
0.578408 0.328103 -0.836746 0.490131 0.322328 -0.856576
0.547735 0.326398 -0.841545 0.447445 0.319708 -0.856579
0.511674 0.324413 -0.845423 0.401151 0.316633 -0.856582
0.470427 0.322085 -0.84858 0.352771 0.312987 -0.856584
0.424766 0.319365 -0.85117 0.304164 0.308642 -0.856587
0.376062 0.316144 -0.853312 0.257251 0.303437 -0.844093
0.326161 0.312306 -0.855095 0.213728 0.297172 -0.805451
0.277131 0.307706 -0.844099 0.174828 0.289605 -0.68
0.230936 0.302162 -0.805473 0.141204 0.280448 -0.436206
0.189127 0.295449 -0.680065 0.112956 0.268656 -0.250567
0.152657 0.28729 -0.436291 0.089758 0.25408 -0.17994
0.121843 0.277354 -0.250611 0.0710212 0.236075 -0.156174
0.0964754 0.264501 -0.179956 0.0560514 0.213923 -0.146784
0.0759944 0.248533 -0.156181 0.04416 0.186892 -0.148012
0.0596751 0.228727 -0.146788 0.0347282 0.154336 -0.14943
0.0467681 0.204299 -0.14679 0.027234 0.115839 -0.151074
0.0365867 0.174483 -0.14805 0.0212545 0.0713913 -0.152995
0.0285462 0.138663 -0.149509 0.0164555 0.0215408 -0.155238
0.0221714 0.0965496 -0.151209 0.0125774 -0.0325231 -0.157871
0.0170875 0.0483795 -0.153202 0.00942013 -0.0890221 -0.160993
0.0130044 -0.00494425 -0.155532 0.00682986 -0.145788 -0.164713
0.00969956 -0.0618223 -0.15829 0.00468839 -0.200574 -0.169171
0.00700306 -0.120099 -0.161576 0.00290462 -0.251401 -0.174536
0.00478514 -0.177357 -0.165515 0.0139007 -0.29683 -0.181015
0.00294642 -0.231306 -0.170262 0.0525268 -0.336098 -0.188856
0.00141042 -0.280131 -0.176011 0.177935 -0.369086 -0.198953
0.0117908 -0.322722 -0.182997 0.421709 -0.396178 -0.211435
0.0395058 -0.358708 -0.191505 0.607389 -0.418059 -0.226852
0.120854 -0.388333 -0.202511 0.678044 -0.435541 -0.24582
0.306976 -0.412251 -0.216184 0.701819 -0.449429 -0.268966
0.521371 -0.43131 -0.233144 0.711212 -0.460443 -0.296844
0.640055 -0.446383 -0.254061 0.71121 -0.469195 -0.329808
0.685605 -0.458273 -0.279592 0.70995 -0.476178 -0.367869
0.703294 -0.467663 -0.310265 0.708491 -0.481783 -0.410555
0.709952 -0.475108 -0.346326 0.706791 -0.486312 -0.456849
0.708493 -0.481045 -0.387573 0.704798 -0.489999 -0.505229
0.706793 -0.485813 -0.433234 0.702468 -0.493024 -0.553836
0.704801 -0.489673 -0.481938 0.69971 -0.495525 -0.600749
0.702449 -0.492822 -0.531839 0.696424 -0.497608 -0.644272
0.699681 -0.495412 -0.580869 0.692485 -0.484766 -0.683172
0.69638 -0.497559 -0.627064 0.687738 -0.439658 -0.716796
0.692419 -0.499353 -0.668873 0.681989 -0.293202 -0.745044
0.687638 -0.48723 -0.705343 0.675003 -0.00851513 -0.768242
0.681837 -0.454864 -0.736157 0.666495 0.208329 -0.786979
0.674769 -0.359863 -0.761525 0.655489 0.290842 -0.801949
0.666134 -0.142503 -0.782006 0.641816 0.318607 -0.81384
0.655579 0.107874 -0.798325 0.624856 0.329576 -0.823272
0.64192 0.246477 -0.811232 0.603939 0.329574 -0.830766
0.624977 0.299671 -0.821413 0.578408 0.328103 -0.836746
0.604078 0.320329 -0.829454 0.547735 0.326398 -0.841545
0.578566 0.328105 -0.835829 0.511674 0.324413 -0.845423
0.547912 0.326401 -0.840912 0.470427 0.322085 -0.84858
0.511868 0.324416 -0.844996 0.424766 0.319365 -0.85117
0.470633 0.322089 -0.8483 0.376062 0.316144 -0.853312
0.424978 0.319342 -0.850997 0.326161 0.312306 -0.855095
0.376271 0.31611 -0.853215 0.277131 0.307706 -0.844099
0.326359 0.312255 -0.855054 0.230936 0.302162 -0.805473
0.277312 0.307629 -0.85659 0.189127 0.295449 -0.680065
0.231094 0.302046 -0.846209 0.152657 0.28729 -0.436291
0.189261 0.295272 -0.818494 0.121843 0.277354 -0.250611
0.152766 0.287017 -0.737146 0.0964754 0.264501 -0.179956
0.12193 0.276933 -0.551024 0.0759944 0.248533 -0.156181
0.0965426 0.264606 -0.336629 0.0596751 0.228727 -0.146788
0.0760458 0.248655 -0.217945 0.0467681 0.204299 -0.14679
0.0597141 0.228868 -0.172395 0.0365867 0.174483 -0.14805
0.0467976 0.204462 -0.154706 0.0285462 0.138663 -0.149509
0.0366091 0.174668 -0.148048 0.0221714 0.0965496 -0.151209
0.0285632 0.13887 -0.149507 0.0170875 0.0483795 -0.153202
0.0221844 0.0967759 -0.151207 0.0130044 -0.00494425 -0.155532
0.0170975 0.0486198 -0.153199 0.00969956 -0.0618223 -0.15829
0.0130122 -0.00469754 -0.155551 0.00700306 -0.120099 -0.161576
0.00970567 -0.0615784 -0.158319 0.00478514 -0.177357 -0.165515
0.0070079 -0.119867 -0.16162 0.00294642 -0.231306 -0.170262
0.00478901 -0.177146 -0.165581 0.00141042 -0.280131 -0.176011
0.00294954 -0.231121 -0.170362 0.0117908 -0.322722 -0.182997
0.00141296 -0.279975 -0.176163 0.0395058 -0.358708 -0.191505
0.00141042 -0.322595 -0.183231 0.120854 -0.388333 -0.202511
0.0139007 -0.358607 -0.191866 0.306976 -0.412251 -0.216184
0.0525268 -0.388254 -0.202421 0.521371 -0.43131 -0.233144
0.177935 -0.412191 -0.21608 0.640055 -0.446383 -0.254061
0.421709 -0.431264 -0.233023 0.685605 -0.458273 -0.279592
0.607389 -0.446348 -0.253922 0.703294 -0.467663 -0.310265
0.678044 -0.458247 -0.279434 0.709952 -0.475108 -0.346326
0.701819 -0.467643 -0.310088 0.708493 -0.481045 -0.387573
0.711212 -0.475092 -0.346132 0.706793 -0.485813 -0.433234
0.709984 -0.481033 -0.387367 0.704801 -0.489673 -0.481938
0.708566 -0.485804 -0.433022 0.702449 -0.492822 -0.531839
0.706921 -0.489665 -0.481729 0.699681 -0.495412 -0.580869
0.705 -0.492816 -0.531641 0.69638 -0.497559 -0.627064
0.702743 -0.495407 -0.580688 0.692419 -0.499353 -0.668873
0.7001 -0.497555 -0.626906 0.687638 -0.48723 -0.705343
0.696965 -0.49935 -0.668739 0.681837 -0.454864 -0.736157
0.693223 -0.499353 -0.705234 0.674769 -0.359863 -0.761525
0.688733 -0.484766 -0.73607 0.666134 -0.142503 -0.782006
0.683319 -0.439658 -0.761457 0.655579 0.107874 -0.798325
0.676763 -0.293202 -0.781954 0.64192 0.246477 -0.811232
0.668803 -0.00851513 -0.798286 0.624977 0.299671 -0.821413
0.659131 0.208329 -0.811202 0.604078 0.320329 -0.829454
0.646663 0.290842 -0.821391 0.578566 0.328105 -0.835829
0.631261 0.318607 -0.829437 0.547912 0.326401 -0.840912
0.61231 0.329576 -0.835816 0.511868 0.324416 -0.844996
0.589182 0.328142 -0.840902 0.470633 0.322089 -0.8483
0.561322 0.326486 -0.844988 0.424978 0.319342 -0.850997
0.528375 0.324565 -0.848294 0.376271 0.31611 -0.853215
0.490328 0.322321 -0.850992 0.326359 0.312255 -0.855054
0.44765 0.319686 -0.853211 0.277312 0.307629 -0.85659
0.401357 0.316599 -0.85505 0.231094 0.302046 -0.846209
0.352971 0.312938 -0.856587 0.189261 0.295272 -0.818494
0.30435 0.308568 -0.85659 0.152766 0.287017 -0.737146
0.257418 0.303325 -0.844099 0.12193 0.276933 -0.551024
0.213873 0.297001 -0.805473 0.0965426 0.264606 -0.336629
0.174949 0.289345 -0.680065 0.0760458 0.248655 -0.217945
0.141301 0.280049 -0.436291 0.0597141 0.228868 -0.172395
0.113033 0.268755 -0.250611 0.0467976 0.204462 -0.154706
0.089818 0.254194 -0.179956 0.0366091 0.174668 -0.148048
0.0710672 0.236207 -0.156181 0.0285632 0.13887 -0.149507
0.0560865 0.214075 -0.146788 0.0221844 0.0967759 -0.151207
0.0441866 0.187065 -0.148016 0.0170975 0.0486198 -0.153199
0.0347485 0.15453 -0.149434 0.0130122 -0.00469754 -0.155551
0.0272496 0.116053 -0.151079 0.00970567 -0.0615784 -0.158319
0.0212664 0.0716209 -0.153 0.0070079 -0.119867 -0.16162
0.0164647 0.02178 -0.155257 0.00478901 -0.177146 -0.165581
0.0125847 -0.0322823 -0.1579 0.00294954 -0.231121 -0.170362
0.00942586 -0.0887886 -0.161035 0.00141296 -0.279975 -0.176163
0.00683442 -0.14557 -0.164777 0.00141042 -0.322595 -0.183231
0.00469205 -0.200379 -0.169267 0.0139007 -0.358607 -0.191866
0.00290759 -0.251232 -0.174681 0.0525268 -0.388254 -0.202421
0.00141042 -0.296689 -0.181237 0.177935 -0.412191 -0.21608
0.0139007 -0.335984 -0.189197 0.421709 -0.431264 -0.233023
0.0525268 -0.368996 -0.198869 0.607389 -0.446348 -0.253922
0.177935 -0.396108 -0.211337 0.678044 -0.458247 -0.279434
0.421709 -0.418005 -0.226739 0.701819 -0.467643 -0.310088
0.607389 -0.4355 -0.24569 0.711212 -0.475092 -0.346132
0.678044 -0.449397 -0.268818 0.709984 -0.481033 -0.387367
0.701819 -0.46042 -0.296678 0.708566 -0.485804 -0.433022
0.711212 -0.469177 -0.329625 0.706921 -0.489665 -0.481729
0.709984 -0.476164 -0.367672 0.705 -0.492816 -0.531641
0.708566 -0.481772 -0.41035 0.702743 -0.495407 -0.580688
0.706921 -0.486303 -0.456643 0.7001 -0.497555 -0.626906
0.705 -0.489992 -0.505029 0.696965 -0.49935 -0.668739
0.702743 -0.493019 -0.55365 0.693223 -0.499353 -0.705234
0.7001 -0.49552 -0.600582 0.688733 -0.484766 -0.73607
0.696965 -0.497604 -0.644127 0.683319 -0.439658 -0.761457
0.693223 -0.499353 -0.683051 0.676763 -0.293202 -0.781954
0.688733 -0.484766 -0.716699 0.668803 -0.00851513 -0.798286
0.683319 -0.439658 -0.744967 0.659131 0.208329 -0.811202
0.676763 -0.293202 -0.768182 0.646663 0.290842 -0.821391
0.668803 -0.00851513 -0.786933 0.631261 0.318607 -0.829437
0.659131 0.208329 -0.801914 0.61231 0.329576 -0.835816
0.646663 0.290842 -0.813813 0.589182 0.328142 -0.840902
0.631261 0.318607 -0.823252 0.561322 0.326486 -0.844988
0.61231 0.329576 -0.83075 0.528375 0.324565 -0.848294
0.589182 0.328142 -0.836734 0.490328 0.322321 -0.850992
0.561322 0.326486 -0.841535 0.44765 0.319686 -0.853211
0.528375 0.324565 -0.845415 0.401357 0.316599 -0.85505
0.490328 0.322321 -0.848574 0.352971 0.312938 -0.856587
0.44765 0.319686 -0.851166 0.30435 0.308568 -0.85659
0.401357 0.316599 -0.853308 0.257418 0.303325 -0.844099
0.352971 0.312938 -0.855092 0.213873 0.297001 -0.805473
0.30435 0.308568 -0.85659 0.174949 0.289345 -0.680065
0.257418 0.303325 -0.844099 0.141301 0.280049 -0.436291
0.213873 0.297001 -0.805473 0.113033 0.268755 -0.250611
0.174949 0.289345 -0.680065 0.089818 0.254194 -0.179956
0.141301 0.280049 -0.436291 0.0710672 0.236207 -0.156181
0.113033 0.268755 -0.250611 0.0560865 0.214075 -0.146788
0.089818 0.254194 -0.179956 0.0441866 0.187065 -0.148016
0.0710672 0.236207 -0.156181 0.0347485 0.15453 -0.149434
0.0560865 0.214075 -0.146788 0.0272496 0.116053 -0.151079
0.0441866 0.187065 -0.148016 0.0212664 0.0716209 -0.153
0.0347485 0.15453 -0.149434 0.0164647 0.02178 -0.155257
0.0272496 0.116053 -0.151079 0.0125847 -0.0322823 -0.1579
0.0212664 0.0716209 -0.153 0.00942586 -0.0887886 -0.161035
0.0164647 0.02178 -0.155257 0.00683442 -0.14557 -0.164777
0.0125847 -0.0322823 -0.1579 0.00469205 -0.200379 -0.169267
0.00942586 -0.0887886 -0.161035 0.00290759 -0.251232 -0.174681
0.00683442 -0.14557 -0.164777 0.00141042 -0.296689 -0.181237
0.00469205 -0.200379 -0.169267 0.0139007 -0.335984 -0.189197
0.00290759 -0.251232 -0.174681 0.0525268 -0.368996 -0.198869
0.00141042 -0.296689 -0.181237 0.177935 -0.396108 -0.211337
0.0139007 -0.335984 -0.189197 0.421709 -0.418005 -0.226739
0.0525268 -0.368996 -0.198869 0.607389 -0.4355 -0.24569
0.177935 -0.396108 -0.211337 0.678044 -0.449397 -0.268818
0.421709 -0.418005 -0.226739 0.701819 -0.46042 -0.296678
0.607389 -0.4355 -0.24569 0.711212 -0.469177 -0.329625
0.678044 -0.449397 -0.268818 0.709984 -0.476164 -0.367672
0.701819 -0.46042 -0.296678 0.708566 -0.481772 -0.41035
0.711212 -0.469177 -0.329625 0.706921 -0.486303 -0.456643
0.709984 -0.476164 -0.367672 0.705 -0.489992 -0.505029
0.708566 -0.481772 -0.41035 0.702743 -0.493019 -0.55365
0.706921 -0.486303 -0.456643 0.7001 -0.49552 -0.600582
0.705 -0.489992 -0.505029 0.696965 -0.497604 -0.644127
0.702743 -0.493019 -0.55365 0.693223 -0.499353 -0.683051
0.7001 -0.49552 -0.600582 0.688733 -0.484766 -0.716699
0.696965 -0.497604 -0.644127 0.683319 -0.439658 -0.744967
0.693223 -0.499353 -0.683051 0.676763 -0.293202 -0.768182
0.688733 -0.484766 -0.716699 0.668803 -0.00851513 -0.786933
0.683319 -0.439658 -0.744967 0.659131 0.208329 -0.801914
0.676763 -0.293202 -0.768182 0.646663 0.290842 -0.813813
0.668803 -0.00851513 -0.786933 0.631261 0.318607 -0.823252
0.659131 0.208329 -0.801914 0.61231 0.329576 -0.83075
0.646663 0.290842 -0.813813 0.589182 0.328142 -0.836734
0.631261 0.318607 -0.823252 0.561322 0.326486 -0.841535
0.61231 0.329576 -0.83075 0.528375 0.324565 -0.845415
0.589182 0.328142 -0.836734 0.490328 0.322321 -0.848574
0.561322 0.326486 -0.841535 0.44765 0.319686 -0.851166
0.528375 0.324565 -0.845415 0.401357 0.316599 -0.853308
0.490328 0.322321 -0.848574 0.352971 0.312938 -0.855092
0.44765 0.319686 -0.851166 0.30435 0.308568 -0.85659
0.401357 0.316599 -0.853308 0.257418 0.303325 -0.844099
0.352971 0.312938 -0.855092 0.213873 0.297001 -0.805473
0.30435 0.308568 -0.85659 0.174949 0.289345 -0.680065
0.257418 0.303325 -0.844099 0.141301 0.280049 -0.436291
0.213873 0.297001 -0.805473 0.113033 0.268755 -0.250611
0.174949 0.289345 -0.680065 0.089818 0.254194 -0.179956
0.141301 0.280049 -0.436291 0.0710672 0.236207 -0.156181
0.113033 0.268755 -0.250611 0.0560865 0.214075 -0.146788
0.089818 0.254194 -0.179956 0.0441866 0.187065 -0.148016
0.0710672 0.236207 -0.156181 0.0347485 0.15453 -0.149434
0.0560865 0.214075 -0.146788 0.0272496 0.116053 -0.151079
0.0441866 0.187065 -0.148016 0.0212664 0.0716209 -0.153
0.0347485 0.15453 -0.149434 0.0164647 0.02178 -0.155257
0.0272496 0.116053 -0.151079 0.0125847 -0.0322823 -0.1579
0.0212664 0.0716209 -0.153 0.00942586 -0.0887886 -0.161035
0.0164647 0.02178 -0.155257 0.00683442 -0.14557 -0.164777
0.0125847 -0.0322823 -0.1579 0.00469205 -0.200379 -0.169267
0.00942586 -0.0887886 -0.161035 0.00290759 -0.251232 -0.174681
0.00683442 -0.14557 -0.164777 0.00141042 -0.296689 -0.181237
0.00469205 -0.200379 -0.169267 0.0139007 -0.335984 -0.189197
0.00290759 -0.251232 -0.174681 0.0525268 -0.368996 -0.198869
0.00141042 -0.296689 -0.181237 0.177935 -0.396108 -0.211337
0.0139007 -0.335984 -0.189197 0.421709 -0.418005 -0.226739
0.0525268 -0.368996 -0.198869 0.607389 -0.4355 -0.24569
0.177935 -0.396108 -0.211337 0.678044 -0.449397 -0.268818
0.421709 -0.418005 -0.226739 0.701819 -0.46042 -0.296678
0.607389 -0.4355 -0.24569 0.711212 -0.469177 -0.329625
0.678044 -0.449397 -0.268818 0.709984 -0.476164 -0.367672
0.701819 -0.46042 -0.296678 0.708566 -0.481772 -0.41035
0.711212 -0.469177 -0.329625 0.706921 -0.486303 -0.456643
0.709984 -0.476164 -0.367672 0.705 -0.489992 -0.505029
0.708566 -0.481772 -0.41035 0.702743 -0.493019 -0.55365
0.706921 -0.486303 -0.456643 0.7001 -0.49552 -0.600582
0.705 -0.489992 -0.505029 0.696965 -0.497604 -0.644127
0.702743 -0.493019 -0.55365 0.693223 -0.499353 -0.683051
0.7001 -0.49552 -0.600582 0.688733 -0.484766 -0.716699
0.696965 -0.497604 -0.644127 0.683319 -0.439658 -0.744967
0.693223 -0.499353 -0.683051 0.676763 -0.293202 -0.768182
0.688733 -0.484766 -0.716699 0.668803 -0.00851513 -0.786933
0.683319 -0.439658 -0.744967 0.659131 0.208329 -0.801914
0.676763 -0.293202 -0.768182 0.646663 0.290842 -0.813813
0.668803 -0.00851513 -0.786933 0.631261 0.318607 -0.823252
0.659131 0.208329 -0.801914 0.61231 0.329576 -0.83075
0.646663 0.290842 -0.813813 0.589182 0.328142 -0.836734
0.631261 0.318607 -0.823252 0.561322 0.326486 -0.841535
0.61231 0.329576 -0.83075 0.528375 0.324565 -0.845415
0.589182 0.328142 -0.836734 0.490328 0.322321 -0.848574
0.561322 0.326486 -0.841535 0.44765 0.319686 -0.851166
0.528375 0.324565 -0.845415 0.401357 0.316599 -0.853308
0.490328 0.322321 -0.848574 0.352971 0.312938 -0.855092
0.44765 0.319686 -0.851166 0.30435 0.308568 -0.85659
0.401357 0.316599 -0.853308 0.257418 0.303325 -0.844099
0.352971 0.312938 -0.855092 0.213873 0.297001 -0.805473
0.30435 0.308568 -0.85659 0.174949 0.289345 -0.680065
0.257418 0.303325 -0.844099 0.141301 0.280049 -0.436291
0.213873 0.297001 -0.805473 0.113033 0.268755 -0.250611
0.174949 0.289345 -0.680065 0.089818 0.254194 -0.179956
0.141301 0.280049 -0.436291 0.0710672 0.236207 -0.156181
0.113033 0.268755 -0.250611 0.0560865 0.214075 -0.146788
0.089818 0.254194 -0.179956 0.0441866 0.187065 -0.148016
0.0710672 0.236207 -0.156181 0.0347485 0.15453 -0.149434
0.0560865 0.214075 -0.146788 0.0272496 0.116053 -0.151079
0.0441866 0.187065 -0.148016 0.0212664 0.0716209 -0.153
0.0347485 0.15453 -0.149434 0.0164647 0.02178 -0.155257
0.0272496 0.116053 -0.151079 0.0125847 -0.0322823 -0.1579
0.0212664 0.0716209 -0.153 0.00942586 -0.0887886 -0.161035
0.0164647 0.02178 -0.155257 0.00683442 -0.14557 -0.164777
0.0125847 -0.0322823 -0.1579 0.00469205 -0.200379 -0.169267
0.00942586 -0.0887886 -0.161035 0.00290759 -0.251232 -0.174681
0.00683442 -0.14557 -0.164777 0.00141042 -0.296689 -0.181237
0.00469205 -0.200379 -0.169267 0.0139007 -0.335984 -0.189197
0.00290759 -0.251232 -0.174681 0.0525268 -0.368996 -0.198869
0.00141042 -0.296689 -0.181237 0.177935 -0.396108 -0.211337
0.0139007 -0.335984 -0.189197 0.421709 -0.418005 -0.226739
0.0525268 -0.368996 -0.198869 0.607389 -0.4355 -0.24569
0.177935 -0.396108 -0.211337 0.678044 -0.449397 -0.268818
0.421709 -0.418005 -0.226739 0.701819 -0.46042 -0.296678
0.607389 -0.4355 -0.24569 0.711212 -0.469177 -0.329625
0.678044 -0.449397 -0.268818 0.709984 -0.476164 -0.367672
0.701819 -0.46042 -0.296678 0.708566 -0.481772 -0.41035
0.711212 -0.469177 -0.329625 0.706921 -0.486303 -0.456643
0.709984 -0.476164 -0.367672 0.705 -0.489992 -0.505029
0.708566 -0.481772 -0.41035 0.702743 -0.493019 -0.55365
0.706921 -0.486303 -0.456643 0.7001 -0.49552 -0.600582
0.705 -0.489992 -0.505029 0.696965 -0.497604 -0.644127
0.702762 -0.493019 -0.55365 0.693223 -0.499353 -0.683051
0.700129 -0.49552 -0.600582 0.688733 -0.484766 -0.716699
0.697007 -0.497604 -0.644127 0.683319 -0.439658 -0.744967
0.693287 -0.499353 -0.683051 0.676763 -0.293202 -0.768182
0.688829 -0.484766 -0.716699 0.668803 -0.00851513 -0.786933
0.683464 -0.439658 -0.744967 0.659131 0.208329 -0.801914
0.676985 -0.293202 -0.768182 0.646663 0.290842 -0.813813
0.669144 -0.00851513 -0.786933 0.631261 0.318607 -0.823252
0.659131 0.208329 -0.801914 0.61231 0.329576 -0.83075
0.646661 0.290842 -0.813813 0.589182 0.328142 -0.836734
0.631255 0.318607 -0.823252 0.561322 0.326486 -0.841535
0.6123 0.329576 -0.83075 0.528375 0.324565 -0.845415
0.589167 0.328142 -0.836734 0.490328 0.322321 -0.848574
0.561302 0.326486 -0.841535 0.44765 0.319686 -0.851166
0.528348 0.324565 -0.845415 0.401357 0.316599 -0.853308
0.490295 0.322321 -0.848574 0.352971 0.312938 -0.855092
0.44761 0.319708 -0.851166 0.30435 0.308568 -0.85659
0.401312 0.316633 -0.853308 0.257418 0.303325 -0.844099
0.352923 0.312987 -0.855092 0.213873 0.297001 -0.805473
0.304301 0.308642 -0.85659 0.174949 0.289345 -0.680065
0.25737 0.303437 -0.844099 0.141301 0.280049 -0.436291
0.213828 0.297172 -0.805473 0.113033 0.268755 -0.250611
0.174908 0.289605 -0.680065 0.089818 0.254194 -0.179956
0.141266 0.280448 -0.436291 0.0710672 0.236207 -0.156181
0.113004 0.268755 -0.250611 0.0560865 0.214075 -0.146788
0.0897934 0.254191 -0.179956 0.0441866 0.187065 -0.148016
0.0710472 0.2362 -0.156181 0.0347485 0.15453 -0.149434
0.0560704 0.214064 -0.146788 0.0272496 0.116053 -0.151079
0.0441738 0.187049 -0.148016 0.0212664 0.0716209 -0.153
0.0347382 0.154507 -0.149434 0.0164647 0.02178 -0.155257
0.0272413 0.116022 -0.151079 0.0125847 -0.0322823 -0.1579
0.0212598 0.0715819 -0.153 0.00942586 -0.0887886 -0.161035
0.0164594 0.0217336 -0.155238 0.00683442 -0.14557 -0.164777
0.0125803 -0.0323348 -0.157871 0.00469205 -0.200379 -0.169267
0.00942228 -0.0888452 -0.160993 0.00290759 -0.251232 -0.174681
0.00683146 -0.145628 -0.164713 0.00141042 -0.296689 -0.181237
0.00468959 -0.200435 -0.169171 0.0139007 -0.335984 -0.189197
0.00290553 -0.251285 -0.174536 0.0525268 -0.368996 -0.198869
0.00140868 -0.296737 -0.181015 0.177935 -0.396108 -0.211337
0.0138964 -0.336025 -0.188856 0.421709 -0.418005 -0.226739
0.052513 -0.369031 -0.198869 0.607389 -0.4355 -0.24569
0.177895 -0.396136 -0.211339 0.678044 -0.449397 -0.268818
0.421657 -0.418029 -0.226745 0.701819 -0.46042 -0.296678
0.607364 -0.435519 -0.2457 0.711212 -0.469177 -0.329625
0.678035 -0.449412 -0.268833 0.709984 -0.476164 -0.367672
0.701816 -0.460432 -0.296698 0.708566 -0.481772 -0.41035
0.71121 -0.469187 -0.329652 0.706921 -0.486303 -0.456643
0.709982 -0.476172 -0.367705 0.705 -0.489992 -0.505029
0.708564 -0.481778 -0.41039 0.702762 -0.493019 -0.55365
0.706918 -0.486308 -0.456688 0.700129 -0.49552 -0.600582
0.704997 -0.489996 -0.505077 0.697007 -0.497604 -0.644127
0.70276 -0.493022 -0.553699 0.693287 -0.499353 -0.683051
0.700122 -0.495523 -0.60063 0.688829 -0.484766 -0.716699
0.696992 -0.497607 -0.644172 0.683464 -0.439658 -0.744967
0.693256 -0.499355 -0.683092 0.676985 -0.293202 -0.768182
0.688773 -0.484771 -0.716734 0.669144 -0.00851513 -0.786933
0.683363 -0.439674 -0.744996 0.659131 0.208329 -0.801914
0.676807 -0.293248 -0.768207 0.646661 0.290842 -0.813813
0.668837 -0.00857528 -0.786953 0.631255 0.318607 -0.823252
0.659045 0.208299 -0.80193 0.6123 0.329576 -0.83075
0.646561 0.290831 -0.813826 0.589167 0.328142 -0.836734
0.63114 0.318603 -0.823262 0.561302 0.326486 -0.841535
0.612168 0.329574 -0.830759 0.528348 0.324565 -0.845415
0.589016 0.328139 -0.83674 0.490295 0.322321 -0.848574
0.561133 0.326484 -0.841541 0.44761 0.319708 -0.851166
0.528162 0.324562 -0.84542 0.401312 0.316633 -0.853308
0.490095 0.322318 -0.848578 0.352923 0.312987 -0.855092
0.447402 0.319706 -0.851169 0.304301 0.308642 -0.85659
0.401103 0.316625 -0.85331 0.25737 0.303437 -0.844099
0.352721 0.312969 -0.855094 0.213828 0.297172 -0.805473
0.304112 0.308607 -0.856591 0.174908 0.289605 -0.680065
0.257201 0.303371 -0.844104 0.141266 0.280448 -0.436291
0.213682 0.297054 -0.805487 0.113004 0.268755 -0.250611
0.174786 0.289397 -0.680105 0.0897934 0.254191 -0.179956
0.141168 0.280089 -0.436343 0.0710472 0.2362 -0.156181
0.112926 0.268654 -0.250636 0.0560704 0.214064 -0.146788
0.0897331 0.254075 -0.179965 0.0441738 0.187049 -0.148016
0.0710011 0.236066 -0.156184 0.0347382 0.154507 -0.149434
0.0560353 0.213909 -0.14679 0.0272413 0.116022 -0.151079
0.0441471 0.186872 -0.148018 0.0212598 0.0715819 -0.153
0.0347179 0.154309 -0.149436 0.0164594 0.0217336 -0.155238
0.0272258 0.115805 -0.151082 0.0125803 -0.0323348 -0.157871
0.0212479 0.0713487 -0.153003 0.00942228 -0.0888452 -0.160993
0.0164502 0.021491 -0.15524 0.00683146 -0.145628 -0.164713
0.0125731 -0.0325788 -0.157878 0.00468959 -0.200435 -0.169171
0.00941659 -0.0890815 -0.161008 0.00290553 -0.251285 -0.174536
0.00682693 -0.145848 -0.164744 0.00140868 -0.296737 -0.181015
0.00468596 -0.200633 -0.169227 0.0138964 -0.336025 -0.188856
0.00290258 -0.251456 -0.174637 0.052513 -0.369031 -0.198869
0.00140628 -0.296879 -0.181193 0.177895 -0.396136 -0.211339
0.0138905 -0.33614 -0.189163 0.421657 -0.418029 -0.226745
0.0524952 -0.369122 -0.198955 0.607364 -0.435519 -0.2457
0.177845 -0.396207 -0.211439 0.678035 -0.449412 -0.268833
0.421595 -0.418083 -0.22686 0.701816 -0.460432 -0.296698
0.607333 -0.43556 -0.245832 0.71121 -0.469187 -0.329652
0.678025 -0.449444 -0.268984 0.709982 -0.476172 -0.367705
0.701811 -0.460455 -0.296867 0.708564 -0.481778 -0.41039
0.711208 -0.469205 -0.329838 0.706918 -0.486308 -0.456688
0.709979 -0.476186 -0.367905 0.704997 -0.489996 -0.505077
0.708561 -0.481789 -0.410598 0.70276 -0.493022 -0.553699
0.706916 -0.486317 -0.456897 0.700122 -0.495523 -0.60063
0.704997 -0.490003 -0.505279 0.696992 -0.497607 -0.644172
0.702762 -0.493027 -0.553888 0.693256 -0.499355 -0.683092
0.700129 -0.495528 -0.600799 0.688773 -0.484771 -0.716734
0.697007 -0.49761 -0.644318 0.683363 -0.439674 -0.744996
0.693287 -0.499358 -0.683214 0.676807 -0.293248 -0.768207
0.688829 -0.484778 -0.716832 0.668837 -0.00857528 -0.786953
0.683464 -0.439694 -0.745074 0.659045 0.208299 -0.80193
0.676985 -0.293307 -0.768267 0.646561 0.290831 -0.813826
0.669144 -0.00864819 -0.786999 0.63114 0.318603 -0.823262
0.659047 0.208264 -0.801965 0.612168 0.329574 -0.830759
0.646565 0.290819 -0.813853 0.589016 0.328139 -0.83674
0.631148 0.318598 -0.823282 0.561133 0.326484 -0.841541
0.61218 0.329572 -0.830774 0.528162 0.324562 -0.84542
0.589034 0.328137 -0.836752 0.490095 0.322318 -0.848578
0.561156 0.326481 -0.84155 0.447402 0.319706 -0.851169
0.528192 0.324559 -0.845427 0.401103 0.316625 -0.85331
0.490131 0.322318 -0.848583 0.352721 0.312969 -0.855094
0.447445 0.319708 -0.851173 0.304112 0.308607 -0.856591
0.401151 0.316633 -0.853314 0.257201 0.303371 -0.844104
0.352771 0.312987 -0.855097 0.213682 0.297054 -0.805487
0.304164 0.308642 -0.856594 0.174786 0.289397 -0.680105
0.257251 0.303437 -0.844109 0.141168 0.280089 -0.436343
0.213728 0.297172 -0.805505 0.112926 0.268654 -0.250636
0.174828 0.289605 -0.680155 0.0897331 0.254075 -0.179965
0.141204 0.280448 -0.436405 0.0710011 0.236066 -0.156184
0.112956 0.268656 -0.250667 0.0560353 0.213909 -0.14679
0.089758 0.25408 -0.179975 0.0441471 0.186872 -0.148018
0.0710212 0.236075 -0.156189 0.0347179 0.154309 -0.149436
0.0560514 0.213923 -0.146792 0.0272258 0.115805 -0.151082
0.04416 0.186892 -0.148021 0.0212479 0.0713487 -0.153003
0.0347282 0.154336 -0.149439 0.0164502 0.021491 -0.15524
0.027234 0.115839 -0.151084 0.0125731 -0.0325788 -0.157878
0.0212545 0.0713913 -0.153003 0.00941659 -0.0890815 -0.161008
0.0164555 0.0215408 -0.155238 0.00682693 -0.145848 -0.164744
0.0125774 -0.0325231 -0.157871 0.00468596 -0.200633 -0.169227
0.00942013 -0.0890221 -0.160993 0.00290258 -0.251456 -0.174637
0.00682986 -0.145788 -0.164713 0.00140628 -0.296879 -0.181193
0.00468839 -0.200574 -0.169171 0.0138905 -0.33614 -0.189163
0.00290462 -0.251401 -0.174536 0.0524952 -0.369122 -0.198955
0.0139007 -0.29683 -0.181015 0.177845 -0.396207 -0.211439
0.0525268 -0.336098 -0.188856 0.421595 -0.418083 -0.22686
0.177935 -0.369086 -0.198953 0.607333 -0.43556 -0.245832
0.421709 -0.396178 -0.211435 0.678025 -0.449444 -0.268984
0.607389 -0.418059 -0.226852 0.701811 -0.460455 -0.296867
0.678044 -0.435541 -0.24582 0.711208 -0.469205 -0.329838
0.701819 -0.449429 -0.268966 0.709979 -0.476186 -0.367905
0.711212 -0.460443 -0.296844 0.708561 -0.481789 -0.410598
0.709952 -0.469195 -0.329808 0.706916 -0.486317 -0.456897
0.708493 -0.476178 -0.367869 0.704997 -0.490003 -0.505279
0.706793 -0.481783 -0.410555 0.702762 -0.493027 -0.553888
0.704801 -0.486312 -0.456849 0.700129 -0.495528 -0.600799
0.702449 -0.489999 -0.505229 0.697007 -0.49761 -0.644318
0.699681 -0.493024 -0.553836 0.693287 -0.499358 -0.683214
0.69638 -0.495525 -0.600749 0.688829 -0.484778 -0.716832
0.692419 -0.497608 -0.644272 0.683464 -0.439694 -0.745074
0.687638 -0.484766 -0.683172 0.676985 -0.293307 -0.768267
0.681837 -0.439658 -0.716796 0.669144 -0.00864819 -0.786999
0.674769 -0.293202 -0.745044 0.659047 0.208264 -0.801965
0.666134 -0.00851513 -0.768242 0.646565 0.290819 -0.813853
0.655579 0.208329 -0.786979 0.631148 0.318598 -0.823282
0.64192 0.290842 -0.801949 0.61218 0.329572 -0.830774
0.624977 0.318607 -0.81384 0.589034 0.328137 -0.836752
0.604078 0.329576 -0.823272 0.561156 0.326481 -0.84155
0.578566 0.328105 -0.830766 0.528192 0.324559 -0.845427
0.547912 0.326401 -0.836746 0.490131 0.322318 -0.848583
0.511868 0.324416 -0.841545 0.447445 0.319708 -0.851173
0.470633 0.322089 -0.845423 0.401151 0.316633 -0.853314
0.424978 0.319342 -0.84858 0.352771 0.312987 -0.855097
0.376271 0.31611 -0.85117 0.304164 0.308642 -0.856594
0.326359 0.312255 -0.853312 0.257251 0.303437 -0.844109
0.277312 0.307629 -0.855095 0.213728 0.297172 -0.805505
0.231094 0.302046 -0.844099 0.174828 0.289605 -0.680155
0.189261 0.295272 -0.805473 0.141204 0.280448 -0.436405
0.152766 0.287017 -0.680065 0.112956 0.268656 -0.250667
0.12193 0.276933 -0.436291 0.089758 0.25408 -0.179975
0.0965426 0.264606 -0.250611 0.0710212 0.236075 -0.156189
0.0760458 0.248655 -0.179956 0.0560514 0.213923 -0.146792
0.0597141 0.228868 -0.156181 0.04416 0.186892 -0.148021
0.0467976 0.204462 -0.146788 0.0347282 0.154336 -0.149439
0.0366091 0.174668 -0.148048 0.027234 0.115839 -0.151084
0.0285632 0.13887 -0.149507 0.0212545 0.0713913 -0.153003
0.0221844 0.0967759 -0.151207 0.0164555 0.0215408 -0.155238
0.0170975 0.0486198 -0.153199 0.0125774 -0.0325231 -0.157871
0.0130122 -0.00469754 -0.155551 0.00942013 -0.0890221 -0.160993
0.00970567 -0.0615784 -0.158319 0.00682986 -0.145788 -0.164713
0.0070079 -0.119867 -0.16162 0.00468839 -0.200574 -0.169171
0.00478901 -0.177146 -0.165581 0.00290462 -0.251401 -0.174536
0.00294954 -0.231121 -0.170362 0.0139007 -0.29683 -0.181015
0.00141296 -0.279975 -0.176163 0.0525268 -0.336098 -0.188856
0.00141042 -0.322595 -0.183231 0.177935 -0.369086 -0.198953
0.0139007 -0.358607 -0.191866 0.421709 -0.396178 -0.211435
0.0525268 -0.388254 -0.202421 0.607389 -0.418059 -0.226852
0.177935 -0.412191 -0.21608 0.678044 -0.435541 -0.24582
0.421709 -0.431264 -0.233023 0.701819 -0.449429 -0.268966
0.607389 -0.446348 -0.253922 0.711212 -0.460443 -0.296844
0.678044 -0.458247 -0.279434 0.709952 -0.469195 -0.329808
0.701819 -0.467643 -0.310088 0.708493 -0.476178 -0.367869
0.711212 -0.475092 -0.346132 0.706793 -0.481783 -0.410555
0.709984 -0.481033 -0.387367 0.704801 -0.486312 -0.456849
0.708566 -0.485804 -0.433022 0.702449 -0.489999 -0.505229
0.706921 -0.489665 -0.481729 0.699681 -0.493024 -0.553836
0.705 -0.492816 -0.531641 0.69638 -0.495525 -0.600749
0.702743 -0.495407 -0.580688 0.692419 -0.497608 -0.644272
0.7001 -0.497555 -0.626906 0.687638 -0.484766 -0.683172
0.696965 -0.49935 -0.668739 0.681837 -0.439658 -0.716796
0.693223 -0.499353 -0.705234 0.674769 -0.293202 -0.745044
0.688733 -0.484766 -0.73607 0.666134 -0.00851513 -0.768242
0.683319 -0.439658 -0.761457 0.655579 0.208329 -0.786979
0.676763 -0.293202 -0.781954 0.64192 0.290842 -0.801949
0.668803 -0.00851513 -0.798286 0.624977 0.318607 -0.81384
0.659131 0.208329 -0.811202 0.604078 0.329576 -0.823272
0.646663 0.290842 -0.821391 0.578566 0.328105 -0.830766
0.631261 0.318607 -0.829437 0.547912 0.326401 -0.836746
0.61231 0.329576 -0.835816 0.511868 0.324416 -0.841545
0.589182 0.328142 -0.840902 0.470633 0.322089 -0.845423
0.561322 0.326486 -0.844988 0.424978 0.319342 -0.84858
0.528375 0.324565 -0.848294 0.376271 0.31611 -0.85117
0.490328 0.322321 -0.850992 0.326359 0.312255 -0.853312
0.44765 0.319686 -0.853211 0.277312 0.307629 -0.855095
0.401357 0.316599 -0.85505 0.231094 0.302046 -0.844099
0.352971 0.312938 -0.856587 0.189261 0.295272 -0.805473
0.30435 0.308568 -0.85659 0.152766 0.287017 -0.680065
0.257418 0.303325 -0.844099 0.12193 0.276933 -0.436291
0.213873 0.297001 -0.805473 0.0965426 0.264606 -0.250611
0.174949 0.289345 -0.680065 0.0760458 0.248655 -0.179956
0.141301 0.280049 -0.436291 0.0597141 0.228868 -0.156181
0.113033 0.268755 -0.250611 0.0467976 0.204462 -0.146788
0.089818 0.254194 -0.179956 0.0366091 0.174668 -0.148048
0.0710672 0.236207 -0.156181 0.0285632 0.13887 -0.149507
0.0560865 0.214075 -0.146788 0.0221844 0.0967759 -0.151207
0.0441866 0.187065 -0.148016 0.0170975 0.0486198 -0.153199
0.0347485 0.15453 -0.149434 0.0130122 -0.00469754 -0.155551
0.0272496 0.116053 -0.151079 0.00970567 -0.0615784 -0.158319
0.0212664 0.0716209 -0.153 0.0070079 -0.119867 -0.16162
0.0164647 0.02178 -0.155257 0.00478901 -0.177146 -0.165581
0.0125847 -0.0322823 -0.1579 0.00294954 -0.231121 -0.170362
0.00942586 -0.0887886 -0.161035 0.00141296 -0.279975 -0.176163
0.00683442 -0.14557 -0.164777 0.00141042 -0.322595 -0.183231
0.00469205 -0.200379 -0.169267 0.0139007 -0.358607 -0.191866
0.00290759 -0.251232 -0.174681 0.0525268 -0.388254 -0.202421
0.00141042 -0.296689 -0.181237 0.177935 -0.412191 -0.21608
0.0139007 -0.335984 -0.189197 0.421709 -0.431264 -0.233023
0.0525268 -0.368996 -0.198869 0.607389 -0.446348 -0.253922
0.177935 -0.396108 -0.211337 0.678044 -0.458247 -0.279434
0.421709 -0.418005 -0.226739 0.701819 -0.467643 -0.310088
0.607389 -0.4355 -0.24569 0.711212 -0.475092 -0.346132
0.678044 -0.449397 -0.268818 0.709984 -0.481033 -0.387367
0.701819 -0.46042 -0.296678 0.708566 -0.485804 -0.433022
0.711212 -0.469177 -0.329625 0.706921 -0.489665 -0.481729
0.709984 -0.476164 -0.367672 0.705 -0.492816 -0.531641
0.708566 -0.481772 -0.41035 0.702743 -0.495407 -0.580688
0.706921 -0.486303 -0.456643 0.7001 -0.497555 -0.626906
0.705 -0.489992 -0.505029 0.696965 -0.49935 -0.668739
0.702743 -0.493019 -0.55365 0.693223 -0.499353 -0.705234
0.7001 -0.49552 -0.600582 0.688733 -0.484766 -0.73607
0.696965 -0.497604 -0.644127 0.683319 -0.439658 -0.761457
0.693223 -0.499353 -0.683051 0.676763 -0.293202 -0.781954
0.688733 -0.484766 -0.716699 0.668803 -0.00851513 -0.798286
0.683319 -0.439658 -0.744967 0.659131 0.208329 -0.811202
0.676763 -0.293202 -0.768182 0.646663 0.290842 -0.821391
0.668803 -0.00851513 -0.786933 0.631261 0.318607 -0.829437
0.659131 0.208329 -0.801914 0.61231 0.329576 -0.835816
0.646663 0.290842 -0.813813 0.589182 0.328142 -0.840902
0.631261 0.318607 -0.823252 0.561322 0.326486 -0.844988
0.61231 0.329576 -0.83075 0.528375 0.324565 -0.848294
0.589182 0.328142 -0.836734 0.490328 0.322321 -0.850992
0.561322 0.326486 -0.841535 0.44765 0.319686 -0.853211
0.528375 0.324565 -0.845415 0.401357 0.316599 -0.85505
0.490328 0.322321 -0.848574 0.352971 0.312938 -0.856587
0.44765 0.319686 -0.851166 0.30435 0.308568 -0.85659
0.401357 0.316599 -0.853308 0.257418 0.303325 -0.844099
0.352971 0.312938 -0.855092 0.213873 0.297001 -0.805473
0.30435 0.308568 -0.85659 0.174949 0.289345 -0.680065
0.257418 0.303325 -0.844099 0.141301 0.280049 -0.436291
0.213873 0.297001 -0.805473 0.113033 0.268755 -0.250611
0.174949 0.289345 -0.680065 0.089818 0.254194 -0.179956
0.141301 0.280049 -0.436291 0.0710672 0.236207 -0.156181
0.113033 0.268755 -0.250611 0.0560865 0.214075 -0.146788
0.089818 0.254194 -0.179956 0.0441866 0.187065 -0.148016
0.0710672 0.236207 -0.156181 0.0347485 0.15453 -0.149434
0.0560865 0.214075 -0.146788 0.0272496 0.116053 -0.151079
0.0441866 0.187065 -0.148016 0.0212664 0.0716209 -0.153
0.0347485 0.15453 -0.149434 0.0164647 0.02178 -0.155257
0.0272496 0.116053 -0.151079 0.0125847 -0.0322823 -0.1579
0.0212664 0.0716209 -0.153 0.00942586 -0.0887886 -0.161035
0.0164647 0.02178 -0.155257 0.00683442 -0.14557 -0.164777
0.0125847 -0.0322823 -0.1579 0.00469205 -0.200379 -0.169267
0.00942586 -0.0887886 -0.161035 0.00290759 -0.251232 -0.174681
0.00683442 -0.14557 -0.164777 0.00141042 -0.296689 -0.181237
0.00469205 -0.200379 -0.169267 0.0139007 -0.335984 -0.189197
0.00290759 -0.251232 -0.174681 0.0525268 -0.368996 -0.198869
0.00141042 -0.296689 -0.181237 0.177935 -0.396108 -0.211337
0.0139007 -0.335984 -0.189197 0.421709 -0.418005 -0.226739
0.0525268 -0.368996 -0.198869 0.607389 -0.4355 -0.24569
0.177935 -0.396108 -0.211337 0.678044 -0.449397 -0.268818
0.421709 -0.418005 -0.226739 0.701819 -0.46042 -0.296678
0.607389 -0.4355 -0.24569 0.711212 -0.469177 -0.329625
0.678044 -0.449397 -0.268818 0.709984 -0.476164 -0.367672
0.701819 -0.46042 -0.296678 0.708566 -0.481772 -0.41035
0.711212 -0.469177 -0.329625 0.706921 -0.486303 -0.456643
0.709984 -0.476164 -0.367672 0.705 -0.489992 -0.505029
0.708566 -0.481772 -0.41035 0.702743 -0.493019 -0.55365
0.706921 -0.486303 -0.456643 0.7001 -0.49552 -0.600582
0.705 -0.489992 -0.505029 0.696965 -0.497604 -0.644127
0.702743 -0.493019 -0.55365 0.693223 -0.499353 -0.683051
0.7001 -0.49552 -0.600582 0.688733 -0.484766 -0.716699
0.696965 -0.497604 -0.644127 0.683319 -0.439658 -0.744967
0.693223 -0.499353 -0.683051 0.676763 -0.293202 -0.768182
0.688733 -0.484766 -0.716699 0.668803 -0.00851513 -0.786933
0.683319 -0.439658 -0.744967 0.659131 0.208329 -0.801914
0.676763 -0.293202 -0.768182 0.646663 0.290842 -0.813813
0.668803 -0.00851513 -0.786933 0.631261 0.318607 -0.823252
0.659131 0.208329 -0.801914 0.61231 0.329576 -0.83075
0.646663 0.290842 -0.813813 0.589182 0.328142 -0.836734
0.631261 0.318607 -0.823252 0.561322 0.326486 -0.841535
0.61231 0.329576 -0.83075 0.528375 0.324565 -0.845415
0.589182 0.328142 -0.836734 0.490328 0.322321 -0.848574
0.561322 0.326486 -0.841535 0.44765 0.319686 -0.851166
0.528375 0.324565 -0.845415 0.401357 0.316599 -0.853308
0.490328 0.322321 -0.848574 0.352971 0.312938 -0.855092
0.44765 0.319686 -0.851166 0.30435 0.308568 -0.85659
0.401357 0.316599 -0.853308 0.257418 0.303325 -0.844099
0.352971 0.312938 -0.855092 0.213873 0.297001 -0.805473
0.30435 0.308568 -0.85659 0.174949 0.289345 -0.680065
0.257418 0.303325 -0.844099 0.141301 0.280049 -0.436291
0.213873 0.297001 -0.805473 0.113033 0.268755 -0.250611
0.174949 0.289345 -0.680065 0.089818 0.254194 -0.179956
0.141301 0.280049 -0.436291 0.0710672 0.236207 -0.156181
0.113033 0.268755 -0.250611 0.0560865 0.214075 -0.146788
0.089818 0.254194 -0.179956 0.0441866 0.187065 -0.148016
0.0710672 0.236207 -0.156181 0.0347485 0.15453 -0.149434
0.0560865 0.214075 -0.146788 0.0272496 0.116053 -0.151079
0.0441866 0.187065 -0.148016 0.0212664 0.0716209 -0.153
0.0347485 0.15453 -0.149434 0.0164647 0.02178 -0.155257
0.0272496 0.116053 -0.151079 0.0125847 -0.0322823 -0.1579
0.0212664 0.0716209 -0.153 0.00942586 -0.0887886 -0.161035
0.0164647 0.02178 -0.155257 0.00683442 -0.14557 -0.164777
0.0125847 -0.0322823 -0.1579 0.00469205 -0.200379 -0.169267
0.00942586 -0.0887886 -0.161035 0.00290759 -0.251232 -0.174681
0.00683442 -0.14557 -0.164777 0.00141042 -0.296689 -0.181237
0.00469205 -0.200379 -0.169267 0.0139007 -0.335984 -0.189197
0.00290759 -0.251232 -0.174681 0.0525268 -0.368996 -0.198869
0.00141042 -0.296689 -0.181237 0.177935 -0.396108 -0.211337
0.0139007 -0.335984 -0.189197 0.421709 -0.418005 -0.226739
0.0525268 -0.368996 -0.198869 0.607389 -0.4355 -0.24569
0.177935 -0.396108 -0.211337 0.678044 -0.449397 -0.268818
0.421709 -0.418005 -0.226739 0.701819 -0.46042 -0.296678
0.607389 -0.4355 -0.24569 0.711212 -0.469177 -0.329625
0.678044 -0.449397 -0.268818 0.709984 -0.476164 -0.367672
0.701819 -0.46042 -0.296678 0.708566 -0.481772 -0.41035
0.711212 -0.469177 -0.329625 0.706921 -0.486303 -0.456643
0.709984 -0.476164 -0.367672 0.705 -0.489992 -0.505029
0.708566 -0.481772 -0.41035 0.702743 -0.493019 -0.55365
0.706921 -0.486303 -0.456643 0.7001 -0.49552 -0.600582
0.705 -0.489992 -0.505029 0.696965 -0.497604 -0.644127
0.702743 -0.493019 -0.55365 0.693223 -0.499353 -0.683051
0.7001 -0.49552 -0.600582 0.688733 -0.484766 -0.716699
0.696965 -0.497604 -0.644127 0.683319 -0.439658 -0.744967
0.693223 -0.499353 -0.683051 0.676763 -0.293202 -0.768182
0.688733 -0.484766 -0.716699 0.668803 -0.00851513 -0.786933
0.683319 -0.439658 -0.744967 0.659131 0.208329 -0.801914
0.676763 -0.293202 -0.768182 0.646663 0.290842 -0.813813
0.668803 -0.00851513 -0.786933 0.631261 0.318607 -0.823252
0.659131 0.208329 -0.801914 0.61231 0.329576 -0.83075
0.646663 0.290842 -0.813813 0.589182 0.328142 -0.836734
0.631261 0.318607 -0.823252 0.561322 0.326486 -0.841535
0.61231 0.329576 -0.83075 0.528375 0.324565 -0.845415
0.589182 0.328142 -0.836734 0.490328 0.322321 -0.848574
0.561322 0.326486 -0.841535 0.44765 0.319686 -0.851166
0.528375 0.324565 -0.845415 0.401357 0.316599 -0.853308
0.490328 0.322321 -0.848574 0.352971 0.312938 -0.855092
0.44765 0.319686 -0.851166 0.30435 0.308568 -0.85659
0.401357 0.316599 -0.853308 0.257418 0.303325 -0.844099
0.352971 0.312938 -0.855092 0.213873 0.297001 -0.805473
0.30435 0.308568 -0.85659 0.174949 0.289345 -0.680065
0.257418 0.303325 -0.844099 0.141301 0.280049 -0.436291
0.213873 0.297001 -0.805473 0.113033 0.268755 -0.250611
0.174949 0.289345 -0.680065 0.089818 0.254194 -0.179956
0.141301 0.280049 -0.436291 0.0710672 0.236207 -0.156181
0.113033 0.268755 -0.250611 0.0560865 0.214075 -0.146788
0.089818 0.254194 -0.179956 0.0441866 0.187065 -0.148016
0.0710672 0.236207 -0.156181 0.0347485 0.15453 -0.149434
0.0560865 0.214075 -0.146788 0.0272496 0.116053 -0.151079
0.0441866 0.187065 -0.148016 0.0212664 0.0716209 -0.153
0.0347485 0.15453 -0.149434 0.0164647 0.02178 -0.155257
0.0272496 0.116053 -0.151079 0.0125847 -0.0322823 -0.1579
0.0212664 0.0716209 -0.153 0.00942586 -0.0887886 -0.161035
0.0164647 0.02178 -0.155257 0.00683442 -0.14557 -0.164777
0.0125847 -0.0322823 -0.1579 0.00469205 -0.200379 -0.169267
0.00942586 -0.0887886 -0.161035 0.00290759 -0.251232 -0.174681
0.00683442 -0.14557 -0.164777 0.00141042 -0.296689 -0.181237
0.00469205 -0.200379 -0.169267 0.0139007 -0.335984 -0.189197
0.00290759 -0.251232 -0.174681 0.0525268 -0.368996 -0.198869
0.00141042 -0.296689 -0.181237 0.177935 -0.396108 -0.211337
0.0139007 -0.335984 -0.189197 0.421709 -0.418005 -0.226739
0.0525268 -0.368996 -0.198869 0.607389 -0.4355 -0.24569
0.177935 -0.396108 -0.211337 0.678044 -0.449397 -0.268818
0.421709 -0.418005 -0.226739 0.701819 -0.46042 -0.296678
0.607389 -0.4355 -0.24569 0.711212 -0.469177 -0.329625
0.678044 -0.449397 -0.268818 0.709984 -0.476164 -0.367672
0.701819 -0.46042 -0.296678 0.708566 -0.481772 -0.41035
0.711212 -0.469177 -0.329625 0.706921 -0.486303 -0.456643
0.709984 -0.476164 -0.367672 0.705 -0.489992 -0.505029
0.708566 -0.481772 -0.41035 0.702743 -0.493019 -0.55365
0.706921 -0.486303 -0.456643 0.7001 -0.49552 -0.600582
0.705 -0.489992 -0.505029 0.696965 -0.497604 -0.644127
0.702743 -0.493019 -0.55365 0.693223 -0.499353 -0.683051
0.7001 -0.49552 -0.600582 0.688733 -0.484766 -0.716699
0.696965 -0.497604 -0.644127 0.683319 -0.439658 -0.744967
0.693223 -0.499353 -0.683051 0.676763 -0.293202 -0.768182
0.688733 -0.484766 -0.716699 0.668803 -0.00851513 -0.786933
0.683319 -0.439658 -0.744967 0.659131 0.208329 -0.801914
0.676763 -0.293202 -0.768182 0.646663 0.290842 -0.813813
0.668803 -0.00851513 -0.786933 0.631261 0.318607 -0.823252
0.659131 0.208329 -0.801914 0.61231 0.329576 -0.83075
0.646663 0.290842 -0.813813 0.589182 0.328142 -0.836734
0.631261 0.318607 -0.823252 0.561322 0.326486 -0.841535
0.61231 0.329576 -0.83075 0.528375 0.324565 -0.845415
0.589182 0.328142 -0.836734 0.490328 0.322321 -0.848574
0.561322 0.326486 -0.841535 0.44765 0.319686 -0.851166
0.528375 0.324565 -0.845415 0.401357 0.316599 -0.853308
0.490328 0.322321 -0.848574 0.352971 0.312938 -0.855092
0.44765 0.319686 -0.851166 0.30435 0.308568 -0.85659
0.401357 0.316599 -0.853308 0.257418 0.303325 -0.844099
0.352971 0.312938 -0.855092 0.213873 0.297001 -0.805473
0.30435 0.308568 -0.85659 0.174949 0.289345 -0.680065
0.257418 0.303325 -0.844099 0.141301 0.280049 -0.436291
0.213873 0.297001 -0.805473 0.113033 0.268755 -0.250611
0.174949 0.289345 -0.680065 0.089818 0.254194 -0.179956
0.141301 0.280049 -0.436291 0.0710672 0.236207 -0.156181
0.113033 0.268755 -0.250611 0.0560865 0.214075 -0.146788
0.089818 0.254194 -0.179956 0.0441866 0.187065 -0.148016
0.0710672 0.236207 -0.156181 0.0347485 0.15453 -0.149434
0.0560865 0.214075 -0.146788 0.0272496 0.116053 -0.151079
0.0441866 0.187065 -0.148016 0.0212664 0.0716209 -0.153
0.0347485 0.15453 -0.149434 0.0164647 0.02178 -0.155257
0.0272496 0.116053 -0.151079 0.0125847 -0.0322823 -0.1579
0.0212664 0.0716209 -0.153 0.00942586 -0.0887886 -0.161035
0.0164647 0.02178 -0.155257 0.00683442 -0.14557 -0.164777
0.0125847 -0.0322823 -0.1579 0.00469205 -0.200379 -0.169267
0.00942586 -0.0887886 -0.161035 0.00290759 -0.251232 -0.174681
0.00683442 -0.14557 -0.164777 0.00141042 -0.296689 -0.181237
0.00469205 -0.200379 -0.169267 0.0139007 -0.335984 -0.189197
0.00290759 -0.251232 -0.174681 0.0525268 -0.368996 -0.198869
0.00141042 -0.296689 -0.181237 0.177935 -0.396108 -0.211337
0.0139007 -0.335984 -0.189197 0.421709 -0.418005 -0.226739
0.0525268 -0.368996 -0.198869 0.607389 -0.4355 -0.24569
0.177935 -0.396108 -0.211337 0.678044 -0.449397 -0.268818
0.421709 -0.418005 -0.226739 0.701819 -0.46042 -0.296678
0.607389 -0.4355 -0.24569 0.711212 -0.469177 -0.329625
0.678044 -0.449397 -0.268818 0.709984 -0.476164 -0.367672
0.701819 -0.46042 -0.296678 0.708566 -0.481772 -0.41035
0.711212 -0.469177 -0.329625 0.706921 -0.486303 -0.456643
0.709984 -0.476164 -0.367672 0.705 -0.489992 -0.505029
0.708566 -0.481772 -0.41035 0.702743 -0.493019 -0.55365
0.706921 -0.486303 -0.456643 0.7001 -0.49552 -0.600582
0.705 -0.489992 -0.505029 0.696965 -0.497604 -0.644127
0.702762 -0.493019 -0.55365 0.693223 -0.499353 -0.683051
0.700129 -0.49552 -0.600582 0.688733 -0.484766 -0.716699
0.697007 -0.497604 -0.644127 0.683319 -0.439658 -0.744967
0.693287 -0.499353 -0.683051 0.676763 -0.293202 -0.768182
0.688829 -0.484766 -0.716699 0.668803 -0.00851513 -0.786933
0.683464 -0.439658 -0.744967 0.659131 0.208329 -0.801914
0.676985 -0.293202 -0.768182 0.646663 0.290842 -0.813813
0.669144 -0.00851513 -0.786933 0.631261 0.318607 -0.823252
0.659131 0.208329 -0.801914 0.61231 0.329576 -0.83075
0.646661 0.290842 -0.813813 0.589182 0.328142 -0.836734
0.631255 0.318607 -0.823252 0.561322 0.326486 -0.841535
0.6123 0.329576 -0.83075 0.528375 0.324565 -0.845415
0.589167 0.328142 -0.836734 0.490328 0.322321 -0.848574
0.561302 0.326486 -0.841535 0.44765 0.319686 -0.851166
0.528348 0.324565 -0.845415 0.401357 0.316599 -0.853308
0.490295 0.322321 -0.848574 0.352971 0.312938 -0.855092
0.44761 0.319708 -0.851166 0.30435 0.308568 -0.85659
0.401312 0.316633 -0.853308 0.257418 0.303325 -0.844099
0.352923 0.312987 -0.855092 0.213873 0.297001 -0.805473
0.304301 0.308642 -0.85659 0.174949 0.289345 -0.680065
0.25737 0.303437 -0.844099 0.141301 0.280049 -0.436291
0.213828 0.297172 -0.805473 0.113033 0.268755 -0.250611
0.174908 0.289605 -0.680065 0.089818 0.254194 -0.179956
0.141266 0.280448 -0.436291 0.0710672 0.236207 -0.156181
0.113004 0.268755 -0.250611 0.0560865 0.214075 -0.146788
0.0897934 0.254191 -0.179956 0.0441866 0.187065 -0.148016
0.0710472 0.2362 -0.156181 0.0347485 0.15453 -0.149434
0.0560704 0.214064 -0.146788 0.0272496 0.116053 -0.151079
0.0441738 0.187049 -0.148016 0.0212664 0.0716209 -0.153
0.0347382 0.154507 -0.149434 0.0164647 0.02178 -0.155257
0.0272413 0.116022 -0.151079 0.0125847 -0.0322823 -0.1579
0.0212598 0.0715819 -0.153 0.00942586 -0.0887886 -0.161035
0.0164594 0.0217336 -0.155238 0.00683442 -0.14557 -0.164777
0.0125803 -0.0323348 -0.157871 0.00469205 -0.200379 -0.169267
0.00942228 -0.0888452 -0.160993 0.00290759 -0.251232 -0.174681
0.00683146 -0.145628 -0.164713 0.00141042 -0.296689 -0.181237
0.00468959 -0.200435 -0.169171 0.0139007 -0.335984 -0.189197
0.00290553 -0.251285 -0.174536 0.0525268 -0.368996 -0.198869
0.00140868 -0.296737 -0.181015 0.177935 -0.396108 -0.211337
0.0138964 -0.336025 -0.188856 0.421709 -0.418005 -0.226739
0.052513 -0.369031 -0.198869 0.607389 -0.4355 -0.24569
0.177895 -0.396136 -0.211339 0.678044 -0.449397 -0.268818
0.421657 -0.418029 -0.226745 0.701819 -0.46042 -0.296678
0.607364 -0.435519 -0.2457 0.711212 -0.469177 -0.329625
0.678035 -0.449412 -0.268833 0.709984 -0.476164 -0.367672
0.701816 -0.460432 -0.296698 0.708566 -0.481772 -0.41035
0.71121 -0.469187 -0.329652 0.706921 -0.486303 -0.456643
0.709982 -0.476172 -0.367705 0.705 -0.489992 -0.505029
0.708564 -0.481778 -0.41039 0.702762 -0.493019 -0.55365
0.706918 -0.486308 -0.456688 0.700129 -0.49552 -0.600582
0.704997 -0.489996 -0.505077 0.697007 -0.497604 -0.644127
0.70276 -0.493022 -0.553699 0.693287 -0.499353 -0.683051
0.700122 -0.495523 -0.60063 0.688829 -0.484766 -0.716699
0.696992 -0.497607 -0.644172 0.683464 -0.439658 -0.744967
0.693256 -0.499355 -0.683092 0.676985 -0.293202 -0.768182
0.688773 -0.484771 -0.716734 0.669144 -0.00851513 -0.786933
0.683363 -0.439674 -0.744996 0.659131 0.208329 -0.801914
0.676807 -0.293248 -0.768207 0.646661 0.290842 -0.813813
0.668837 -0.00857528 -0.786953 0.631255 0.318607 -0.823252
0.659045 0.208299 -0.80193 0.6123 0.329576 -0.83075
0.646561 0.290831 -0.813826 0.589167 0.328142 -0.836734
0.63114 0.318603 -0.823262 0.561302 0.326486 -0.841535
0.612168 0.329574 -0.830759 0.528348 0.324565 -0.845415
0.589016 0.328139 -0.83674 0.490295 0.322321 -0.848574
0.561133 0.326484 -0.841541 0.44761 0.319708 -0.851166
0.528162 0.324562 -0.84542 0.401312 0.316633 -0.853308
0.490095 0.322318 -0.848578 0.352923 0.312987 -0.855092
0.447402 0.319706 -0.851169 0.304301 0.308642 -0.85659
0.401103 0.316625 -0.85331 0.25737 0.303437 -0.844099
0.352721 0.312969 -0.855094 0.213828 0.297172 -0.805473
0.304112 0.308607 -0.856591 0.174908 0.289605 -0.680065
0.257201 0.303371 -0.844104 0.141266 0.280448 -0.436291
0.213682 0.297054 -0.805487 0.113004 0.268755 -0.250611
0.174786 0.289397 -0.680105 0.0897934 0.254191 -0.179956
0.141168 0.280089 -0.436343 0.0710472 0.2362 -0.156181
0.112926 0.268654 -0.250636 0.0560704 0.214064 -0.146788
0.0897331 0.254075 -0.179965 0.0441738 0.187049 -0.148016
0.0710011 0.236066 -0.156184 0.0347382 0.154507 -0.149434
0.0560353 0.213909 -0.14679 0.0272413 0.116022 -0.151079
0.0441471 0.186872 -0.148018 0.0212598 0.0715819 -0.153
0.0347179 0.154309 -0.149436 0.0164594 0.0217336 -0.155238
0.0272258 0.115805 -0.151082 0.0125803 -0.0323348 -0.157871
0.0212479 0.0713487 -0.153003 0.00942228 -0.0888452 -0.160993
0.0164502 0.021491 -0.15524 0.00683146 -0.145628 -0.164713
0.0125731 -0.0325788 -0.157878 0.00468959 -0.200435 -0.169171
0.00941659 -0.0890815 -0.161008 0.00290553 -0.251285 -0.174536
0.00682693 -0.145848 -0.164744 0.00140868 -0.296737 -0.181015
0.00468596 -0.200633 -0.169227 0.0138964 -0.336025 -0.188856
0.00290258 -0.251456 -0.174637 0.052513 -0.369031 -0.198869
0.0138964 -0.296879 -0.181193 0.177895 -0.396136 -0.211339
0.052513 -0.33614 -0.189163 0.421657 -0.418029 -0.226745
0.177895 -0.369122 -0.198955 0.607364 -0.435519 -0.2457
0.421657 -0.396207 -0.211439 0.678035 -0.449412 -0.268833
0.607364 -0.418083 -0.22686 0.701816 -0.460432 -0.296698
0.678035 -0.43556 -0.245832 0.71121 -0.469187 -0.329652
0.701816 -0.449444 -0.268984 0.709982 -0.476172 -0.367705
0.71121 -0.460455 -0.296867 0.708564 -0.481778 -0.41039
0.711208 -0.469205 -0.329838 0.706918 -0.486308 -0.456688
0.709948 -0.476186 -0.367905 0.704997 -0.489996 -0.505077
0.708489 -0.481789 -0.410598 0.70276 -0.493022 -0.553699
0.706788 -0.486317 -0.456897 0.700122 -0.495523 -0.60063
0.704798 -0.490003 -0.505279 0.696992 -0.497607 -0.644172
0.702468 -0.493027 -0.553888 0.693256 -0.499355 -0.683092
0.69971 -0.495528 -0.600799 0.688773 -0.484771 -0.716734
0.696424 -0.49761 -0.644318 0.683363 -0.439674 -0.744996
0.692485 -0.484771 -0.683214 0.676807 -0.293248 -0.768207
0.687738 -0.439674 -0.716832 0.668837 -0.00857528 -0.786953
0.681989 -0.293248 -0.745074 0.659045 0.208299 -0.80193
0.675003 -0.00857528 -0.768267 0.646561 0.290831 -0.813826
0.666495 0.208299 -0.786999 0.63114 0.318603 -0.823262
0.655489 0.290831 -0.801965 0.612168 0.329574 -0.830759
0.641816 0.318603 -0.813853 0.589016 0.328139 -0.83674
0.624856 0.329574 -0.823282 0.561133 0.326484 -0.841541
0.603939 0.329572 -0.830774 0.528162 0.324562 -0.84542
0.578408 0.3281 -0.836752 0.490095 0.322318 -0.848578
0.547735 0.326396 -0.84155 0.447402 0.319706 -0.851169
0.511674 0.32441 -0.845427 0.401103 0.316625 -0.85331
0.470427 0.322085 -0.848583 0.352721 0.312969 -0.855094
0.424766 0.319365 -0.851173 0.304112 0.308607 -0.856591
0.376062 0.316144 -0.853314 0.257201 0.303371 -0.844104
0.326161 0.312306 -0.855097 0.213682 0.297054 -0.805487
0.277131 0.307706 -0.844104 0.174786 0.289397 -0.680105
0.230936 0.302162 -0.805487 0.141168 0.280089 -0.436343
0.189127 0.295449 -0.680105 0.112926 0.268654 -0.250636
0.152657 0.28729 -0.436343 0.0897331 0.254075 -0.179965
0.121843 0.277354 -0.250636 0.0710011 0.236066 -0.156184
0.0964754 0.264501 -0.179965 0.0560353 0.213909 -0.14679
0.0759944 0.248533 -0.156184 0.0441471 0.186872 -0.148018
0.0596751 0.228727 -0.14679 0.0347179 0.154309 -0.149436
0.0467681 0.204299 -0.146792 0.0272258 0.115805 -0.151082
0.0365867 0.174483 -0.148052 0.0212479 0.0713487 -0.153003
0.0285462 0.138663 -0.149511 0.0164502 0.021491 -0.15524
0.0221714 0.0965496 -0.151212 0.0125731 -0.0325788 -0.157878
0.0170875 0.0483795 -0.153202 0.00941659 -0.0890815 -0.161008
0.0130044 -0.00494425 -0.155532 0.00682693 -0.145848 -0.164744
0.00969956 -0.0618223 -0.15829 0.00468596 -0.200633 -0.169227
0.00700306 -0.120099 -0.161576 0.00290258 -0.251456 -0.174637
0.00478514 -0.177357 -0.165515 0.0138964 -0.296879 -0.181193
0.00294642 -0.231306 -0.170262 0.052513 -0.33614 -0.189163
0.00141042 -0.280131 -0.176011 0.177895 -0.369122 -0.198955
0.0117908 -0.322722 -0.182997 0.421657 -0.396207 -0.211439
0.0395058 -0.358708 -0.191505 0.607364 -0.418083 -0.22686
0.120854 -0.388333 -0.202511 0.678035 -0.43556 -0.245832
0.306976 -0.412251 -0.216184 0.701816 -0.449444 -0.268984
0.521371 -0.43131 -0.233144 0.71121 -0.460455 -0.296867
0.640055 -0.446383 -0.254061 0.711208 -0.469205 -0.329838
0.685605 -0.458273 -0.279592 0.709948 -0.476186 -0.367905
0.703294 -0.467663 -0.310265 0.708489 -0.481789 -0.410598
0.709952 -0.475108 -0.346326 0.706788 -0.486317 -0.456897
0.708493 -0.481045 -0.387573 0.704798 -0.490003 -0.505279
0.706793 -0.485813 -0.433234 0.702468 -0.493027 -0.553888
0.704801 -0.489673 -0.481938 0.69971 -0.495528 -0.600799
0.702449 -0.492822 -0.531839 0.696424 -0.49761 -0.644318
0.699681 -0.495412 -0.580869 0.692485 -0.484771 -0.683214
0.69638 -0.497559 -0.627064 0.687738 -0.439674 -0.716832
0.692419 -0.499353 -0.668873 0.681989 -0.293248 -0.745074
0.687638 -0.48723 -0.705343 0.675003 -0.00857528 -0.768267
0.681837 -0.454864 -0.736157 0.666495 0.208299 -0.786999
0.674769 -0.359863 -0.761525 0.655489 0.290831 -0.801965
0.666134 -0.142503 -0.782006 0.641816 0.318603 -0.813853
0.655579 0.107874 -0.798325 0.624856 0.329574 -0.823282
0.64192 0.246477 -0.811232 0.603939 0.329572 -0.830774
0.624977 0.299671 -0.821413 0.578408 0.3281 -0.836752
0.604078 0.320329 -0.829454 0.547735 0.326396 -0.84155
0.578566 0.328105 -0.835829 0.511674 0.32441 -0.845427
0.547912 0.326401 -0.840912 0.470427 0.322085 -0.848583
0.511868 0.324416 -0.844996 0.424766 0.319365 -0.851173
0.470633 0.322089 -0.8483 0.376062 0.316144 -0.853314
0.424978 0.319342 -0.850997 0.326161 0.312306 -0.855097
0.376271 0.31611 -0.853215 0.277131 0.307706 -0.844104
0.326359 0.312255 -0.855054 0.230936 0.302162 -0.805487
0.277312 0.307629 -0.85659 0.189127 0.295449 -0.680105
0.231094 0.302046 -0.846209 0.152657 0.28729 -0.436343
0.189261 0.295272 -0.818494 0.121843 0.277354 -0.250636
0.152766 0.287017 -0.737146 0.0964754 0.264501 -0.179965
0.12193 0.276933 -0.551024 0.0759944 0.248533 -0.156184
0.0965426 0.264606 -0.336629 0.0596751 0.228727 -0.14679
0.0760458 0.248655 -0.217945 0.0467681 0.204299 -0.146792
0.0597141 0.228868 -0.172395 0.0365867 0.174483 -0.148052
0.0467976 0.204462 -0.154706 0.0285462 0.138663 -0.149511
0.0366091 0.174668 -0.148048 0.0221714 0.0965496 -0.151212
0.0285632 0.13887 -0.149507 0.0170875 0.0483795 -0.153202
0.0221844 0.0967759 -0.151207 0.0130044 -0.00494425 -0.155532
0.0170975 0.0486198 -0.153199 0.00969956 -0.0618223 -0.15829
0.0130122 -0.00469754 -0.155551 0.00700306 -0.120099 -0.161576
0.00970567 -0.0615784 -0.158319 0.00478514 -0.177357 -0.165515
0.0070079 -0.119867 -0.16162 0.00294642 -0.231306 -0.170262
0.00478901 -0.177146 -0.165581 0.00141042 -0.280131 -0.176011
0.00294954 -0.231121 -0.170362 0.0117908 -0.322722 -0.182997
0.00141296 -0.279975 -0.176163 0.0395058 -0.358708 -0.191505
0.00141042 -0.322595 -0.183231 0.120854 -0.388333 -0.202511
0.0139007 -0.358607 -0.191866 0.306976 -0.412251 -0.216184
0.0525268 -0.388254 -0.202421 0.521371 -0.43131 -0.233144
0.177935 -0.412191 -0.21608 0.640055 -0.446383 -0.254061
0.421709 -0.431264 -0.233023 0.685605 -0.458273 -0.279592
0.607389 -0.446348 -0.253922 0.703294 -0.467663 -0.310265
0.678044 -0.458247 -0.279434 0.709952 -0.475108 -0.346326
0.701819 -0.467643 -0.310088 0.708493 -0.481045 -0.387573
0.711212 -0.475092 -0.346132 0.706793 -0.485813 -0.433234
0.709984 -0.481033 -0.387367 0.704801 -0.489673 -0.481938
0.708566 -0.485804 -0.433022 0.702449 -0.492822 -0.531839
0.706921 -0.489665 -0.481729 0.699681 -0.495412 -0.580869
0.705 -0.492816 -0.531641 0.69638 -0.497559 -0.627064
0.702743 -0.495407 -0.580688 0.692419 -0.499353 -0.668873
0.7001 -0.497555 -0.626906 0.687638 -0.48723 -0.705343
0.696965 -0.49935 -0.668739 0.681837 -0.454864 -0.736157
0.693223 -0.499353 -0.705234 0.674769 -0.359863 -0.761525
0.688733 -0.484766 -0.73607 0.666134 -0.142503 -0.782006
0.683319 -0.439658 -0.761457 0.655579 0.107874 -0.798325
0.676763 -0.293202 -0.781954 0.64192 0.246477 -0.811232
0.668803 -0.00851513 -0.798286 0.624977 0.299671 -0.821413
0.659131 0.208329 -0.811202 0.604078 0.320329 -0.829454
0.646663 0.290842 -0.821391 0.578566 0.328105 -0.835829
0.631261 0.318607 -0.829437 0.547912 0.326401 -0.840912
0.61231 0.329576 -0.835816 0.511868 0.324416 -0.844996
0.589182 0.328142 -0.840902 0.470633 0.322089 -0.8483
0.561322 0.326486 -0.844988 0.424978 0.319342 -0.850997
0.528375 0.324565 -0.848294 0.376271 0.31611 -0.853215
0.490328 0.322321 -0.850992 0.326359 0.312255 -0.855054
0.44765 0.319686 -0.853211 0.277312 0.307629 -0.85659
0.401357 0.316599 -0.85505 0.231094 0.302046 -0.846209
0.352971 0.312938 -0.856587 0.189261 0.295272 -0.818494
0.30435 0.308568 -0.85659 0.152766 0.287017 -0.737146
0.257418 0.303325 -0.844099 0.12193 0.276933 -0.551024
0.213873 0.297001 -0.805473 0.0965426 0.264606 -0.336629
0.174949 0.289345 -0.680065 0.0760458 0.248655 -0.217945
0.141301 0.280049 -0.436291 0.0597141 0.228868 -0.172395
0.113033 0.268755 -0.250611 0.0467976 0.204462 -0.154706
0.089818 0.254194 -0.179956 0.0366091 0.174668 -0.148048
0.0710672 0.236207 -0.156181 0.0285632 0.13887 -0.149507
0.0560865 0.214075 -0.146788 0.0221844 0.0967759 -0.151207
0.0441866 0.187065 -0.148016 0.0170975 0.0486198 -0.153199
0.0347485 0.15453 -0.149434 0.0130122 -0.00469754 -0.155551
0.0272496 0.116053 -0.151079 0.00970567 -0.0615784 -0.158319
0.0212664 0.0716209 -0.153 0.0070079 -0.119867 -0.16162
0.0164647 0.02178 -0.155257 0.00478901 -0.177146 -0.165581
0.0125847 -0.0322823 -0.1579 0.00294954 -0.231121 -0.170362
0.00942586 -0.0887886 -0.161035 0.00141296 -0.279975 -0.176163
0.00683442 -0.14557 -0.164777 0.00141042 -0.322595 -0.183231
0.00469205 -0.200379 -0.169267 0.0139007 -0.358607 -0.191866
0.00290759 -0.251232 -0.174681 0.0525268 -0.388254 -0.202421
0.00141042 -0.296689 -0.181237 0.177935 -0.412191 -0.21608
0.0139007 -0.335984 -0.189197 0.421709 -0.431264 -0.233023
0.0525268 -0.368996 -0.198869 0.607389 -0.446348 -0.253922
0.177935 -0.396108 -0.211337 0.678044 -0.458247 -0.279434
0.421709 -0.418005 -0.226739 0.701819 -0.467643 -0.310088
0.607389 -0.4355 -0.24569 0.711212 -0.475092 -0.346132
0.678044 -0.449397 -0.268818 0.709984 -0.481033 -0.387367
0.701819 -0.46042 -0.296678 0.708566 -0.485804 -0.433022
0.711212 -0.469177 -0.329625 0.706921 -0.489665 -0.481729
0.709984 -0.476164 -0.367672 0.705 -0.492816 -0.531641
0.708566 -0.481772 -0.41035 0.702743 -0.495407 -0.580688
0.706921 -0.486303 -0.456643 0.7001 -0.497555 -0.626906
0.705 -0.489992 -0.505029 0.696965 -0.49935 -0.668739
0.702743 -0.493019 -0.55365 0.693223 -0.499353 -0.705234
0.7001 -0.49552 -0.600582 0.688733 -0.484766 -0.73607
0.696965 -0.497604 -0.644127 0.683319 -0.439658 -0.761457
0.693223 -0.499353 -0.683051 0.676763 -0.293202 -0.781954
0.688733 -0.484766 -0.716699 0.668803 -0.00851513 -0.798286
0.683319 -0.439658 -0.744967 0.659131 0.208329 -0.811202
0.676763 -0.293202 -0.768182 0.646663 0.290842 -0.821391
0.668803 -0.00851513 -0.786933 0.631261 0.318607 -0.829437
0.659131 0.208329 -0.801914 0.61231 0.329576 -0.835816
0.646663 0.290842 -0.813813 0.589182 0.328142 -0.840902
0.631261 0.318607 -0.823252 0.561322 0.326486 -0.844988
0.61231 0.329576 -0.83075 0.528375 0.324565 -0.848294
0.589182 0.328142 -0.836734 0.490328 0.322321 -0.850992
0.561322 0.326486 -0.841535 0.44765 0.319686 -0.853211
0.528375 0.324565 -0.845415 0.401357 0.316599 -0.85505
0.490328 0.322321 -0.848574 0.352971 0.312938 -0.856587
0.44765 0.319686 -0.851166 0.30435 0.308568 -0.85659
0.401357 0.316599 -0.853308 0.257418 0.303325 -0.844099
0.352971 0.312938 -0.855092 0.213873 0.297001 -0.805473
0.30435 0.308568 -0.85659 0.174949 0.289345 -0.680065
0.257418 0.303325 -0.844099 0.141301 0.280049 -0.436291
0.213873 0.297001 -0.805473 0.113033 0.268755 -0.250611
0.174949 0.289345 -0.680065 0.089818 0.254194 -0.179956
0.141301 0.280049 -0.436291 0.0710672 0.236207 -0.156181
0.113033 0.268755 -0.250611 0.0560865 0.214075 -0.146788
0.089818 0.254194 -0.179956 0.0441866 0.187065 -0.148016
0.0710672 0.236207 -0.156181 0.0347485 0.15453 -0.149434
0.0560865 0.214075 -0.146788 0.0272496 0.116053 -0.151079
0.0441866 0.187065 -0.148016 0.0212664 0.0716209 -0.153
0.0347485 0.15453 -0.149434 0.0164647 0.02178 -0.155257
0.0272496 0.116053 -0.151079 0.0125847 -0.0322823 -0.1579
0.0212664 0.0716209 -0.153 0.00942586 -0.0887886 -0.161035
0.0164647 0.02178 -0.155257 0.00683442 -0.14557 -0.164777
0.0125847 -0.0322823 -0.1579 0.00469205 -0.200379 -0.169267
0.00942586 -0.0887886 -0.161035 0.00290759 -0.251232 -0.174681
0.00683442 -0.14557 -0.164777 0.00141042 -0.296689 -0.181237
0.00469205 -0.200379 -0.169267 0.0139007 -0.335984 -0.189197
0.00290759 -0.251232 -0.174681 0.0525268 -0.368996 -0.198869
0.00141042 -0.296689 -0.181237 0.177935 -0.396108 -0.211337
0.0139007 -0.335984 -0.189197 0.421709 -0.418005 -0.226739
0.0525268 -0.368996 -0.198869 0.607389 -0.4355 -0.24569
0.177935 -0.396108 -0.211337 0.678044 -0.449397 -0.268818
0.421709 -0.418005 -0.226739 0.701819 -0.46042 -0.296678
0.607389 -0.4355 -0.24569 0.711212 -0.469177 -0.329625
0.678044 -0.449397 -0.268818 0.709984 -0.476164 -0.367672
0.701819 -0.46042 -0.296678 0.708566 -0.481772 -0.41035
0.711212 -0.469177 -0.329625 0.706921 -0.486303 -0.456643
0.709984 -0.476164 -0.367672 0.705 -0.489992 -0.505029
0.708566 -0.481772 -0.41035 0.702743 -0.493019 -0.55365
0.706921 -0.486303 -0.456643 0.7001 -0.49552 -0.600582
0.705 -0.489992 -0.505029 0.696965 -0.497604 -0.644127
0.702743 -0.493019 -0.55365 0.693223 -0.499353 -0.683051
0.7001 -0.49552 -0.600582 0.688733 -0.484766 -0.716699
0.696965 -0.497604 -0.644127 0.683319 -0.439658 -0.744967
0.693223 -0.499353 -0.683051 0.676763 -0.293202 -0.768182
0.688733 -0.484766 -0.716699 0.668803 -0.00851513 -0.786933
0.683319 -0.439658 -0.744967 0.659131 0.208329 -0.801914
0.676763 -0.293202 -0.768182 0.646663 0.290842 -0.813813
0.668803 -0.00851513 -0.786933 0.631261 0.318607 -0.823252
0.659131 0.208329 -0.801914 0.61231 0.329576 -0.83075
0.646663 0.290842 -0.813813 0.589182 0.328142 -0.836734
0.631261 0.318607 -0.823252 0.561322 0.326486 -0.841535
0.61231 0.329576 -0.83075 0.528375 0.324565 -0.845415
0.589182 0.328142 -0.836734 0.490328 0.322321 -0.848574
0.561322 0.326486 -0.841535 0.44765 0.319686 -0.851166
0.528375 0.324565 -0.845415 0.401357 0.316599 -0.853308
0.490328 0.322321 -0.848574 0.352971 0.312938 -0.855092
0.44765 0.319686 -0.851166 0.30435 0.308568 -0.85659
0.401357 0.316599 -0.853308 0.257418 0.303325 -0.844099
0.352971 0.312938 -0.855092 0.213873 0.297001 -0.805473
0.30435 0.308568 -0.85659 0.174949 0.289345 -0.680065
0.257418 0.303325 -0.844099 0.141301 0.280049 -0.436291
0.213873 0.297001 -0.805473 0.113033 0.268755 -0.250611
0.174949 0.289345 -0.680065 0.089818 0.254194 -0.179956
0.141301 0.280049 -0.436291 0.0710672 0.236207 -0.156181
0.113033 0.268755 -0.250611 0.0560865 0.214075 -0.146788
0.089818 0.254194 -0.179956 0.0441866 0.187065 -0.148016
0.0710672 0.236207 -0.156181 0.0347485 0.15453 -0.149434
0.0560865 0.214075 -0.146788 0.0272496 0.116053 -0.151079
0.0441866 0.187065 -0.148016 0.0212664 0.0716209 -0.153
0.0347485 0.15453 -0.149434 0.0164647 0.02178 -0.155257
0.0272496 0.116053 -0.151079 0.0125847 -0.0322823 -0.1579
0.0212664 0.0716209 -0.153 0.00942586 -0.0887886 -0.161035
0.0164647 0.02178 -0.155257 0.00683442 -0.14557 -0.164777
0.0125847 -0.0322823 -0.1579 0.00469205 -0.200379 -0.169267
0.00942586 -0.0887886 -0.161035 0.00290759 -0.251232 -0.174681
0.00683442 -0.14557 -0.164777 0.00141042 -0.296689 -0.181237
0.00469205 -0.200379 -0.169267 0.0139007 -0.335984 -0.189197
0.00290759 -0.251232 -0.174681 0.0525268 -0.368996 -0.198869
0.00141042 -0.296689 -0.181237 0.177935 -0.396108 -0.211337
0.0139007 -0.335984 -0.189197 0.421709 -0.418005 -0.226739
0.0525268 -0.368996 -0.198869 0.607389 -0.4355 -0.24569
0.177935 -0.396108 -0.211337 0.678044 -0.449397 -0.268818
0.421709 -0.418005 -0.226739 0.701819 -0.46042 -0.296678
0.607389 -0.4355 -0.24569 0.711212 -0.469177 -0.329625
0.678044 -0.449397 -0.268818 0.709984 -0.476164 -0.367672
0.701819 -0.46042 -0.296678 0.708566 -0.481772 -0.41035
0.711212 -0.469177 -0.329625 0.706921 -0.486303 -0.456643
0.709984 -0.476164 -0.367672 0.705 -0.489992 -0.505029
0.708566 -0.481772 -0.41035 0.702743 -0.493019 -0.55365
0.706921 -0.486303 -0.456643 0.7001 -0.49552 -0.600582
0.705 -0.489992 -0.505029 0.696965 -0.497604 -0.644127
0.702743 -0.493019 -0.55365 0.693223 -0.499353 -0.683051
0.7001 -0.49552 -0.600582 0.688733 -0.484766 -0.716699
0.696965 -0.497604 -0.644127 0.683319 -0.439658 -0.744967
0.693223 -0.499353 -0.683051 0.676763 -0.293202 -0.768182
0.688733 -0.484766 -0.716699 0.668803 -0.00851513 -0.786933
0.683319 -0.439658 -0.744967 0.659131 0.208329 -0.801914
0.676763 -0.293202 -0.768182 0.646663 0.290842 -0.813813
0.668803 -0.00851513 -0.786933 0.631261 0.318607 -0.823252
0.659131 0.208329 -0.801914 0.61231 0.329576 -0.83075
0.646663 0.290842 -0.813813 0.589182 0.328142 -0.836734
0.631261 0.318607 -0.823252 0.561322 0.326486 -0.841535
0.61231 0.329576 -0.83075 0.528375 0.324565 -0.845415
0.589182 0.328142 -0.836734 0.490328 0.322321 -0.848574
0.561322 0.326486 -0.841535 0.44765 0.319686 -0.851166
0.528375 0.324565 -0.845415 0.401357 0.316599 -0.853308
0.490328 0.322321 -0.848574 0.352971 0.312938 -0.855092
0.44765 0.319686 -0.851166 0.30435 0.308568 -0.85659
0.401357 0.316599 -0.853308 0.257418 0.303325 -0.844099
0.352971 0.312938 -0.855092 0.213873 0.297001 -0.805473
0.30435 0.308568 -0.85659 0.174949 0.289345 -0.680065
0.257418 0.303325 -0.844099 0.141301 0.280049 -0.436291
0.213873 0.297001 -0.805473 0.113033 0.268755 -0.250611
0.174949 0.289345 -0.680065 0.089818 0.254194 -0.179956
0.141301 0.280049 -0.436291 0.0710672 0.236207 -0.156181
0.113033 0.268755 -0.250611 0.0560865 0.214075 -0.146788
0.089818 0.254194 -0.179956 0.0441866 0.187065 -0.148016
0.0710672 0.236207 -0.156181 0.0347485 0.15453 -0.149434
0.0560865 0.214075 -0.146788 0.0272496 0.116053 -0.151079
0.0441866 0.187065 -0.148016 0.0212664 0.0716209 -0.153
0.0347485 0.15453 -0.149434 0.0164647 0.02178 -0.155257
0.0272496 0.116053 -0.151079 0.0125847 -0.0322823 -0.1579
0.0212664 0.0716209 -0.153 0.00942586 -0.0887886 -0.161035
0.0164647 0.02178 -0.155257 0.00683442 -0.14557 -0.164777
0.0125847 -0.0322823 -0.1579 0.00469205 -0.200379 -0.169267
0.00942586 -0.0887886 -0.161035 0.00290759 -0.251232 -0.174681
0.00683442 -0.14557 -0.164777 0.00141042 -0.296689 -0.181237
0.00469205 -0.200379 -0.169267 0.0139007 -0.335984 -0.189197
0.00290759 -0.251232 -0.174681 0.0525268 -0.368996 -0.198869
0.00141042 -0.296689 -0.181237 0.177935 -0.396108 -0.211337
0.0139007 -0.335984 -0.189197 0.421709 -0.418005 -0.226739
0.0525268 -0.368996 -0.198869 0.607389 -0.4355 -0.24569
0.177935 -0.396108 -0.211337 0.678044 -0.449397 -0.268818
0.421709 -0.418005 -0.226739 0.701819 -0.46042 -0.296678
0.607389 -0.4355 -0.24569 0.711212 -0.469177 -0.329625
0.678044 -0.449397 -0.268818 0.709984 -0.476164 -0.367672
0.701819 -0.46042 -0.296678 0.708566 -0.481772 -0.41035
0.711212 -0.469177 -0.329625 0.706921 -0.486303 -0.456643
0.709984 -0.476164 -0.367672 0.705 -0.489992 -0.505029
0.708566 -0.481772 -0.41035 0.702743 -0.493019 -0.55365
0.706921 -0.486303 -0.456643 0.7001 -0.49552 -0.600582
0.705 -0.489992 -0.505029 0.696965 -0.497604 -0.644127
0.702743 -0.493019 -0.55365 0.693223 -0.499353 -0.683051
0.7001 -0.49552 -0.600582 0.688733 -0.484766 -0.716699
0.696965 -0.497604 -0.644127 0.683319 -0.439658 -0.744967
0.693223 -0.499353 -0.683051 0.676763 -0.293202 -0.768182
0.688733 -0.484766 -0.716699 0.668803 -0.00851513 -0.786933
0.683319 -0.439658 -0.744967 0.659131 0.208329 -0.801914
0.676763 -0.293202 -0.768182 0.646663 0.290842 -0.813813
0.668803 -0.00851513 -0.786933 0.631261 0.318607 -0.823252
0.659131 0.208329 -0.801914 0.61231 0.329576 -0.83075
0.646663 0.290842 -0.813813 0.589182 0.328142 -0.836734
0.631261 0.318607 -0.823252 0.561322 0.326486 -0.841535
0.61231 0.329576 -0.83075 0.528375 0.324565 -0.845415
0.589182 0.328142 -0.836734 0.490328 0.322321 -0.848574
0.561322 0.326486 -0.841535 0.44765 0.319686 -0.851166
0.528375 0.324565 -0.845415 0.401357 0.316599 -0.853308
0.490328 0.322321 -0.848574 0.352971 0.312938 -0.855092
0.44765 0.319686 -0.851166 0.30435 0.308568 -0.85659
0.401357 0.316599 -0.853308 0.257418 0.303325 -0.844099
0.352971 0.312938 -0.855092 0.213873 0.297001 -0.805473
0.30435 0.308568 -0.85659 0.174949 0.289345 -0.680065
0.257418 0.303325 -0.844099 0.141301 0.280049 -0.436291
0.213873 0.297001 -0.805473 0.113033 0.268755 -0.250611
0.174949 0.289345 -0.680065 0.089818 0.254194 -0.179956
0.141301 0.280049 -0.436291 0.0710672 0.236207 -0.156181
0.113033 0.268755 -0.250611 0.0560865 0.214075 -0.146788
0.089818 0.254194 -0.179956 0.0441866 0.187065 -0.148016
0.0710672 0.236207 -0.156181 0.0347485 0.15453 -0.149434
0.0560865 0.214075 -0.146788 0.0272496 0.116053 -0.151079
0.0441866 0.187065 -0.148016 0.0212664 0.0716209 -0.153
0.0347485 0.15453 -0.149434 0.0164647 0.02178 -0.155257
0.0272496 0.116053 -0.151079 0.0125847 -0.0322823 -0.1579
0.0212664 0.0716209 -0.153 0.00942586 -0.0887886 -0.161035
0.0164647 0.02178 -0.155257 0.00683442 -0.14557 -0.164777
0.0125847 -0.0322823 -0.1579 0.00469205 -0.200379 -0.169267
0.00942586 -0.0887886 -0.161035 0.00290759 -0.251232 -0.174681
0.00683442 -0.14557 -0.164777 0.00141042 -0.296689 -0.181237
0.00469205 -0.200379 -0.169267 0.0139007 -0.335984 -0.189197
0.00290759 -0.251232 -0.174681 0.0525268 -0.368996 -0.198869
0.00141042 -0.296689 -0.181237 0.177935 -0.396108 -0.211337
0.0139007 -0.335984 -0.189197 0.421709 -0.418005 -0.226739
0.0525268 -0.368996 -0.198869 0.607389 -0.4355 -0.24569
0.177935 -0.396108 -0.211337 0.678044 -0.449397 -0.268818
0.421709 -0.418005 -0.226739 0.701819 -0.46042 -0.296678
0.607389 -0.4355 -0.24569 0.711212 -0.469177 -0.329625
0.678044 -0.449397 -0.268818 0.709984 -0.476164 -0.367672
0.701819 -0.46042 -0.296678 0.708566 -0.481772 -0.41035
0.711212 -0.469177 -0.329625 0.706921 -0.486303 -0.456643
0.709984 -0.476164 -0.367672 0.705 -0.489992 -0.505029
0.708566 -0.481772 -0.41035 0.702743 -0.493019 -0.55365
0.706921 -0.486303 -0.456643 0.7001 -0.49552 -0.600582
0.705 -0.489992 -0.505029 0.696965 -0.497604 -0.644127
0.702762 -0.493019 -0.55365 0.693223 -0.499353 -0.683051
0.700129 -0.49552 -0.600582 0.688733 -0.484766 -0.716699
0.697007 -0.497604 -0.644127 0.683319 -0.439658 -0.744967
0.693287 -0.499353 -0.683051 0.676763 -0.293202 -0.768182
0.688829 -0.484766 -0.716699 0.668803 -0.00851513 -0.786933
0.683464 -0.439658 -0.744967 0.659131 0.208329 -0.801914
0.676985 -0.293202 -0.768182 0.646663 0.290842 -0.813813
0.669144 -0.00851513 -0.786933 0.631261 0.318607 -0.823252
0.659045 0.208329 -0.801914 0.61231 0.329576 -0.83075
0.646561 0.290842 -0.813813 0.589182 0.328142 -0.836734
0.63114 0.318607 -0.823252 0.561322 0.326486 -0.841535
0.612168 0.329576 -0.83075 0.528375 0.324565 -0.845415
0.589016 0.328142 -0.836734 0.490328 0.322321 -0.848574
0.561133 0.326486 -0.841535 0.44765 0.319686 -0.851166
0.528162 0.324565 -0.845415 0.401357 0.316599 -0.853308
0.490095 0.322321 -0.848574 0.352971 0.312938 -0.855092
0.447402 0.319708 -0.851166 0.30435 0.308568 -0.85659
0.401103 0.316633 -0.853308 0.257418 0.303325 -0.844099
0.352721 0.312987 -0.855092 0.213873 0.297001 -0.805473
0.304112 0.308642 -0.85659 0.174949 0.289345 -0.680065
0.257201 0.303437 -0.844099 0.141301 0.280049 -0.436291
0.213682 0.297172 -0.805473 0.113033 0.268755 -0.250611
0.174786 0.289605 -0.680065 0.089818 0.254194 -0.179956
0.141168 0.280448 -0.436291 0.0710672 0.236207 -0.156181
0.112926 0.268654 -0.250611 0.0560865 0.214075 -0.146788
0.0897331 0.254075 -0.179956 0.0441866 0.187065 -0.148016
0.0710011 0.236066 -0.156181 0.0347485 0.15453 -0.149434
0.0560353 0.213909 -0.146788 0.0272496 0.116053 -0.151079
0.0441471 0.186872 -0.148016 0.0212664 0.0716209 -0.153
0.0347179 0.154309 -0.149434 0.0164647 0.02178 -0.155257
0.0272258 0.115805 -0.151079 0.0125847 -0.0322823 -0.1579
0.0212479 0.0713487 -0.153 0.00942586 -0.0887886 -0.161035
0.0164502 0.021491 -0.155238 0.00683442 -0.14557 -0.164777
0.0125731 -0.0325788 -0.157871 0.00469205 -0.200379 -0.169267
0.00941659 -0.0890815 -0.160993 0.00290759 -0.251232 -0.174681
0.00682693 -0.145848 -0.164713 0.00141042 -0.296689 -0.181237
0.00468596 -0.200633 -0.169171 0.0139007 -0.335984 -0.189197
0.00290258 -0.251456 -0.174536 0.0525268 -0.368996 -0.198869
0.00140628 -0.296879 -0.181015 0.177935 -0.396108 -0.211337
0.0138905 -0.33614 -0.188856 0.421709 -0.418005 -0.226739
0.0524952 -0.369122 -0.198955 0.607389 -0.4355 -0.24569
0.177845 -0.396207 -0.211439 0.678044 -0.449397 -0.268818
0.421595 -0.418083 -0.22686 0.701819 -0.46042 -0.296678
0.607333 -0.43556 -0.245832 0.711212 -0.469177 -0.329625
0.678025 -0.449444 -0.268984 0.709984 -0.476164 -0.367672
0.701811 -0.460455 -0.296867 0.708566 -0.481772 -0.41035
0.711208 -0.469205 -0.329838 0.706921 -0.486303 -0.456643
0.709979 -0.476186 -0.367905 0.705 -0.489992 -0.505029
0.708561 -0.481789 -0.410598 0.702762 -0.493019 -0.55365
0.706916 -0.486317 -0.456897 0.700129 -0.49552 -0.600582
0.704997 -0.490003 -0.505279 0.697007 -0.497604 -0.644127
0.702762 -0.493027 -0.553888 0.693287 -0.499353 -0.683051
0.700129 -0.495528 -0.600799 0.688829 -0.484766 -0.716699
0.697007 -0.49761 -0.644318 0.683464 -0.439658 -0.744967
0.693287 -0.499358 -0.683214 0.676985 -0.293202 -0.768182
0.688829 -0.484778 -0.716832 0.669144 -0.00851513 -0.786933
0.683464 -0.439694 -0.745074 0.659045 0.208329 -0.801914
0.676985 -0.293307 -0.768267 0.646561 0.290842 -0.813813
0.669144 -0.00864819 -0.786999 0.63114 0.318607 -0.823252
0.659047 0.208264 -0.801965 0.612168 0.329576 -0.83075
0.646565 0.290819 -0.813853 0.589016 0.328142 -0.836734
0.631148 0.318598 -0.823282 0.561133 0.326486 -0.841535
0.61218 0.329572 -0.830774 0.528162 0.324565 -0.845415
0.589034 0.328137 -0.836752 0.490095 0.322321 -0.848574
0.561156 0.326481 -0.84155 0.447402 0.319708 -0.851166
0.528192 0.324559 -0.845427 0.401103 0.316633 -0.853308
0.490131 0.322318 -0.848583 0.352721 0.312987 -0.855092
0.447445 0.319708 -0.851173 0.304112 0.308642 -0.85659
0.401151 0.316633 -0.853314 0.257201 0.303437 -0.844099
0.352771 0.312987 -0.855097 0.213682 0.297172 -0.805473
0.304164 0.308642 -0.856594 0.174786 0.289605 -0.680065
0.257251 0.303437 -0.844109 0.141168 0.280448 -0.436291
0.213728 0.297172 -0.805505 0.112926 0.268654 -0.250611
0.174828 0.289605 -0.680155 0.0897331 0.254075 -0.179956
0.141204 0.280448 -0.436405 0.0710011 0.236066 -0.156181
0.112956 0.268656 -0.250667 0.0560353 0.213909 -0.146788
0.089758 0.25408 -0.179975 0.0441471 0.186872 -0.148016
0.0710212 0.236075 -0.156189 0.0347179 0.154309 -0.149434
0.0560514 0.213923 -0.146792 0.0272258 0.115805 -0.151079
0.04416 0.186892 -0.148021 0.0212479 0.0713487 -0.153
0.0347282 0.154336 -0.149439 0.0164502 0.021491 -0.155238
0.027234 0.115839 -0.151084 0.0125731 -0.0325788 -0.157871
0.0212545 0.0713913 -0.153003 0.00941659 -0.0890815 -0.160993
0.0164555 0.0215408 -0.155238 0.00682693 -0.145848 -0.164713
0.0125774 -0.0325231 -0.157871 0.00468596 -0.200633 -0.169171
0.00942013 -0.0890221 -0.160993 0.00290258 -0.251456 -0.174536
0.00682986 -0.145788 -0.164713 0.00140628 -0.296879 -0.181015
0.00468839 -0.200574 -0.169171 0.0138905 -0.33614 -0.188856
0.00290462 -0.251401 -0.174536 0.0524952 -0.369122 -0.198955
0.0139007 -0.29683 -0.181015 0.177845 -0.396207 -0.211439
0.0525268 -0.336098 -0.188856 0.421595 -0.418083 -0.22686
0.177935 -0.369086 -0.198953 0.607333 -0.43556 -0.245832
0.421709 -0.396178 -0.211435 0.678025 -0.449444 -0.268984
0.607389 -0.418059 -0.226852 0.701811 -0.460455 -0.296867
0.678044 -0.435541 -0.24582 0.711208 -0.469205 -0.329838
0.701819 -0.449429 -0.268966 0.709979 -0.476186 -0.367905
0.711212 -0.460443 -0.296844 0.708561 -0.481789 -0.410598
0.71121 -0.469195 -0.329808 0.706916 -0.486317 -0.456897
0.70995 -0.476178 -0.367869 0.704997 -0.490003 -0.505279
0.708491 -0.481783 -0.410555 0.702762 -0.493027 -0.553888
0.706791 -0.486312 -0.456849 0.700129 -0.495528 -0.600799
0.704798 -0.489999 -0.505229 0.697007 -0.49761 -0.644318
0.702468 -0.493024 -0.553836 0.693287 -0.499358 -0.683214
0.69971 -0.495525 -0.600749 0.688829 -0.484778 -0.716832
0.696424 -0.497608 -0.644272 0.683464 -0.439694 -0.745074
0.692485 -0.484766 -0.683172 0.676985 -0.293307 -0.768267
0.687738 -0.439658 -0.716796 0.669144 -0.00864819 -0.786999
0.681989 -0.293202 -0.745044 0.659047 0.208264 -0.801965
0.675003 -0.00851513 -0.768242 0.646565 0.290819 -0.813853
0.666495 0.208329 -0.786979 0.631148 0.318598 -0.823282
0.655489 0.290842 -0.801949 0.61218 0.329572 -0.830774
0.641816 0.318607 -0.81384 0.589034 0.328137 -0.836752
0.624856 0.329576 -0.823272 0.561156 0.326481 -0.84155
0.603939 0.329574 -0.830766 0.528192 0.324559 -0.845427
0.578408 0.328103 -0.836746 0.490131 0.322318 -0.848583
0.547735 0.326398 -0.841545 0.447445 0.319708 -0.851173
0.511674 0.324413 -0.845423 0.401151 0.316633 -0.853314
0.470427 0.322085 -0.84858 0.352771 0.312987 -0.855097
0.424766 0.319365 -0.85117 0.304164 0.308642 -0.856594
0.376062 0.316144 -0.853312 0.257251 0.303437 -0.844109
0.326161 0.312306 -0.855095 0.213728 0.297172 -0.805505
0.277131 0.307706 -0.844099 0.174828 0.289605 -0.680155
0.230936 0.302162 -0.805473 0.141204 0.280448 -0.436405
0.189127 0.295449 -0.680065 0.112956 0.268656 -0.250667
0.152657 0.28729 -0.436291 0.089758 0.25408 -0.179975
0.121843 0.277354 -0.250611 0.0710212 0.236075 -0.156189
0.0964754 0.264501 -0.179956 0.0560514 0.213923 -0.146792
0.0759944 0.248533 -0.156181 0.04416 0.186892 -0.148021
0.0596751 0.228727 -0.146788 0.0347282 0.154336 -0.149439
0.0467681 0.204299 -0.14679 0.027234 0.115839 -0.151084
0.0365867 0.174483 -0.14805 0.0212545 0.0713913 -0.153003
0.0285462 0.138663 -0.149509 0.0164555 0.0215408 -0.155238
0.0221714 0.0965496 -0.151209 0.0125774 -0.0325231 -0.157871
0.0170875 0.0483795 -0.153202 0.00942013 -0.0890221 -0.160993
0.0130044 -0.00494425 -0.155532 0.00682986 -0.145788 -0.164713
0.00969956 -0.0618223 -0.15829 0.00468839 -0.200574 -0.169171
0.00700306 -0.120099 -0.161576 0.00290462 -0.251401 -0.174536
0.00478514 -0.177357 -0.165515 0.0139007 -0.29683 -0.181015
0.00294642 -0.231306 -0.170262 0.0525268 -0.336098 -0.188856
0.00141042 -0.280131 -0.176011 0.177935 -0.369086 -0.198953
0.0117908 -0.322722 -0.182997 0.421709 -0.396178 -0.211435
0.0395058 -0.358708 -0.191505 0.607389 -0.418059 -0.226852
0.120854 -0.388333 -0.202511 0.678044 -0.435541 -0.24582
0.306976 -0.412251 -0.216184 0.701819 -0.449429 -0.268966
0.521371 -0.43131 -0.233144 0.711212 -0.460443 -0.296844
0.640055 -0.446383 -0.254061 0.71121 -0.469195 -0.329808
0.685605 -0.458273 -0.279592 0.70995 -0.476178 -0.367869
0.703294 -0.467663 -0.310265 0.708491 -0.481783 -0.410555
0.709952 -0.475108 -0.346326 0.706791 -0.486312 -0.456849
0.708493 -0.481045 -0.387573 0.704798 -0.489999 -0.505229
0.706793 -0.485813 -0.433234 0.702468 -0.493024 -0.553836
0.704801 -0.489673 -0.481938 0.69971 -0.495525 -0.600749
0.702449 -0.492822 -0.531839 0.696424 -0.497608 -0.644272
0.699681 -0.495412 -0.580869 0.692485 -0.484766 -0.683172
0.69638 -0.497559 -0.627064 0.687738 -0.439658 -0.716796
0.692419 -0.499353 -0.668873 0.681989 -0.293202 -0.745044
0.687638 -0.48723 -0.705343 0.675003 -0.00851513 -0.768242
0.681837 -0.454864 -0.736157 0.666495 0.208329 -0.786979
0.674769 -0.359863 -0.761525 0.655489 0.290842 -0.801949
0.666134 -0.142503 -0.782006 0.641816 0.318607 -0.81384
0.655579 0.107874 -0.798325 0.624856 0.329576 -0.823272
0.64192 0.246477 -0.811232 0.603939 0.329574 -0.830766
0.624977 0.299671 -0.821413 0.578408 0.328103 -0.836746
0.604078 0.320329 -0.829454 0.547735 0.326398 -0.841545
0.578566 0.328105 -0.835829 0.511674 0.324413 -0.845423
0.547912 0.326401 -0.840912 0.470427 0.322085 -0.84858
0.511868 0.324416 -0.844996 0.424766 0.319365 -0.85117
0.470633 0.322089 -0.8483 0.376062 0.316144 -0.853312
0.424978 0.319342 -0.850997 0.326161 0.312306 -0.855095
