0.3575 -0.0835 -0.5005 0.3575 -0.0835 -0.5005
0.3575 -0.0835 -0.5005 0.3575 -0.0835 -0.5005
-0.00942046 -0.0835 -0.5005 0.3575 -0.0835 -0.5005
0.724576 -0.0835 -0.5005 0.3575 -0.0835 -0.5005
0.640965 -0.0835 -0.5005 0.3575 -0.0835 -0.5005
0.00138624 -0.0835 -0.5005 0.3575 -0.0835 -0.5005
0.00138624 -0.0835 -0.5005 0.3575 -0.0835 -0.5005
0.00138624 -0.0835 -0.5005 0.3575 -0.0835 -0.5005
0.00138624 -0.0835 -0.5005 0.3575 -0.0835 -0.5005
0.00138624 -0.0835 -0.5005 0.3575 -0.0835 -0.5005
0.00138624 -0.0835 -0.5005 0.3575 -0.0835 -0.5005
0.00138624 -0.0835 -0.5005 0.3575 -0.0835 -0.5005
0.00138624 -0.0835 -0.5005 0.3575 -0.0835 -0.5005
0.00138624 -0.0835 -0.5005 0.3575 -0.0835 -0.5005
0.00138624 -0.0835 -0.5005 0.3575 -0.0835 -0.5005
0.00138624 -0.0835 -0.5005 0.3575 -0.0835 -0.5005
0.00138624 -0.0835 -0.5005 0.3575 -0.0835 -0.5005
0.00138624 -0.0835 -0.5005 0.3575 -0.0835 -0.5005
0.00138624 -0.512002 -0.5005 0.3575 -0.0835 -0.5005
0.00138624 0.345183 -0.5005 0.3575 -0.0835 -0.5005
0.00138624 0.247539 -0.5005 0.3575 -0.0835 -0.5005
0.00138624 -0.499381 -0.5005 0.3575 -0.0835 -0.5005
0.00138624 -0.499381 -0.5005 0.3575 -0.0835 -0.5005
0.00138624 -0.499381 -0.5005 0.3575 -0.0835 -0.5005
0.711202 -0.499381 -0.5005 0.3575 -0.0835 -0.5005
0.711202 -0.499381 -0.5005 0.3575 -0.0835 -0.5005
0.711202 -0.499381 -0.5005 0.3575 -0.0835 -0.5005
0.711202 -0.499381 -0.5005 0.3575 -0.0835 -0.5005
0.708328 -0.499381 -0.5005 0.3575 -0.0835 -0.5005
0.704359 -0.499381 -0.5005 0.3575 -0.0835 -0.5005
0.69872 -0.499381 -0.5005 0.3575 -0.0835 -0.5005
0.691198 -0.499381 -0.5005 0.3575 -0.0835 -0.5005
0.679052 -0.499381 -0.5005 0.3575 -0.0835 -0.5005
0.66023 -0.499381 -0.5005 0.3575 -0.0835 -0.5005
0.630653 -0.499381 -0.86742 0.3575 -0.0835 -0.5005
0.584433 -0.499381 -0.133424 0.3575 -0.0835 -0.5005
0.516282 -0.499381 -0.217035 0.3575 -0.0835 -0.5005
0.425729 -0.499381 -0.856614 0.3575 -0.0835 -0.5005
0.322202 -0.499381 -0.856614 0.3575 -0.0835 -0.5005
0.223073 -0.499381 -0.856614 0.3575 -0.0835 -0.5005
0.143476 0.329565 -0.856614 0.3575 -0.0835 -0.5005
0.0881644 0.329565 -0.856614 0.3575 -0.0835 -0.5005
0.0531038 0.329565 -0.856614 0.3575 -0.0835 -0.5005
0.0316985 0.329565 -0.856614 0.3575 -0.0835 -0.5005
0.0185949 0.326208 -0.856614 0.3575 -0.0835 -0.5005
0.0103704 0.321573 -0.856614 0.3575 -0.0835 -0.5005
0.00503044 0.314987 -0.856614 0.3575 -0.0835 -0.5005
0.00143933 0.306203 -0.856614 0.3575 -0.0835 -0.5005
0.00143344 0.292019 -0.856614 0.3575 -0.0835 -0.5005
0.00142798 0.270038 -0.856614 0.3575 -0.0835 -0.5005
0.00142291 0.235497 -0.856614 -0.00942046 -0.0835 -0.5005
0.00141821 0.18152 -0.856614 0.724576 -0.0835 -0.5005
0.0525933 0.101931 -0.856614 0.640965 -0.0835 -0.5005
0.421973 -0.00382046 -0.856614 0.00138624 -0.0835 -0.5005
0.678095 -0.124722 -0.856614 0.00138624 -0.0835 -0.5005
0.711223 -0.240488 -0.856614 0.00138624 -0.0835 -0.5005
0.711219 -0.333444 -0.146798 0.00138624 -0.0835 -0.5005
0.708887 -0.398039 -0.146798 0.00138624 -0.0835 -0.5005
0.705847 -0.438984 -0.146798 0.00138624 -0.0835 -0.5005
0.701843 -0.463981 -0.146798 0.00138624 -0.0835 -0.5005
0.696479 -0.479284 -0.149672 0.00138624 -0.0835 -0.5005
0.689158 -0.488889 -0.153641 0.00138624 -0.0835 -0.5005
0.679052 -0.495125 -0.15928 0.00138624 -0.0835 -0.5005
0.663983 -0.499319 -0.166802 0.00138624 -0.0835 -0.5005
0.641837 -0.499326 -0.178948 0.00138624 -0.0835 -0.5005
0.609598 -0.499332 -0.19777 0.00138624 -0.0835 -0.5005
0.563759 -0.499338 -0.227347 0.00138624 -0.512002 -0.5005
0.501845 -0.499344 -0.273567 0.00138624 0.345183 -0.5005
0.424775 -0.43958 -0.341718 0.00138624 0.247539 -0.5005
0.338636 -0.00820586 -0.432271 0.00138624 -0.499381 -0.5005
0.253563 0.290901 -0.535798 0.00138624 -0.499381 -0.5005
0.179476 0.329589 -0.634927 0.00138624 -0.499381 -0.5005
0.121833 0.329584 -0.714524 0.711202 -0.499381 -0.5005
0.080686 0.326861 -0.769836 0.711202 -0.499381 -0.5005
0.0528332 0.323311 -0.804896 0.711202 -0.499381 -0.5005
0.0343913 0.318635 -0.826302 0.711202 -0.499381 -0.5005
0.0221677 0.312371 -0.839405 0.708328 -0.499381 -0.5005
0.0139419 0.303821 -0.84763 0.704359 -0.499381 -0.5005
0.00828222 0.292019 -0.85297 0.69872 -0.499381 -0.5005
0.00429176 0.27442 -0.856561 0.691198 -0.499381 -0.5005
0.0314044 0.248558 -0.856567 0.679052 -0.499381 -0.5005
0.220293 0.210909 -0.856572 0.66023 -0.499381 -0.5005
0.581476 0.157376 -0.856577 0.630653 -0.499381 -0.86742
0.690505 0.0850706 -0.856582 0.584433 -0.499381 -0.133424
0.711213 -0.0049342 -0.805407 0.516282 -0.499381 -0.217035
0.708764 -0.10553 -0.436027 0.425729 -0.499381 -0.856614
0.705532 -0.204881 -0.179905 0.322202 -0.499381 -0.856614
0.701212 -0.291402 -0.146777 0.223073 -0.499381 -0.856614
0.695295 -0.35872 -0.146781 0.143476 0.329565 -0.856614
0.687012 -0.406772 -0.149113 0.0881644 0.329565 -0.856614
0.675202 -0.4393 -0.152153 0.0531038 0.329565 -0.856614
0.658157 -0.460837 -0.156157 0.0316985 0.329565 -0.856614
0.63201 -0.475112 -0.161521 0.0185949 0.326208 -0.856614
0.593543 -0.484718 -0.168842 0.0103704 0.321573 -0.856614
0.538966 -0.491328 -0.178948 0.00503044 0.314987 -0.856614
0.46674 -0.495988 -0.194017 0.00143933 0.306203 -0.856614
0.380491 -0.464325 -0.216163 0.00143344 0.292019 -0.856614
0.289819 -0.243735 -0.248402 0.00142798 0.270038 -0.856614
0.206758 0.178067 -0.294241 0.00142291 0.235497 -0.856614
0.13997 0.305394 -0.356155 0.00141821 0.18152 -0.856614
0.0916554 0.329577 -0.433225 0.0525933 0.101931 -0.856614
0.0590614 0.326717 -0.519364 0.421973 -0.00382046 -0.856614
0.0377889 0.322943 -0.604437 0.678095 -0.124722 -0.856614
0.0239631 0.317898 -0.678524 0.711223 -0.240488 -0.856614
0.0148497 0.310987 -0.736167 0.711219 -0.333444 -0.146798
0.00870096 0.301314 -0.777314 0.708887 -0.398039 -0.146798
0.00444101 0.287522 -0.805167 0.705847 -0.438984 -0.146798
0.00141064 0.267616 -0.823609 0.701843 -0.463981 -0.146798
0.00140618 0.237081 -0.835832 0.696479 -0.479284 -0.149672
0.0313682 0.192159 -0.844058 0.689158 -0.488889 -0.153641
0.220106 0.128422 -0.849718 0.679052 -0.495125 -0.15928
0.581354 0.0440743 -0.853708 0.663983 -0.499319 -0.166802
0.690481 -0.0566502 -0.826596 0.641837 -0.499326 -0.178948
0.708876 -0.16254 -0.637707 0.609598 -0.499332 -0.19777
0.705833 -0.259541 -0.276524 0.563759 -0.499338 -0.227347
0.701796 -0.337538 -0.167495 0.501845 -0.499344 -0.273567
0.696365 -0.393962 -0.146787 0.424775 -0.43958 -0.341718
0.68888 -0.432026 -0.149236 0.338636 -0.00820586 -0.432271
0.678372 -0.456869 -0.152468 0.253563 0.290901 -0.535798
0.663418 -0.473015 -0.156788 0.179476 0.329589 -0.634927
0.641837 -0.483658 -0.162705 0.121833 0.329584 -0.714524
0.609598 -0.490839 -0.170988 0.080686 0.326861 -0.769836
0.563759 -0.495814 -0.182798 0.0528332 0.323311 -0.804896
0.501845 -0.499353 -0.199843 0.0343913 0.318635 -0.826302
0.424775 -0.499358 -0.22599 0.0221677 0.312371 -0.839405
0.338636 -0.464367 -0.264457 0.0139419 0.303821 -0.84763
0.253563 -0.243953 -0.319034 0.00828222 0.292019 -0.85297
0.179476 0.177924 -0.39126 0.00429176 0.27442 -0.856561
0.121833 0.305366 -0.477509 0.0314044 0.248558 -0.856567
0.080686 0.326848 -0.568181 0.220293 0.210909 -0.856572
0.0528332 0.323295 -0.651242 0.581476 0.157376 -0.856577
0.0343913 0.31858 -0.71803 0.690505 0.0850706 -0.856582
0.0221677 0.312238 -0.766345 0.711213 -0.0049342 -0.805407
0.0139419 0.303496 -0.798939 0.708764 -0.10553 -0.436027
0.00828222 0.291225 -0.820211 0.705532 -0.204881 -0.179905
0.00429176 0.273761 -0.834037 0.701212 -0.291402 -0.146777
0.0014093 0.248558 -0.84315 0.695295 -0.35872 -0.146781
0.0525222 0.210909 -0.849299 0.687012 -0.406772 -0.149113
0.421706 0.157376 -0.853559 0.675202 -0.4393 -0.152153
0.678046 0.0850706 -0.856589 0.658157 -0.460837 -0.156157
0.711213 -0.0049342 -0.856594 0.63201 -0.475112 -0.161521
0.711209 -0.10553 -0.826632 0.593543 -0.484718 -0.168842
0.708875 -0.204881 -0.637894 0.538966 -0.491328 -0.178948
0.705833 -0.291402 -0.276646 0.46674 -0.495988 -0.194017
0.701843 -0.35872 -0.167519 0.380491 -0.464325 -0.216163
0.696479 -0.406772 -0.149124 0.289819 -0.243735 -0.248402
0.689158 -0.4393 -0.152167 0.206758 0.178067 -0.294241
0.679052 -0.460837 -0.156204 0.13997 0.305394 -0.356155
0.663983 -0.475112 -0.161635 0.0916554 0.329577 -0.433225
0.641837 -0.484718 -0.16912 0.0590614 0.326717 -0.519364
0.609598 -0.491328 -0.179628 0.0377889 0.322943 -0.604437
0.563759 -0.495988 -0.194582 0.0239631 0.317898 -0.678524
0.501845 -0.499354 -0.216163 0.0148497 0.310987 -0.736167
0.424775 -0.439663 -0.248402 0.00870096 0.301314 -0.777314
0.338636 -0.00851828 -0.294241 0.00444101 0.287522 -0.805167
0.253563 0.290844 -0.356155 0.00141064 0.267616 -0.823609
0.179476 0.329577 -0.433225 0.00140618 0.237081 -0.835832
0.121833 0.329573 -0.519364 0.0313682 0.192159 -0.844058
0.080686 0.326848 -0.604437 0.220106 0.128422 -0.849718
0.0528332 0.323295 -0.678524 0.581354 0.0440743 -0.853708
0.0343913 0.318635 -0.736167 0.690481 -0.0566502 -0.826596
0.0221677 0.312371 -0.777314 0.708876 -0.16254 -0.637707
0.0139419 0.303821 -0.805167 0.705833 -0.259541 -0.276524
0.00828222 0.292019 -0.823609 0.701796 -0.337538 -0.167495
0.00429176 0.27442 -0.835832 0.696365 -0.393962 -0.146787
0.0314044 0.248558 -0.844058 0.68888 -0.432026 -0.149236
0.220293 0.210909 -0.849718 0.678372 -0.456869 -0.152468
0.581476 0.157376 -0.853708 0.663418 -0.473015 -0.156788
0.690505 0.0850706 -0.856591 0.641837 -0.483658 -0.162705
0.711213 -0.0049342 -0.805478 0.609598 -0.490839 -0.170988
0.708764 -0.10553 -0.436294 0.563759 -0.495814 -0.182798
0.705532 -0.204881 -0.179954 0.501845 -0.499353 -0.199843
0.701212 -0.291402 -0.146787 0.424775 -0.499358 -0.22599
0.695295 -0.35872 -0.146791 0.338636 -0.464367 -0.264457
0.687012 -0.406772 -0.149125 0.253563 -0.243953 -0.319034
0.675202 -0.4393 -0.152167 0.179476 0.177924 -0.39126
0.658157 -0.460837 -0.156157 0.121833 0.305366 -0.477509
0.63201 -0.475112 -0.161521 0.080686 0.326848 -0.568181
0.593543 -0.484718 -0.168842 0.0528332 0.323295 -0.651242
0.538966 -0.491328 -0.178948 0.0343913 0.31858 -0.71803
0.46674 -0.495988 -0.194017 0.0221677 0.312238 -0.766345
0.380491 -0.464325 -0.216163 0.0139419 0.303496 -0.798939
0.289819 -0.243735 -0.248402 0.00828222 0.291225 -0.820211
0.206758 0.178067 -0.294241 0.00429176 0.273761 -0.834037
0.13997 0.305394 -0.356155 0.0014093 0.248558 -0.84315
0.0916554 0.329577 -0.433225 0.0525222 0.210909 -0.849299
0.0590614 0.326717 -0.519364 0.421706 0.157376 -0.853559
0.0377889 0.322943 -0.604437 0.678046 0.0850706 -0.856589
0.0239631 0.317898 -0.678524 0.711213 -0.0049342 -0.856594
0.0148497 0.310987 -0.736167 0.711209 -0.10553 -0.826632
0.00870096 0.301314 -0.777314 0.708875 -0.204881 -0.637894
0.00444101 0.287522 -0.805167 0.705833 -0.291402 -0.276646
0.00141064 0.267616 -0.823609 0.701843 -0.35872 -0.167519
0.00140618 0.237081 -0.835832 0.696479 -0.406772 -0.149124
0.0313682 0.192159 -0.844058 0.689158 -0.4393 -0.152167
0.220106 0.128422 -0.849718 0.679052 -0.460837 -0.156204
0.581354 0.0440743 -0.853708 0.663983 -0.475112 -0.161635
0.690481 -0.0566502 -0.826596 0.641837 -0.484718 -0.16912
0.708876 -0.16254 -0.637707 0.609598 -0.491328 -0.179628
0.705833 -0.259541 -0.276524 0.563759 -0.495988 -0.194582
0.701796 -0.337538 -0.167495 0.501845 -0.499354 -0.216163
0.696365 -0.393962 -0.146787 0.424775 -0.439663 -0.248402
0.68888 -0.432026 -0.149236 0.338636 -0.00851828 -0.294241
0.678372 -0.456869 -0.152468 0.253563 0.290844 -0.356155
0.663418 -0.473015 -0.156788 0.179476 0.329577 -0.433225
0.641837 -0.483658 -0.162705 0.121833 0.329573 -0.519364
0.609598 -0.490839 -0.170988 0.080686 0.326848 -0.604437
0.563759 -0.495814 -0.182798 0.0528332 0.323295 -0.678524
0.501845 -0.499353 -0.199843 0.0343913 0.318635 -0.736167
0.424775 -0.499358 -0.22599 0.0221677 0.312371 -0.777314
0.338636 -0.464367 -0.264457 0.0139419 0.303821 -0.805167
0.253563 -0.243953 -0.319034 0.00828222 0.292019 -0.823609
0.179476 0.177924 -0.39126 0.00429176 0.27442 -0.835832
0.121833 0.305366 -0.477509 0.0314044 0.248558 -0.844058
0.080686 0.326848 -0.568181 0.220293 0.210909 -0.849718
0.0528332 0.323295 -0.651242 0.581476 0.157376 -0.853708
0.0343913 0.31858 -0.71803 0.690505 0.0850706 -0.856591
0.0221677 0.312238 -0.766345 0.711213 -0.0049342 -0.805478
0.0139419 0.303496 -0.798939 0.708764 -0.10553 -0.436294
0.00828222 0.291225 -0.820211 0.705532 -0.204881 -0.179954
0.00429176 0.273761 -0.834037 0.701212 -0.291402 -0.146787
0.0014093 0.248558 -0.84315 0.695295 -0.35872 -0.146791
0.0525222 0.210909 -0.849299 0.687012 -0.406772 -0.149125
0.421706 0.157376 -0.853559 0.675202 -0.4393 -0.152167
0.678046 0.0850706 -0.856589 0.658157 -0.460837 -0.156157
0.711213 -0.0049342 -0.856594 0.63201 -0.475112 -0.161521
0.711209 -0.10553 -0.826632 0.593543 -0.484718 -0.168842
0.708875 -0.204881 -0.637894 0.538966 -0.491328 -0.178948
0.705833 -0.291402 -0.276646 0.46674 -0.495988 -0.194017
0.701843 -0.35872 -0.167519 0.380491 -0.464325 -0.216163
0.696479 -0.406772 -0.149124 0.289819 -0.243735 -0.248402
0.689158 -0.4393 -0.152167 0.206758 0.178067 -0.294241
0.679052 -0.460837 -0.156204 0.13997 0.305394 -0.356155
0.663983 -0.475112 -0.161635 0.0916554 0.329577 -0.433225
0.641837 -0.484718 -0.16912 0.0590614 0.326717 -0.519364
0.609598 -0.491328 -0.179628 0.0377889 0.322943 -0.604437
0.563759 -0.495988 -0.194582 0.0239631 0.317898 -0.678524
0.501845 -0.499354 -0.216163 0.0148497 0.310987 -0.736167
0.424775 -0.439663 -0.248402 0.00870096 0.301314 -0.777314
0.338636 -0.00851828 -0.294241 0.00444101 0.287522 -0.805167
0.253563 0.290844 -0.356155 0.00141064 0.267616 -0.823609
0.179476 0.329577 -0.433225 0.00140618 0.237081 -0.835832
0.121833 0.329573 -0.519364 0.0313682 0.192159 -0.844058
0.080686 0.326848 -0.604437 0.220106 0.128422 -0.849718
0.0528332 0.323295 -0.678524 0.581354 0.0440743 -0.853708
0.0343913 0.318635 -0.736167 0.690481 -0.0566502 -0.826596
0.0221677 0.312371 -0.777314 0.708876 -0.16254 -0.637707
0.0139419 0.303821 -0.805167 0.705833 -0.259541 -0.276524
0.00828222 0.292019 -0.823609 0.701796 -0.337538 -0.167495
0.00429176 0.27442 -0.835832 0.696365 -0.393962 -0.146787
0.0314044 0.248558 -0.844058 0.68888 -0.432026 -0.149236
0.220293 0.210909 -0.849718 0.678372 -0.456869 -0.152468
0.581476 0.157376 -0.853708 0.663418 -0.473015 -0.156788
0.690505 0.0850706 -0.856591 0.641837 -0.483658 -0.162705
0.711213 -0.0049342 -0.805478 0.609598 -0.490839 -0.170988
0.708764 -0.10553 -0.436294 0.563759 -0.495814 -0.182798
0.705532 -0.204881 -0.179954 0.501845 -0.499353 -0.199843
0.701212 -0.291402 -0.146787 0.424775 -0.499358 -0.22599
0.695295 -0.35872 -0.146791 0.338636 -0.464367 -0.264457
0.687012 -0.406772 -0.149125 0.253563 -0.243953 -0.319034
0.675202 -0.4393 -0.152167 0.179476 0.177924 -0.39126
0.658157 -0.460837 -0.156157 0.121833 0.305366 -0.477509
0.63201 -0.475112 -0.161521 0.080686 0.326848 -0.568181
0.593543 -0.484718 -0.168842 0.0528332 0.323295 -0.651242
0.538966 -0.491328 -0.178948 0.0343913 0.31858 -0.71803
0.46674 -0.495988 -0.194017 0.0221677 0.312238 -0.766345
0.380491 -0.464325 -0.216163 0.0139419 0.303496 -0.798939
0.289819 -0.243735 -0.248402 0.00828222 0.291225 -0.820211
0.206758 0.178067 -0.294241 0.00429176 0.273761 -0.834037
0.13997 0.305394 -0.356155 0.0014093 0.248558 -0.84315
0.0916554 0.329577 -0.433225 0.0525222 0.210909 -0.849299
0.0590614 0.326717 -0.519364 0.421706 0.157376 -0.853559
0.0377889 0.322943 -0.604437 0.678046 0.0850706 -0.856589
0.0239631 0.317898 -0.678524 0.711213 -0.0049342 -0.856594
0.0148497 0.310987 -0.736167 0.711209 -0.10553 -0.826632
0.00870096 0.301314 -0.777314 0.708875 -0.204881 -0.637894
0.00444101 0.287522 -0.805167 0.705833 -0.291402 -0.276646
0.00141064 0.267616 -0.823609 0.701843 -0.35872 -0.167519
0.00140618 0.237081 -0.835832 0.696479 -0.406772 -0.149124
0.0313682 0.192159 -0.844058 0.689158 -0.4393 -0.152167
0.220106 0.128422 -0.849718 0.679052 -0.460837 -0.156204
0.581354 0.0440743 -0.853708 0.663983 -0.475112 -0.161635
0.690481 -0.0566502 -0.826596 0.641837 -0.484718 -0.16912
0.708876 -0.16254 -0.637707 0.609598 -0.491328 -0.179628
0.705833 -0.259541 -0.276524 0.563759 -0.495988 -0.194582
0.701796 -0.337538 -0.167495 0.501845 -0.499354 -0.216163
0.696365 -0.393962 -0.146787 0.424775 -0.439663 -0.248402
0.68888 -0.432026 -0.149236 0.338636 -0.00851828 -0.294241
0.678372 -0.456869 -0.152468 0.253563 0.290844 -0.356155
0.663418 -0.473015 -0.156788 0.179476 0.329577 -0.433225
0.641837 -0.483658 -0.162705 0.121833 0.329573 -0.519364
0.609598 -0.490839 -0.170988 0.080686 0.326848 -0.604437
0.563759 -0.495814 -0.182798 0.0528332 0.323295 -0.678524
0.501845 -0.499353 -0.199843 0.0343913 0.318635 -0.736167
0.424775 -0.499358 -0.22599 0.0221677 0.312371 -0.777314
0.338636 -0.464367 -0.264457 0.0139419 0.303821 -0.805167
0.253563 -0.243953 -0.319034 0.00828222 0.292019 -0.823609
0.179476 0.177924 -0.39126 0.00429176 0.27442 -0.835832
0.121833 0.305366 -0.477509 0.0314044 0.248558 -0.844058
0.080686 0.326848 -0.568181 0.220293 0.210909 -0.849718
0.0528332 0.323295 -0.651242 0.581476 0.157376 -0.853708
0.0343913 0.31858 -0.71803 0.690505 0.0850706 -0.856591
0.0221677 0.312238 -0.766345 0.711213 -0.0049342 -0.805478
0.0139419 0.303496 -0.798939 0.708764 -0.10553 -0.436294
0.00828222 0.291225 -0.820211 0.705532 -0.204881 -0.179954
0.00429176 0.273761 -0.834037 0.701212 -0.291402 -0.146787
0.0014093 0.248558 -0.84315 0.695295 -0.35872 -0.146791
0.0525222 0.210909 -0.849299 0.687012 -0.406772 -0.149125
0.421706 0.157376 -0.853559 0.675202 -0.4393 -0.152167
0.678046 0.0850706 -0.856589 0.658157 -0.460837 -0.156157
0.711213 -0.0049342 -0.856594 0.63201 -0.475112 -0.161521
0.711209 -0.10553 -0.826632 0.593543 -0.484718 -0.168842
0.708875 -0.204881 -0.637894 0.538966 -0.491328 -0.178948
0.705833 -0.291402 -0.276646 0.46674 -0.495988 -0.194017
0.701843 -0.35872 -0.167519 0.380491 -0.464325 -0.216163
0.696479 -0.406772 -0.149124 0.289819 -0.243735 -0.248402
0.689158 -0.4393 -0.152167 0.206758 0.178067 -0.294241
0.679052 -0.460837 -0.156204 0.13997 0.305394 -0.356155
0.663983 -0.475112 -0.161635 0.0916554 0.329577 -0.433225
0.641837 -0.484718 -0.16912 0.0590614 0.326717 -0.519364
0.609598 -0.491328 -0.179628 0.0377889 0.322943 -0.604437
0.563759 -0.495988 -0.194582 0.0239631 0.317898 -0.678524
0.501845 -0.499354 -0.216163 0.0148497 0.310987 -0.736167
0.424775 -0.439663 -0.248402 0.00870096 0.301314 -0.777314
0.338636 -0.00851828 -0.294241 0.00444101 0.287522 -0.805167
0.253563 0.290844 -0.356155 0.00141064 0.267616 -0.823609
0.179476 0.329577 -0.433225 0.00140618 0.237081 -0.835832
0.121833 0.329573 -0.519364 0.0313682 0.192159 -0.844058
0.080686 0.326848 -0.604437 0.220106 0.128422 -0.849718
0.0528332 0.323295 -0.678524 0.581354 0.0440743 -0.853708
0.0343913 0.318635 -0.736167 0.690481 -0.0566502 -0.826596
0.0221677 0.312371 -0.777314 0.708876 -0.16254 -0.637707
0.0139419 0.303821 -0.805167 0.705833 -0.259541 -0.276524
0.00828222 0.292019 -0.823609 0.701796 -0.337538 -0.167495
0.00429176 0.27442 -0.835832 0.696365 -0.393962 -0.146787
0.0314044 0.248558 -0.844058 0.68888 -0.432026 -0.149236
0.220293 0.210909 -0.849718 0.678372 -0.456869 -0.152468
0.581476 0.157376 -0.853708 0.663418 -0.473015 -0.156788
0.690505 0.0850706 -0.856591 0.641837 -0.483658 -0.162705
0.711213 -0.0049342 -0.805478 0.609598 -0.490839 -0.170988
0.708764 -0.10553 -0.436294 0.563759 -0.495814 -0.182798
0.705532 -0.204881 -0.179954 0.501845 -0.499353 -0.199843
0.701212 -0.291402 -0.146787 0.424775 -0.499358 -0.22599
0.695295 -0.35872 -0.146791 0.338636 -0.464367 -0.264457
0.687012 -0.406772 -0.149125 0.253563 -0.243953 -0.319034
0.675202 -0.4393 -0.152167 0.179476 0.177924 -0.39126
0.658157 -0.460837 -0.156157 0.121833 0.305366 -0.477509
0.63201 -0.475112 -0.161521 0.080686 0.326848 -0.568181
0.593543 -0.484718 -0.168842 0.0528332 0.323295 -0.651242
0.538966 -0.491328 -0.178948 0.0343913 0.31858 -0.71803
0.46674 -0.495988 -0.194017 0.0221677 0.312238 -0.766345
0.380491 -0.464325 -0.216163 0.0139419 0.303496 -0.798939
0.289819 -0.243735 -0.248402 0.00828222 0.291225 -0.820211
0.206758 0.178067 -0.294241 0.00429176 0.273761 -0.834037
0.13997 0.305394 -0.356155 0.0014093 0.248558 -0.84315
0.0916554 0.329577 -0.433225 0.0525222 0.210909 -0.849299
0.0590614 0.326717 -0.519364 0.421706 0.157376 -0.853559
0.0377889 0.322943 -0.604437 0.678046 0.0850706 -0.856589
0.0239631 0.317898 -0.678524 0.711213 -0.0049342 -0.856594
0.0148497 0.310987 -0.736167 0.711209 -0.10553 -0.826632
0.00870096 0.301314 -0.777314 0.708875 -0.204881 -0.637894
0.00444101 0.287522 -0.805167 0.705833 -0.291402 -0.276646
0.00141064 0.267616 -0.823609 0.701843 -0.35872 -0.167519
0.00140618 0.237081 -0.835832 0.696479 -0.406772 -0.149124
0.0313682 0.192159 -0.844058 0.689158 -0.4393 -0.152167
0.220106 0.128422 -0.849718 0.679052 -0.460837 -0.156204
0.581354 0.0440743 -0.853708 0.663983 -0.475112 -0.161635
0.690481 -0.0566502 -0.826596 0.641837 -0.484718 -0.16912
0.708876 -0.16254 -0.637707 0.609598 -0.491328 -0.179628
0.705833 -0.259541 -0.276524 0.563759 -0.495988 -0.194582
0.701796 -0.337538 -0.167495 0.501845 -0.499354 -0.216163
0.696365 -0.393962 -0.146787 0.424775 -0.439663 -0.248402
0.68888 -0.432026 -0.149236 0.338636 -0.00851828 -0.294241
0.678372 -0.456869 -0.152468 0.253563 0.290844 -0.356155
0.663418 -0.473015 -0.156788 0.179476 0.329577 -0.433225
0.641837 -0.483658 -0.162705 0.121833 0.329573 -0.519364
0.609598 -0.490839 -0.170988 0.080686 0.326848 -0.604437
0.563759 -0.495814 -0.182798 0.0528332 0.323295 -0.678524
0.501845 -0.499353 -0.199843 0.0343913 0.318635 -0.736167
0.424775 -0.499358 -0.22599 0.0221677 0.312371 -0.777314
0.338636 -0.464367 -0.264457 0.0139419 0.303821 -0.805167
0.253563 -0.243953 -0.319034 0.00828222 0.292019 -0.823609
0.179476 0.177924 -0.39126 0.00429176 0.27442 -0.835832
0.121833 0.305366 -0.477509 0.0314044 0.248558 -0.844058
0.080686 0.326848 -0.568181 0.220293 0.210909 -0.849718
0.0528332 0.323295 -0.651242 0.581476 0.157376 -0.853708
0.0343913 0.31858 -0.71803 0.690505 0.0850706 -0.856591
0.0221677 0.312238 -0.766345 0.711213 -0.0049342 -0.805478
0.0139419 0.303496 -0.798939 0.708764 -0.10553 -0.436294
0.00828222 0.291225 -0.820211 0.705532 -0.204881 -0.179954
0.00429176 0.273761 -0.834037 0.701212 -0.291402 -0.146787
0.0014093 0.248558 -0.84315 0.695295 -0.35872 -0.146791
0.0525222 0.210909 -0.849299 0.687012 -0.406772 -0.149125
0.421706 0.157376 -0.853559 0.675202 -0.4393 -0.152167
0.678046 0.0850706 -0.856589 0.658157 -0.460837 -0.156157
0.711213 -0.0049342 -0.856594 0.63201 -0.475112 -0.161521
0.711209 -0.10553 -0.826632 0.593543 -0.484718 -0.168842
0.708875 -0.204881 -0.637894 0.538966 -0.491328 -0.178948
0.705833 -0.291402 -0.276646 0.46674 -0.495988 -0.194017
0.701843 -0.35872 -0.167519 0.380491 -0.464325 -0.216163
0.696479 -0.406772 -0.149124 0.289819 -0.243735 -0.248402
0.689158 -0.4393 -0.152167 0.206758 0.178067 -0.294241
0.679052 -0.460837 -0.156204 0.13997 0.305394 -0.356155
0.663983 -0.475112 -0.161635 0.0916554 0.329577 -0.433225
0.641837 -0.484718 -0.16912 0.0590614 0.326717 -0.519364
0.609598 -0.491328 -0.179628 0.0377889 0.322943 -0.604437
0.563759 -0.495988 -0.194582 0.0239631 0.317898 -0.678524
0.501845 -0.499354 -0.216163 0.0148497 0.310987 -0.736167
0.424775 -0.439663 -0.248402 0.00870096 0.301314 -0.777314
0.338636 -0.00851828 -0.294241 0.00444101 0.287522 -0.805167
0.253563 0.290844 -0.356155 0.00141064 0.267616 -0.823609
0.179476 0.329577 -0.433225 0.00140618 0.237081 -0.835832
0.121833 0.329573 -0.519364 0.0313682 0.192159 -0.844058
0.080686 0.326848 -0.604437 0.220106 0.128422 -0.849718
0.0528332 0.323295 -0.678524 0.581354 0.0440743 -0.853708
0.0343913 0.318635 -0.736167 0.690481 -0.0566502 -0.826596
0.0221677 0.312371 -0.777314 0.708876 -0.16254 -0.637707
0.0139419 0.303821 -0.805167 0.705833 -0.259541 -0.276524
0.00828222 0.292019 -0.823609 0.701796 -0.337538 -0.167495
0.00429176 0.27442 -0.835832 0.696365 -0.393962 -0.146787
0.0314044 0.248558 -0.844058 0.68888 -0.432026 -0.149236
0.220293 0.210909 -0.849718 0.678372 -0.456869 -0.152468
0.581476 0.157376 -0.853708 0.663418 -0.473015 -0.156788
0.690505 0.0850706 -0.856591 0.641837 -0.483658 -0.162705
0.711213 -0.0049342 -0.805478 0.609598 -0.490839 -0.170988
0.708764 -0.10553 -0.436294 0.563759 -0.495814 -0.182798
0.705532 -0.204881 -0.179954 0.501845 -0.499353 -0.199843
0.701212 -0.291402 -0.146787 0.424775 -0.499358 -0.22599
0.695295 -0.35872 -0.146791 0.338636 -0.464367 -0.264457
0.687012 -0.406772 -0.149125 0.253563 -0.243953 -0.319034
0.675202 -0.4393 -0.152167 0.179476 0.177924 -0.39126
0.658157 -0.460837 -0.156157 0.121833 0.305366 -0.477509
0.63201 -0.475112 -0.161521 0.080686 0.326848 -0.568181
0.593543 -0.484718 -0.168842 0.0528332 0.323295 -0.651242
0.538966 -0.491328 -0.178948 0.0343913 0.31858 -0.71803
0.46674 -0.495988 -0.194017 0.0221677 0.312238 -0.766345
0.380491 -0.464325 -0.216163 0.0139419 0.303496 -0.798939
0.289819 -0.243735 -0.248402 0.00828222 0.291225 -0.820211
0.206758 0.178067 -0.294241 0.00429176 0.273761 -0.834037
0.13997 0.305394 -0.356155 0.0014093 0.248558 -0.84315
0.0916554 0.329577 -0.433225 0.0525222 0.210909 -0.849299
0.0590614 0.326717 -0.519364 0.421706 0.157376 -0.853559
0.0377889 0.322943 -0.604437 0.678046 0.0850706 -0.856589
0.0239631 0.317898 -0.678524 0.711213 -0.0049342 -0.856594
0.0148497 0.310987 -0.736167 0.711209 -0.10553 -0.826632
0.00870096 0.301314 -0.777314 0.708875 -0.204881 -0.637894
0.00444101 0.287522 -0.805167 0.705833 -0.291402 -0.276646
0.00141064 0.267616 -0.823609 0.701843 -0.35872 -0.167519
0.00140618 0.237081 -0.835832 0.696479 -0.406772 -0.149124
0.0313682 0.192159 -0.844058 0.689158 -0.4393 -0.152167
0.220106 0.128422 -0.849718 0.679052 -0.460837 -0.156204
0.581354 0.0440743 -0.853708 0.663983 -0.475112 -0.161635
0.690481 -0.0566502 -0.826596 0.641837 -0.484718 -0.16912
0.708876 -0.16254 -0.637707 0.609598 -0.491328 -0.179628
0.705833 -0.259541 -0.276524 0.563759 -0.495988 -0.194582
0.701796 -0.337538 -0.167495 0.501845 -0.499354 -0.216163
0.696365 -0.393962 -0.146787 0.424775 -0.439663 -0.248402
0.68888 -0.432026 -0.149236 0.338636 -0.00851828 -0.294241
0.678372 -0.456869 -0.152468 0.253563 0.290844 -0.356155
0.663418 -0.473015 -0.156788 0.179476 0.329577 -0.433225
0.641837 -0.483658 -0.162705 0.121833 0.329573 -0.519364
0.609598 -0.490839 -0.170988 0.080686 0.326848 -0.604437
0.563759 -0.495814 -0.182798 0.0528332 0.323295 -0.678524
0.501845 -0.499353 -0.199843 0.0343913 0.318635 -0.736167
0.424775 -0.499358 -0.22599 0.0221677 0.312371 -0.777314
0.338636 -0.464367 -0.264457 0.0139419 0.303821 -0.805167
0.253563 -0.243953 -0.319034 0.00828222 0.292019 -0.823609
0.179476 0.177924 -0.39126 0.00429176 0.27442 -0.835832
0.121833 0.305366 -0.477509 0.0314044 0.248558 -0.844058
0.080686 0.326848 -0.568181 0.220293 0.210909 -0.849718
0.0528332 0.323295 -0.651242 0.581476 0.157376 -0.853708
0.0343913 0.31858 -0.71803 0.690505 0.0850706 -0.856591
0.0221677 0.312238 -0.766345 0.711213 -0.0049342 -0.805478
0.0139419 0.303496 -0.798939 0.708764 -0.10553 -0.436294
0.00828222 0.291225 -0.820211 0.705532 -0.204881 -0.179954
0.00429176 0.273761 -0.834037 0.701212 -0.291402 -0.146787
0.0014093 0.248558 -0.84315 0.695295 -0.35872 -0.146791
0.0525222 0.210909 -0.849299 0.687012 -0.406772 -0.149125
0.421706 0.157376 -0.853559 0.675202 -0.4393 -0.152167
0.678046 0.0850706 -0.856589 0.658157 -0.460837 -0.156157
0.711213 -0.0049342 -0.856594 0.63201 -0.475112 -0.161521
0.711209 -0.10553 -0.826632 0.593543 -0.484718 -0.168842
0.708875 -0.204881 -0.637894 0.538966 -0.491328 -0.178948
0.705833 -0.291402 -0.276646 0.46674 -0.495988 -0.194017
0.701843 -0.35872 -0.167519 0.380491 -0.464325 -0.216163
0.696479 -0.406772 -0.149124 0.289819 -0.243735 -0.248402
0.689158 -0.4393 -0.152167 0.206758 0.178067 -0.294241
0.679052 -0.460837 -0.156204 0.13997 0.305394 -0.356155
0.663983 -0.475112 -0.161635 0.0916554 0.329577 -0.433225
0.641837 -0.484718 -0.16912 0.0590614 0.326717 -0.519364
0.609598 -0.491328 -0.179628 0.0377889 0.322943 -0.604437
0.563759 -0.495988 -0.194582 0.0239631 0.317898 -0.678524
0.501845 -0.499354 -0.216163 0.0148497 0.310987 -0.736167
0.424775 -0.439663 -0.248402 0.00870096 0.301314 -0.777314
0.338636 -0.00851828 -0.294241 0.00444101 0.287522 -0.805167
0.253563 0.290844 -0.356155 0.00141064 0.267616 -0.823609
0.179476 0.329577 -0.433225 0.00140618 0.237081 -0.835832
0.121833 0.329573 -0.519364 0.0313682 0.192159 -0.844058
0.080686 0.326848 -0.604437 0.220106 0.128422 -0.849718
0.0528332 0.323295 -0.678524 0.581354 0.0440743 -0.853708
0.0343913 0.318635 -0.736167 0.690481 -0.0566502 -0.826596
0.0221677 0.312371 -0.777314 0.708876 -0.16254 -0.637707
0.0139419 0.303821 -0.805167 0.705833 -0.259541 -0.276524
0.00828222 0.292019 -0.823609 0.701796 -0.337538 -0.167495
0.00429176 0.27442 -0.835832 0.696365 -0.393962 -0.146787
0.0314044 0.248558 -0.844058 0.68888 -0.432026 -0.149236
0.220293 0.210909 -0.849718 0.678372 -0.456869 -0.152468
0.581476 0.157376 -0.853708 0.663418 -0.473015 -0.156788
0.690505 0.0850706 -0.856591 0.641837 -0.483658 -0.162705
0.711213 -0.0049342 -0.805478 0.609598 -0.490839 -0.170988
0.708764 -0.10553 -0.436294 0.563759 -0.495814 -0.182798
0.705532 -0.204881 -0.179954 0.501845 -0.499353 -0.199843
0.701212 -0.291402 -0.146787 0.424775 -0.499358 -0.22599
0.695295 -0.35872 -0.146791 0.338636 -0.464367 -0.264457
0.687012 -0.406772 -0.149125 0.253563 -0.243953 -0.319034
0.675202 -0.4393 -0.152167 0.179476 0.177924 -0.39126
0.658157 -0.460837 -0.156157 0.121833 0.305366 -0.477509
0.63201 -0.475112 -0.161521 0.080686 0.326848 -0.568181
0.593543 -0.484718 -0.168842 0.0528332 0.323295 -0.651242
0.538966 -0.491328 -0.178948 0.0343913 0.31858 -0.71803
0.46674 -0.495988 -0.194017 0.0221677 0.312238 -0.766345
0.380491 -0.464325 -0.216163 0.0139419 0.303496 -0.798939
0.289819 -0.243735 -0.248402 0.00828222 0.291225 -0.820211
0.206758 0.178067 -0.294241 0.00429176 0.273761 -0.834037
0.13997 0.305394 -0.356155 0.0014093 0.248558 -0.84315
0.0916554 0.329577 -0.433225 0.0525222 0.210909 -0.849299
0.0590614 0.326717 -0.519364 0.421706 0.157376 -0.853559
0.0377889 0.322943 -0.604437 0.678046 0.0850706 -0.856589
0.0239631 0.317898 -0.678524 0.711213 -0.0049342 -0.856594
0.0148497 0.310987 -0.736167 0.711209 -0.10553 -0.826632
0.00870096 0.301314 -0.777314 0.708875 -0.204881 -0.637894
0.00444101 0.287522 -0.805167 0.705833 -0.291402 -0.276646
0.00141064 0.267616 -0.823609 0.701843 -0.35872 -0.167519
0.00140618 0.237081 -0.835832 0.696479 -0.406772 -0.149124
0.0313682 0.192159 -0.844058 0.689158 -0.4393 -0.152167
0.220106 0.128422 -0.849718 0.679052 -0.460837 -0.156204
0.581354 0.0440743 -0.853708 0.663983 -0.475112 -0.161635
0.690481 -0.0566502 -0.826596 0.641837 -0.484718 -0.16912
0.708876 -0.16254 -0.637707 0.609598 -0.491328 -0.179628
0.705833 -0.259541 -0.276524 0.563759 -0.495988 -0.194582
0.701796 -0.337538 -0.167495 0.501845 -0.499354 -0.216163
0.696365 -0.393962 -0.146787 0.424775 -0.439663 -0.248402
0.68888 -0.432026 -0.149236 0.338636 -0.00851828 -0.294241
0.678372 -0.456869 -0.152468 0.253563 0.290844 -0.356155
0.663418 -0.473015 -0.156788 0.179476 0.329577 -0.433225
0.641837 -0.483658 -0.162705 0.121833 0.329573 -0.519364
0.609598 -0.490839 -0.170988 0.080686 0.326848 -0.604437
0.563759 -0.495814 -0.182798 0.0528332 0.323295 -0.678524
0.501845 -0.499353 -0.199843 0.0343913 0.318635 -0.736167
0.424775 -0.499358 -0.22599 0.0221677 0.312371 -0.777314
0.338636 -0.464367 -0.264457 0.0139419 0.303821 -0.805167
0.253563 -0.243953 -0.319034 0.00828222 0.292019 -0.823609
0.179476 0.177924 -0.39126 0.00429176 0.27442 -0.835832
0.121833 0.305366 -0.477509 0.0314044 0.248558 -0.844058
0.080686 0.326848 -0.568181 0.220293 0.210909 -0.849718
0.0528332 0.323295 -0.651242 0.581476 0.157376 -0.853708
0.0343913 0.31858 -0.71803 0.690505 0.0850706 -0.856591
0.0221677 0.312238 -0.766345 0.711213 -0.0049342 -0.805478
0.0139419 0.303496 -0.798939 0.708764 -0.10553 -0.436294
0.00828222 0.291225 -0.820211 0.705532 -0.204881 -0.179954
0.00429176 0.273761 -0.834037 0.701212 -0.291402 -0.146787
0.0014093 0.248558 -0.84315 0.695295 -0.35872 -0.146791
0.0525222 0.210909 -0.849299 0.687012 -0.406772 -0.149125
0.421706 0.157376 -0.853559 0.675202 -0.4393 -0.152167
0.678046 0.0850706 -0.856589 0.658157 -0.460837 -0.156157
0.711213 -0.0049342 -0.856594 0.63201 -0.475112 -0.161521
0.711209 -0.10553 -0.826632 0.593543 -0.484718 -0.168842
0.708875 -0.204881 -0.637894 0.538966 -0.491328 -0.178948
0.705833 -0.291402 -0.276646 0.46674 -0.495988 -0.194017
0.701843 -0.35872 -0.167519 0.380491 -0.464325 -0.216163
0.696479 -0.406772 -0.149124 0.289819 -0.243735 -0.248402
0.689158 -0.4393 -0.152167 0.206758 0.178067 -0.294241
0.679052 -0.460837 -0.156204 0.13997 0.305394 -0.356155
0.663983 -0.475112 -0.161635 0.0916554 0.329577 -0.433225
0.641837 -0.484718 -0.16912 0.0590614 0.326717 -0.519364
0.609598 -0.491328 -0.179628 0.0377889 0.322943 -0.604437
0.563759 -0.495988 -0.194582 0.0239631 0.317898 -0.678524
0.501845 -0.499354 -0.216163 0.0148497 0.310987 -0.736167
0.424775 -0.439663 -0.248402 0.00870096 0.301314 -0.777314
0.338636 -0.00851828 -0.294241 0.00444101 0.287522 -0.805167
0.253563 0.290844 -0.356155 0.00141064 0.267616 -0.823609
0.179476 0.329577 -0.433225 0.00140618 0.237081 -0.835832
0.121833 0.329573 -0.519364 0.0313682 0.192159 -0.844058
0.080686 0.326848 -0.604437 0.220106 0.128422 -0.849718
0.0528332 0.323295 -0.678524 0.581354 0.0440743 -0.853708
0.0343913 0.318635 -0.736167 0.690481 -0.0566502 -0.826596
0.0221677 0.312371 -0.777314 0.708876 -0.16254 -0.637707
0.0139419 0.303821 -0.805167 0.705833 -0.259541 -0.276524
0.00828222 0.292019 -0.823609 0.701796 -0.337538 -0.167495
0.00429176 0.27442 -0.835832 0.696365 -0.393962 -0.146787
0.0314044 0.248558 -0.844058 0.68888 -0.432026 -0.149236
0.220293 0.210909 -0.849718 0.678372 -0.456869 -0.152468
0.581476 0.157376 -0.853708 0.663418 -0.473015 -0.156788
0.690505 0.0850706 -0.856591 0.641837 -0.483658 -0.162705
0.711213 -0.0049342 -0.805478 0.609598 -0.490839 -0.170988
0.708764 -0.10553 -0.436294 0.563759 -0.495814 -0.182798
0.705532 -0.204881 -0.179954 0.501845 -0.499353 -0.199843
0.701212 -0.291402 -0.146787 0.424775 -0.499358 -0.22599
0.695295 -0.35872 -0.146791 0.338636 -0.464367 -0.264457
0.687012 -0.406772 -0.149125 0.253563 -0.243953 -0.319034
0.675202 -0.4393 -0.152167 0.179476 0.177924 -0.39126
0.658157 -0.460837 -0.156157 0.121833 0.305366 -0.477509
0.63201 -0.475112 -0.161521 0.080686 0.326848 -0.568181
0.593543 -0.484718 -0.168842 0.0528332 0.323295 -0.651242
0.538966 -0.491328 -0.178948 0.0343913 0.31858 -0.71803
0.46674 -0.495988 -0.194017 0.0221677 0.312238 -0.766345
0.380491 -0.464325 -0.216163 0.0139419 0.303496 -0.798939
0.289819 -0.243735 -0.248402 0.00828222 0.291225 -0.820211
0.206758 0.178067 -0.294241 0.00429176 0.273761 -0.834037
0.13997 0.305394 -0.356155 0.0014093 0.248558 -0.84315
0.0916554 0.329577 -0.433225 0.0525222 0.210909 -0.849299
0.0590614 0.326717 -0.519364 0.421706 0.157376 -0.853559
0.0377889 0.322943 -0.604437 0.678046 0.0850706 -0.856589
0.0239631 0.317898 -0.678524 0.711213 -0.0049342 -0.856594
0.0148497 0.310987 -0.736167 0.711209 -0.10553 -0.826632
0.00870096 0.301314 -0.777314 0.708875 -0.204881 -0.637894
0.00444101 0.287522 -0.805167 0.705833 -0.291402 -0.276646
0.00141064 0.267616 -0.823609 0.701843 -0.35872 -0.167519
0.00140618 0.237081 -0.835832 0.696479 -0.406772 -0.149124
0.0313682 0.192159 -0.844058 0.689158 -0.4393 -0.152167
0.220106 0.128422 -0.849718 0.679052 -0.460837 -0.156204
0.581354 0.0440743 -0.853708 0.663983 -0.475112 -0.161635
0.690481 -0.0566502 -0.826596 0.641837 -0.484718 -0.16912
0.708876 -0.16254 -0.637707 0.609598 -0.491328 -0.179628
0.705833 -0.259541 -0.276524 0.563759 -0.495988 -0.194582
0.701796 -0.337538 -0.167495 0.501845 -0.499354 -0.216163
0.696365 -0.393962 -0.146787 0.424775 -0.439663 -0.248402
0.68888 -0.432026 -0.149236 0.338636 -0.00851828 -0.294241
0.678372 -0.456869 -0.152468 0.253563 0.290844 -0.356155
0.663418 -0.473015 -0.156788 0.179476 0.329577 -0.433225
0.641837 -0.483658 -0.162705 0.121833 0.329573 -0.519364
0.609598 -0.490839 -0.170988 0.080686 0.326848 -0.604437
0.563759 -0.495814 -0.182798 0.0528332 0.323295 -0.678524
0.501845 -0.499353 -0.199843 0.0343913 0.318635 -0.736167
0.424775 -0.499358 -0.22599 0.0221677 0.312371 -0.777314
0.338636 -0.464367 -0.264457 0.0139419 0.303821 -0.805167
0.253563 -0.243953 -0.319034 0.00828222 0.292019 -0.823609
0.179476 0.177924 -0.39126 0.00429176 0.27442 -0.835832
0.121833 0.305366 -0.477509 0.0314044 0.248558 -0.844058
0.080686 0.326848 -0.568181 0.220293 0.210909 -0.849718
0.0528332 0.323295 -0.651242 0.581476 0.157376 -0.853708
0.0343913 0.31858 -0.71803 0.690505 0.0850706 -0.856591
0.0221677 0.312238 -0.766345 0.711213 -0.0049342 -0.805478
0.0139419 0.303496 -0.798939 0.708764 -0.10553 -0.436294
0.00828222 0.291225 -0.820211 0.705532 -0.204881 -0.179954
0.00429176 0.273761 -0.834037 0.701212 -0.291402 -0.146787
0.0014093 0.248558 -0.84315 0.695295 -0.35872 -0.146791
0.0525222 0.210909 -0.849299 0.687012 -0.406772 -0.149125
0.421706 0.157376 -0.853559 0.675202 -0.4393 -0.152167
0.678046 0.0850706 -0.856589 0.658157 -0.460837 -0.156157
0.711213 -0.0049342 -0.856594 0.63201 -0.475112 -0.161521
0.711209 -0.10553 -0.826632 0.593543 -0.484718 -0.168842
0.708875 -0.204881 -0.637894 0.538966 -0.491328 -0.178948
0.705833 -0.291402 -0.276646 0.46674 -0.495988 -0.194017
0.701843 -0.35872 -0.167519 0.380491 -0.464325 -0.216163
0.696479 -0.406772 -0.149124 0.289819 -0.243735 -0.248402
0.689158 -0.4393 -0.152167 0.206758 0.178067 -0.294241
0.679052 -0.460837 -0.156204 0.13997 0.305394 -0.356155
0.663983 -0.475112 -0.161635 0.0916554 0.329577 -0.433225
0.641837 -0.484718 -0.16912 0.0590614 0.326717 -0.519364
0.609598 -0.491328 -0.179628 0.0377889 0.322943 -0.604437
0.563759 -0.495988 -0.194582 0.0239631 0.317898 -0.678524
0.501845 -0.499354 -0.216163 0.0148497 0.310987 -0.736167
0.424775 -0.439663 -0.248402 0.00870096 0.301314 -0.777314
0.338636 -0.00851828 -0.294241 0.00444101 0.287522 -0.805167
0.253563 0.290844 -0.356155 0.00141064 0.267616 -0.823609
0.179476 0.329577 -0.433225 0.00140618 0.237081 -0.835832
0.121833 0.329573 -0.519364 0.0313682 0.192159 -0.844058
0.080686 0.326848 -0.604437 0.220106 0.128422 -0.849718
0.0528332 0.323295 -0.678524 0.581354 0.0440743 -0.853708
0.0343913 0.318635 -0.736167 0.690481 -0.0566502 -0.826596
0.0221677 0.312371 -0.777314 0.708876 -0.16254 -0.637707
0.0139419 0.303821 -0.805167 0.705833 -0.259541 -0.276524
0.00828222 0.292019 -0.823609 0.701796 -0.337538 -0.167495
0.00429176 0.27442 -0.835832 0.696365 -0.393962 -0.146787
0.0314044 0.248558 -0.844058 0.68888 -0.432026 -0.149236
0.220293 0.210909 -0.849718 0.678372 -0.456869 -0.152468
0.581476 0.157376 -0.853708 0.663418 -0.473015 -0.156788
0.690505 0.0850706 -0.856591 0.641837 -0.483658 -0.162705
0.711213 -0.0049342 -0.805478 0.609598 -0.490839 -0.170988
0.708764 -0.10553 -0.436294 0.563759 -0.495814 -0.182798
0.705532 -0.204881 -0.179954 0.501845 -0.499353 -0.199843
0.701212 -0.291402 -0.146787 0.424775 -0.499358 -0.22599
0.695295 -0.35872 -0.146791 0.338636 -0.464367 -0.264457
0.687012 -0.406772 -0.149125 0.253563 -0.243953 -0.319034
0.675202 -0.4393 -0.152167 0.179476 0.177924 -0.39126
0.658157 -0.460837 -0.156157 0.121833 0.305366 -0.477509
0.63201 -0.475112 -0.161521 0.080686 0.326848 -0.568181
0.593543 -0.484718 -0.168842 0.0528332 0.323295 -0.651242
0.538966 -0.491328 -0.178948 0.0343913 0.31858 -0.71803
0.46674 -0.495988 -0.194017 0.0221677 0.312238 -0.766345
0.380491 -0.464325 -0.216163 0.0139419 0.303496 -0.798939
0.289819 -0.243735 -0.248402 0.00828222 0.291225 -0.820211
0.206758 0.178067 -0.294241 0.00429176 0.273761 -0.834037
0.13997 0.305394 -0.356155 0.0014093 0.248558 -0.84315
0.0916554 0.329577 -0.433225 0.0525222 0.210909 -0.849299
0.0590614 0.326717 -0.519364 0.421706 0.157376 -0.853559
0.0377889 0.322943 -0.604437 0.678046 0.0850706 -0.856589
0.0239631 0.317898 -0.678524 0.711213 -0.0049342 -0.856594
0.0148497 0.310987 -0.736167 0.711209 -0.10553 -0.826632
0.00870096 0.301314 -0.777314 0.708875 -0.204881 -0.637894
0.00444101 0.287522 -0.805167 0.705833 -0.291402 -0.276646
0.00141064 0.267616 -0.823609 0.701843 -0.35872 -0.167519
0.00140618 0.237081 -0.835832 0.696479 -0.406772 -0.149124
0.0313682 0.192159 -0.844058 0.689158 -0.4393 -0.152167
0.220106 0.128422 -0.849718 0.679052 -0.460837 -0.156204
0.581354 0.0440743 -0.853708 0.663983 -0.475112 -0.161635
0.690481 -0.0566502 -0.826596 0.641837 -0.484718 -0.16912
0.708876 -0.16254 -0.637707 0.609598 -0.491328 -0.179628
0.705833 -0.259541 -0.276524 0.563759 -0.495988 -0.194582
0.701796 -0.337538 -0.167495 0.501845 -0.499354 -0.216163
0.696365 -0.393962 -0.146787 0.424775 -0.439663 -0.248402
0.68888 -0.432026 -0.149236 0.338636 -0.00851828 -0.294241
0.678372 -0.456869 -0.152468 0.253563 0.290844 -0.356155
0.663418 -0.473015 -0.156788 0.179476 0.329577 -0.433225
0.641837 -0.483658 -0.162705 0.121833 0.329573 -0.519364
0.609598 -0.490839 -0.170988 0.080686 0.326848 -0.604437
0.563759 -0.495814 -0.182798 0.0528332 0.323295 -0.678524
0.501845 -0.499353 -0.199843 0.0343913 0.318635 -0.736167
0.424775 -0.499358 -0.22599 0.0221677 0.312371 -0.777314
0.338636 -0.464367 -0.264457 0.0139419 0.303821 -0.805167
0.253563 -0.243953 -0.319034 0.00828222 0.292019 -0.823609
0.179476 0.177924 -0.39126 0.00429176 0.27442 -0.835832
0.121833 0.305366 -0.477509 0.0314044 0.248558 -0.844058
0.080686 0.326848 -0.568181 0.220293 0.210909 -0.849718
0.0528332 0.323295 -0.651242 0.581476 0.157376 -0.853708
0.0343913 0.31858 -0.71803 0.690505 0.0850706 -0.856591
0.0221677 0.312238 -0.766345 0.711213 -0.0049342 -0.805478
0.0139419 0.303496 -0.798939 0.708764 -0.10553 -0.436294
0.00828222 0.291225 -0.820211 0.705532 -0.204881 -0.179954
0.00429176 0.273761 -0.834037 0.701212 -0.291402 -0.146787
0.0014093 0.248558 -0.84315 0.695295 -0.35872 -0.146791
0.0525222 0.210909 -0.849299 0.687012 -0.406772 -0.149125
0.421706 0.157376 -0.853559 0.675202 -0.4393 -0.152167
0.678046 0.0850706 -0.856589 0.658157 -0.460837 -0.156157
0.711213 -0.0049342 -0.856594 0.63201 -0.475112 -0.161521
0.711209 -0.10553 -0.826632 0.593543 -0.484718 -0.168842
0.708875 -0.204881 -0.637894 0.538966 -0.491328 -0.178948
0.705833 -0.291402 -0.276646 0.46674 -0.495988 -0.194017
0.701843 -0.35872 -0.167519 0.380491 -0.464325 -0.216163
0.696479 -0.406772 -0.149124 0.289819 -0.243735 -0.248402
0.689158 -0.4393 -0.152167 0.206758 0.178067 -0.294241
0.679052 -0.460837 -0.156204 0.13997 0.305394 -0.356155
0.663983 -0.475112 -0.161635 0.0916554 0.329577 -0.433225
0.641837 -0.484718 -0.16912 0.0590614 0.326717 -0.519364
0.609598 -0.491328 -0.179628 0.0377889 0.322943 -0.604437
0.563759 -0.495988 -0.194582 0.0239631 0.317898 -0.678524
0.501845 -0.499354 -0.216163 0.0148497 0.310987 -0.736167
0.424775 -0.439663 -0.248402 0.00870096 0.301314 -0.777314
0.338636 -0.00851828 -0.294241 0.00444101 0.287522 -0.805167
0.253563 0.290844 -0.356155 0.00141064 0.267616 -0.823609
0.179476 0.329577 -0.433225 0.00140618 0.237081 -0.835832
0.121833 0.329573 -0.519364 0.0313682 0.192159 -0.844058
0.080686 0.326848 -0.604437 0.220106 0.128422 -0.849718
0.0528332 0.323295 -0.678524 0.581354 0.0440743 -0.853708
0.0343913 0.318635 -0.736167 0.690481 -0.0566502 -0.826596
0.0221677 0.312371 -0.777314 0.708876 -0.16254 -0.637707
0.0139419 0.303821 -0.805167 0.705833 -0.259541 -0.276524
0.00828222 0.292019 -0.823609 0.701796 -0.337538 -0.167495
0.00429176 0.27442 -0.835832 0.696365 -0.393962 -0.146787
0.0314044 0.248558 -0.844058 0.68888 -0.432026 -0.149236
0.220293 0.210909 -0.849718 0.678372 -0.456869 -0.152468
0.581476 0.157376 -0.853708 0.663418 -0.473015 -0.156788
0.690505 0.0850706 -0.856591 0.641837 -0.483658 -0.162705
0.711213 -0.0049342 -0.805478 0.609598 -0.490839 -0.170988
0.708764 -0.10553 -0.436294 0.563759 -0.495814 -0.182798
0.705532 -0.204881 -0.179954 0.501845 -0.499353 -0.199843
0.701212 -0.291402 -0.146787 0.424775 -0.499358 -0.22599
0.695295 -0.35872 -0.146791 0.338636 -0.464367 -0.264457
0.687012 -0.406772 -0.149125 0.253563 -0.243953 -0.319034
0.675202 -0.4393 -0.152167 0.179476 0.177924 -0.39126
0.658157 -0.460837 -0.156157 0.121833 0.305366 -0.477509
0.63201 -0.475112 -0.161521 0.080686 0.326848 -0.568181
0.593543 -0.484718 -0.168842 0.0528332 0.323295 -0.651242
0.538966 -0.491328 -0.178948 0.0343913 0.31858 -0.71803
0.46674 -0.495988 -0.194017 0.0221677 0.312238 -0.766345
0.380491 -0.464325 -0.216163 0.0139419 0.303496 -0.798939
0.289819 -0.243735 -0.248402 0.00828222 0.291225 -0.820211
0.206758 0.178067 -0.294241 0.00429176 0.273761 -0.834037
0.13997 0.305394 -0.356155 0.0014093 0.248558 -0.84315
0.0916554 0.329577 -0.433225 0.0525222 0.210909 -0.849299
0.0590614 0.326717 -0.519364 0.421706 0.157376 -0.853559
0.0377889 0.322943 -0.604437 0.678046 0.0850706 -0.856589
0.0239631 0.317898 -0.678524 0.711213 -0.0049342 -0.856594
0.0148497 0.310987 -0.736167 0.711209 -0.10553 -0.826632
0.00870096 0.301314 -0.777314 0.708875 -0.204881 -0.637894
0.00444101 0.287522 -0.805167 0.705833 -0.291402 -0.276646
0.00141064 0.267616 -0.823609 0.701843 -0.35872 -0.167519
0.00140618 0.237081 -0.835832 0.696479 -0.406772 -0.149124
0.0313682 0.192159 -0.844058 0.689158 -0.4393 -0.152167
0.220106 0.128422 -0.849718 0.679052 -0.460837 -0.156204
0.581354 0.0440743 -0.853708 0.663983 -0.475112 -0.161635
0.690481 -0.0566502 -0.826596 0.641837 -0.484718 -0.16912
0.708876 -0.16254 -0.637707 0.609598 -0.491328 -0.179628
0.705833 -0.259541 -0.276524 0.563759 -0.495988 -0.194582
0.701796 -0.337538 -0.167495 0.501845 -0.499354 -0.216163
0.696365 -0.393962 -0.146787 0.424775 -0.439663 -0.248402
0.68888 -0.432026 -0.149236 0.338636 -0.00851828 -0.294241
0.678372 -0.456869 -0.152468 0.253563 0.290844 -0.356155
0.663418 -0.473015 -0.156788 0.179476 0.329577 -0.433225
0.641837 -0.483658 -0.162705 0.121833 0.329573 -0.519364
0.609598 -0.490839 -0.170988 0.080686 0.326848 -0.604437
0.563759 -0.495814 -0.182798 0.0528332 0.323295 -0.678524
0.501845 -0.499353 -0.199843 0.0343913 0.318635 -0.736167
0.424775 -0.499358 -0.22599 0.0221677 0.312371 -0.777314
0.338636 -0.464367 -0.264457 0.0139419 0.303821 -0.805167
0.253563 -0.243953 -0.319034 0.00828222 0.292019 -0.823609
0.179476 0.177924 -0.39126 0.00429176 0.27442 -0.835832
0.121833 0.305366 -0.477509 0.0314044 0.248558 -0.844058
0.080686 0.326848 -0.568181 0.220293 0.210909 -0.849718
0.0528332 0.323295 -0.651242 0.581476 0.157376 -0.853708
0.0343913 0.31858 -0.71803 0.690505 0.0850706 -0.856591
0.0221677 0.312238 -0.766345 0.711213 -0.0049342 -0.805478
0.0139419 0.303496 -0.798939 0.708764 -0.10553 -0.436294
0.00828222 0.291225 -0.820211 0.705532 -0.204881 -0.179954
0.00429176 0.273761 -0.834037 0.701212 -0.291402 -0.146787
0.0014093 0.248558 -0.84315 0.695295 -0.35872 -0.146791
0.0525222 0.210909 -0.849299 0.687012 -0.406772 -0.149125
0.421706 0.157376 -0.853559 0.675202 -0.4393 -0.152167
0.678046 0.0850706 -0.856589 0.658157 -0.460837 -0.156157
0.711213 -0.0049342 -0.856594 0.63201 -0.475112 -0.161521
0.711209 -0.10553 -0.826632 0.593543 -0.484718 -0.168842
0.708875 -0.204881 -0.637894 0.538966 -0.491328 -0.178948
0.705833 -0.291402 -0.276646 0.46674 -0.495988 -0.194017
0.701843 -0.35872 -0.167519 0.380491 -0.464325 -0.216163
0.696479 -0.406772 -0.149124 0.289819 -0.243735 -0.248402
0.689158 -0.4393 -0.152167 0.206758 0.178067 -0.294241
0.679052 -0.460837 -0.156204 0.13997 0.305394 -0.356155
0.663983 -0.475112 -0.161635 0.0916554 0.329577 -0.433225
0.641837 -0.484718 -0.16912 0.0590614 0.326717 -0.519364
0.609598 -0.491328 -0.179628 0.0377889 0.322943 -0.604437
0.563759 -0.495988 -0.194582 0.0239631 0.317898 -0.678524
0.501845 -0.499354 -0.216163 0.0148497 0.310987 -0.736167
0.424775 -0.439663 -0.248402 0.00870096 0.301314 -0.777314
0.338636 -0.00851828 -0.294241 0.00444101 0.287522 -0.805167
0.253563 0.290844 -0.356155 0.00141064 0.267616 -0.823609
0.179476 0.329577 -0.433225 0.00140618 0.237081 -0.835832
0.121833 0.329573 -0.519364 0.0313682 0.192159 -0.844058
0.080686 0.326848 -0.604437 0.220106 0.128422 -0.849718
0.0528332 0.323295 -0.678524 0.581354 0.0440743 -0.853708
0.0343913 0.318635 -0.736167 0.690481 -0.0566502 -0.826596
0.0221677 0.312371 -0.777314 0.708876 -0.16254 -0.637707
0.0139419 0.303821 -0.805167 0.705833 -0.259541 -0.276524
0.00828222 0.292019 -0.823609 0.701796 -0.337538 -0.167495
0.00429176 0.27442 -0.835832 0.696365 -0.393962 -0.146787
0.0314044 0.248558 -0.844058 0.68888 -0.432026 -0.149236
0.220293 0.210909 -0.849718 0.678372 -0.456869 -0.152468
0.581476 0.157376 -0.853708 0.663418 -0.473015 -0.156788
0.690505 0.0850706 -0.856591 0.641837 -0.483658 -0.162705
0.711213 -0.0049342 -0.805478 0.609598 -0.490839 -0.170988
0.708764 -0.10553 -0.436294 0.563759 -0.495814 -0.182798
0.705532 -0.204881 -0.179954 0.501845 -0.499353 -0.199843
0.701212 -0.291402 -0.146787 0.424775 -0.499358 -0.22599
0.695295 -0.35872 -0.146791 0.338636 -0.464367 -0.264457
0.687012 -0.406772 -0.149125 0.253563 -0.243953 -0.319034
0.675202 -0.4393 -0.152167 0.179476 0.177924 -0.39126
0.658157 -0.460837 -0.156157 0.121833 0.305366 -0.477509
0.63201 -0.475112 -0.161521 0.080686 0.326848 -0.568181
0.593543 -0.484718 -0.168842 0.0528332 0.323295 -0.651242
0.538966 -0.491328 -0.178948 0.0343913 0.31858 -0.71803
0.46674 -0.495988 -0.194017 0.0221677 0.312238 -0.766345
0.380491 -0.464325 -0.216163 0.0139419 0.303496 -0.798939
0.289819 -0.243735 -0.248402 0.00828222 0.291225 -0.820211
0.206758 0.178067 -0.294241 0.00429176 0.273761 -0.834037
0.13997 0.305394 -0.356155 0.0014093 0.248558 -0.84315
0.0916554 0.329577 -0.433225 0.0525222 0.210909 -0.849299
0.0590614 0.326717 -0.519364 0.421706 0.157376 -0.853559
0.0377889 0.322943 -0.604437 0.678046 0.0850706 -0.856589
0.0239631 0.317898 -0.678524 0.711213 -0.0049342 -0.856594
0.0148497 0.310987 -0.736167 0.711209 -0.10553 -0.826632
0.00870096 0.301314 -0.777314 0.708875 -0.204881 -0.637894
0.00444101 0.287522 -0.805167 0.705833 -0.291402 -0.276646
0.00141064 0.267616 -0.823609 0.701843 -0.35872 -0.167519
0.00140618 0.237081 -0.835832 0.696479 -0.406772 -0.149124
0.0313682 0.192159 -0.844058 0.689158 -0.4393 -0.152167
0.220106 0.128422 -0.849718 0.679052 -0.460837 -0.156204
0.581354 0.0440743 -0.853708 0.663983 -0.475112 -0.161635
0.690481 -0.0566502 -0.826596 0.641837 -0.484718 -0.16912
0.708876 -0.16254 -0.637707 0.609598 -0.491328 -0.179628
0.705833 -0.259541 -0.276524 0.563759 -0.495988 -0.194582
0.701796 -0.337538 -0.167495 0.501845 -0.499354 -0.216163
0.696365 -0.393962 -0.146787 0.424775 -0.439663 -0.248402
0.68888 -0.432026 -0.149236 0.338636 -0.00851828 -0.294241
0.678372 -0.456869 -0.152468 0.253563 0.290844 -0.356155
0.663418 -0.473015 -0.156788 0.179476 0.329577 -0.433225
0.641837 -0.483658 -0.162705 0.121833 0.329573 -0.519364
0.609598 -0.490839 -0.170988 0.080686 0.326848 -0.604437
0.563759 -0.495814 -0.182798 0.0528332 0.323295 -0.678524
0.501845 -0.499353 -0.199843 0.0343913 0.318635 -0.736167
0.424775 -0.499358 -0.22599 0.0221677 0.312371 -0.777314
0.338636 -0.464367 -0.264457 0.0139419 0.303821 -0.805167
0.253563 -0.243953 -0.319034 0.00828222 0.292019 -0.823609
0.179476 0.177924 -0.39126 0.00429176 0.27442 -0.835832
0.121833 0.305366 -0.477509 0.0314044 0.248558 -0.844058
0.080686 0.326848 -0.568181 0.220293 0.210909 -0.849718
0.0528332 0.323295 -0.651242 0.581476 0.157376 -0.853708
0.0343913 0.31858 -0.71803 0.690505 0.0850706 -0.856591
0.0221677 0.312238 -0.766345 0.711213 -0.0049342 -0.805478
0.0139419 0.303496 -0.798939 0.708764 -0.10553 -0.436294
0.00828222 0.291225 -0.820211 0.705532 -0.204881 -0.179954
0.00429176 0.273761 -0.834037 0.701212 -0.291402 -0.146787
0.0014093 0.248558 -0.84315 0.695295 -0.35872 -0.146791
0.0525222 0.210909 -0.849299 0.687012 -0.406772 -0.149125
0.421706 0.157376 -0.853559 0.675202 -0.4393 -0.152167
0.678046 0.0850706 -0.856589 0.658157 -0.460837 -0.156157
0.711213 -0.0049342 -0.856594 0.63201 -0.475112 -0.161521
0.711209 -0.10553 -0.826632 0.593543 -0.484718 -0.168842
0.708875 -0.204881 -0.637894 0.538966 -0.491328 -0.178948
0.705833 -0.291402 -0.276646 0.46674 -0.495988 -0.194017
0.701843 -0.35872 -0.167519 0.380491 -0.464325 -0.216163
0.696479 -0.406772 -0.149124 0.289819 -0.243735 -0.248402
0.689158 -0.4393 -0.152167 0.206758 0.178067 -0.294241
0.679052 -0.460837 -0.156204 0.13997 0.305394 -0.356155
0.663983 -0.475112 -0.161635 0.0916554 0.329577 -0.433225
0.641837 -0.484718 -0.16912 0.0590614 0.326717 -0.519364
0.609598 -0.491328 -0.179628 0.0377889 0.322943 -0.604437
0.563759 -0.495988 -0.194582 0.0239631 0.317898 -0.678524
0.501845 -0.499354 -0.216163 0.0148497 0.310987 -0.736167
0.424775 -0.439663 -0.248402 0.00870096 0.301314 -0.777314
0.338636 -0.00851828 -0.294241 0.00444101 0.287522 -0.805167
