0.3575 -0.0835 -0.5005 0.3575 -0.0835 -0.5005
0.3575 -0.0835 -0.5005 0.3575 -0.0835 -0.5005
-0.00942046 -0.0835 -0.5005 0.3575 -0.0835 -0.5005
0.724576 -0.0835 -0.5005 0.3575 -0.0835 -0.5005
0.640965 -0.0835 -0.5005 0.3575 -0.0835 -0.5005
0.00138624 -0.0835 -0.5005 0.3575 -0.0835 -0.5005
0.00138624 -0.0835 -0.5005 0.3575 -0.0835 -0.5005
0.00138624 -0.0835 -0.5005 0.3575 -0.0835 -0.5005
0.00138624 -0.0835 -0.5005 0.3575 -0.0835 -0.5005
0.00138624 -0.0835 -0.5005 0.3575 -0.0835 -0.5005
0.00138624 -0.0835 -0.5005 0.3575 -0.0835 -0.5005
0.00138624 -0.0835 -0.5005 0.3575 -0.0835 -0.5005
0.00138624 -0.0835 -0.5005 0.3575 -0.0835 -0.5005
0.00138624 -0.0835 -0.5005 0.3575 -0.0835 -0.5005
0.00138624 -0.0835 -0.5005 0.3575 -0.0835 -0.5005
0.00138624 -0.0835 -0.5005 0.3575 -0.0835 -0.5005
0.00138624 -0.0835 -0.5005 0.3575 -0.0835 -0.5005
0.00138624 -0.0835 -0.5005 0.3575 -0.0835 -0.5005
0.00138624 -0.512002 -0.5005 0.3575 -0.0835 -0.5005
0.00138624 0.345183 -0.5005 0.3575 -0.0835 -0.5005
0.00138624 0.247539 -0.5005 0.3575 -0.0835 -0.5005
0.00138624 -0.499381 -0.5005 0.3575 -0.0835 -0.5005
0.00138624 -0.499381 -0.5005 0.3575 -0.0835 -0.5005
0.00138624 -0.499381 -0.5005 0.3575 -0.0835 -0.5005
0.00138624 -0.499381 -0.5005 0.3575 -0.0835 -0.5005
0.00138624 -0.499381 -0.5005 0.3575 -0.0835 -0.5005
0.00138624 -0.499381 -0.5005 0.3575 -0.0835 -0.5005
0.00138624 -0.499381 -0.5005 0.3575 -0.0835 -0.5005
0.00138624 -0.499381 -0.5005 0.3575 -0.0835 -0.5005
0.00138624 -0.499381 -0.5005 0.3575 -0.0835 -0.5005
0.00138624 -0.499381 -0.5005 0.3575 -0.0835 -0.5005
0.00138624 -0.499381 -0.5005 0.3575 -0.0835 -0.5005
0.00138624 -0.499381 -0.5005 0.3575 -0.0835 -0.5005
0.00138624 -0.499381 -0.5005 0.3575 -0.0835 -0.5005
0.00138624 -0.499381 -0.86742 0.3575 -0.0835 -0.5005
0.00138624 -0.499381 -0.133424 0.3575 -0.0835 -0.5005
0.711202 -0.499381 -0.217035 0.3575 -0.0835 -0.5005
0.711202 -0.499381 -0.856614 0.3575 -0.0835 -0.5005
0.711202 -0.499381 -0.856614 0.3575 -0.0835 -0.5005
0.711202 -0.499381 -0.856614 0.3575 -0.0835 -0.5005
0.711202 -0.499381 -0.856614 0.3575 -0.0835 -0.5005
0.711202 -0.499381 -0.856614 0.3575 -0.0835 -0.5005
0.711202 -0.499381 -0.856614 0.3575 -0.0835 -0.5005
0.709512 -0.499381 -0.856614 0.3575 -0.0835 -0.5005
0.707456 -0.499381 -0.856614 0.3575 -0.0835 -0.5005
0.704932 -0.499381 -0.856614 0.3575 -0.0835 -0.5005
0.701796 -0.499381 -0.856614 0.3575 -0.0835 -0.5005
0.698404 -0.499381 -0.856614 0.3575 -0.0835 -0.5005
0.69352 -0.499381 -0.856614 0.3575 -0.0835 -0.5005
0.687234 -0.499381 -0.856614 0.3575 -0.0835 -0.5005
0.679052 -0.499381 -0.856614 -0.00942046 -0.0835 -0.5005
0.668292 -0.499381 -0.856614 0.724576 -0.0835 -0.5005
0.654041 0.329565 -0.856614 0.640965 -0.0835 -0.5005
0.635119 0.329565 -0.856614 0.00138624 -0.0835 -0.5005
0.610113 0.329565 -0.856614 0.00138624 -0.0835 -0.5005
0.577342 0.329565 -0.856614 0.00138624 -0.0835 -0.5005
0.535714 0.329565 -0.856614 0.00138624 -0.0835 -0.5005
0.484875 0.329565 -0.856614 0.00138624 -0.0835 -0.5005
0.425927 0.329565 -0.856614 0.00138624 -0.0835 -0.5005
0.361716 0.32759 -0.856614 0.00138624 -0.0835 -0.5005
0.296466 0.32519 -0.856614 0.00138624 -0.0835 -0.5005
0.234777 0.322242 -0.856614 0.00138624 -0.0835 -0.5005
0.180389 0.31858 -0.856614 0.00138624 -0.0835 -0.5005
0.135352 0.314619 -0.856614 0.00138624 -0.0835 -0.5005
0.0999156 0.308915 -0.856614 0.00138624 -0.0835 -0.5005
0.0730486 0.301574 -0.856614 0.00138624 -0.0835 -0.5005
0.0531382 0.292019 -0.856614 0.00138624 -0.512002 -0.5005
0.0385335 0.279453 -0.856614 0.00138624 0.345183 -0.5005
0.0278254 0.26281 -0.146798 0.00138624 0.247539 -0.5005
0.0199243 0.240713 -0.146798 0.00138624 -0.499381 -0.5005
0.014032 0.21151 -0.146798 0.00138624 -0.499381 -0.5005
0.00958111 0.173239 -0.146798 0.00138624 -0.499381 -0.5005
0.00617228 0.124624 -0.146798 0.00138624 -0.499381 -0.5005
0.00352523 0.0652524 -0.146798 0.00138624 -0.499381 -0.5005
0.00144207 -0.00358849 -0.146798 0.00138624 -0.499381 -0.5005
0.0014382 -0.0785763 -0.148488 0.00138624 -0.499381 -0.5005
0.0014345 -0.154777 -0.150544 0.00138624 -0.499381 -0.5005
0.00143098 -0.22682 -0.153068 0.00138624 -0.499381 -0.5005
0.00142761 -0.290335 -0.156204 0.00138624 -0.499381 -0.5005
0.0014244 -0.342932 -0.159596 0.00138624 -0.499381 -0.5005
0.00142134 -0.384315 -0.16448 0.00138624 -0.499381 -0.5005
0.00141842 -0.415692 -0.170766 0.00138624 -0.499381 -0.5005
0.00141563 -0.438944 -0.178948 0.00138624 -0.499381 -0.86742
0.017044 -0.455999 -0.189708 0.00138624 -0.499381 -0.133424
0.0755339 -0.468505 -0.203959 0.711202 -0.499381 -0.217035
0.274906 -0.477732 -0.222881 0.711202 -0.499381 -0.856614
0.545104 -0.484613 -0.247887 0.711202 -0.499381 -0.856614
0.665204 -0.489811 -0.280658 0.711202 -0.499381 -0.856614
0.6997 -0.493792 -0.322286 0.711202 -0.499381 -0.856614
0.711219 -0.496883 -0.373125 0.711202 -0.499381 -0.856614
0.711217 -0.499316 -0.432073 0.711202 -0.499381 -0.856614
0.709889 -0.49932 -0.496284 0.709512 -0.499381 -0.856614
0.70834 -0.499325 -0.561534 0.707456 -0.499381 -0.856614
0.706521 -0.499329 -0.623223 0.704932 -0.499381 -0.856614
0.704368 -0.499333 -0.677611 0.701796 -0.499381 -0.856614
0.701817 -0.499337 -0.722648 0.698404 -0.499381 -0.856614
0.698774 -0.49934 -0.758084 0.69352 -0.499381 -0.856614
0.695107 -0.499344 -0.784951 0.687234 -0.499381 -0.856614
0.690659 -0.499347 -0.804862 0.679052 -0.499381 -0.856614
0.68523 -0.481096 -0.819467 0.668292 -0.499381 -0.856614
0.678568 -0.412789 -0.830175 0.654041 0.329565 -0.856614
0.67036 -0.179956 -0.838076 0.635119 0.329565 -0.856614
0.660141 0.13559 -0.843968 0.610113 0.329565 -0.856614
0.646894 0.275846 -0.848419 0.577342 0.329565 -0.856614
0.63027 0.316132 -0.851828 0.535714 0.329565 -0.856614
0.609505 0.329585 -0.854475 0.484875 0.329565 -0.856614
0.583826 0.329582 -0.856558 0.425927 0.329565 -0.856614
0.552577 0.328032 -0.856562 0.361716 0.32759 -0.856614
0.515405 0.326223 -0.856565 0.296466 0.32519 -0.856614
0.472474 0.324098 -0.856569 0.234777 0.322242 -0.856614
0.424629 0.321584 -0.856572 0.180389 0.31858 -0.856614
0.373439 0.318604 -0.856576 0.135352 0.314619 -0.856614
0.321047 0.315051 -0.856579 0.0999156 0.308915 -0.856614
0.269849 0.310769 -0.856582 0.0730486 0.301574 -0.856614
0.222069 0.305574 -0.856584 0.0531382 0.292019 -0.856614
0.179389 0.299234 -0.840956 0.0385335 0.279453 -0.856614
0.142739 0.291453 -0.782466 0.0278254 0.26281 -0.146798
0.112304 0.281868 -0.583094 0.0199243 0.240713 -0.146798
0.0876847 0.269934 -0.312896 0.014032 0.21151 -0.146798
0.0681421 0.254464 -0.192796 0.00958111 0.173239 -0.146798
0.0528101 0.235049 -0.1583 0.00617228 0.124624 -0.146798
0.040848 0.210799 -0.146781 0.00352523 0.0652524 -0.146798
0.0315207 0.180811 -0.146783 0.00144207 -0.00358849 -0.146798
0.0242249 0.144317 -0.148111 0.0014382 -0.0785763 -0.148488
0.0184853 0.100907 -0.14966 0.0014345 -0.154777 -0.150544
0.0139363 0.0507707 -0.151479 0.00143098 -0.22682 -0.153068
0.0103005 -0.00510446 -0.153632 0.00142761 -0.290335 -0.156204
0.007369 -0.0648864 -0.156183 0.0014244 -0.342932 -0.159596
0.0049842 -0.12607 -0.159226 0.00142134 -0.384315 -0.16448
0.00302716 -0.185861 -0.162893 0.00141842 -0.415692 -0.170766
0.0138997 -0.24166 -0.167341 0.00141563 -0.438944 -0.178948
0.0525222 -0.291504 -0.17277 0.017044 -0.455999 -0.189708
0.177918 -0.334305 -0.179432 0.0755339 -0.468505 -0.203959
0.421683 -0.369848 -0.18764 0.274906 -0.477732 -0.222881
0.607375 -0.398599 -0.197859 0.545104 -0.484613 -0.247887
0.678038 -0.421421 -0.211106 0.665204 -0.489811 -0.280658
0.701817 -0.439327 -0.22773 0.6997 -0.493792 -0.322286
0.711211 -0.453296 -0.248495 0.711219 -0.496883 -0.373125
0.709846 -0.464189 -0.274174 0.711217 -0.499316 -0.432073
0.708247 -0.472709 -0.305423 0.709889 -0.49932 -0.496284
0.70636 -0.479412 -0.342595 0.70834 -0.499325 -0.561534
0.704117 -0.484725 -0.385526 0.706521 -0.499329 -0.623223
0.701457 -0.488971 -0.433371 0.704368 -0.499333 -0.677611
0.698259 -0.492394 -0.484561 0.701817 -0.499337 -0.722648
0.694386 -0.495179 -0.536953 0.698774 -0.49934 -0.758084
0.689666 -0.497465 -0.588151 0.695107 -0.499344 -0.784951
0.683881 -0.484768 -0.635931 0.690659 -0.499347 -0.804862
0.67676 -0.439663 -0.678611 0.68523 -0.481096 -0.819467
0.667975 -0.293221 -0.715261 0.678568 -0.412789 -0.830175
0.656505 -0.00854514 -0.745696 0.67036 -0.179956 -0.838076
0.641912 0.208312 -0.770315 0.660141 0.13559 -0.843968
0.623509 0.290835 -0.789858 0.646894 0.275846 -0.848419
0.600459 0.318604 -0.80519 0.63027 0.316132 -0.851828
0.571952 0.329575 -0.817152 0.609505 0.329585 -0.854475
0.537384 0.327981 -0.826479 0.583826 0.329582 -0.856558
0.496581 0.326114 -0.833775 0.552577 0.328032 -0.856562
0.450027 0.32391 -0.839515 0.515405 0.326223 -0.856565
0.399008 0.32129 -0.844064 0.472474 0.324098 -0.856569
0.345556 0.318184 -0.847699 0.424629 0.321584 -0.856572
0.292177 0.314449 -0.850631 0.373439 0.318604 -0.856576
0.241409 0.309927 -0.853016 0.321047 0.315051 -0.856579
0.195358 0.304415 -0.854973 0.269849 0.310769 -0.856582
0.155367 0.297659 -0.8441 0.222069 0.305574 -0.856584
0.121925 0.289343 -0.805478 0.179389 0.299234 -0.840956
0.0947977 0.279083 -0.680082 0.142739 0.291453 -0.782466
0.0732789 0.265688 -0.436317 0.112304 0.281868 -0.583094
0.056455 0.248645 -0.250625 0.0876847 0.269934 -0.312896
0.0434003 0.227154 -0.179962 0.0681421 0.254464 -0.192796
0.0332885 0.200235 -0.156183 0.0528101 0.235049 -0.1583
0.0254363 0.166944 -0.146789 0.040848 0.210799 -0.146781
0.0193046 0.126575 -0.148154 0.0315207 0.180811 -0.146783
0.0144801 0.0789227 -0.149753 0.0242249 0.144317 -0.148111
0.010651 0.0245561 -0.15164 0.0184853 0.100907 -0.14966
0.00758362 -0.0350256 -0.153883 0.0139363 0.0507707 -0.151479
0.00510337 -0.0974487 -0.156543 0.0103005 -0.00510446 -0.153632
0.00307934 -0.159787 -0.159741 0.007369 -0.0648864 -0.156183
0.0014129 -0.219075 -0.163614 0.0049842 -0.12607 -0.159226
0.00141018 -0.272855 -0.168334 0.00302716 -0.185861 -0.162893
0.0138997 -0.319558 -0.174119 0.0138997 -0.24166 -0.167341
0.0525222 -0.358612 -0.18124 0.0525222 -0.291504 -0.17277
0.177918 -0.390292 -0.190025 0.177918 -0.334305 -0.179432
0.421683 -0.415423 -0.201495 0.421683 -0.369848 -0.18764
0.607375 -0.43507 -0.216088 0.607375 -0.398599 -0.197859
0.678038 -0.450316 -0.234491 0.678038 -0.421421 -0.211106
0.701817 -0.462125 -0.257541 0.701817 -0.439327 -0.22773
0.709885 -0.471295 -0.286048 0.711211 -0.453296 -0.248495
0.708336 -0.478455 -0.320616 0.709846 -0.464189 -0.274174
0.706515 -0.48409 -0.361419 0.708247 -0.472709 -0.305423
0.704362 -0.488561 -0.407973 0.70636 -0.479412 -0.342595
0.701796 -0.492144 -0.458992 0.704117 -0.484725 -0.385526
0.698744 -0.49504 -0.512444 0.701457 -0.488971 -0.433371
0.695061 -0.497404 -0.565823 0.698259 -0.492394 -0.484561
0.690589 -0.49935 -0.616591 0.694386 -0.495179 -0.536953
0.685122 -0.499353 -0.662642 0.689666 -0.497465 -0.588151
0.678401 -0.484768 -0.702633 0.683881 -0.484768 -0.635931
0.670101 -0.439663 -0.736075 0.67676 -0.439663 -0.678611
0.659825 -0.293221 -0.763202 0.667975 -0.293221 -0.715261
0.646998 -0.00854514 -0.784721 0.656505 -0.00854514 -0.745696
0.630391 0.208312 -0.801545 0.641912 0.208312 -0.770315
0.609646 0.290835 -0.8146 0.623509 0.290835 -0.789858
0.583988 0.318604 -0.824712 0.600459 0.318604 -0.80519
0.55276 0.328027 -0.832564 0.571952 0.329575 -0.817152
0.515607 0.326217 -0.838695 0.537384 0.327981 -0.826479
0.472689 0.324091 -0.84352 0.496581 0.326114 -0.833775
0.42485 0.321577 -0.847349 0.450027 0.32391 -0.839515
0.373656 0.31858 -0.850416 0.399008 0.32129 -0.844064
0.321252 0.315015 -0.852897 0.345556 0.318184 -0.847699
0.270034 0.310715 -0.854921 0.292177 0.314449 -0.850631
0.222229 0.305492 -0.856587 0.241409 0.309927 -0.853016
0.179521 0.299108 -0.85659 0.195358 0.304415 -0.854973
0.142845 0.291259 -0.8441 0.155367 0.297659 -0.8441
0.112386 0.281565 -0.805478 0.121925 0.289343 -0.805478
0.0877471 0.269565 -0.680082 0.0947977 0.279083 -0.680082
0.068189 0.254585 -0.436317 0.0732789 0.265688 -0.436317
0.0528451 0.235191 -0.250625 0.056455 0.248645 -0.250625
0.0408741 0.210964 -0.179962 0.0434003 0.227154 -0.179962
0.0315402 0.181 -0.156183 0.0332885 0.200235 -0.156183
0.0242396 0.144531 -0.148115 0.0254363 0.166944 -0.146789
0.0184964 0.101142 -0.149664 0.0193046 0.126575 -0.148154
0.0139447 0.0510213 -0.151485 0.0144801 0.0789227 -0.149753
0.0103071 -0.00484693 -0.153638 0.010651 0.0245561 -0.15164
0.00737412 -0.0646326 -0.156204 0.00758362 -0.0350256 -0.153883
0.00498824 -0.125831 -0.159256 0.00510337 -0.0974487 -0.156543
0.00303038 -0.185645 -0.162939 0.00307934 -0.159787 -0.159741
0.00141018 -0.241474 -0.167411 0.0014129 -0.219075 -0.163614
0.017028 -0.29135 -0.172878 0.00141018 -0.272855 -0.168334
0.0754728 -0.334181 -0.179599 0.0138997 -0.319558 -0.174119
0.274745 -0.369752 -0.187899 0.0525222 -0.358612 -0.18124
0.544985 -0.398526 -0.198175 0.177918 -0.390292 -0.190025
0.665165 -0.421367 -0.211002 0.421683 -0.415423 -0.201495
0.699686 -0.439286 -0.227609 0.607375 -0.43507 -0.216088
0.711213 -0.453266 -0.248354 0.678038 -0.450316 -0.234491
0.711211 -0.464166 -0.274012 0.701817 -0.462125 -0.257541
0.709883 -0.472692 -0.30524 0.709885 -0.471295 -0.286048
0.708333 -0.479399 -0.342393 0.708336 -0.478455 -0.320616
0.706513 -0.484715 -0.385311 0.706515 -0.48409 -0.361419
0.704359 -0.488963 -0.43315 0.704362 -0.488561 -0.407973
0.70182 -0.492388 -0.484344 0.701796 -0.492144 -0.458992
0.698784 -0.495175 -0.536748 0.698744 -0.49504 -0.512444
0.695131 -0.497461 -0.587966 0.695061 -0.497404 -0.565823
0.690708 -0.499353 -0.635771 0.690589 -0.49935 -0.616591
0.685325 -0.481114 -0.678479 0.685122 -0.499353 -0.662642
0.678747 -0.41286 -0.715155 0.678401 -0.484768 -0.702633
0.670691 -0.180144 -0.745614 0.670101 -0.439663 -0.736075
0.66023 0.135452 -0.770253 0.659825 -0.293221 -0.763202
0.646998 0.275801 -0.789811 0.646998 -0.00854514 -0.784721
0.630391 0.316116 -0.805155 0.630391 0.208312 -0.801545
0.609646 0.329577 -0.817126 0.609646 0.290835 -0.8146
0.583988 0.329575 -0.82646 0.583988 0.318604 -0.824712
0.55276 0.328024 -0.83376 0.55276 0.328027 -0.832564
0.515607 0.326214 -0.839504 0.515607 0.326217 -0.838695
0.472689 0.324088 -0.844055 0.472689 0.324091 -0.84352
0.42485 0.321573 -0.847693 0.42485 0.321577 -0.847349
0.373656 0.318608 -0.850626 0.373656 0.31858 -0.850416
0.321252 0.315063 -0.853012 0.321252 0.315015 -0.852897
0.270034 0.310796 -0.85497 0.270034 0.310715 -0.854921
0.222229 0.305631 -0.85659 0.222229 0.305492 -0.856587
0.179521 0.299345 -0.840972 0.179521 0.299108 -0.85659
0.142845 0.291662 -0.782527 0.142845 0.291259 -0.8441
0.112386 0.282254 -0.583255 0.112386 0.281565 -0.805478
0.0877471 0.270038 -0.313015 0.0877471 0.269565 -0.680082
0.068189 0.254585 -0.192835 0.068189 0.254585 -0.436317
0.0528451 0.235191 -0.158314 0.0528451 0.235191 -0.250625
0.0408741 0.210964 -0.146787 0.0408741 0.210964 -0.179962
0.0315402 0.181 -0.146789 0.0315402 0.181 -0.156183
0.0242396 0.144531 -0.148117 0.0242396 0.144531 -0.148115
0.0184964 0.101142 -0.149667 0.0184964 0.101142 -0.149664
0.0139447 0.0510213 -0.151487 0.0139447 0.0510213 -0.151485
0.0103071 -0.00484693 -0.153641 0.0103071 -0.00484693 -0.153638
0.00737412 -0.0646326 -0.15618 0.00737412 -0.0646326 -0.156204
0.00498824 -0.125831 -0.159216 0.00498824 -0.125831 -0.159256
0.00303038 -0.185645 -0.162869 0.00303038 -0.185645 -0.162939
0.00141018 -0.241474 -0.167292 0.00141018 -0.241474 -0.167411
0.0138997 -0.29135 -0.172675 0.017028 -0.29135 -0.172878
0.0525222 -0.334181 -0.179253 0.0754728 -0.334181 -0.179599
0.177918 -0.369752 -0.187309 0.274745 -0.369752 -0.187899
0.421683 -0.398526 -0.19777 0.544985 -0.398526 -0.198175
0.607375 -0.421367 -0.211002 0.665165 -0.421367 -0.211002
0.678038 -0.439286 -0.227609 0.699686 -0.439286 -0.227609
0.701817 -0.453266 -0.248354 0.711213 -0.453266 -0.248354
0.709885 -0.464166 -0.274012 0.711211 -0.464166 -0.274012
0.708336 -0.472692 -0.30524 0.709883 -0.472692 -0.30524
0.706515 -0.479399 -0.342393 0.708333 -0.479399 -0.342393
0.704362 -0.484715 -0.385311 0.706513 -0.484715 -0.385311
0.701817 -0.488963 -0.43315 0.704359 -0.488963 -0.43315
0.698774 -0.492388 -0.484344 0.70182 -0.492388 -0.484344
0.695107 -0.495175 -0.536748 0.698784 -0.495175 -0.536748
0.690659 -0.497461 -0.587966 0.695131 -0.497461 -0.587966
0.68523 -0.499353 -0.635771 0.690708 -0.499353 -0.635771
0.678568 -0.484768 -0.678479 0.685325 -0.481114 -0.678479
0.67036 -0.439663 -0.715155 0.678747 -0.41286 -0.715155
0.66023 -0.293221 -0.745614 0.670691 -0.180144 -0.745614
0.646996 -0.00854514 -0.770253 0.66023 0.135452 -0.770253
0.630385 0.208312 -0.789811 0.646998 0.275801 -0.789811
0.609635 0.290835 -0.805155 0.630391 0.316116 -0.805155
0.583971 0.318604 -0.817126 0.609646 0.329577 -0.817126
0.552736 0.328027 -0.82646 0.583988 0.329575 -0.82646
0.515575 0.326217 -0.83376 0.55276 0.328024 -0.83376
0.47265 0.324091 -0.839504 0.515607 0.326214 -0.839504
0.424804 0.321577 -0.844055 0.472689 0.324088 -0.844055
0.373605 0.318604 -0.847693 0.42485 0.321573 -0.847693
0.321199 0.315051 -0.850626 0.373656 0.318608 -0.850626
0.269981 0.310769 -0.853012 0.321252 0.315063 -0.853012
0.222179 0.305574 -0.85497 0.270034 0.310796 -0.85497
0.179476 0.299234 -0.85659 0.222229 0.305631 -0.85659
0.142806 0.291453 -0.8441 0.179521 0.299345 -0.840972
0.112354 0.281868 -0.805478 0.142845 0.291662 -0.782527
0.0877211 0.270038 -0.680082 0.112386 0.282254 -0.583255
0.0681683 0.254582 -0.436317 0.0877471 0.270038 -0.313015
0.0528287 0.235184 -0.250625 0.068189 0.254585 -0.192835
0.0408612 0.210951 -0.179962 0.0528451 0.235191 -0.158314
0.0315301 0.18098 -0.156183 0.0408741 0.210964 -0.146787
0.0242316 0.144503 -0.148115 0.0315402 0.181 -0.146789
0.0184901 0.101105 -0.149664 0.0242396 0.144531 -0.148117
0.0139397 0.0509754 -0.151485 0.0184964 0.101142 -0.149667
0.010303 -0.00490081 -0.153638 0.0139447 0.0510213 -0.151487
0.0073708 -0.0646923 -0.156183 0.0103071 -0.00484693 -0.153641
0.00498552 -0.125894 -0.159226 0.00737412 -0.0646326 -0.15618
0.00302813 -0.185707 -0.162893 0.00498824 -0.125831 -0.159216
0.0014083 -0.241533 -0.167341 0.00303038 -0.185645 -0.162869
0.0170225 -0.291402 -0.17277 0.00141018 -0.241474 -0.167292
0.075452 -0.334226 -0.179432 0.0138997 -0.29135 -0.172675
0.27469 -0.36979 -0.18764 0.0525222 -0.334181 -0.179253
0.544945 -0.398556 -0.19777 0.177918 -0.369752 -0.187309
0.665151 -0.421391 -0.211004 0.421683 -0.398526 -0.19777
0.699682 -0.439305 -0.227615 0.607375 -0.421367 -0.211002
0.711211 -0.453281 -0.248365 0.678038 -0.439286 -0.227609
0.711209 -0.464178 -0.274029 0.701817 -0.453266 -0.248354
0.709881 -0.472702 -0.305264 0.709885 -0.464166 -0.274012
0.708331 -0.479407 -0.342425 0.708336 -0.472692 -0.30524
0.70651 -0.484721 -0.38535 0.706515 -0.479399 -0.342393
0.704359 -0.488968 -0.433196 0.704362 -0.484715 -0.385311
0.701817 -0.492392 -0.484395 0.701817 -0.488963 -0.43315
0.698774 -0.495178 -0.536801 0.698774 -0.492388 -0.484344
0.695107 -0.497464 -0.588019 0.695107 -0.495175 -0.536748
0.690659 -0.499355 -0.635821 0.690659 -0.497461 -0.587966
0.68523 -0.481121 -0.678524 0.68523 -0.499353 -0.635771
0.678568 -0.412885 -0.715194 0.678568 -0.484768 -0.678479
0.67036 -0.180208 -0.745646 0.67036 -0.439663 -0.715155
0.660141 0.135404 -0.770279 0.66023 -0.293221 -0.745614
0.646894 0.275785 -0.789832 0.646996 -0.00854514 -0.770253
0.63027 0.316111 -0.805171 0.630385 0.208312 -0.789811
0.609505 0.329575 -0.817139 0.609635 0.290835 -0.805155
0.583826 0.329572 -0.82647 0.583971 0.318604 -0.817126
0.552577 0.328021 -0.833768 0.552736 0.328027 -0.82646
0.515405 0.326211 -0.83951 0.515575 0.326217 -0.83376
0.472474 0.324085 -0.84406 0.47265 0.324091 -0.839504
0.424629 0.321573 -0.847697 0.424804 0.321577 -0.844055
0.373439 0.318604 -0.850629 0.373605 0.318604 -0.847693
0.321047 0.315051 -0.853014 0.321199 0.315051 -0.850626
0.269849 0.310769 -0.854972 0.269981 0.310769 -0.853012
0.222069 0.305574 -0.856592 0.222179 0.305574 -0.85497
0.179389 0.299234 -0.840977 0.179476 0.299234 -0.85659
0.142739 0.291453 -0.782548 0.142806 0.291453 -0.8441
0.112304 0.281868 -0.58331 0.112354 0.281868 -0.805478
0.0876847 0.269934 -0.313055 0.0877211 0.270038 -0.680082
0.0681421 0.254464 -0.192849 0.0681683 0.254582 -0.436317
0.0528101 0.235049 -0.158318 0.0528287 0.235184 -0.250625
0.040848 0.210799 -0.146789 0.0408612 0.210951 -0.179962
0.0315207 0.180811 -0.146791 0.0315301 0.18098 -0.156183
0.0242249 0.144317 -0.148119 0.0242316 0.144503 -0.148115
0.0184853 0.100907 -0.149669 0.0184901 0.101105 -0.149664
0.0139363 0.0507707 -0.15149 0.0139397 0.0509754 -0.151485
0.0103005 -0.00510446 -0.153641 0.010303 -0.00490081 -0.153638
0.007369 -0.0648864 -0.156183 0.0073708 -0.0646923 -0.156183
0.0049842 -0.12607 -0.159226 0.00498552 -0.125894 -0.159226
0.00302716 -0.185861 -0.162893 0.00302813 -0.185707 -0.162893
0.0138997 -0.24166 -0.167341 0.0014083 -0.241533 -0.167341
0.0525222 -0.291504 -0.17277 0.0170225 -0.291402 -0.17277
0.177918 -0.334305 -0.179432 0.075452 -0.334226 -0.179432
0.421683 -0.369848 -0.18764 0.27469 -0.36979 -0.18764
0.607375 -0.398599 -0.197859 0.544945 -0.398556 -0.19777
0.678038 -0.421421 -0.211106 0.665151 -0.421391 -0.211004
0.701817 -0.439327 -0.22773 0.699682 -0.439305 -0.227615
0.711211 -0.453296 -0.248495 0.711211 -0.453281 -0.248365
0.709846 -0.464189 -0.274174 0.711209 -0.464178 -0.274029
0.708247 -0.472709 -0.305423 0.709881 -0.472702 -0.305264
0.70636 -0.479412 -0.342595 0.708331 -0.479407 -0.342425
0.704117 -0.484725 -0.385526 0.70651 -0.484721 -0.38535
0.701457 -0.488971 -0.433371 0.704359 -0.488968 -0.433196
0.698259 -0.492394 -0.484561 0.701817 -0.492392 -0.484395
0.694386 -0.495179 -0.536953 0.698774 -0.495178 -0.536801
0.689666 -0.497465 -0.588151 0.695107 -0.497464 -0.588019
0.683881 -0.484768 -0.635931 0.690659 -0.499355 -0.635821
0.67676 -0.439663 -0.678611 0.68523 -0.481121 -0.678524
0.667975 -0.293221 -0.715261 0.678568 -0.412885 -0.715194
0.656505 -0.00854514 -0.745696 0.67036 -0.180208 -0.745646
0.641912 0.208312 -0.770315 0.660141 0.135404 -0.770279
0.623509 0.290835 -0.789858 0.646894 0.275785 -0.789832
0.600459 0.318604 -0.80519 0.63027 0.316111 -0.805171
0.571952 0.329575 -0.817152 0.609505 0.329575 -0.817139
0.537384 0.327981 -0.826479 0.583826 0.329572 -0.82647
0.496581 0.326114 -0.833775 0.552577 0.328021 -0.833768
0.450027 0.32391 -0.839515 0.515405 0.326211 -0.83951
0.399008 0.32129 -0.844064 0.472474 0.324085 -0.84406
0.345556 0.318184 -0.847699 0.424629 0.321573 -0.847697
0.292177 0.314449 -0.850631 0.373439 0.318604 -0.850629
0.241409 0.309927 -0.853016 0.321047 0.315051 -0.853014
0.195358 0.304415 -0.854973 0.269849 0.310769 -0.854972
0.155367 0.297659 -0.8441 0.222069 0.305574 -0.856592
0.121925 0.289343 -0.805478 0.179389 0.299234 -0.840977
0.0947977 0.279083 -0.680082 0.142739 0.291453 -0.782548
0.0732789 0.265688 -0.436317 0.112304 0.281868 -0.58331
0.056455 0.248645 -0.250625 0.0876847 0.269934 -0.313055
0.0434003 0.227154 -0.179962 0.0681421 0.254464 -0.192849
0.0332885 0.200235 -0.156183 0.0528101 0.235049 -0.158318
0.0254363 0.166944 -0.146789 0.040848 0.210799 -0.146789
0.0193046 0.126575 -0.148154 0.0315207 0.180811 -0.146791
0.0144801 0.0789227 -0.149753 0.0242249 0.144317 -0.148119
0.010651 0.0245561 -0.15164 0.0184853 0.100907 -0.149669
0.00758362 -0.0350256 -0.153883 0.0139363 0.0507707 -0.15149
0.00510337 -0.0974487 -0.156543 0.0103005 -0.00510446 -0.153641
0.00307934 -0.159787 -0.159741 0.007369 -0.0648864 -0.156183
0.0014129 -0.219075 -0.163614 0.0049842 -0.12607 -0.159226
0.00141018 -0.272855 -0.168334 0.00302716 -0.185861 -0.162893
0.0138997 -0.319558 -0.174119 0.0138997 -0.24166 -0.167341
0.0525222 -0.358612 -0.18124 0.0525222 -0.291504 -0.17277
0.177918 -0.390292 -0.190025 0.177918 -0.334305 -0.179432
0.421683 -0.415423 -0.201495 0.421683 -0.369848 -0.18764
0.607375 -0.43507 -0.216088 0.607375 -0.398599 -0.197859
0.678038 -0.450316 -0.234491 0.678038 -0.421421 -0.211106
0.701817 -0.462125 -0.257541 0.701817 -0.439327 -0.22773
0.709885 -0.471295 -0.286048 0.711211 -0.453296 -0.248495
0.708336 -0.478455 -0.320616 0.709846 -0.464189 -0.274174
0.706515 -0.48409 -0.361419 0.708247 -0.472709 -0.305423
0.704362 -0.488561 -0.407973 0.70636 -0.479412 -0.342595
0.701796 -0.492144 -0.458992 0.704117 -0.484725 -0.385526
0.698744 -0.49504 -0.512444 0.701457 -0.488971 -0.433371
0.695061 -0.497404 -0.565823 0.698259 -0.492394 -0.484561
0.690589 -0.49935 -0.616591 0.694386 -0.495179 -0.536953
0.685122 -0.499353 -0.662642 0.689666 -0.497465 -0.588151
0.678401 -0.484768 -0.702633 0.683881 -0.484768 -0.635931
0.670101 -0.439663 -0.736075 0.67676 -0.439663 -0.678611
0.659825 -0.293221 -0.763202 0.667975 -0.293221 -0.715261
0.646998 -0.00854514 -0.784721 0.656505 -0.00854514 -0.745696
0.630391 0.208312 -0.801545 0.641912 0.208312 -0.770315
0.609646 0.290835 -0.8146 0.623509 0.290835 -0.789858
0.583988 0.318604 -0.824712 0.600459 0.318604 -0.80519
0.55276 0.328027 -0.832564 0.571952 0.329575 -0.817152
0.515607 0.326217 -0.838695 0.537384 0.327981 -0.826479
0.472689 0.324091 -0.84352 0.496581 0.326114 -0.833775
0.42485 0.321577 -0.847349 0.450027 0.32391 -0.839515
0.373656 0.31858 -0.850416 0.399008 0.32129 -0.844064
0.321252 0.315015 -0.852897 0.345556 0.318184 -0.847699
0.270034 0.310715 -0.854921 0.292177 0.314449 -0.850631
0.222229 0.305492 -0.856587 0.241409 0.309927 -0.853016
0.179521 0.299108 -0.85659 0.195358 0.304415 -0.854973
0.142845 0.291259 -0.8441 0.155367 0.297659 -0.8441
0.112386 0.281565 -0.805478 0.121925 0.289343 -0.805478
0.0877471 0.269565 -0.680082 0.0947977 0.279083 -0.680082
0.068189 0.254585 -0.436317 0.0732789 0.265688 -0.436317
0.0528451 0.235191 -0.250625 0.056455 0.248645 -0.250625
0.0408741 0.210964 -0.179962 0.0434003 0.227154 -0.179962
0.0315402 0.181 -0.156183 0.0332885 0.200235 -0.156183
0.0242396 0.144531 -0.148115 0.0254363 0.166944 -0.146789
0.0184964 0.101142 -0.149664 0.0193046 0.126575 -0.148154
0.0139447 0.0510213 -0.151485 0.0144801 0.0789227 -0.149753
0.0103071 -0.00484693 -0.153638 0.010651 0.0245561 -0.15164
0.00737412 -0.0646326 -0.156204 0.00758362 -0.0350256 -0.153883
0.00498824 -0.125831 -0.159256 0.00510337 -0.0974487 -0.156543
0.00303038 -0.185645 -0.162939 0.00307934 -0.159787 -0.159741
0.00141018 -0.241474 -0.167411 0.0014129 -0.219075 -0.163614
0.017028 -0.29135 -0.172878 0.00141018 -0.272855 -0.168334
0.0754728 -0.334181 -0.179599 0.0138997 -0.319558 -0.174119
0.274745 -0.369752 -0.187899 0.0525222 -0.358612 -0.18124
0.544985 -0.398526 -0.198175 0.177918 -0.390292 -0.190025
0.665165 -0.421367 -0.211002 0.421683 -0.415423 -0.201495
0.699686 -0.439286 -0.227609 0.607375 -0.43507 -0.216088
0.711213 -0.453266 -0.248354 0.678038 -0.450316 -0.234491
0.711211 -0.464166 -0.274012 0.701817 -0.462125 -0.257541
0.709883 -0.472692 -0.30524 0.709885 -0.471295 -0.286048
0.708333 -0.479399 -0.342393 0.708336 -0.478455 -0.320616
0.706513 -0.484715 -0.385311 0.706515 -0.48409 -0.361419
0.704359 -0.488963 -0.43315 0.704362 -0.488561 -0.407973
0.70182 -0.492388 -0.484344 0.701796 -0.492144 -0.458992
0.698784 -0.495175 -0.536748 0.698744 -0.49504 -0.512444
0.695131 -0.497461 -0.587966 0.695061 -0.497404 -0.565823
0.690708 -0.499353 -0.635771 0.690589 -0.49935 -0.616591
0.685325 -0.481114 -0.678479 0.685122 -0.499353 -0.662642
0.678747 -0.41286 -0.715155 0.678401 -0.484768 -0.702633
0.670691 -0.180144 -0.745614 0.670101 -0.439663 -0.736075
0.66023 0.135452 -0.770253 0.659825 -0.293221 -0.763202
0.646998 0.275801 -0.789811 0.646998 -0.00854514 -0.784721
0.630391 0.316116 -0.805155 0.630391 0.208312 -0.801545
0.609646 0.329577 -0.817126 0.609646 0.290835 -0.8146
0.583988 0.329575 -0.82646 0.583988 0.318604 -0.824712
0.55276 0.328024 -0.83376 0.55276 0.328027 -0.832564
0.515607 0.326214 -0.839504 0.515607 0.326217 -0.838695
0.472689 0.324088 -0.844055 0.472689 0.324091 -0.84352
0.42485 0.321573 -0.847693 0.42485 0.321577 -0.847349
0.373656 0.318608 -0.850626 0.373656 0.31858 -0.850416
0.321252 0.315063 -0.853012 0.321252 0.315015 -0.852897
0.270034 0.310796 -0.85497 0.270034 0.310715 -0.854921
0.222229 0.305631 -0.85659 0.222229 0.305492 -0.856587
0.179521 0.299345 -0.840972 0.179521 0.299108 -0.85659
0.142845 0.291662 -0.782527 0.142845 0.291259 -0.8441
0.112386 0.282254 -0.583255 0.112386 0.281565 -0.805478
0.0877471 0.270038 -0.313015 0.0877471 0.269565 -0.680082
0.068189 0.254585 -0.192835 0.068189 0.254585 -0.436317
0.0528451 0.235191 -0.158314 0.0528451 0.235191 -0.250625
0.0408741 0.210964 -0.146787 0.0408741 0.210964 -0.179962
0.0315402 0.181 -0.146789 0.0315402 0.181 -0.156183
0.0242396 0.144531 -0.148117 0.0242396 0.144531 -0.148115
0.0184964 0.101142 -0.149667 0.0184964 0.101142 -0.149664
0.0139447 0.0510213 -0.151487 0.0139447 0.0510213 -0.151485
0.0103071 -0.00484693 -0.153641 0.0103071 -0.00484693 -0.153638
0.00737412 -0.0646326 -0.15618 0.00737412 -0.0646326 -0.156204
0.00498824 -0.125831 -0.159216 0.00498824 -0.125831 -0.159256
0.00303038 -0.185645 -0.162869 0.00303038 -0.185645 -0.162939
0.00141018 -0.241474 -0.167292 0.00141018 -0.241474 -0.167411
0.0138997 -0.29135 -0.172675 0.017028 -0.29135 -0.172878
0.0525222 -0.334181 -0.179253 0.0754728 -0.334181 -0.179599
0.177918 -0.369752 -0.187309 0.274745 -0.369752 -0.187899
0.421683 -0.398526 -0.19777 0.544985 -0.398526 -0.198175
0.607375 -0.421367 -0.211002 0.665165 -0.421367 -0.211002
0.678038 -0.439286 -0.227609 0.699686 -0.439286 -0.227609
0.701817 -0.453266 -0.248354 0.711213 -0.453266 -0.248354
0.709885 -0.464166 -0.274012 0.711211 -0.464166 -0.274012
0.708336 -0.472692 -0.30524 0.709883 -0.472692 -0.30524
0.706515 -0.479399 -0.342393 0.708333 -0.479399 -0.342393
0.704362 -0.484715 -0.385311 0.706513 -0.484715 -0.385311
0.701817 -0.488963 -0.43315 0.704359 -0.488963 -0.43315
0.698774 -0.492388 -0.484344 0.70182 -0.492388 -0.484344
0.695107 -0.495175 -0.536748 0.698784 -0.495175 -0.536748
0.690659 -0.497461 -0.587966 0.695131 -0.497461 -0.587966
0.68523 -0.499353 -0.635771 0.690708 -0.499353 -0.635771
0.678568 -0.484768 -0.678479 0.685325 -0.481114 -0.678479
0.67036 -0.439663 -0.715155 0.678747 -0.41286 -0.715155
0.66023 -0.293221 -0.745614 0.670691 -0.180144 -0.745614
0.646996 -0.00854514 -0.770253 0.66023 0.135452 -0.770253
0.630385 0.208312 -0.789811 0.646998 0.275801 -0.789811
0.609635 0.290835 -0.805155 0.630391 0.316116 -0.805155
0.583971 0.318604 -0.817126 0.609646 0.329577 -0.817126
0.552736 0.328027 -0.82646 0.583988 0.329575 -0.82646
0.515575 0.326217 -0.83376 0.55276 0.328024 -0.83376
0.47265 0.324091 -0.839504 0.515607 0.326214 -0.839504
0.424804 0.321577 -0.844055 0.472689 0.324088 -0.844055
0.373605 0.318604 -0.847693 0.42485 0.321573 -0.847693
0.321199 0.315051 -0.850626 0.373656 0.318608 -0.850626
0.269981 0.310769 -0.853012 0.321252 0.315063 -0.853012
0.222179 0.305574 -0.85497 0.270034 0.310796 -0.85497
0.179476 0.299234 -0.85659 0.222229 0.305631 -0.85659
0.142806 0.291453 -0.8441 0.179521 0.299345 -0.840972
0.112354 0.281868 -0.805478 0.142845 0.291662 -0.782527
0.0877211 0.270038 -0.680082 0.112386 0.282254 -0.583255
0.0681683 0.254582 -0.436317 0.0877471 0.270038 -0.313015
0.0528287 0.235184 -0.250625 0.068189 0.254585 -0.192835
0.0408612 0.210951 -0.179962 0.0528451 0.235191 -0.158314
0.0315301 0.18098 -0.156183 0.0408741 0.210964 -0.146787
0.0242316 0.144503 -0.148115 0.0315402 0.181 -0.146789
0.0184901 0.101105 -0.149664 0.0242396 0.144531 -0.148117
0.0139397 0.0509754 -0.151485 0.0184964 0.101142 -0.149667
0.010303 -0.00490081 -0.153638 0.0139447 0.0510213 -0.151487
0.0073708 -0.0646923 -0.156183 0.0103071 -0.00484693 -0.153641
0.00498552 -0.125894 -0.159226 0.00737412 -0.0646326 -0.15618
0.00302813 -0.185707 -0.162893 0.00498824 -0.125831 -0.159216
0.0014083 -0.241533 -0.167341 0.00303038 -0.185645 -0.162869
0.0170225 -0.291402 -0.17277 0.00141018 -0.241474 -0.167292
0.075452 -0.334226 -0.179432 0.0138997 -0.29135 -0.172675
0.27469 -0.36979 -0.18764 0.0525222 -0.334181 -0.179253
0.544945 -0.398556 -0.19777 0.177918 -0.369752 -0.187309
0.665151 -0.421391 -0.211004 0.421683 -0.398526 -0.19777
0.699682 -0.439305 -0.227615 0.607375 -0.421367 -0.211002
0.711211 -0.453281 -0.248365 0.678038 -0.439286 -0.227609
0.711209 -0.464178 -0.274029 0.701817 -0.453266 -0.248354
0.709881 -0.472702 -0.305264 0.709885 -0.464166 -0.274012
0.708331 -0.479407 -0.342425 0.708336 -0.472692 -0.30524
0.70651 -0.484721 -0.38535 0.706515 -0.479399 -0.342393
0.704359 -0.488968 -0.433196 0.704362 -0.484715 -0.385311
0.701817 -0.492392 -0.484395 0.701817 -0.488963 -0.43315
0.698774 -0.495178 -0.536801 0.698774 -0.492388 -0.484344
0.695107 -0.497464 -0.588019 0.695107 -0.495175 -0.536748
0.690659 -0.499355 -0.635821 0.690659 -0.497461 -0.587966
0.68523 -0.481121 -0.678524 0.68523 -0.499353 -0.635771
0.678568 -0.412885 -0.715194 0.678568 -0.484768 -0.678479
0.67036 -0.180208 -0.745646 0.67036 -0.439663 -0.715155
0.660141 0.135404 -0.770279 0.66023 -0.293221 -0.745614
0.646894 0.275785 -0.789832 0.646996 -0.00854514 -0.770253
0.63027 0.316111 -0.805171 0.630385 0.208312 -0.789811
0.609505 0.329575 -0.817139 0.609635 0.290835 -0.805155
0.583826 0.329572 -0.82647 0.583971 0.318604 -0.817126
0.552577 0.328021 -0.833768 0.552736 0.328027 -0.82646
0.515405 0.326211 -0.83951 0.515575 0.326217 -0.83376
0.472474 0.324085 -0.84406 0.47265 0.324091 -0.839504
0.424629 0.321573 -0.847697 0.424804 0.321577 -0.844055
0.373439 0.318604 -0.850629 0.373605 0.318604 -0.847693
0.321047 0.315051 -0.853014 0.321199 0.315051 -0.850626
0.269849 0.310769 -0.854972 0.269981 0.310769 -0.853012
0.222069 0.305574 -0.856592 0.222179 0.305574 -0.85497
0.179389 0.299234 -0.840977 0.179476 0.299234 -0.85659
0.142739 0.291453 -0.782548 0.142806 0.291453 -0.8441
0.112304 0.281868 -0.58331 0.112354 0.281868 -0.805478
0.0876847 0.269934 -0.313055 0.0877211 0.270038 -0.680082
0.0681421 0.254464 -0.192849 0.0681683 0.254582 -0.436317
0.0528101 0.235049 -0.158318 0.0528287 0.235184 -0.250625
0.040848 0.210799 -0.146789 0.0408612 0.210951 -0.179962
0.0315207 0.180811 -0.146791 0.0315301 0.18098 -0.156183
0.0242249 0.144317 -0.148119 0.0242316 0.144503 -0.148115
0.0184853 0.100907 -0.149669 0.0184901 0.101105 -0.149664
0.0139363 0.0507707 -0.15149 0.0139397 0.0509754 -0.151485
0.0103005 -0.00510446 -0.153641 0.010303 -0.00490081 -0.153638
0.007369 -0.0648864 -0.156183 0.0073708 -0.0646923 -0.156183
0.0049842 -0.12607 -0.159226 0.00498552 -0.125894 -0.159226
0.00302716 -0.185861 -0.162893 0.00302813 -0.185707 -0.162893
0.0138997 -0.24166 -0.167341 0.0014083 -0.241533 -0.167341
0.0525222 -0.291504 -0.17277 0.0170225 -0.291402 -0.17277
0.177918 -0.334305 -0.179432 0.075452 -0.334226 -0.179432
0.421683 -0.369848 -0.18764 0.27469 -0.36979 -0.18764
0.607375 -0.398599 -0.197859 0.544945 -0.398556 -0.19777
0.678038 -0.421421 -0.211106 0.665151 -0.421391 -0.211004
0.701817 -0.439327 -0.22773 0.699682 -0.439305 -0.227615
0.711211 -0.453296 -0.248495 0.711211 -0.453281 -0.248365
0.709846 -0.464189 -0.274174 0.711209 -0.464178 -0.274029
0.708247 -0.472709 -0.305423 0.709881 -0.472702 -0.305264
0.70636 -0.479412 -0.342595 0.708331 -0.479407 -0.342425
0.704117 -0.484725 -0.385526 0.70651 -0.484721 -0.38535
0.701457 -0.488971 -0.433371 0.704359 -0.488968 -0.433196
0.698259 -0.492394 -0.484561 0.701817 -0.492392 -0.484395
0.694386 -0.495179 -0.536953 0.698774 -0.495178 -0.536801
0.689666 -0.497465 -0.588151 0.695107 -0.497464 -0.588019
0.683881 -0.484768 -0.635931 0.690659 -0.499355 -0.635821
0.67676 -0.439663 -0.678611 0.68523 -0.481121 -0.678524
0.667975 -0.293221 -0.715261 0.678568 -0.412885 -0.715194
0.656505 -0.00854514 -0.745696 0.67036 -0.180208 -0.745646
0.641912 0.208312 -0.770315 0.660141 0.135404 -0.770279
0.623509 0.290835 -0.789858 0.646894 0.275785 -0.789832
0.600459 0.318604 -0.80519 0.63027 0.316111 -0.805171
0.571952 0.329575 -0.817152 0.609505 0.329575 -0.817139
0.537384 0.327981 -0.826479 0.583826 0.329572 -0.82647
0.496581 0.326114 -0.833775 0.552577 0.328021 -0.833768
0.450027 0.32391 -0.839515 0.515405 0.326211 -0.83951
0.399008 0.32129 -0.844064 0.472474 0.324085 -0.84406
0.345556 0.318184 -0.847699 0.424629 0.321573 -0.847697
0.292177 0.314449 -0.850631 0.373439 0.318604 -0.850629
0.241409 0.309927 -0.853016 0.321047 0.315051 -0.853014
0.195358 0.304415 -0.854973 0.269849 0.310769 -0.854972
0.155367 0.297659 -0.8441 0.222069 0.305574 -0.856592
0.121925 0.289343 -0.805478 0.179389 0.299234 -0.840977
0.0947977 0.279083 -0.680082 0.142739 0.291453 -0.782548
0.0732789 0.265688 -0.436317 0.112304 0.281868 -0.58331
0.056455 0.248645 -0.250625 0.0876847 0.269934 -0.313055
0.0434003 0.227154 -0.179962 0.0681421 0.254464 -0.192849
0.0332885 0.200235 -0.156183 0.0528101 0.235049 -0.158318
0.0254363 0.166944 -0.146789 0.040848 0.210799 -0.146789
0.0193046 0.126575 -0.148154 0.0315207 0.180811 -0.146791
0.0144801 0.0789227 -0.149753 0.0242249 0.144317 -0.148119
0.010651 0.0245561 -0.15164 0.0184853 0.100907 -0.149669
0.00758362 -0.0350256 -0.153883 0.0139363 0.0507707 -0.15149
0.00510337 -0.0974487 -0.156543 0.0103005 -0.00510446 -0.153641
0.00307934 -0.159787 -0.159741 0.007369 -0.0648864 -0.156183
0.0014129 -0.219075 -0.163614 0.0049842 -0.12607 -0.159226
0.00141018 -0.272855 -0.168334 0.00302716 -0.185861 -0.162893
0.0138997 -0.319558 -0.174119 0.0138997 -0.24166 -0.167341
0.0525222 -0.358612 -0.18124 0.0525222 -0.291504 -0.17277
0.177918 -0.390292 -0.190025 0.177918 -0.334305 -0.179432
0.421683 -0.415423 -0.201495 0.421683 -0.369848 -0.18764
0.607375 -0.43507 -0.216088 0.607375 -0.398599 -0.197859
0.678038 -0.450316 -0.234491 0.678038 -0.421421 -0.211106
0.701817 -0.462125 -0.257541 0.701817 -0.439327 -0.22773
0.709885 -0.471295 -0.286048 0.711211 -0.453296 -0.248495
0.708336 -0.478455 -0.320616 0.709846 -0.464189 -0.274174
0.706515 -0.48409 -0.361419 0.708247 -0.472709 -0.305423
0.704362 -0.488561 -0.407973 0.70636 -0.479412 -0.342595
0.701796 -0.492144 -0.458992 0.704117 -0.484725 -0.385526
0.698744 -0.49504 -0.512444 0.701457 -0.488971 -0.433371
0.695061 -0.497404 -0.565823 0.698259 -0.492394 -0.484561
0.690589 -0.49935 -0.616591 0.694386 -0.495179 -0.536953
0.685122 -0.499353 -0.662642 0.689666 -0.497465 -0.588151
0.678401 -0.484768 -0.702633 0.683881 -0.484768 -0.635931
0.670101 -0.439663 -0.736075 0.67676 -0.439663 -0.678611
0.659825 -0.293221 -0.763202 0.667975 -0.293221 -0.715261
0.646998 -0.00854514 -0.784721 0.656505 -0.00854514 -0.745696
0.630391 0.208312 -0.801545 0.641912 0.208312 -0.770315
0.609646 0.290835 -0.8146 0.623509 0.290835 -0.789858
0.583988 0.318604 -0.824712 0.600459 0.318604 -0.80519
0.55276 0.328027 -0.832564 0.571952 0.329575 -0.817152
0.515607 0.326217 -0.838695 0.537384 0.327981 -0.826479
0.472689 0.324091 -0.84352 0.496581 0.326114 -0.833775
0.42485 0.321577 -0.847349 0.450027 0.32391 -0.839515
0.373656 0.31858 -0.850416 0.399008 0.32129 -0.844064
0.321252 0.315015 -0.852897 0.345556 0.318184 -0.847699
0.270034 0.310715 -0.854921 0.292177 0.314449 -0.850631
0.222229 0.305492 -0.856587 0.241409 0.309927 -0.853016
0.179521 0.299108 -0.85659 0.195358 0.304415 -0.854973
0.142845 0.291259 -0.8441 0.155367 0.297659 -0.8441
0.112386 0.281565 -0.805478 0.121925 0.289343 -0.805478
0.0877471 0.269565 -0.680082 0.0947977 0.279083 -0.680082
0.068189 0.254585 -0.436317 0.0732789 0.265688 -0.436317
0.0528451 0.235191 -0.250625 0.056455 0.248645 -0.250625
0.0408741 0.210964 -0.179962 0.0434003 0.227154 -0.179962
0.0315402 0.181 -0.156183 0.0332885 0.200235 -0.156183
0.0242396 0.144531 -0.148115 0.0254363 0.166944 -0.146789
0.0184964 0.101142 -0.149664 0.0193046 0.126575 -0.148154
0.0139447 0.0510213 -0.151485 0.0144801 0.0789227 -0.149753
0.0103071 -0.00484693 -0.153638 0.010651 0.0245561 -0.15164
0.00737412 -0.0646326 -0.156204 0.00758362 -0.0350256 -0.153883
0.00498824 -0.125831 -0.159256 0.00510337 -0.0974487 -0.156543
0.00303038 -0.185645 -0.162939 0.00307934 -0.159787 -0.159741
0.00141018 -0.241474 -0.167411 0.0014129 -0.219075 -0.163614
0.017028 -0.29135 -0.172878 0.00141018 -0.272855 -0.168334
0.0754728 -0.334181 -0.179599 0.0138997 -0.319558 -0.174119
0.274745 -0.369752 -0.187899 0.0525222 -0.358612 -0.18124
0.544985 -0.398526 -0.198175 0.177918 -0.390292 -0.190025
0.665165 -0.421367 -0.211002 0.421683 -0.415423 -0.201495
0.699686 -0.439286 -0.227609 0.607375 -0.43507 -0.216088
0.711213 -0.453266 -0.248354 0.678038 -0.450316 -0.234491
0.711211 -0.464166 -0.274012 0.701817 -0.462125 -0.257541
0.709883 -0.472692 -0.30524 0.709885 -0.471295 -0.286048
0.708333 -0.479399 -0.342393 0.708336 -0.478455 -0.320616
0.706513 -0.484715 -0.385311 0.706515 -0.48409 -0.361419
0.704359 -0.488963 -0.43315 0.704362 -0.488561 -0.407973
0.70182 -0.492388 -0.484344 0.701796 -0.492144 -0.458992
0.698784 -0.495175 -0.536748 0.698744 -0.49504 -0.512444
0.695131 -0.497461 -0.587966 0.695061 -0.497404 -0.565823
0.690708 -0.499353 -0.635771 0.690589 -0.49935 -0.616591
0.685325 -0.481114 -0.678479 0.685122 -0.499353 -0.662642
0.678747 -0.41286 -0.715155 0.678401 -0.484768 -0.702633
0.670691 -0.180144 -0.745614 0.670101 -0.439663 -0.736075
0.66023 0.135452 -0.770253 0.659825 -0.293221 -0.763202
0.646998 0.275801 -0.789811 0.646998 -0.00854514 -0.784721
0.630391 0.316116 -0.805155 0.630391 0.208312 -0.801545
0.609646 0.329577 -0.817126 0.609646 0.290835 -0.8146
0.583988 0.329575 -0.82646 0.583988 0.318604 -0.824712
0.55276 0.328024 -0.83376 0.55276 0.328027 -0.832564
0.515607 0.326214 -0.839504 0.515607 0.326217 -0.838695
0.472689 0.324088 -0.844055 0.472689 0.324091 -0.84352
0.42485 0.321573 -0.847693 0.42485 0.321577 -0.847349
0.373656 0.318608 -0.850626 0.373656 0.31858 -0.850416
0.321252 0.315063 -0.853012 0.321252 0.315015 -0.852897
0.270034 0.310796 -0.85497 0.270034 0.310715 -0.854921
0.222229 0.305631 -0.85659 0.222229 0.305492 -0.856587
0.179521 0.299345 -0.840972 0.179521 0.299108 -0.85659
0.142845 0.291662 -0.782527 0.142845 0.291259 -0.8441
0.112386 0.282254 -0.583255 0.112386 0.281565 -0.805478
0.0877471 0.270038 -0.313015 0.0877471 0.269565 -0.680082
0.068189 0.254585 -0.192835 0.068189 0.254585 -0.436317
0.0528451 0.235191 -0.158314 0.0528451 0.235191 -0.250625
0.0408741 0.210964 -0.146787 0.0408741 0.210964 -0.179962
0.0315402 0.181 -0.146789 0.0315402 0.181 -0.156183
0.0242396 0.144531 -0.148117 0.0242396 0.144531 -0.148115
0.0184964 0.101142 -0.149667 0.0184964 0.101142 -0.149664
0.0139447 0.0510213 -0.151487 0.0139447 0.0510213 -0.151485
0.0103071 -0.00484693 -0.153641 0.0103071 -0.00484693 -0.153638
0.00737412 -0.0646326 -0.15618 0.00737412 -0.0646326 -0.156204
0.00498824 -0.125831 -0.159216 0.00498824 -0.125831 -0.159256
0.00303038 -0.185645 -0.162869 0.00303038 -0.185645 -0.162939
0.00141018 -0.241474 -0.167292 0.00141018 -0.241474 -0.167411
0.0138997 -0.29135 -0.172675 0.017028 -0.29135 -0.172878
0.0525222 -0.334181 -0.179253 0.0754728 -0.334181 -0.179599
0.177918 -0.369752 -0.187309 0.274745 -0.369752 -0.187899
0.421683 -0.398526 -0.19777 0.544985 -0.398526 -0.198175
0.607375 -0.421367 -0.211002 0.665165 -0.421367 -0.211002
0.678038 -0.439286 -0.227609 0.699686 -0.439286 -0.227609
0.701817 -0.453266 -0.248354 0.711213 -0.453266 -0.248354
0.709885 -0.464166 -0.274012 0.711211 -0.464166 -0.274012
0.708336 -0.472692 -0.30524 0.709883 -0.472692 -0.30524
0.706515 -0.479399 -0.342393 0.708333 -0.479399 -0.342393
0.704362 -0.484715 -0.385311 0.706513 -0.484715 -0.385311
0.701817 -0.488963 -0.43315 0.704359 -0.488963 -0.43315
0.698774 -0.492388 -0.484344 0.70182 -0.492388 -0.484344
0.695107 -0.495175 -0.536748 0.698784 -0.495175 -0.536748
0.690659 -0.497461 -0.587966 0.695131 -0.497461 -0.587966
0.68523 -0.499353 -0.635771 0.690708 -0.499353 -0.635771
0.678568 -0.484768 -0.678479 0.685325 -0.481114 -0.678479
0.67036 -0.439663 -0.715155 0.678747 -0.41286 -0.715155
0.66023 -0.293221 -0.745614 0.670691 -0.180144 -0.745614
0.646996 -0.00854514 -0.770253 0.66023 0.135452 -0.770253
0.630385 0.208312 -0.789811 0.646998 0.275801 -0.789811
0.609635 0.290835 -0.805155 0.630391 0.316116 -0.805155
0.583971 0.318604 -0.817126 0.609646 0.329577 -0.817126
0.552736 0.328027 -0.82646 0.583988 0.329575 -0.82646
0.515575 0.326217 -0.83376 0.55276 0.328024 -0.83376
0.47265 0.324091 -0.839504 0.515607 0.326214 -0.839504
0.424804 0.321577 -0.844055 0.472689 0.324088 -0.844055
0.373605 0.318604 -0.847693 0.42485 0.321573 -0.847693
0.321199 0.315051 -0.850626 0.373656 0.318608 -0.850626
0.269981 0.310769 -0.853012 0.321252 0.315063 -0.853012
0.222179 0.305574 -0.85497 0.270034 0.310796 -0.85497
0.179476 0.299234 -0.85659 0.222229 0.305631 -0.85659
0.142806 0.291453 -0.8441 0.179521 0.299345 -0.840972
0.112354 0.281868 -0.805478 0.142845 0.291662 -0.782527
0.0877211 0.270038 -0.680082 0.112386 0.282254 -0.583255
0.0681683 0.254582 -0.436317 0.0877471 0.270038 -0.313015
0.0528287 0.235184 -0.250625 0.068189 0.254585 -0.192835
0.0408612 0.210951 -0.179962 0.0528451 0.235191 -0.158314
0.0315301 0.18098 -0.156183 0.0408741 0.210964 -0.146787
0.0242316 0.144503 -0.148115 0.0315402 0.181 -0.146789
0.0184901 0.101105 -0.149664 0.0242396 0.144531 -0.148117
0.0139397 0.0509754 -0.151485 0.0184964 0.101142 -0.149667
0.010303 -0.00490081 -0.153638 0.0139447 0.0510213 -0.151487
0.0073708 -0.0646923 -0.156183 0.0103071 -0.00484693 -0.153641
0.00498552 -0.125894 -0.159226 0.00737412 -0.0646326 -0.15618
0.00302813 -0.185707 -0.162893 0.00498824 -0.125831 -0.159216
0.0014083 -0.241533 -0.167341 0.00303038 -0.185645 -0.162869
0.0170225 -0.291402 -0.17277 0.00141018 -0.241474 -0.167292
0.075452 -0.334226 -0.179432 0.0138997 -0.29135 -0.172675
0.27469 -0.36979 -0.18764 0.0525222 -0.334181 -0.179253
0.544945 -0.398556 -0.19777 0.177918 -0.369752 -0.187309
0.665151 -0.421391 -0.211004 0.421683 -0.398526 -0.19777
0.699682 -0.439305 -0.227615 0.607375 -0.421367 -0.211002
0.711211 -0.453281 -0.248365 0.678038 -0.439286 -0.227609
0.711209 -0.464178 -0.274029 0.701817 -0.453266 -0.248354
0.709881 -0.472702 -0.305264 0.709885 -0.464166 -0.274012
0.708331 -0.479407 -0.342425 0.708336 -0.472692 -0.30524
0.70651 -0.484721 -0.38535 0.706515 -0.479399 -0.342393
0.704359 -0.488968 -0.433196 0.704362 -0.484715 -0.385311
0.701817 -0.492392 -0.484395 0.701817 -0.488963 -0.43315
0.698774 -0.495178 -0.536801 0.698774 -0.492388 -0.484344
0.695107 -0.497464 -0.588019 0.695107 -0.495175 -0.536748
0.690659 -0.499355 -0.635821 0.690659 -0.497461 -0.587966
0.68523 -0.481121 -0.678524 0.68523 -0.499353 -0.635771
0.678568 -0.412885 -0.715194 0.678568 -0.484768 -0.678479
0.67036 -0.180208 -0.745646 0.67036 -0.439663 -0.715155
0.660141 0.135404 -0.770279 0.66023 -0.293221 -0.745614
0.646894 0.275785 -0.789832 0.646996 -0.00854514 -0.770253
0.63027 0.316111 -0.805171 0.630385 0.208312 -0.789811
0.609505 0.329575 -0.817139 0.609635 0.290835 -0.805155
0.583826 0.329572 -0.82647 0.583971 0.318604 -0.817126
0.552577 0.328021 -0.833768 0.552736 0.328027 -0.82646
0.515405 0.326211 -0.83951 0.515575 0.326217 -0.83376
0.472474 0.324085 -0.84406 0.47265 0.324091 -0.839504
0.424629 0.321573 -0.847697 0.424804 0.321577 -0.844055
0.373439 0.318604 -0.850629 0.373605 0.318604 -0.847693
0.321047 0.315051 -0.853014 0.321199 0.315051 -0.850626
0.269849 0.310769 -0.854972 0.269981 0.310769 -0.853012
0.222069 0.305574 -0.856592 0.222179 0.305574 -0.85497
0.179389 0.299234 -0.840977 0.179476 0.299234 -0.85659
0.142739 0.291453 -0.782548 0.142806 0.291453 -0.8441
0.112304 0.281868 -0.58331 0.112354 0.281868 -0.805478
0.0876847 0.269934 -0.313055 0.0877211 0.270038 -0.680082
0.0681421 0.254464 -0.192849 0.0681683 0.254582 -0.436317
0.0528101 0.235049 -0.158318 0.0528287 0.235184 -0.250625
0.040848 0.210799 -0.146789 0.0408612 0.210951 -0.179962
0.0315207 0.180811 -0.146791 0.0315301 0.18098 -0.156183
0.0242249 0.144317 -0.148119 0.0242316 0.144503 -0.148115
0.0184853 0.100907 -0.149669 0.0184901 0.101105 -0.149664
0.0139363 0.0507707 -0.15149 0.0139397 0.0509754 -0.151485
0.0103005 -0.00510446 -0.153641 0.010303 -0.00490081 -0.153638
0.007369 -0.0648864 -0.156183 0.0073708 -0.0646923 -0.156183
0.0049842 -0.12607 -0.159226 0.00498552 -0.125894 -0.159226
0.00302716 -0.185861 -0.162893 0.00302813 -0.185707 -0.162893
0.0138997 -0.24166 -0.167341 0.0014083 -0.241533 -0.167341
0.0525222 -0.291504 -0.17277 0.0170225 -0.291402 -0.17277
0.177918 -0.334305 -0.179432 0.075452 -0.334226 -0.179432
0.421683 -0.369848 -0.18764 0.27469 -0.36979 -0.18764
0.607375 -0.398599 -0.197859 0.544945 -0.398556 -0.19777
0.678038 -0.421421 -0.211106 0.665151 -0.421391 -0.211004
0.701817 -0.439327 -0.22773 0.699682 -0.439305 -0.227615
0.711211 -0.453296 -0.248495 0.711211 -0.453281 -0.248365
0.709846 -0.464189 -0.274174 0.711209 -0.464178 -0.274029
0.708247 -0.472709 -0.305423 0.709881 -0.472702 -0.305264
0.70636 -0.479412 -0.342595 0.708331 -0.479407 -0.342425
0.704117 -0.484725 -0.385526 0.70651 -0.484721 -0.38535
0.701457 -0.488971 -0.433371 0.704359 -0.488968 -0.433196
0.698259 -0.492394 -0.484561 0.701817 -0.492392 -0.484395
0.694386 -0.495179 -0.536953 0.698774 -0.495178 -0.536801
0.689666 -0.497465 -0.588151 0.695107 -0.497464 -0.588019
0.683881 -0.484768 -0.635931 0.690659 -0.499355 -0.635821
0.67676 -0.439663 -0.678611 0.68523 -0.481121 -0.678524
0.667975 -0.293221 -0.715261 0.678568 -0.412885 -0.715194
0.656505 -0.00854514 -0.745696 0.67036 -0.180208 -0.745646
0.641912 0.208312 -0.770315 0.660141 0.135404 -0.770279
0.623509 0.290835 -0.789858 0.646894 0.275785 -0.789832
0.600459 0.318604 -0.80519 0.63027 0.316111 -0.805171
0.571952 0.329575 -0.817152 0.609505 0.329575 -0.817139
0.537384 0.327981 -0.826479 0.583826 0.329572 -0.82647
0.496581 0.326114 -0.833775 0.552577 0.328021 -0.833768
0.450027 0.32391 -0.839515 0.515405 0.326211 -0.83951
0.399008 0.32129 -0.844064 0.472474 0.324085 -0.84406
0.345556 0.318184 -0.847699 0.424629 0.321573 -0.847697
0.292177 0.314449 -0.850631 0.373439 0.318604 -0.850629
0.241409 0.309927 -0.853016 0.321047 0.315051 -0.853014
0.195358 0.304415 -0.854973 0.269849 0.310769 -0.854972
0.155367 0.297659 -0.8441 0.222069 0.305574 -0.856592
0.121925 0.289343 -0.805478 0.179389 0.299234 -0.840977
0.0947977 0.279083 -0.680082 0.142739 0.291453 -0.782548
0.0732789 0.265688 -0.436317 0.112304 0.281868 -0.58331
0.056455 0.248645 -0.250625 0.0876847 0.269934 -0.313055
0.0434003 0.227154 -0.179962 0.0681421 0.254464 -0.192849
0.0332885 0.200235 -0.156183 0.0528101 0.235049 -0.158318
0.0254363 0.166944 -0.146789 0.040848 0.210799 -0.146789
0.0193046 0.126575 -0.148154 0.0315207 0.180811 -0.146791
0.0144801 0.0789227 -0.149753 0.0242249 0.144317 -0.148119
0.010651 0.0245561 -0.15164 0.0184853 0.100907 -0.149669
0.00758362 -0.0350256 -0.153883 0.0139363 0.0507707 -0.15149
0.00510337 -0.0974487 -0.156543 0.0103005 -0.00510446 -0.153641
0.00307934 -0.159787 -0.159741 0.007369 -0.0648864 -0.156183
0.0014129 -0.219075 -0.163614 0.0049842 -0.12607 -0.159226
0.00141018 -0.272855 -0.168334 0.00302716 -0.185861 -0.162893
0.0138997 -0.319558 -0.174119 0.0138997 -0.24166 -0.167341
0.0525222 -0.358612 -0.18124 0.0525222 -0.291504 -0.17277
0.177918 -0.390292 -0.190025 0.177918 -0.334305 -0.179432
0.421683 -0.415423 -0.201495 0.421683 -0.369848 -0.18764
0.607375 -0.43507 -0.216088 0.607375 -0.398599 -0.197859
0.678038 -0.450316 -0.234491 0.678038 -0.421421 -0.211106
0.701817 -0.462125 -0.257541 0.701817 -0.439327 -0.22773
0.709885 -0.471295 -0.286048 0.711211 -0.453296 -0.248495
0.708336 -0.478455 -0.320616 0.709846 -0.464189 -0.274174
0.706515 -0.48409 -0.361419 0.708247 -0.472709 -0.305423
0.704362 -0.488561 -0.407973 0.70636 -0.479412 -0.342595
0.701796 -0.492144 -0.458992 0.704117 -0.484725 -0.385526
0.698744 -0.49504 -0.512444 0.701457 -0.488971 -0.433371
0.695061 -0.497404 -0.565823 0.698259 -0.492394 -0.484561
0.690589 -0.49935 -0.616591 0.694386 -0.495179 -0.536953
0.685122 -0.499353 -0.662642 0.689666 -0.497465 -0.588151
0.678401 -0.484768 -0.702633 0.683881 -0.484768 -0.635931
0.670101 -0.439663 -0.736075 0.67676 -0.439663 -0.678611
0.659825 -0.293221 -0.763202 0.667975 -0.293221 -0.715261
0.646998 -0.00854514 -0.784721 0.656505 -0.00854514 -0.745696
0.630391 0.208312 -0.801545 0.641912 0.208312 -0.770315
0.609646 0.290835 -0.8146 0.623509 0.290835 -0.789858
0.583988 0.318604 -0.824712 0.600459 0.318604 -0.80519
0.55276 0.328027 -0.832564 0.571952 0.329575 -0.817152
0.515607 0.326217 -0.838695 0.537384 0.327981 -0.826479
0.472689 0.324091 -0.84352 0.496581 0.326114 -0.833775
0.42485 0.321577 -0.847349 0.450027 0.32391 -0.839515
0.373656 0.31858 -0.850416 0.399008 0.32129 -0.844064
0.321252 0.315015 -0.852897 0.345556 0.318184 -0.847699
0.270034 0.310715 -0.854921 0.292177 0.314449 -0.850631
0.222229 0.305492 -0.856587 0.241409 0.309927 -0.853016
0.179521 0.299108 -0.85659 0.195358 0.304415 -0.854973
0.142845 0.291259 -0.8441 0.155367 0.297659 -0.8441
0.112386 0.281565 -0.805478 0.121925 0.289343 -0.805478
0.0877471 0.269565 -0.680082 0.0947977 0.279083 -0.680082
0.068189 0.254585 -0.436317 0.0732789 0.265688 -0.436317
0.0528451 0.235191 -0.250625 0.056455 0.248645 -0.250625
0.0408741 0.210964 -0.179962 0.0434003 0.227154 -0.179962
0.0315402 0.181 -0.156183 0.0332885 0.200235 -0.156183
0.0242396 0.144531 -0.148115 0.0254363 0.166944 -0.146789
0.0184964 0.101142 -0.149664 0.0193046 0.126575 -0.148154
0.0139447 0.0510213 -0.151485 0.0144801 0.0789227 -0.149753
0.0103071 -0.00484693 -0.153638 0.010651 0.0245561 -0.15164
0.00737412 -0.0646326 -0.156204 0.00758362 -0.0350256 -0.153883
0.00498824 -0.125831 -0.159256 0.00510337 -0.0974487 -0.156543
0.00303038 -0.185645 -0.162939 0.00307934 -0.159787 -0.159741
0.00141018 -0.241474 -0.167411 0.0014129 -0.219075 -0.163614
0.017028 -0.29135 -0.172878 0.00141018 -0.272855 -0.168334
0.0754728 -0.334181 -0.179599 0.0138997 -0.319558 -0.174119
0.274745 -0.369752 -0.187899 0.0525222 -0.358612 -0.18124
0.544985 -0.398526 -0.198175 0.177918 -0.390292 -0.190025
0.665165 -0.421367 -0.211002 0.421683 -0.415423 -0.201495
0.699686 -0.439286 -0.227609 0.607375 -0.43507 -0.216088
0.711213 -0.453266 -0.248354 0.678038 -0.450316 -0.234491
0.711211 -0.464166 -0.274012 0.701817 -0.462125 -0.257541
0.709883 -0.472692 -0.30524 0.709885 -0.471295 -0.286048
0.708333 -0.479399 -0.342393 0.708336 -0.478455 -0.320616
0.706513 -0.484715 -0.385311 0.706515 -0.48409 -0.361419
0.704359 -0.488963 -0.43315 0.704362 -0.488561 -0.407973
0.70182 -0.492388 -0.484344 0.701796 -0.492144 -0.458992
0.698784 -0.495175 -0.536748 0.698744 -0.49504 -0.512444
0.695131 -0.497461 -0.587966 0.695061 -0.497404 -0.565823
0.690708 -0.499353 -0.635771 0.690589 -0.49935 -0.616591
0.685325 -0.481114 -0.678479 0.685122 -0.499353 -0.662642
0.678747 -0.41286 -0.715155 0.678401 -0.484768 -0.702633
0.670691 -0.180144 -0.745614 0.670101 -0.439663 -0.736075
0.66023 0.135452 -0.770253 0.659825 -0.293221 -0.763202
0.646998 0.275801 -0.789811 0.646998 -0.00854514 -0.784721
0.630391 0.316116 -0.805155 0.630391 0.208312 -0.801545
0.609646 0.329577 -0.817126 0.609646 0.290835 -0.8146
0.583988 0.329575 -0.82646 0.583988 0.318604 -0.824712
0.55276 0.328024 -0.83376 0.55276 0.328027 -0.832564
0.515607 0.326214 -0.839504 0.515607 0.326217 -0.838695
0.472689 0.324088 -0.844055 0.472689 0.324091 -0.84352
0.42485 0.321573 -0.847693 0.42485 0.321577 -0.847349
0.373656 0.318608 -0.850626 0.373656 0.31858 -0.850416
0.321252 0.315063 -0.853012 0.321252 0.315015 -0.852897
0.270034 0.310796 -0.85497 0.270034 0.310715 -0.854921
0.222229 0.305631 -0.85659 0.222229 0.305492 -0.856587
0.179521 0.299345 -0.840972 0.179521 0.299108 -0.85659
0.142845 0.291662 -0.782527 0.142845 0.291259 -0.8441
0.112386 0.282254 -0.583255 0.112386 0.281565 -0.805478
0.0877471 0.270038 -0.313015 0.0877471 0.269565 -0.680082
0.068189 0.254585 -0.192835 0.068189 0.254585 -0.436317
0.0528451 0.235191 -0.158314 0.0528451 0.235191 -0.250625
0.0408741 0.210964 -0.146787 0.0408741 0.210964 -0.179962
0.0315402 0.181 -0.146789 0.0315402 0.181 -0.156183
0.0242396 0.144531 -0.148117 0.0242396 0.144531 -0.148115
0.0184964 0.101142 -0.149667 0.0184964 0.101142 -0.149664
0.0139447 0.0510213 -0.151487 0.0139447 0.0510213 -0.151485
0.0103071 -0.00484693 -0.153641 0.0103071 -0.00484693 -0.153638
0.00737412 -0.0646326 -0.15618 0.00737412 -0.0646326 -0.156204
0.00498824 -0.125831 -0.159216 0.00498824 -0.125831 -0.159256
0.00303038 -0.185645 -0.162869 0.00303038 -0.185645 -0.162939
0.00141018 -0.241474 -0.167292 0.00141018 -0.241474 -0.167411
0.0138997 -0.29135 -0.172675 0.017028 -0.29135 -0.172878
0.0525222 -0.334181 -0.179253 0.0754728 -0.334181 -0.179599
0.177918 -0.369752 -0.187309 0.274745 -0.369752 -0.187899
0.421683 -0.398526 -0.19777 0.544985 -0.398526 -0.198175
0.607375 -0.421367 -0.211002 0.665165 -0.421367 -0.211002
0.678038 -0.439286 -0.227609 0.699686 -0.439286 -0.227609
0.701817 -0.453266 -0.248354 0.711213 -0.453266 -0.248354
0.709885 -0.464166 -0.274012 0.711211 -0.464166 -0.274012
0.708336 -0.472692 -0.30524 0.709883 -0.472692 -0.30524
0.706515 -0.479399 -0.342393 0.708333 -0.479399 -0.342393
0.704362 -0.484715 -0.385311 0.706513 -0.484715 -0.385311
0.701817 -0.488963 -0.43315 0.704359 -0.488963 -0.43315
0.698774 -0.492388 -0.484344 0.70182 -0.492388 -0.484344
0.695107 -0.495175 -0.536748 0.698784 -0.495175 -0.536748
0.690659 -0.497461 -0.587966 0.695131 -0.497461 -0.587966
0.68523 -0.499353 -0.635771 0.690708 -0.499353 -0.635771
0.678568 -0.484768 -0.678479 0.685325 -0.481114 -0.678479
0.67036 -0.439663 -0.715155 0.678747 -0.41286 -0.715155
0.66023 -0.293221 -0.745614 0.670691 -0.180144 -0.745614
0.646996 -0.00854514 -0.770253 0.66023 0.135452 -0.770253
0.630385 0.208312 -0.789811 0.646998 0.275801 -0.789811
0.609635 0.290835 -0.805155 0.630391 0.316116 -0.805155
0.583971 0.318604 -0.817126 0.609646 0.329577 -0.817126
0.552736 0.328027 -0.82646 0.583988 0.329575 -0.82646
0.515575 0.326217 -0.83376 0.55276 0.328024 -0.83376
0.47265 0.324091 -0.839504 0.515607 0.326214 -0.839504
0.424804 0.321577 -0.844055 0.472689 0.324088 -0.844055
0.373605 0.318604 -0.847693 0.42485 0.321573 -0.847693
0.321199 0.315051 -0.850626 0.373656 0.318608 -0.850626
0.269981 0.310769 -0.853012 0.321252 0.315063 -0.853012
0.222179 0.305574 -0.85497 0.270034 0.310796 -0.85497
0.179476 0.299234 -0.85659 0.222229 0.305631 -0.85659
0.142806 0.291453 -0.8441 0.179521 0.299345 -0.840972
0.112354 0.281868 -0.805478 0.142845 0.291662 -0.782527
0.0877211 0.270038 -0.680082 0.112386 0.282254 -0.583255
0.0681683 0.254582 -0.436317 0.0877471 0.270038 -0.313015
0.0528287 0.235184 -0.250625 0.068189 0.254585 -0.192835
0.0408612 0.210951 -0.179962 0.0528451 0.235191 -0.158314
0.0315301 0.18098 -0.156183 0.0408741 0.210964 -0.146787
0.0242316 0.144503 -0.148115 0.0315402 0.181 -0.146789
0.0184901 0.101105 -0.149664 0.0242396 0.144531 -0.148117
0.0139397 0.0509754 -0.151485 0.0184964 0.101142 -0.149667
0.010303 -0.00490081 -0.153638 0.0139447 0.0510213 -0.151487
0.0073708 -0.0646923 -0.156183 0.0103071 -0.00484693 -0.153641
0.00498552 -0.125894 -0.159226 0.00737412 -0.0646326 -0.15618
0.00302813 -0.185707 -0.162893 0.00498824 -0.125831 -0.159216
0.0014083 -0.241533 -0.167341 0.00303038 -0.185645 -0.162869
0.0170225 -0.291402 -0.17277 0.00141018 -0.241474 -0.167292
0.075452 -0.334226 -0.179432 0.0138997 -0.29135 -0.172675
0.27469 -0.36979 -0.18764 0.0525222 -0.334181 -0.179253
0.544945 -0.398556 -0.19777 0.177918 -0.369752 -0.187309
0.665151 -0.421391 -0.211004 0.421683 -0.398526 -0.19777
0.699682 -0.439305 -0.227615 0.607375 -0.421367 -0.211002
0.711211 -0.453281 -0.248365 0.678038 -0.439286 -0.227609
0.711209 -0.464178 -0.274029 0.701817 -0.453266 -0.248354
0.709881 -0.472702 -0.305264 0.709885 -0.464166 -0.274012
0.708331 -0.479407 -0.342425 0.708336 -0.472692 -0.30524
0.70651 -0.484721 -0.38535 0.706515 -0.479399 -0.342393
0.704359 -0.488968 -0.433196 0.704362 -0.484715 -0.385311
0.701817 -0.492392 -0.484395 0.701817 -0.488963 -0.43315
0.698774 -0.495178 -0.536801 0.698774 -0.492388 -0.484344
0.695107 -0.497464 -0.588019 0.695107 -0.495175 -0.536748
0.690659 -0.499355 -0.635821 0.690659 -0.497461 -0.587966
0.68523 -0.481121 -0.678524 0.68523 -0.499353 -0.635771
0.678568 -0.412885 -0.715194 0.678568 -0.484768 -0.678479
0.67036 -0.180208 -0.745646 0.67036 -0.439663 -0.715155
0.660141 0.135404 -0.770279 0.66023 -0.293221 -0.745614
0.646894 0.275785 -0.789832 0.646996 -0.00854514 -0.770253
0.63027 0.316111 -0.805171 0.630385 0.208312 -0.789811
0.609505 0.329575 -0.817139 0.609635 0.290835 -0.805155
0.583826 0.329572 -0.82647 0.583971 0.318604 -0.817126
0.552577 0.328021 -0.833768 0.552736 0.328027 -0.82646
0.515405 0.326211 -0.83951 0.515575 0.326217 -0.83376
0.472474 0.324085 -0.84406 0.47265 0.324091 -0.839504
0.424629 0.321573 -0.847697 0.424804 0.321577 -0.844055
0.373439 0.318604 -0.850629 0.373605 0.318604 -0.847693
0.321047 0.315051 -0.853014 0.321199 0.315051 -0.850626
0.269849 0.310769 -0.854972 0.269981 0.310769 -0.853012
0.222069 0.305574 -0.856592 0.222179 0.305574 -0.85497
0.179389 0.299234 -0.840977 0.179476 0.299234 -0.85659
0.142739 0.291453 -0.782548 0.142806 0.291453 -0.8441
0.112304 0.281868 -0.58331 0.112354 0.281868 -0.805478
0.0876847 0.269934 -0.313055 0.0877211 0.270038 -0.680082
0.0681421 0.254464 -0.192849 0.0681683 0.254582 -0.436317
0.0528101 0.235049 -0.158318 0.0528287 0.235184 -0.250625
0.040848 0.210799 -0.146789 0.0408612 0.210951 -0.179962
0.0315207 0.180811 -0.146791 0.0315301 0.18098 -0.156183
0.0242249 0.144317 -0.148119 0.0242316 0.144503 -0.148115
0.0184853 0.100907 -0.149669 0.0184901 0.101105 -0.149664
0.0139363 0.0507707 -0.15149 0.0139397 0.0509754 -0.151485
0.0103005 -0.00510446 -0.153641 0.010303 -0.00490081 -0.153638
0.007369 -0.0648864 -0.156183 0.0073708 -0.0646923 -0.156183
0.0049842 -0.12607 -0.159226 0.00498552 -0.125894 -0.159226
0.00302716 -0.185861 -0.162893 0.00302813 -0.185707 -0.162893
0.0138997 -0.24166 -0.167341 0.0014083 -0.241533 -0.167341
0.0525222 -0.291504 -0.17277 0.0170225 -0.291402 -0.17277
0.177918 -0.334305 -0.179432 0.075452 -0.334226 -0.179432
0.421683 -0.369848 -0.18764 0.27469 -0.36979 -0.18764
0.607375 -0.398599 -0.197859 0.544945 -0.398556 -0.19777
0.678038 -0.421421 -0.211106 0.665151 -0.421391 -0.211004
0.701817 -0.439327 -0.22773 0.699682 -0.439305 -0.227615
0.711211 -0.453296 -0.248495 0.711211 -0.453281 -0.248365
0.709846 -0.464189 -0.274174 0.711209 -0.464178 -0.274029
0.708247 -0.472709 -0.305423 0.709881 -0.472702 -0.305264
0.70636 -0.479412 -0.342595 0.708331 -0.479407 -0.342425
0.704117 -0.484725 -0.385526 0.70651 -0.484721 -0.38535
0.701457 -0.488971 -0.433371 0.704359 -0.488968 -0.433196
0.698259 -0.492394 -0.484561 0.701817 -0.492392 -0.484395
0.694386 -0.495179 -0.536953 0.698774 -0.495178 -0.536801
0.689666 -0.497465 -0.588151 0.695107 -0.497464 -0.588019
0.683881 -0.484768 -0.635931 0.690659 -0.499355 -0.635821
0.67676 -0.439663 -0.678611 0.68523 -0.481121 -0.678524
0.667975 -0.293221 -0.715261 0.678568 -0.412885 -0.715194
0.656505 -0.00854514 -0.745696 0.67036 -0.180208 -0.745646
0.641912 0.208312 -0.770315 0.660141 0.135404 -0.770279
0.623509 0.290835 -0.789858 0.646894 0.275785 -0.789832
0.600459 0.318604 -0.80519 0.63027 0.316111 -0.805171
0.571952 0.329575 -0.817152 0.609505 0.329575 -0.817139
0.537384 0.327981 -0.826479 0.583826 0.329572 -0.82647
0.496581 0.326114 -0.833775 0.552577 0.328021 -0.833768
0.450027 0.32391 -0.839515 0.515405 0.326211 -0.83951
0.399008 0.32129 -0.844064 0.472474 0.324085 -0.84406
0.345556 0.318184 -0.847699 0.424629 0.321573 -0.847697
0.292177 0.314449 -0.850631 0.373439 0.318604 -0.850629
0.241409 0.309927 -0.853016 0.321047 0.315051 -0.853014
0.195358 0.304415 -0.854973 0.269849 0.310769 -0.854972
0.155367 0.297659 -0.8441 0.222069 0.305574 -0.856592
0.121925 0.289343 -0.805478 0.179389 0.299234 -0.840977
0.0947977 0.279083 -0.680082 0.142739 0.291453 -0.782548
0.0732789 0.265688 -0.436317 0.112304 0.281868 -0.58331
0.056455 0.248645 -0.250625 0.0876847 0.269934 -0.313055
0.0434003 0.227154 -0.179962 0.0681421 0.254464 -0.192849
0.0332885 0.200235 -0.156183 0.0528101 0.235049 -0.158318
0.0254363 0.166944 -0.146789 0.040848 0.210799 -0.146789
0.0193046 0.126575 -0.148154 0.0315207 0.180811 -0.146791
0.0144801 0.0789227 -0.149753 0.0242249 0.144317 -0.148119
0.010651 0.0245561 -0.15164 0.0184853 0.100907 -0.149669
0.00758362 -0.0350256 -0.153883 0.0139363 0.0507707 -0.15149
0.00510337 -0.0974487 -0.156543 0.0103005 -0.00510446 -0.153641
0.00307934 -0.159787 -0.159741 0.007369 -0.0648864 -0.156183
0.0014129 -0.219075 -0.163614 0.0049842 -0.12607 -0.159226
0.00141018 -0.272855 -0.168334 0.00302716 -0.185861 -0.162893
0.0138997 -0.319558 -0.174119 0.0138997 -0.24166 -0.167341
0.0525222 -0.358612 -0.18124 0.0525222 -0.291504 -0.17277
0.177918 -0.390292 -0.190025 0.177918 -0.334305 -0.179432
0.421683 -0.415423 -0.201495 0.421683 -0.369848 -0.18764
0.607375 -0.43507 -0.216088 0.607375 -0.398599 -0.197859
0.678038 -0.450316 -0.234491 0.678038 -0.421421 -0.211106
0.701817 -0.462125 -0.257541 0.701817 -0.439327 -0.22773
0.709885 -0.471295 -0.286048 0.711211 -0.453296 -0.248495
0.708336 -0.478455 -0.320616 0.709846 -0.464189 -0.274174
0.706515 -0.48409 -0.361419 0.708247 -0.472709 -0.305423
0.704362 -0.488561 -0.407973 0.70636 -0.479412 -0.342595
0.701796 -0.492144 -0.458992 0.704117 -0.484725 -0.385526
0.698744 -0.49504 -0.512444 0.701457 -0.488971 -0.433371
0.695061 -0.497404 -0.565823 0.698259 -0.492394 -0.484561
0.690589 -0.49935 -0.616591 0.694386 -0.495179 -0.536953
0.685122 -0.499353 -0.662642 0.689666 -0.497465 -0.588151
0.678401 -0.484768 -0.702633 0.683881 -0.484768 -0.635931
0.670101 -0.439663 -0.736075 0.67676 -0.439663 -0.678611
0.659825 -0.293221 -0.763202 0.667975 -0.293221 -0.715261
0.646998 -0.00854514 -0.784721 0.656505 -0.00854514 -0.745696
0.630391 0.208312 -0.801545 0.641912 0.208312 -0.770315
0.609646 0.290835 -0.8146 0.623509 0.290835 -0.789858
0.583988 0.318604 -0.824712 0.600459 0.318604 -0.80519
0.55276 0.328027 -0.832564 0.571952 0.329575 -0.817152
0.515607 0.326217 -0.838695 0.537384 0.327981 -0.826479
0.472689 0.324091 -0.84352 0.496581 0.326114 -0.833775
0.42485 0.321577 -0.847349 0.450027 0.32391 -0.839515
0.373656 0.31858 -0.850416 0.399008 0.32129 -0.844064
0.321252 0.315015 -0.852897 0.345556 0.318184 -0.847699
0.270034 0.310715 -0.854921 0.292177 0.314449 -0.850631
0.222229 0.305492 -0.856587 0.241409 0.309927 -0.853016
0.179521 0.299108 -0.85659 0.195358 0.304415 -0.854973
0.142845 0.291259 -0.8441 0.155367 0.297659 -0.8441
0.112386 0.281565 -0.805478 0.121925 0.289343 -0.805478
0.0877471 0.269565 -0.680082 0.0947977 0.279083 -0.680082
0.068189 0.254585 -0.436317 0.0732789 0.265688 -0.436317
0.0528451 0.235191 -0.250625 0.056455 0.248645 -0.250625
0.0408741 0.210964 -0.179962 0.0434003 0.227154 -0.179962
0.0315402 0.181 -0.156183 0.0332885 0.200235 -0.156183
0.0242396 0.144531 -0.148115 0.0254363 0.166944 -0.146789
0.0184964 0.101142 -0.149664 0.0193046 0.126575 -0.148154
0.0139447 0.0510213 -0.151485 0.0144801 0.0789227 -0.149753
0.0103071 -0.00484693 -0.153638 0.010651 0.0245561 -0.15164
0.00737412 -0.0646326 -0.156204 0.00758362 -0.0350256 -0.153883
0.00498824 -0.125831 -0.159256 0.00510337 -0.0974487 -0.156543
0.00303038 -0.185645 -0.162939 0.00307934 -0.159787 -0.159741
0.00141018 -0.241474 -0.167411 0.0014129 -0.219075 -0.163614
0.017028 -0.29135 -0.172878 0.00141018 -0.272855 -0.168334
0.0754728 -0.334181 -0.179599 0.0138997 -0.319558 -0.174119
0.274745 -0.369752 -0.187899 0.0525222 -0.358612 -0.18124
0.544985 -0.398526 -0.198175 0.177918 -0.390292 -0.190025
0.665165 -0.421367 -0.211002 0.421683 -0.415423 -0.201495
0.699686 -0.439286 -0.227609 0.607375 -0.43507 -0.216088
0.711213 -0.453266 -0.248354 0.678038 -0.450316 -0.234491
0.711211 -0.464166 -0.274012 0.701817 -0.462125 -0.257541
0.709883 -0.472692 -0.30524 0.709885 -0.471295 -0.286048
0.708333 -0.479399 -0.342393 0.708336 -0.478455 -0.320616
0.706513 -0.484715 -0.385311 0.706515 -0.48409 -0.361419
0.704359 -0.488963 -0.43315 0.704362 -0.488561 -0.407973
0.70182 -0.492388 -0.484344 0.701796 -0.492144 -0.458992
0.698784 -0.495175 -0.536748 0.698744 -0.49504 -0.512444
0.695131 -0.497461 -0.587966 0.695061 -0.497404 -0.565823
0.690708 -0.499353 -0.635771 0.690589 -0.49935 -0.616591
0.685325 -0.481114 -0.678479 0.685122 -0.499353 -0.662642
0.678747 -0.41286 -0.715155 0.678401 -0.484768 -0.702633
0.670691 -0.180144 -0.745614 0.670101 -0.439663 -0.736075
0.66023 0.135452 -0.770253 0.659825 -0.293221 -0.763202
0.646998 0.275801 -0.789811 0.646998 -0.00854514 -0.784721
0.630391 0.316116 -0.805155 0.630391 0.208312 -0.801545
0.609646 0.329577 -0.817126 0.609646 0.290835 -0.8146
0.583988 0.329575 -0.82646 0.583988 0.318604 -0.824712
0.55276 0.328024 -0.83376 0.55276 0.328027 -0.832564
0.515607 0.326214 -0.839504 0.515607 0.326217 -0.838695
0.472689 0.324088 -0.844055 0.472689 0.324091 -0.84352
0.42485 0.321573 -0.847693 0.42485 0.321577 -0.847349
0.373656 0.318608 -0.850626 0.373656 0.31858 -0.850416
0.321252 0.315063 -0.853012 0.321252 0.315015 -0.852897
0.270034 0.310796 -0.85497 0.270034 0.310715 -0.854921
0.222229 0.305631 -0.85659 0.222229 0.305492 -0.856587
0.179521 0.299345 -0.840972 0.179521 0.299108 -0.85659
0.142845 0.291662 -0.782527 0.142845 0.291259 -0.8441
0.112386 0.282254 -0.583255 0.112386 0.281565 -0.805478
0.0877471 0.270038 -0.313015 0.0877471 0.269565 -0.680082
0.068189 0.254585 -0.192835 0.068189 0.254585 -0.436317
0.0528451 0.235191 -0.158314 0.0528451 0.235191 -0.250625
0.0408741 0.210964 -0.146787 0.0408741 0.210964 -0.179962
0.0315402 0.181 -0.146789 0.0315402 0.181 -0.156183
0.0242396 0.144531 -0.148117 0.0242396 0.144531 -0.148115
0.0184964 0.101142 -0.149667 0.0184964 0.101142 -0.149664
0.0139447 0.0510213 -0.151487 0.0139447 0.0510213 -0.151485
0.0103071 -0.00484693 -0.153641 0.0103071 -0.00484693 -0.153638
0.00737412 -0.0646326 -0.15618 0.00737412 -0.0646326 -0.156204
0.00498824 -0.125831 -0.159216 0.00498824 -0.125831 -0.159256
0.00303038 -0.185645 -0.162869 0.00303038 -0.185645 -0.162939
0.00141018 -0.241474 -0.167292 0.00141018 -0.241474 -0.167411
0.0138997 -0.29135 -0.172675 0.017028 -0.29135 -0.172878
0.0525222 -0.334181 -0.179253 0.0754728 -0.334181 -0.179599
0.177918 -0.369752 -0.187309 0.274745 -0.369752 -0.187899
0.421683 -0.398526 -0.19777 0.544985 -0.398526 -0.198175
0.607375 -0.421367 -0.211002 0.665165 -0.421367 -0.211002
0.678038 -0.439286 -0.227609 0.699686 -0.439286 -0.227609
0.701817 -0.453266 -0.248354 0.711213 -0.453266 -0.248354
0.709885 -0.464166 -0.274012 0.711211 -0.464166 -0.274012
0.708336 -0.472692 -0.30524 0.709883 -0.472692 -0.30524
0.706515 -0.479399 -0.342393 0.708333 -0.479399 -0.342393
0.704362 -0.484715 -0.385311 0.706513 -0.484715 -0.385311
0.701817 -0.488963 -0.43315 0.704359 -0.488963 -0.43315
0.698774 -0.492388 -0.484344 0.70182 -0.492388 -0.484344
0.695107 -0.495175 -0.536748 0.698784 -0.495175 -0.536748
0.690659 -0.497461 -0.587966 0.695131 -0.497461 -0.587966
0.68523 -0.499353 -0.635771 0.690708 -0.499353 -0.635771
0.678568 -0.484768 -0.678479 0.685325 -0.481114 -0.678479
0.67036 -0.439663 -0.715155 0.678747 -0.41286 -0.715155
0.66023 -0.293221 -0.745614 0.670691 -0.180144 -0.745614
0.646996 -0.00854514 -0.770253 0.66023 0.135452 -0.770253
0.630385 0.208312 -0.789811 0.646998 0.275801 -0.789811
0.609635 0.290835 -0.805155 0.630391 0.316116 -0.805155
0.583971 0.318604 -0.817126 0.609646 0.329577 -0.817126
0.552736 0.328027 -0.82646 0.583988 0.329575 -0.82646
0.515575 0.326217 -0.83376 0.55276 0.328024 -0.83376
0.47265 0.324091 -0.839504 0.515607 0.326214 -0.839504
0.424804 0.321577 -0.844055 0.472689 0.324088 -0.844055
0.373605 0.318604 -0.847693 0.42485 0.321573 -0.847693
0.321199 0.315051 -0.850626 0.373656 0.318608 -0.850626
0.269981 0.310769 -0.853012 0.321252 0.315063 -0.853012
0.222179 0.305574 -0.85497 0.270034 0.310796 -0.85497
0.179476 0.299234 -0.85659 0.222229 0.305631 -0.85659
0.142806 0.291453 -0.8441 0.179521 0.299345 -0.840972
0.112354 0.281868 -0.805478 0.142845 0.291662 -0.782527
0.0877211 0.270038 -0.680082 0.112386 0.282254 -0.583255
0.0681683 0.254582 -0.436317 0.0877471 0.270038 -0.313015
0.0528287 0.235184 -0.250625 0.068189 0.254585 -0.192835
0.0408612 0.210951 -0.179962 0.0528451 0.235191 -0.158314
0.0315301 0.18098 -0.156183 0.0408741 0.210964 -0.146787
0.0242316 0.144503 -0.148115 0.0315402 0.181 -0.146789
0.0184901 0.101105 -0.149664 0.0242396 0.144531 -0.148117
0.0139397 0.0509754 -0.151485 0.0184964 0.101142 -0.149667
0.010303 -0.00490081 -0.153638 0.0139447 0.0510213 -0.151487
0.0073708 -0.0646923 -0.156183 0.0103071 -0.00484693 -0.153641
0.00498552 -0.125894 -0.159226 0.00737412 -0.0646326 -0.15618
0.00302813 -0.185707 -0.162893 0.00498824 -0.125831 -0.159216
0.0014083 -0.241533 -0.167341 0.00303038 -0.185645 -0.162869
0.0170225 -0.291402 -0.17277 0.00141018 -0.241474 -0.167292
0.075452 -0.334226 -0.179432 0.0138997 -0.29135 -0.172675
0.27469 -0.36979 -0.18764 0.0525222 -0.334181 -0.179253
0.544945 -0.398556 -0.19777 0.177918 -0.369752 -0.187309
0.665151 -0.421391 -0.211004 0.421683 -0.398526 -0.19777
0.699682 -0.439305 -0.227615 0.607375 -0.421367 -0.211002
0.711211 -0.453281 -0.248365 0.678038 -0.439286 -0.227609
0.711209 -0.464178 -0.274029 0.701817 -0.453266 -0.248354
0.709881 -0.472702 -0.305264 0.709885 -0.464166 -0.274012
0.708331 -0.479407 -0.342425 0.708336 -0.472692 -0.30524
0.70651 -0.484721 -0.38535 0.706515 -0.479399 -0.342393
0.704359 -0.488968 -0.433196 0.704362 -0.484715 -0.385311
0.701817 -0.492392 -0.484395 0.701817 -0.488963 -0.43315
0.698774 -0.495178 -0.536801 0.698774 -0.492388 -0.484344
0.695107 -0.497464 -0.588019 0.695107 -0.495175 -0.536748
0.690659 -0.499355 -0.635821 0.690659 -0.497461 -0.587966
0.68523 -0.481121 -0.678524 0.68523 -0.499353 -0.635771
0.678568 -0.412885 -0.715194 0.678568 -0.484768 -0.678479
0.67036 -0.180208 -0.745646 0.67036 -0.439663 -0.715155
0.660141 0.135404 -0.770279 0.66023 -0.293221 -0.745614
0.646894 0.275785 -0.789832 0.646996 -0.00854514 -0.770253
0.63027 0.316111 -0.805171 0.630385 0.208312 -0.789811
0.609505 0.329575 -0.817139 0.609635 0.290835 -0.805155
0.583826 0.329572 -0.82647 0.583971 0.318604 -0.817126
0.552577 0.328021 -0.833768 0.552736 0.328027 -0.82646
0.515405 0.326211 -0.83951 0.515575 0.326217 -0.83376
0.472474 0.324085 -0.84406 0.47265 0.324091 -0.839504
0.424629 0.321573 -0.847697 0.424804 0.321577 -0.844055
0.373439 0.318604 -0.850629 0.373605 0.318604 -0.847693
0.321047 0.315051 -0.853014 0.321199 0.315051 -0.850626
0.269849 0.310769 -0.854972 0.269981 0.310769 -0.853012
0.222069 0.305574 -0.856592 0.222179 0.305574 -0.85497
0.179389 0.299234 -0.840977 0.179476 0.299234 -0.85659
0.142739 0.291453 -0.782548 0.142806 0.291453 -0.8441
0.112304 0.281868 -0.58331 0.112354 0.281868 -0.805478
0.0876847 0.269934 -0.313055 0.0877211 0.270038 -0.680082
0.0681421 0.254464 -0.192849 0.0681683 0.254582 -0.436317
0.0528101 0.235049 -0.158318 0.0528287 0.235184 -0.250625
0.040848 0.210799 -0.146789 0.0408612 0.210951 -0.179962
0.0315207 0.180811 -0.146791 0.0315301 0.18098 -0.156183
0.0242249 0.144317 -0.148119 0.0242316 0.144503 -0.148115
0.0184853 0.100907 -0.149669 0.0184901 0.101105 -0.149664
0.0139363 0.0507707 -0.15149 0.0139397 0.0509754 -0.151485
0.0103005 -0.00510446 -0.153641 0.010303 -0.00490081 -0.153638
0.007369 -0.0648864 -0.156183 0.0073708 -0.0646923 -0.156183
0.0049842 -0.12607 -0.159226 0.00498552 -0.125894 -0.159226
0.00302716 -0.185861 -0.162893 0.00302813 -0.185707 -0.162893
0.0138997 -0.24166 -0.167341 0.0014083 -0.241533 -0.167341
0.0525222 -0.291504 -0.17277 0.0170225 -0.291402 -0.17277
0.177918 -0.334305 -0.179432 0.075452 -0.334226 -0.179432
0.421683 -0.369848 -0.18764 0.27469 -0.36979 -0.18764
0.607375 -0.398599 -0.197859 0.544945 -0.398556 -0.19777
0.678038 -0.421421 -0.211106 0.665151 -0.421391 -0.211004
0.701817 -0.439327 -0.22773 0.699682 -0.439305 -0.227615
0.711211 -0.453296 -0.248495 0.711211 -0.453281 -0.248365
0.709846 -0.464189 -0.274174 0.711209 -0.464178 -0.274029
0.708247 -0.472709 -0.305423 0.709881 -0.472702 -0.305264
0.70636 -0.479412 -0.342595 0.708331 -0.479407 -0.342425
0.704117 -0.484725 -0.385526 0.70651 -0.484721 -0.38535
0.701457 -0.488971 -0.433371 0.704359 -0.488968 -0.433196
0.698259 -0.492394 -0.484561 0.701817 -0.492392 -0.484395
0.694386 -0.495179 -0.536953 0.698774 -0.495178 -0.536801
0.689666 -0.497465 -0.588151 0.695107 -0.497464 -0.588019
0.683881 -0.484768 -0.635931 0.690659 -0.499355 -0.635821
0.67676 -0.439663 -0.678611 0.68523 -0.481121 -0.678524
0.667975 -0.293221 -0.715261 0.678568 -0.412885 -0.715194
0.656505 -0.00854514 -0.745696 0.67036 -0.180208 -0.745646
0.641912 0.208312 -0.770315 0.660141 0.135404 -0.770279
0.623509 0.290835 -0.789858 0.646894 0.275785 -0.789832
0.600459 0.318604 -0.80519 0.63027 0.316111 -0.805171
0.571952 0.329575 -0.817152 0.609505 0.329575 -0.817139
0.537384 0.327981 -0.826479 0.583826 0.329572 -0.82647
0.496581 0.326114 -0.833775 0.552577 0.328021 -0.833768
0.450027 0.32391 -0.839515 0.515405 0.326211 -0.83951
0.399008 0.32129 -0.844064 0.472474 0.324085 -0.84406
0.345556 0.318184 -0.847699 0.424629 0.321573 -0.847697
0.292177 0.314449 -0.850631 0.373439 0.318604 -0.850629
0.241409 0.309927 -0.853016 0.321047 0.315051 -0.853014
0.195358 0.304415 -0.854973 0.269849 0.310769 -0.854972
0.155367 0.297659 -0.8441 0.222069 0.305574 -0.856592
0.121925 0.289343 -0.805478 0.179389 0.299234 -0.840977
0.0947977 0.279083 -0.680082 0.142739 0.291453 -0.782548
0.0732789 0.265688 -0.436317 0.112304 0.281868 -0.58331
