0.3575 -0.0835 -0.5005 0.3575 -0.0835 -0.5005
0.3575 -0.0835 -0.5005 0.3575 -0.0835 -0.5005
-0.00942046 -0.0835 -0.5005 0.3575 -0.0835 -0.5005
0.724576 -0.0835 -0.5005 0.3575 -0.0835 -0.5005
0.640965 -0.0835 -0.5005 0.3575 -0.0835 -0.5005
0.00138624 -0.0835 -0.5005 0.3575 -0.0835 -0.5005
0.00138624 -0.0835 -0.5005 0.3575 -0.0835 -0.5005
0.00138624 -0.0835 -0.5005 0.3575 -0.0835 -0.5005
0.00138624 -0.0835 -0.5005 0.3575 -0.0835 -0.5005
0.00138624 -0.0835 -0.5005 0.3575 -0.0835 -0.5005
0.00138624 -0.0835 -0.5005 0.3575 -0.0835 -0.5005
0.00138624 -0.0835 -0.5005 0.3575 -0.0835 -0.5005
0.00138624 -0.0835 -0.5005 0.3575 -0.0835 -0.5005
0.00138624 -0.0835 -0.5005 0.3575 -0.0835 -0.5005
0.00138624 -0.0835 -0.5005 0.3575 -0.0835 -0.5005
0.00138624 -0.0835 -0.5005 0.3575 -0.0835 -0.5005
0.00138624 -0.0835 -0.5005 0.3575 -0.0835 -0.5005
0.00138624 -0.0835 -0.5005 0.3575 -0.0835 -0.5005
0.00138624 -0.512002 -0.5005 0.3575 -0.0835 -0.5005
0.00138624 0.345183 -0.5005 0.3575 -0.0835 -0.5005
0.00138624 0.247539 -0.5005 0.3575 -0.0835 -0.5005
0.00138624 -0.499381 -0.5005 0.3575 -0.0835 -0.5005
0.00138624 -0.499381 -0.5005 0.3575 -0.0835 -0.5005
0.00138624 -0.499381 -0.5005 0.3575 -0.0835 -0.5005
0.00138624 -0.499381 -0.5005 0.3575 -0.0835 -0.5005
0.00138624 -0.499381 -0.5005 0.3575 -0.0835 -0.5005
0.00138624 -0.499381 -0.5005 0.3575 -0.0835 -0.5005
0.00138624 -0.499381 -0.5005 0.3575 -0.0835 -0.5005
0.711202 -0.499381 -0.5005 0.3575 -0.0835 -0.5005
0.711202 -0.499381 -0.5005 0.3575 -0.0835 -0.5005
0.711202 -0.499381 -0.5005 0.3575 -0.0835 -0.5005
0.711202 -0.499381 -0.5005 0.3575 -0.0835 -0.5005
0.711202 -0.499381 -0.5005 0.3575 -0.0835 -0.5005
0.708871 -0.499381 -0.5005 0.3575 -0.0835 -0.5005
0.705833 -0.499381 -0.86742 0.3575 -0.0835 -0.5005
0.701796 -0.499381 -0.133424 0.3575 -0.0835 -0.5005
0.696907 -0.499381 -0.217035 0.3575 -0.0835 -0.5005
0.689512 -0.499381 -0.856614 0.3575 -0.0835 -0.5005
0.679052 -0.499381 -0.856614 0.3575 -0.0835 -0.5005
0.663983 -0.499381 -0.856614 0.3575 -0.0835 -0.5005
0.642029 -0.499381 -0.856614 0.3575 -0.0835 -0.5005
0.610113 -0.499381 -0.856614 0.3575 -0.0835 -0.5005
0.56449 -0.499381 -0.856614 0.3575 -0.0835 -0.5005
0.502807 -0.499381 -0.856614 0.3575 -0.0835 -0.5005
0.425919 0.329565 -0.856614 0.3575 -0.0835 -0.5005
0.33984 0.329565 -0.856614 0.3575 -0.0835 -0.5005
0.254672 0.329565 -0.856614 0.3575 -0.0835 -0.5005
0.180379 0.329565 -0.856614 0.3575 -0.0835 -0.5005
0.122496 0.329565 -0.856614 0.3575 -0.0835 -0.5005
0.0811405 0.326843 -0.856614 0.3575 -0.0835 -0.5005
0.0531338 0.323295 -0.856614 -0.00942046 -0.0835 -0.5005
0.0345885 0.31858 -0.856614 0.724576 -0.0835 -0.5005
0.0222986 0.312871 -0.856614 0.640965 -0.0835 -0.5005
0.0140305 0.304235 -0.856614 0.00138624 -0.0835 -0.5005
0.00834383 0.292019 -0.856614 0.00138624 -0.0835 -0.5005
0.00433572 0.27442 -0.856614 0.00138624 -0.0835 -0.5005
0.00144145 0.248782 -0.856614 0.00138624 -0.0835 -0.5005
0.00143633 0.21151 -0.856614 0.00138624 -0.0835 -0.5005
0.00143152 0.158229 -0.856614 0.00138624 -0.0835 -0.5005
0.001427 0.0861944 -0.856614 0.00138624 -0.0835 -0.5005
0.00142276 -0.00359797 -0.146798 0.00138624 -0.0835 -0.5005
0.00141877 -0.104124 -0.146798 0.00138624 -0.0835 -0.5005
0.0314332 -0.203586 -0.146798 0.00138624 -0.0835 -0.5005
0.220469 -0.290348 -0.146798 0.00138624 -0.0835 -0.5005
0.581609 -0.357945 -0.146798 0.00138624 -0.0835 -0.5005
0.690535 -0.406241 -0.149129 0.00138624 -0.0835 -0.5005
0.711223 -0.438949 -0.152167 0.00138624 -0.512002 -0.5005
0.709337 -0.460606 -0.156204 0.00138624 0.345183 -0.5005
0.706996 -0.474959 -0.161093 0.00138624 0.247539 -0.5005
0.70405 -0.484615 -0.168488 0.00138624 -0.499381 -0.5005
0.700307 -0.491256 -0.178948 0.00138624 -0.499381 -0.5005
0.695509 -0.495937 -0.194017 0.00138624 -0.499381 -0.5005
0.689246 -0.499317 -0.215971 0.00138624 -0.499381 -0.5005
0.680972 -0.499323 -0.247887 0.00138624 -0.499381 -0.5005
0.669941 -0.499328 -0.29351 0.00138624 -0.499381 -0.5005
0.655159 -0.499334 -0.355193 0.00138624 -0.499381 -0.5005
0.634185 -0.499338 -0.432081 0.711202 -0.499381 -0.5005
0.605641 -0.499343 -0.51816 0.711202 -0.499381 -0.5005
0.567527 -0.464291 -0.603328 0.711202 -0.499381 -0.5005
0.518404 -0.243529 -0.677621 0.711202 -0.499381 -0.5005
0.458347 0.178222 -0.735504 0.711202 -0.499381 -0.5005
0.389809 0.305428 -0.776859 0.708871 -0.499381 -0.5005
0.317669 0.329589 -0.804866 0.705833 -0.499381 -0.86742
0.248069 0.327387 -0.823412 0.701796 -0.499381 -0.133424
0.186466 0.324652 -0.835701 0.696907 -0.499381 -0.217035
0.136031 0.321212 -0.843969 0.689512 -0.499381 -0.856614
0.0972697 0.316841 -0.849656 0.679052 -0.499381 -0.856614
0.0687797 0.311238 -0.853664 0.663983 -0.499381 -0.856614
0.0483687 0.303923 -0.856559 0.642029 -0.499381 -0.856614
0.0338829 0.294262 -0.856564 0.610113 -0.499381 -0.856614
0.0235756 0.281378 -0.856568 0.56449 -0.499381 -0.856614
0.0161655 0.264116 -0.856573 0.502807 -0.499381 -0.856614
0.0107599 0.239622 -0.856577 0.425919 0.329565 -0.856614
0.00675088 0.206287 -0.856581 0.33984 0.329565 -0.856614
0.00372706 0.161777 -0.826567 0.254672 0.329565 -0.856614
0.00140868 0.104409 -0.637531 0.180379 0.329565 -0.856614
0.0313834 0.0342723 -0.276391 0.122496 0.329565 -0.856614
0.220202 -0.045769 -0.167465 0.0811405 0.326843 -0.856614
0.581427 -0.130016 -0.146777 0.0531338 0.323295 -0.856614
0.690497 -0.211297 -0.148663 0.0345885 0.31858 -0.856614
0.711211 -0.283239 -0.151004 0.0222986 0.312871 -0.856614
0.711208 -0.342139 -0.15395 0.0140305 0.304235 -0.856614
0.709321 -0.387405 -0.157693 0.00834383 0.292019 -0.856614
0.706977 -0.420677 -0.162491 0.00433572 0.27442 -0.856614
0.704032 -0.444513 -0.168754 0.00144145 0.248782 -0.856614
0.700307 -0.46143 -0.177028 0.00143633 0.21151 -0.856614
0.695509 -0.473468 -0.188059 0.00143152 0.158229 -0.856614
0.689246 -0.482121 -0.202841 0.001427 0.0861944 -0.856614
0.680972 -0.488434 -0.223815 0.00142276 -0.00359797 -0.146798
0.669941 -0.493116 -0.252359 0.00141877 -0.104124 -0.146798
0.655026 -0.496647 -0.290473 0.0314332 -0.203586 -0.146798
0.634027 -0.499355 -0.339596 0.220469 -0.290348 -0.146798
0.605454 -0.464349 -0.399653 0.581609 -0.357945 -0.146798
0.567312 -0.243841 -0.468191 0.690535 -0.406241 -0.149129
0.518166 0.17801 -0.540331 0.711223 -0.438949 -0.152167
0.458099 0.305385 -0.609931 0.709337 -0.460606 -0.156204
0.38957 0.329575 -0.671534 0.706996 -0.474959 -0.161093
0.317458 0.329572 -0.721969 0.70405 -0.484615 -0.168488
0.247898 0.327367 -0.76073 0.700307 -0.491256 -0.178948
0.186338 0.32463 -0.78922 0.695509 -0.495937 -0.194017
0.135942 0.321191 -0.809631 0.689246 -0.499317 -0.215971
0.0972112 0.316841 -0.824117 0.680972 -0.499323 -0.247887
0.0687425 0.311238 -0.834424 0.669941 -0.499328 -0.29351
0.0483455 0.303923 -0.841834 0.655159 -0.499334 -0.355193
0.0338684 0.294262 -0.84724 0.634185 -0.499338 -0.432081
0.0235666 0.281378 -0.851249 0.605641 -0.499343 -0.51816
0.0161598 0.263961 -0.854273 0.567527 -0.464291 -0.603328
0.0107563 0.239437 -0.856591 0.518404 -0.243529 -0.677621
0.00674853 0.206068 -0.826617 0.458347 0.178222 -0.735504
0.00372552 0.161525 -0.637798 0.389809 0.305428 -0.776859
0.00140767 0.104131 -0.276573 0.317669 0.329589 -0.804866
0.0220733 0.0339833 -0.167503 0.248069 0.327387 -0.823412
0.120813 -0.0460477 -0.146789 0.186466 0.324652 -0.835701
0.421609 -0.130263 -0.146792 0.136031 0.321212 -0.843969
0.640032 -0.211497 -0.148679 0.0972697 0.316841 -0.849656
0.696341 -0.283389 -0.151023 0.0687797 0.311238 -0.853664
0.709324 -0.342243 -0.153968 0.0483687 0.303923 -0.856559
0.70698 -0.387474 -0.157693 0.0338829 0.294262 -0.856564
0.704032 -0.42072 -0.162491 0.0235756 0.281378 -0.856568
0.700315 -0.444541 -0.168754 0.0161655 0.264116 -0.856573
0.695536 -0.461447 -0.177028 0.0107599 0.239622 -0.856577
0.689319 -0.473478 -0.188059 0.00675088 0.206287 -0.856581
0.681155 -0.482128 -0.202974 0.00372706 0.161777 -0.826567
0.670368 -0.488439 -0.223973 0.00140868 0.104409 -0.637531
0.655159 -0.493119 -0.252546 0.0313834 0.0342723 -0.276391
0.634191 -0.496649 -0.290688 0.220202 -0.045769 -0.167465
0.605656 -0.499356 -0.339834 0.581427 -0.130016 -0.146777
0.567554 -0.475222 -0.399901 0.690497 -0.211297 -0.148663
0.518445 -0.35991 -0.46843 0.711211 -0.283239 -0.151004
0.458403 -0.00863091 -0.540542 0.711208 -0.342139 -0.15395
0.389876 0.24645 -0.610102 0.709321 -0.387405 -0.157693
0.317742 0.31221 -0.671662 0.706977 -0.420677 -0.162491
0.24814 0.327371 -0.722058 0.704032 -0.444513 -0.168754
0.186528 0.324634 -0.760789 0.700307 -0.46143 -0.177028
0.136082 0.321191 -0.789258 0.695509 -0.473468 -0.188059
0.097309 0.31685 -0.809654 0.689246 -0.482121 -0.202841
0.0688086 0.311269 -0.824132 0.680972 -0.488434 -0.223815
0.0483896 0.304009 -0.834433 0.669941 -0.493116 -0.252359
0.0338978 0.294474 -0.84184 0.655026 -0.496647 -0.290473
0.0235864 0.281877 -0.847244 0.634027 -0.499355 -0.339596
0.0161734 0.264116 -0.851251 0.605454 -0.464349 -0.399653
0.0107657 0.239629 -0.854274 0.567312 -0.243841 -0.468191
0.00675527 0.206304 -0.856592 0.518166 0.17801 -0.540331
0.00373041 0.161808 -0.835927 0.458099 0.305385 -0.609931
0.00141129 0.104457 -0.737187 0.38957 0.329575 -0.671534
0.0313962 0.0343373 -0.436391 0.317458 0.329572 -0.721969
0.22027 -0.0456904 -0.217968 0.247898 0.327367 -0.76073
0.581474 -0.129931 -0.161659 0.186338 0.32463 -0.78922
0.690507 -0.211214 -0.148676 0.135942 0.321191 -0.809631
0.711214 -0.283166 -0.15102 0.0972112 0.316841 -0.824117
0.709327 -0.342079 -0.153968 0.0687425 0.311238 -0.834424
0.706984 -0.387359 -0.157685 0.0483455 0.303923 -0.841834
0.704037 -0.420643 -0.162464 0.0338684 0.294262 -0.84724
0.700307 -0.444489 -0.168681 0.0235666 0.281378 -0.851249
0.695509 -0.461413 -0.176845 0.0161598 0.263961 -0.854273
0.689246 -0.473455 -0.187632 0.0107563 0.239437 -0.856591
0.680972 -0.482112 -0.202841 0.00674853 0.206068 -0.826617
0.669941 -0.488427 -0.223809 0.00372552 0.161525 -0.637798
0.655159 -0.493111 -0.252344 0.00140767 0.104131 -0.276573
0.634185 -0.496644 -0.290446 0.0220733 0.0339833 -0.167503
0.605641 -0.499352 -0.339555 0.120813 -0.0460477 -0.146789
0.567527 -0.464334 -0.399597 0.421609 -0.130263 -0.146792
0.518404 -0.243761 -0.468124 0.640032 -0.211497 -0.148679
0.458347 0.178064 -0.540258 0.696341 -0.283389 -0.151023
0.389809 0.305396 -0.60986 0.709324 -0.342243 -0.153968
0.317669 0.329579 -0.671472 0.70698 -0.387474 -0.157693
0.248069 0.327375 -0.721918 0.704032 -0.42072 -0.162491
0.186466 0.324639 -0.760691 0.700315 -0.444541 -0.168754
0.136031 0.321197 -0.789191 0.695536 -0.461447 -0.177028
0.0972697 0.316841 -0.80961 0.689319 -0.473478 -0.188059
0.0687797 0.311238 -0.824102 0.681155 -0.482128 -0.202974
0.0483687 0.303923 -0.834414 0.670368 -0.488439 -0.223973
0.0338829 0.294262 -0.841827 0.655159 -0.493119 -0.252546
0.0235756 0.281378 -0.847234 0.634191 -0.496649 -0.290688
0.0161655 0.264116 -0.851245 0.605656 -0.499356 -0.339834
0.0107599 0.239622 -0.85427 0.567554 -0.475222 -0.399901
0.00675088 0.206287 -0.856589 0.518445 -0.35991 -0.46843
0.00372706 0.161777 -0.826604 0.458403 -0.00863091 -0.540542
0.00140868 0.104409 -0.63773 0.389876 0.24645 -0.610102
0.0313834 0.0342723 -0.276526 0.317742 0.31221 -0.671662
0.220202 -0.045769 -0.167493 0.24814 0.327371 -0.722058
0.581427 -0.130016 -0.146786 0.186528 0.324634 -0.760789
0.690497 -0.211297 -0.148673 0.136082 0.321191 -0.789258
0.711211 -0.283239 -0.151016 0.097309 0.31685 -0.809654
0.711208 -0.342139 -0.153963 0.0688086 0.311269 -0.824132
0.709321 -0.387405 -0.157693 0.0483896 0.304009 -0.834433
0.706977 -0.420677 -0.162491 0.0338978 0.294474 -0.84184
0.704032 -0.444513 -0.168754 0.0235864 0.281877 -0.847244
0.700307 -0.46143 -0.177028 0.0161734 0.264116 -0.851251
0.695509 -0.473468 -0.188059 0.0107657 0.239629 -0.854274
0.689246 -0.482121 -0.202841 0.00675527 0.206304 -0.856592
0.680972 -0.488434 -0.223815 0.00373041 0.161808 -0.835927
0.669941 -0.493116 -0.252359 0.00141129 0.104457 -0.737187
0.655026 -0.496647 -0.290473 0.0313962 0.0343373 -0.436391
0.634027 -0.499355 -0.339596 0.22027 -0.0456904 -0.217968
0.605454 -0.464349 -0.399653 0.581474 -0.129931 -0.161659
0.567312 -0.243841 -0.468191 0.690507 -0.211214 -0.148676
0.518166 0.17801 -0.540331 0.711214 -0.283166 -0.15102
0.458099 0.305385 -0.609931 0.709327 -0.342079 -0.153968
0.38957 0.329575 -0.671534 0.706984 -0.387359 -0.157685
0.317458 0.329572 -0.721969 0.704037 -0.420643 -0.162464
0.247898 0.327367 -0.76073 0.700307 -0.444489 -0.168681
0.186338 0.32463 -0.78922 0.695509 -0.461413 -0.176845
0.135942 0.321191 -0.809631 0.689246 -0.473455 -0.187632
0.0972112 0.316841 -0.824117 0.680972 -0.482112 -0.202841
0.0687425 0.311238 -0.834424 0.669941 -0.488427 -0.223809
0.0483455 0.303923 -0.841834 0.655159 -0.493111 -0.252344
0.0338684 0.294262 -0.84724 0.634185 -0.496644 -0.290446
0.0235666 0.281378 -0.851249 0.605641 -0.499352 -0.339555
0.0161598 0.263961 -0.854273 0.567527 -0.464334 -0.399597
0.0107563 0.239437 -0.856591 0.518404 -0.243761 -0.468124
0.00674853 0.206068 -0.826617 0.458347 0.178064 -0.540258
0.00372552 0.161525 -0.637798 0.389809 0.305396 -0.60986
0.00140767 0.104131 -0.276573 0.317669 0.329579 -0.671472
0.0220733 0.0339833 -0.167503 0.248069 0.327375 -0.721918
0.120813 -0.0460477 -0.146789 0.186466 0.324639 -0.760691
0.421609 -0.130263 -0.146792 0.136031 0.321197 -0.789191
0.640032 -0.211497 -0.148679 0.0972697 0.316841 -0.80961
0.696341 -0.283389 -0.151023 0.0687797 0.311238 -0.824102
0.709324 -0.342243 -0.153968 0.0483687 0.303923 -0.834414
0.70698 -0.387474 -0.157693 0.0338829 0.294262 -0.841827
0.704032 -0.42072 -0.162491 0.0235756 0.281378 -0.847234
0.700315 -0.444541 -0.168754 0.0161655 0.264116 -0.851245
0.695536 -0.461447 -0.177028 0.0107599 0.239622 -0.85427
0.689319 -0.473478 -0.188059 0.00675088 0.206287 -0.856589
0.681155 -0.482128 -0.202974 0.00372706 0.161777 -0.826604
0.670368 -0.488439 -0.223973 0.00140868 0.104409 -0.63773
0.655159 -0.493119 -0.252546 0.0313834 0.0342723 -0.276526
0.634191 -0.496649 -0.290688 0.220202 -0.045769 -0.167493
0.605656 -0.499356 -0.339834 0.581427 -0.130016 -0.146786
0.567554 -0.475222 -0.399901 0.690497 -0.211297 -0.148673
0.518445 -0.35991 -0.46843 0.711211 -0.283239 -0.151016
0.458403 -0.00863091 -0.540542 0.711208 -0.342139 -0.153963
0.389876 0.24645 -0.610102 0.709321 -0.387405 -0.157693
0.317742 0.31221 -0.671662 0.706977 -0.420677 -0.162491
0.24814 0.327371 -0.722058 0.704032 -0.444513 -0.168754
0.186528 0.324634 -0.760789 0.700307 -0.46143 -0.177028
0.136082 0.321191 -0.789258 0.695509 -0.473468 -0.188059
0.097309 0.31685 -0.809654 0.689246 -0.482121 -0.202841
0.0688086 0.311269 -0.824132 0.680972 -0.488434 -0.223815
0.0483896 0.304009 -0.834433 0.669941 -0.493116 -0.252359
0.0338978 0.294474 -0.84184 0.655026 -0.496647 -0.290473
0.0235864 0.281877 -0.847244 0.634027 -0.499355 -0.339596
0.0161734 0.264116 -0.851251 0.605454 -0.464349 -0.399653
0.0107657 0.239629 -0.854274 0.567312 -0.243841 -0.468191
0.00675527 0.206304 -0.856592 0.518166 0.17801 -0.540331
0.00373041 0.161808 -0.835927 0.458099 0.305385 -0.609931
0.00141129 0.104457 -0.737187 0.38957 0.329575 -0.671534
0.0313962 0.0343373 -0.436391 0.317458 0.329572 -0.721969
0.22027 -0.0456904 -0.217968 0.247898 0.327367 -0.76073
0.581474 -0.129931 -0.161659 0.186338 0.32463 -0.78922
0.690507 -0.211214 -0.148676 0.135942 0.321191 -0.809631
0.711214 -0.283166 -0.15102 0.0972112 0.316841 -0.824117
0.709327 -0.342079 -0.153968 0.0687425 0.311238 -0.834424
0.706984 -0.387359 -0.157685 0.0483455 0.303923 -0.841834
0.704037 -0.420643 -0.162464 0.0338684 0.294262 -0.84724
0.700307 -0.444489 -0.168681 0.0235666 0.281378 -0.851249
0.695509 -0.461413 -0.176845 0.0161598 0.263961 -0.854273
0.689246 -0.473455 -0.187632 0.0107563 0.239437 -0.856591
0.680972 -0.482112 -0.202841 0.00674853 0.206068 -0.826617
0.669941 -0.488427 -0.223809 0.00372552 0.161525 -0.637798
0.655159 -0.493111 -0.252344 0.00140767 0.104131 -0.276573
0.634185 -0.496644 -0.290446 0.0220733 0.0339833 -0.167503
0.605641 -0.499352 -0.339555 0.120813 -0.0460477 -0.146789
0.567527 -0.464334 -0.399597 0.421609 -0.130263 -0.146792
0.518404 -0.243761 -0.468124 0.640032 -0.211497 -0.148679
0.458347 0.178064 -0.540258 0.696341 -0.283389 -0.151023
0.389809 0.305396 -0.60986 0.709324 -0.342243 -0.153968
0.317669 0.329579 -0.671472 0.70698 -0.387474 -0.157693
0.248069 0.327375 -0.721918 0.704032 -0.42072 -0.162491
0.186466 0.324639 -0.760691 0.700315 -0.444541 -0.168754
0.136031 0.321197 -0.789191 0.695536 -0.461447 -0.177028
0.0972697 0.316841 -0.80961 0.689319 -0.473478 -0.188059
0.0687797 0.311238 -0.824102 0.681155 -0.482128 -0.202974
0.0483687 0.303923 -0.834414 0.670368 -0.488439 -0.223973
0.0338829 0.294262 -0.841827 0.655159 -0.493119 -0.252546
0.0235756 0.281378 -0.847234 0.634191 -0.496649 -0.290688
0.0161655 0.264116 -0.851245 0.605656 -0.499356 -0.339834
0.0107599 0.239622 -0.85427 0.567554 -0.475222 -0.399901
0.00675088 0.206287 -0.856589 0.518445 -0.35991 -0.46843
0.00372706 0.161777 -0.826604 0.458403 -0.00863091 -0.540542
0.00140868 0.104409 -0.63773 0.389876 0.24645 -0.610102
0.0313834 0.0342723 -0.276526 0.317742 0.31221 -0.671662
0.220202 -0.045769 -0.167493 0.24814 0.327371 -0.722058
0.581427 -0.130016 -0.146786 0.186528 0.324634 -0.760789
0.690497 -0.211297 -0.148673 0.136082 0.321191 -0.789258
0.711211 -0.283239 -0.151016 0.097309 0.31685 -0.809654
0.711208 -0.342139 -0.153963 0.0688086 0.311269 -0.824132
0.709321 -0.387405 -0.157693 0.0483896 0.304009 -0.834433
0.706977 -0.420677 -0.162491 0.0338978 0.294474 -0.84184
0.704032 -0.444513 -0.168754 0.0235864 0.281877 -0.847244
0.700307 -0.46143 -0.177028 0.0161734 0.264116 -0.851251
0.695509 -0.473468 -0.188059 0.0107657 0.239629 -0.854274
0.689246 -0.482121 -0.202841 0.00675527 0.206304 -0.856592
0.680972 -0.488434 -0.223815 0.00373041 0.161808 -0.835927
0.669941 -0.493116 -0.252359 0.00141129 0.104457 -0.737187
0.655026 -0.496647 -0.290473 0.0313962 0.0343373 -0.436391
0.634027 -0.499355 -0.339596 0.22027 -0.0456904 -0.217968
0.605454 -0.464349 -0.399653 0.581474 -0.129931 -0.161659
0.567312 -0.243841 -0.468191 0.690507 -0.211214 -0.148676
0.518166 0.17801 -0.540331 0.711214 -0.283166 -0.15102
0.458099 0.305385 -0.609931 0.709327 -0.342079 -0.153968
0.38957 0.329575 -0.671534 0.706984 -0.387359 -0.157685
0.317458 0.329572 -0.721969 0.704037 -0.420643 -0.162464
0.247898 0.327367 -0.76073 0.700307 -0.444489 -0.168681
0.186338 0.32463 -0.78922 0.695509 -0.461413 -0.176845
0.135942 0.321191 -0.809631 0.689246 -0.473455 -0.187632
0.0972112 0.316841 -0.824117 0.680972 -0.482112 -0.202841
0.0687425 0.311238 -0.834424 0.669941 -0.488427 -0.223809
0.0483455 0.303923 -0.841834 0.655159 -0.493111 -0.252344
0.0338684 0.294262 -0.84724 0.634185 -0.496644 -0.290446
0.0235666 0.281378 -0.851249 0.605641 -0.499352 -0.339555
0.0161598 0.263961 -0.854273 0.567527 -0.464334 -0.399597
0.0107563 0.239437 -0.856591 0.518404 -0.243761 -0.468124
0.00674853 0.206068 -0.826617 0.458347 0.178064 -0.540258
0.00372552 0.161525 -0.637798 0.389809 0.305396 -0.60986
0.00140767 0.104131 -0.276573 0.317669 0.329579 -0.671472
0.0220733 0.0339833 -0.167503 0.248069 0.327375 -0.721918
0.120813 -0.0460477 -0.146789 0.186466 0.324639 -0.760691
0.421609 -0.130263 -0.146792 0.136031 0.321197 -0.789191
0.640032 -0.211497 -0.148679 0.0972697 0.316841 -0.80961
0.696341 -0.283389 -0.151023 0.0687797 0.311238 -0.824102
0.709324 -0.342243 -0.153968 0.0483687 0.303923 -0.834414
0.70698 -0.387474 -0.157693 0.0338829 0.294262 -0.841827
0.704032 -0.42072 -0.162491 0.0235756 0.281378 -0.847234
0.700315 -0.444541 -0.168754 0.0161655 0.264116 -0.851245
0.695536 -0.461447 -0.177028 0.0107599 0.239622 -0.85427
0.689319 -0.473478 -0.188059 0.00675088 0.206287 -0.856589
0.681155 -0.482128 -0.202974 0.00372706 0.161777 -0.826604
0.670368 -0.488439 -0.223973 0.00140868 0.104409 -0.63773
0.655159 -0.493119 -0.252546 0.0313834 0.0342723 -0.276526
0.634191 -0.496649 -0.290688 0.220202 -0.045769 -0.167493
0.605656 -0.499356 -0.339834 0.581427 -0.130016 -0.146786
0.567554 -0.475222 -0.399901 0.690497 -0.211297 -0.148673
0.518445 -0.35991 -0.46843 0.711211 -0.283239 -0.151016
0.458403 -0.00863091 -0.540542 0.711208 -0.342139 -0.153963
0.389876 0.24645 -0.610102 0.709321 -0.387405 -0.157693
0.317742 0.31221 -0.671662 0.706977 -0.420677 -0.162491
0.24814 0.327371 -0.722058 0.704032 -0.444513 -0.168754
0.186528 0.324634 -0.760789 0.700307 -0.46143 -0.177028
0.136082 0.321191 -0.789258 0.695509 -0.473468 -0.188059
0.097309 0.31685 -0.809654 0.689246 -0.482121 -0.202841
0.0688086 0.311269 -0.824132 0.680972 -0.488434 -0.223815
0.0483896 0.304009 -0.834433 0.669941 -0.493116 -0.252359
0.0338978 0.294474 -0.84184 0.655026 -0.496647 -0.290473
0.0235864 0.281877 -0.847244 0.634027 -0.499355 -0.339596
0.0161734 0.264116 -0.851251 0.605454 -0.464349 -0.399653
0.0107657 0.239629 -0.854274 0.567312 -0.243841 -0.468191
0.00675527 0.206304 -0.856592 0.518166 0.17801 -0.540331
0.00373041 0.161808 -0.835927 0.458099 0.305385 -0.609931
0.00141129 0.104457 -0.737187 0.38957 0.329575 -0.671534
0.0313962 0.0343373 -0.436391 0.317458 0.329572 -0.721969
0.22027 -0.0456904 -0.217968 0.247898 0.327367 -0.76073
0.581474 -0.129931 -0.161659 0.186338 0.32463 -0.78922
0.690507 -0.211214 -0.148676 0.135942 0.321191 -0.809631
0.711214 -0.283166 -0.15102 0.0972112 0.316841 -0.824117
0.709327 -0.342079 -0.153968 0.0687425 0.311238 -0.834424
0.706984 -0.387359 -0.157685 0.0483455 0.303923 -0.841834
0.704037 -0.420643 -0.162464 0.0338684 0.294262 -0.84724
0.700307 -0.444489 -0.168681 0.0235666 0.281378 -0.851249
0.695509 -0.461413 -0.176845 0.0161598 0.263961 -0.854273
0.689246 -0.473455 -0.187632 0.0107563 0.239437 -0.856591
0.680972 -0.482112 -0.202841 0.00674853 0.206068 -0.826617
0.669941 -0.488427 -0.223809 0.00372552 0.161525 -0.637798
0.655159 -0.493111 -0.252344 0.00140767 0.104131 -0.276573
0.634185 -0.496644 -0.290446 0.0220733 0.0339833 -0.167503
0.605641 -0.499352 -0.339555 0.120813 -0.0460477 -0.146789
0.567527 -0.464334 -0.399597 0.421609 -0.130263 -0.146792
0.518404 -0.243761 -0.468124 0.640032 -0.211497 -0.148679
0.458347 0.178064 -0.540258 0.696341 -0.283389 -0.151023
0.389809 0.305396 -0.60986 0.709324 -0.342243 -0.153968
0.317669 0.329579 -0.671472 0.70698 -0.387474 -0.157693
0.248069 0.327375 -0.721918 0.704032 -0.42072 -0.162491
0.186466 0.324639 -0.760691 0.700315 -0.444541 -0.168754
0.136031 0.321197 -0.789191 0.695536 -0.461447 -0.177028
0.0972697 0.316841 -0.80961 0.689319 -0.473478 -0.188059
0.0687797 0.311238 -0.824102 0.681155 -0.482128 -0.202974
0.0483687 0.303923 -0.834414 0.670368 -0.488439 -0.223973
0.0338829 0.294262 -0.841827 0.655159 -0.493119 -0.252546
0.0235756 0.281378 -0.847234 0.634191 -0.496649 -0.290688
0.0161655 0.264116 -0.851245 0.605656 -0.499356 -0.339834
0.0107599 0.239622 -0.85427 0.567554 -0.475222 -0.399901
0.00675088 0.206287 -0.856589 0.518445 -0.35991 -0.46843
0.00372706 0.161777 -0.826604 0.458403 -0.00863091 -0.540542
0.00140868 0.104409 -0.63773 0.389876 0.24645 -0.610102
0.0313834 0.0342723 -0.276526 0.317742 0.31221 -0.671662
0.220202 -0.045769 -0.167493 0.24814 0.327371 -0.722058
0.581427 -0.130016 -0.146786 0.186528 0.324634 -0.760789
0.690497 -0.211297 -0.148673 0.136082 0.321191 -0.789258
0.711211 -0.283239 -0.151016 0.097309 0.31685 -0.809654
0.711208 -0.342139 -0.153963 0.0688086 0.311269 -0.824132
0.709321 -0.387405 -0.157693 0.0483896 0.304009 -0.834433
0.706977 -0.420677 -0.162491 0.0338978 0.294474 -0.84184
0.704032 -0.444513 -0.168754 0.0235864 0.281877 -0.847244
0.700307 -0.46143 -0.177028 0.0161734 0.264116 -0.851251
0.695509 -0.473468 -0.188059 0.0107657 0.239629 -0.854274
0.689246 -0.482121 -0.202841 0.00675527 0.206304 -0.856592
0.680972 -0.488434 -0.223815 0.00373041 0.161808 -0.835927
0.669941 -0.493116 -0.252359 0.00141129 0.104457 -0.737187
0.655026 -0.496647 -0.290473 0.0313962 0.0343373 -0.436391
0.634027 -0.499355 -0.339596 0.22027 -0.0456904 -0.217968
0.605454 -0.464349 -0.399653 0.581474 -0.129931 -0.161659
0.567312 -0.243841 -0.468191 0.690507 -0.211214 -0.148676
0.518166 0.17801 -0.540331 0.711214 -0.283166 -0.15102
0.458099 0.305385 -0.609931 0.709327 -0.342079 -0.153968
0.38957 0.329575 -0.671534 0.706984 -0.387359 -0.157685
0.317458 0.329572 -0.721969 0.704037 -0.420643 -0.162464
0.247898 0.327367 -0.76073 0.700307 -0.444489 -0.168681
0.186338 0.32463 -0.78922 0.695509 -0.461413 -0.176845
0.135942 0.321191 -0.809631 0.689246 -0.473455 -0.187632
0.0972112 0.316841 -0.824117 0.680972 -0.482112 -0.202841
0.0687425 0.311238 -0.834424 0.669941 -0.488427 -0.223809
0.0483455 0.303923 -0.841834 0.655159 -0.493111 -0.252344
0.0338684 0.294262 -0.84724 0.634185 -0.496644 -0.290446
0.0235666 0.281378 -0.851249 0.605641 -0.499352 -0.339555
0.0161598 0.263961 -0.854273 0.567527 -0.464334 -0.399597
0.0107563 0.239437 -0.856591 0.518404 -0.243761 -0.468124
0.00674853 0.206068 -0.826617 0.458347 0.178064 -0.540258
0.00372552 0.161525 -0.637798 0.389809 0.305396 -0.60986
0.00140767 0.104131 -0.276573 0.317669 0.329579 -0.671472
0.0220733 0.0339833 -0.167503 0.248069 0.327375 -0.721918
0.120813 -0.0460477 -0.146789 0.186466 0.324639 -0.760691
0.421609 -0.130263 -0.146792 0.136031 0.321197 -0.789191
0.640032 -0.211497 -0.148679 0.0972697 0.316841 -0.80961
0.696341 -0.283389 -0.151023 0.0687797 0.311238 -0.824102
0.709324 -0.342243 -0.153968 0.0483687 0.303923 -0.834414
0.70698 -0.387474 -0.157693 0.0338829 0.294262 -0.841827
0.704032 -0.42072 -0.162491 0.0235756 0.281378 -0.847234
0.700315 -0.444541 -0.168754 0.0161655 0.264116 -0.851245
0.695536 -0.461447 -0.177028 0.0107599 0.239622 -0.85427
0.689319 -0.473478 -0.188059 0.00675088 0.206287 -0.856589
0.681155 -0.482128 -0.202974 0.00372706 0.161777 -0.826604
0.670368 -0.488439 -0.223973 0.00140868 0.104409 -0.63773
0.655159 -0.493119 -0.252546 0.0313834 0.0342723 -0.276526
0.634191 -0.496649 -0.290688 0.220202 -0.045769 -0.167493
0.605656 -0.499356 -0.339834 0.581427 -0.130016 -0.146786
0.567554 -0.475222 -0.399901 0.690497 -0.211297 -0.148673
0.518445 -0.35991 -0.46843 0.711211 -0.283239 -0.151016
0.458403 -0.00863091 -0.540542 0.711208 -0.342139 -0.153963
0.389876 0.24645 -0.610102 0.709321 -0.387405 -0.157693
0.317742 0.31221 -0.671662 0.706977 -0.420677 -0.162491
0.24814 0.327371 -0.722058 0.704032 -0.444513 -0.168754
0.186528 0.324634 -0.760789 0.700307 -0.46143 -0.177028
0.136082 0.321191 -0.789258 0.695509 -0.473468 -0.188059
0.097309 0.31685 -0.809654 0.689246 -0.482121 -0.202841
0.0688086 0.311269 -0.824132 0.680972 -0.488434 -0.223815
0.0483896 0.304009 -0.834433 0.669941 -0.493116 -0.252359
0.0338978 0.294474 -0.84184 0.655026 -0.496647 -0.290473
0.0235864 0.281877 -0.847244 0.634027 -0.499355 -0.339596
0.0161734 0.264116 -0.851251 0.605454 -0.464349 -0.399653
0.0107657 0.239629 -0.854274 0.567312 -0.243841 -0.468191
0.00675527 0.206304 -0.856592 0.518166 0.17801 -0.540331
0.00373041 0.161808 -0.835927 0.458099 0.305385 -0.609931
0.00141129 0.104457 -0.737187 0.38957 0.329575 -0.671534
0.0313962 0.0343373 -0.436391 0.317458 0.329572 -0.721969
0.22027 -0.0456904 -0.217968 0.247898 0.327367 -0.76073
0.581474 -0.129931 -0.161659 0.186338 0.32463 -0.78922
0.690507 -0.211214 -0.148676 0.135942 0.321191 -0.809631
0.711214 -0.283166 -0.15102 0.0972112 0.316841 -0.824117
0.709327 -0.342079 -0.153968 0.0687425 0.311238 -0.834424
0.706984 -0.387359 -0.157685 0.0483455 0.303923 -0.841834
0.704037 -0.420643 -0.162464 0.0338684 0.294262 -0.84724
0.700307 -0.444489 -0.168681 0.0235666 0.281378 -0.851249
0.695509 -0.461413 -0.176845 0.0161598 0.263961 -0.854273
0.689246 -0.473455 -0.187632 0.0107563 0.239437 -0.856591
0.680972 -0.482112 -0.202841 0.00674853 0.206068 -0.826617
0.669941 -0.488427 -0.223809 0.00372552 0.161525 -0.637798
0.655159 -0.493111 -0.252344 0.00140767 0.104131 -0.276573
0.634185 -0.496644 -0.290446 0.0220733 0.0339833 -0.167503
0.605641 -0.499352 -0.339555 0.120813 -0.0460477 -0.146789
0.567527 -0.464334 -0.399597 0.421609 -0.130263 -0.146792
0.518404 -0.243761 -0.468124 0.640032 -0.211497 -0.148679
0.458347 0.178064 -0.540258 0.696341 -0.283389 -0.151023
0.389809 0.305396 -0.60986 0.709324 -0.342243 -0.153968
0.317669 0.329579 -0.671472 0.70698 -0.387474 -0.157693
0.248069 0.327375 -0.721918 0.704032 -0.42072 -0.162491
0.186466 0.324639 -0.760691 0.700315 -0.444541 -0.168754
0.136031 0.321197 -0.789191 0.695536 -0.461447 -0.177028
0.0972697 0.316841 -0.80961 0.689319 -0.473478 -0.188059
0.0687797 0.311238 -0.824102 0.681155 -0.482128 -0.202974
0.0483687 0.303923 -0.834414 0.670368 -0.488439 -0.223973
0.0338829 0.294262 -0.841827 0.655159 -0.493119 -0.252546
0.0235756 0.281378 -0.847234 0.634191 -0.496649 -0.290688
0.0161655 0.264116 -0.851245 0.605656 -0.499356 -0.339834
0.0107599 0.239622 -0.85427 0.567554 -0.475222 -0.399901
0.00675088 0.206287 -0.856589 0.518445 -0.35991 -0.46843
0.00372706 0.161777 -0.826604 0.458403 -0.00863091 -0.540542
0.00140868 0.104409 -0.63773 0.389876 0.24645 -0.610102
0.0313834 0.0342723 -0.276526 0.317742 0.31221 -0.671662
0.220202 -0.045769 -0.167493 0.24814 0.327371 -0.722058
0.581427 -0.130016 -0.146786 0.186528 0.324634 -0.760789
0.690497 -0.211297 -0.148673 0.136082 0.321191 -0.789258
0.711211 -0.283239 -0.151016 0.097309 0.31685 -0.809654
0.711208 -0.342139 -0.153963 0.0688086 0.311269 -0.824132
0.709321 -0.387405 -0.157693 0.0483896 0.304009 -0.834433
0.706977 -0.420677 -0.162491 0.0338978 0.294474 -0.84184
0.704032 -0.444513 -0.168754 0.0235864 0.281877 -0.847244
0.700307 -0.46143 -0.177028 0.0161734 0.264116 -0.851251
0.695509 -0.473468 -0.188059 0.0107657 0.239629 -0.854274
0.689246 -0.482121 -0.202841 0.00675527 0.206304 -0.856592
0.680972 -0.488434 -0.223815 0.00373041 0.161808 -0.835927
0.669941 -0.493116 -0.252359 0.00141129 0.104457 -0.737187
0.655026 -0.496647 -0.290473 0.0313962 0.0343373 -0.436391
0.634027 -0.499355 -0.339596 0.22027 -0.0456904 -0.217968
0.605454 -0.464349 -0.399653 0.581474 -0.129931 -0.161659
0.567312 -0.243841 -0.468191 0.690507 -0.211214 -0.148676
0.518166 0.17801 -0.540331 0.711214 -0.283166 -0.15102
0.458099 0.305385 -0.609931 0.709327 -0.342079 -0.153968
0.38957 0.329575 -0.671534 0.706984 -0.387359 -0.157685
0.317458 0.329572 -0.721969 0.704037 -0.420643 -0.162464
0.247898 0.327367 -0.76073 0.700307 -0.444489 -0.168681
0.186338 0.32463 -0.78922 0.695509 -0.461413 -0.176845
0.135942 0.321191 -0.809631 0.689246 -0.473455 -0.187632
0.0972112 0.316841 -0.824117 0.680972 -0.482112 -0.202841
0.0687425 0.311238 -0.834424 0.669941 -0.488427 -0.223809
0.0483455 0.303923 -0.841834 0.655159 -0.493111 -0.252344
0.0338684 0.294262 -0.84724 0.634185 -0.496644 -0.290446
0.0235666 0.281378 -0.851249 0.605641 -0.499352 -0.339555
0.0161598 0.263961 -0.854273 0.567527 -0.464334 -0.399597
0.0107563 0.239437 -0.856591 0.518404 -0.243761 -0.468124
0.00674853 0.206068 -0.826617 0.458347 0.178064 -0.540258
0.00372552 0.161525 -0.637798 0.389809 0.305396 -0.60986
0.00140767 0.104131 -0.276573 0.317669 0.329579 -0.671472
0.0220733 0.0339833 -0.167503 0.248069 0.327375 -0.721918
0.120813 -0.0460477 -0.146789 0.186466 0.324639 -0.760691
0.421609 -0.130263 -0.146792 0.136031 0.321197 -0.789191
0.640032 -0.211497 -0.148679 0.0972697 0.316841 -0.80961
0.696341 -0.283389 -0.151023 0.0687797 0.311238 -0.824102
0.709324 -0.342243 -0.153968 0.0483687 0.303923 -0.834414
0.70698 -0.387474 -0.157693 0.0338829 0.294262 -0.841827
0.704032 -0.42072 -0.162491 0.0235756 0.281378 -0.847234
0.700315 -0.444541 -0.168754 0.0161655 0.264116 -0.851245
0.695536 -0.461447 -0.177028 0.0107599 0.239622 -0.85427
0.689319 -0.473478 -0.188059 0.00675088 0.206287 -0.856589
0.681155 -0.482128 -0.202974 0.00372706 0.161777 -0.826604
0.670368 -0.488439 -0.223973 0.00140868 0.104409 -0.63773
0.655159 -0.493119 -0.252546 0.0313834 0.0342723 -0.276526
0.634191 -0.496649 -0.290688 0.220202 -0.045769 -0.167493
0.605656 -0.499356 -0.339834 0.581427 -0.130016 -0.146786
0.567554 -0.475222 -0.399901 0.690497 -0.211297 -0.148673
0.518445 -0.35991 -0.46843 0.711211 -0.283239 -0.151016
0.458403 -0.00863091 -0.540542 0.711208 -0.342139 -0.153963
0.389876 0.24645 -0.610102 0.709321 -0.387405 -0.157693
0.317742 0.31221 -0.671662 0.706977 -0.420677 -0.162491
0.24814 0.327371 -0.722058 0.704032 -0.444513 -0.168754
0.186528 0.324634 -0.760789 0.700307 -0.46143 -0.177028
0.136082 0.321191 -0.789258 0.695509 -0.473468 -0.188059
0.097309 0.31685 -0.809654 0.689246 -0.482121 -0.202841
0.0688086 0.311269 -0.824132 0.680972 -0.488434 -0.223815
0.0483896 0.304009 -0.834433 0.669941 -0.493116 -0.252359
0.0338978 0.294474 -0.84184 0.655026 -0.496647 -0.290473
0.0235864 0.281877 -0.847244 0.634027 -0.499355 -0.339596
0.0161734 0.264116 -0.851251 0.605454 -0.464349 -0.399653
0.0107657 0.239629 -0.854274 0.567312 -0.243841 -0.468191
0.00675527 0.206304 -0.856592 0.518166 0.17801 -0.540331
0.00373041 0.161808 -0.835927 0.458099 0.305385 -0.609931
0.00141129 0.104457 -0.737187 0.38957 0.329575 -0.671534
0.0313962 0.0343373 -0.436391 0.317458 0.329572 -0.721969
0.22027 -0.0456904 -0.217968 0.247898 0.327367 -0.76073
0.581474 -0.129931 -0.161659 0.186338 0.32463 -0.78922
0.690507 -0.211214 -0.148676 0.135942 0.321191 -0.809631
0.711214 -0.283166 -0.15102 0.0972112 0.316841 -0.824117
0.709327 -0.342079 -0.153968 0.0687425 0.311238 -0.834424
0.706984 -0.387359 -0.157685 0.0483455 0.303923 -0.841834
0.704037 -0.420643 -0.162464 0.0338684 0.294262 -0.84724
0.700307 -0.444489 -0.168681 0.0235666 0.281378 -0.851249
0.695509 -0.461413 -0.176845 0.0161598 0.263961 -0.854273
0.689246 -0.473455 -0.187632 0.0107563 0.239437 -0.856591
0.680972 -0.482112 -0.202841 0.00674853 0.206068 -0.826617
0.669941 -0.488427 -0.223809 0.00372552 0.161525 -0.637798
0.655159 -0.493111 -0.252344 0.00140767 0.104131 -0.276573
0.634185 -0.496644 -0.290446 0.0220733 0.0339833 -0.167503
0.605641 -0.499352 -0.339555 0.120813 -0.0460477 -0.146789
0.567527 -0.464334 -0.399597 0.421609 -0.130263 -0.146792
0.518404 -0.243761 -0.468124 0.640032 -0.211497 -0.148679
0.458347 0.178064 -0.540258 0.696341 -0.283389 -0.151023
0.389809 0.305396 -0.60986 0.709324 -0.342243 -0.153968
0.317669 0.329579 -0.671472 0.70698 -0.387474 -0.157693
0.248069 0.327375 -0.721918 0.704032 -0.42072 -0.162491
0.186466 0.324639 -0.760691 0.700315 -0.444541 -0.168754
0.136031 0.321197 -0.789191 0.695536 -0.461447 -0.177028
0.0972697 0.316841 -0.80961 0.689319 -0.473478 -0.188059
0.0687797 0.311238 -0.824102 0.681155 -0.482128 -0.202974
0.0483687 0.303923 -0.834414 0.670368 -0.488439 -0.223973
0.0338829 0.294262 -0.841827 0.655159 -0.493119 -0.252546
0.0235756 0.281378 -0.847234 0.634191 -0.496649 -0.290688
0.0161655 0.264116 -0.851245 0.605656 -0.499356 -0.339834
0.0107599 0.239622 -0.85427 0.567554 -0.475222 -0.399901
0.00675088 0.206287 -0.856589 0.518445 -0.35991 -0.46843
0.00372706 0.161777 -0.826604 0.458403 -0.00863091 -0.540542
0.00140868 0.104409 -0.63773 0.389876 0.24645 -0.610102
0.0313834 0.0342723 -0.276526 0.317742 0.31221 -0.671662
0.220202 -0.045769 -0.167493 0.24814 0.327371 -0.722058
0.581427 -0.130016 -0.146786 0.186528 0.324634 -0.760789
0.690497 -0.211297 -0.148673 0.136082 0.321191 -0.789258
0.711211 -0.283239 -0.151016 0.097309 0.31685 -0.809654
0.711208 -0.342139 -0.153963 0.0688086 0.311269 -0.824132
0.709321 -0.387405 -0.157693 0.0483896 0.304009 -0.834433
0.706977 -0.420677 -0.162491 0.0338978 0.294474 -0.84184
0.704032 -0.444513 -0.168754 0.0235864 0.281877 -0.847244
0.700307 -0.46143 -0.177028 0.0161734 0.264116 -0.851251
0.695509 -0.473468 -0.188059 0.0107657 0.239629 -0.854274
0.689246 -0.482121 -0.202841 0.00675527 0.206304 -0.856592
0.680972 -0.488434 -0.223815 0.00373041 0.161808 -0.835927
0.669941 -0.493116 -0.252359 0.00141129 0.104457 -0.737187
0.655026 -0.496647 -0.290473 0.0313962 0.0343373 -0.436391
0.634027 -0.499355 -0.339596 0.22027 -0.0456904 -0.217968
0.605454 -0.464349 -0.399653 0.581474 -0.129931 -0.161659
0.567312 -0.243841 -0.468191 0.690507 -0.211214 -0.148676
0.518166 0.17801 -0.540331 0.711214 -0.283166 -0.15102
0.458099 0.305385 -0.609931 0.709327 -0.342079 -0.153968
0.38957 0.329575 -0.671534 0.706984 -0.387359 -0.157685
0.317458 0.329572 -0.721969 0.704037 -0.420643 -0.162464
0.247898 0.327367 -0.76073 0.700307 -0.444489 -0.168681
0.186338 0.32463 -0.78922 0.695509 -0.461413 -0.176845
0.135942 0.321191 -0.809631 0.689246 -0.473455 -0.187632
0.0972112 0.316841 -0.824117 0.680972 -0.482112 -0.202841
0.0687425 0.311238 -0.834424 0.669941 -0.488427 -0.223809
0.0483455 0.303923 -0.841834 0.655159 -0.493111 -0.252344
0.0338684 0.294262 -0.84724 0.634185 -0.496644 -0.290446
0.0235666 0.281378 -0.851249 0.605641 -0.499352 -0.339555
0.0161598 0.263961 -0.854273 0.567527 -0.464334 -0.399597
0.0107563 0.239437 -0.856591 0.518404 -0.243761 -0.468124
0.00674853 0.206068 -0.826617 0.458347 0.178064 -0.540258
0.00372552 0.161525 -0.637798 0.389809 0.305396 -0.60986
0.00140767 0.104131 -0.276573 0.317669 0.329579 -0.671472
0.0220733 0.0339833 -0.167503 0.248069 0.327375 -0.721918
0.120813 -0.0460477 -0.146789 0.186466 0.324639 -0.760691
0.421609 -0.130263 -0.146792 0.136031 0.321197 -0.789191
0.640032 -0.211497 -0.148679 0.0972697 0.316841 -0.80961
0.696341 -0.283389 -0.151023 0.0687797 0.311238 -0.824102
0.709324 -0.342243 -0.153968 0.0483687 0.303923 -0.834414
0.70698 -0.387474 -0.157693 0.0338829 0.294262 -0.841827
0.704032 -0.42072 -0.162491 0.0235756 0.281378 -0.847234
0.700315 -0.444541 -0.168754 0.0161655 0.264116 -0.851245
0.695536 -0.461447 -0.177028 0.0107599 0.239622 -0.85427
0.689319 -0.473478 -0.188059 0.00675088 0.206287 -0.856589
0.681155 -0.482128 -0.202974 0.00372706 0.161777 -0.826604
0.670368 -0.488439 -0.223973 0.00140868 0.104409 -0.63773
0.655159 -0.493119 -0.252546 0.0313834 0.0342723 -0.276526
0.634191 -0.496649 -0.290688 0.220202 -0.045769 -0.167493
0.605656 -0.499356 -0.339834 0.581427 -0.130016 -0.146786
0.567554 -0.475222 -0.399901 0.690497 -0.211297 -0.148673
0.518445 -0.35991 -0.46843 0.711211 -0.283239 -0.151016
0.458403 -0.00863091 -0.540542 0.711208 -0.342139 -0.153963
0.389876 0.24645 -0.610102 0.709321 -0.387405 -0.157693
0.317742 0.31221 -0.671662 0.706977 -0.420677 -0.162491
0.24814 0.327371 -0.722058 0.704032 -0.444513 -0.168754
0.186528 0.324634 -0.760789 0.700307 -0.46143 -0.177028
0.136082 0.321191 -0.789258 0.695509 -0.473468 -0.188059
0.097309 0.31685 -0.809654 0.689246 -0.482121 -0.202841
0.0688086 0.311269 -0.824132 0.680972 -0.488434 -0.223815
0.0483896 0.304009 -0.834433 0.669941 -0.493116 -0.252359
0.0338978 0.294474 -0.84184 0.655026 -0.496647 -0.290473
0.0235864 0.281877 -0.847244 0.634027 -0.499355 -0.339596
0.0161734 0.264116 -0.851251 0.605454 -0.464349 -0.399653
0.0107657 0.239629 -0.854274 0.567312 -0.243841 -0.468191
0.00675527 0.206304 -0.856592 0.518166 0.17801 -0.540331
0.00373041 0.161808 -0.835927 0.458099 0.305385 -0.609931
0.00141129 0.104457 -0.737187 0.38957 0.329575 -0.671534
0.0313962 0.0343373 -0.436391 0.317458 0.329572 -0.721969
0.22027 -0.0456904 -0.217968 0.247898 0.327367 -0.76073
0.581474 -0.129931 -0.161659 0.186338 0.32463 -0.78922
0.690507 -0.211214 -0.148676 0.135942 0.321191 -0.809631
0.711214 -0.283166 -0.15102 0.0972112 0.316841 -0.824117
0.709327 -0.342079 -0.153968 0.0687425 0.311238 -0.834424
0.706984 -0.387359 -0.157685 0.0483455 0.303923 -0.841834
0.704037 -0.420643 -0.162464 0.0338684 0.294262 -0.84724
0.700307 -0.444489 -0.168681 0.0235666 0.281378 -0.851249
0.695509 -0.461413 -0.176845 0.0161598 0.263961 -0.854273
0.689246 -0.473455 -0.187632 0.0107563 0.239437 -0.856591
0.680972 -0.482112 -0.202841 0.00674853 0.206068 -0.826617
0.669941 -0.488427 -0.223809 0.00372552 0.161525 -0.637798
0.655159 -0.493111 -0.252344 0.00140767 0.104131 -0.276573
0.634185 -0.496644 -0.290446 0.0220733 0.0339833 -0.167503
0.605641 -0.499352 -0.339555 0.120813 -0.0460477 -0.146789
0.567527 -0.464334 -0.399597 0.421609 -0.130263 -0.146792
0.518404 -0.243761 -0.468124 0.640032 -0.211497 -0.148679
0.458347 0.178064 -0.540258 0.696341 -0.283389 -0.151023
0.389809 0.305396 -0.60986 0.709324 -0.342243 -0.153968
0.317669 0.329579 -0.671472 0.70698 -0.387474 -0.157693
0.248069 0.327375 -0.721918 0.704032 -0.42072 -0.162491
0.186466 0.324639 -0.760691 0.700315 -0.444541 -0.168754
0.136031 0.321197 -0.789191 0.695536 -0.461447 -0.177028
0.0972697 0.316841 -0.80961 0.689319 -0.473478 -0.188059
0.0687797 0.311238 -0.824102 0.681155 -0.482128 -0.202974
0.0483687 0.303923 -0.834414 0.670368 -0.488439 -0.223973
0.0338829 0.294262 -0.841827 0.655159 -0.493119 -0.252546
0.0235756 0.281378 -0.847234 0.634191 -0.496649 -0.290688
0.0161655 0.264116 -0.851245 0.605656 -0.499356 -0.339834
0.0107599 0.239622 -0.85427 0.567554 -0.475222 -0.399901
0.00675088 0.206287 -0.856589 0.518445 -0.35991 -0.46843
0.00372706 0.161777 -0.826604 0.458403 -0.00863091 -0.540542
0.00140868 0.104409 -0.63773 0.389876 0.24645 -0.610102
0.0313834 0.0342723 -0.276526 0.317742 0.31221 -0.671662
0.220202 -0.045769 -0.167493 0.24814 0.327371 -0.722058
0.581427 -0.130016 -0.146786 0.186528 0.324634 -0.760789
0.690497 -0.211297 -0.148673 0.136082 0.321191 -0.789258
0.711211 -0.283239 -0.151016 0.097309 0.31685 -0.809654
0.711208 -0.342139 -0.153963 0.0688086 0.311269 -0.824132
0.709321 -0.387405 -0.157693 0.0483896 0.304009 -0.834433
0.706977 -0.420677 -0.162491 0.0338978 0.294474 -0.84184
0.704032 -0.444513 -0.168754 0.0235864 0.281877 -0.847244
0.700307 -0.46143 -0.177028 0.0161734 0.264116 -0.851251
0.695509 -0.473468 -0.188059 0.0107657 0.239629 -0.854274
0.689246 -0.482121 -0.202841 0.00675527 0.206304 -0.856592
0.680972 -0.488434 -0.223815 0.00373041 0.161808 -0.835927
0.669941 -0.493116 -0.252359 0.00141129 0.104457 -0.737187
0.655026 -0.496647 -0.290473 0.0313962 0.0343373 -0.436391
0.634027 -0.499355 -0.339596 0.22027 -0.0456904 -0.217968
0.605454 -0.464349 -0.399653 0.581474 -0.129931 -0.161659
0.567312 -0.243841 -0.468191 0.690507 -0.211214 -0.148676
0.518166 0.17801 -0.540331 0.711214 -0.283166 -0.15102
0.458099 0.305385 -0.609931 0.709327 -0.342079 -0.153968
0.38957 0.329575 -0.671534 0.706984 -0.387359 -0.157685
0.317458 0.329572 -0.721969 0.704037 -0.420643 -0.162464
0.247898 0.327367 -0.76073 0.700307 -0.444489 -0.168681
0.186338 0.32463 -0.78922 0.695509 -0.461413 -0.176845
0.135942 0.321191 -0.809631 0.689246 -0.473455 -0.187632
0.0972112 0.316841 -0.824117 0.680972 -0.482112 -0.202841
0.0687425 0.311238 -0.834424 0.669941 -0.488427 -0.223809
0.0483455 0.303923 -0.841834 0.655159 -0.493111 -0.252344
0.0338684 0.294262 -0.84724 0.634185 -0.496644 -0.290446
0.0235666 0.281378 -0.851249 0.605641 -0.499352 -0.339555
0.0161598 0.263961 -0.854273 0.567527 -0.464334 -0.399597
0.0107563 0.239437 -0.856591 0.518404 -0.243761 -0.468124
0.00674853 0.206068 -0.826617 0.458347 0.178064 -0.540258
0.00372552 0.161525 -0.637798 0.389809 0.305396 -0.60986
0.0220857 0.104131 -0.276573 0.317669 0.329579 -0.671472
0.120869 0.0339833 -0.167503 0.248069 0.327375 -0.721918
0.421702 -0.0460477 -0.146789 0.186466 0.324639 -0.760691
0.640064 -0.130263 -0.146792 0.136031 0.321197 -0.789191
0.696349 -0.211497 -0.148679 0.0972697 0.316841 -0.80961
0.711211 -0.283389 -0.151023 0.0687797 0.311238 -0.824102
0.709249 -0.342243 -0.153968 0.0483687 0.303923 -0.834414
0.706792 -0.387474 -0.157693 0.0338829 0.294262 -0.841827
0.703673 -0.42072 -0.162491 0.0235756 0.281378 -0.847234
0.699698 -0.444541 -0.168754 0.0161655 0.264116 -0.851245
0.694527 -0.461447 -0.177028 0.0107599 0.239622 -0.85427
0.687716 -0.473478 -0.188059 0.00675088 0.206287 -0.856589
0.678647 -0.482128 -0.202974 0.00372706 0.161777 -0.826604
0.666495 -0.488439 -0.223973 0.00140868 0.104409 -0.63773
0.649169 -0.493119 -0.252546 0.0313834 0.0342723 -0.276526
0.625042 -0.496649 -0.290688 0.220202 -0.045769 -0.167493
0.592019 -0.475208 -0.339834 0.581427 -0.130016 -0.146786
0.548014 -0.359846 -0.399901 0.690497 -0.211297 -0.148673
0.491983 -0.00852295 -0.46843 0.711211 -0.283239 -0.151016
0.425106 0.246487 -0.540542 0.711208 -0.342139 -0.153963
0.351466 0.312219 -0.610102 0.709321 -0.387405 -0.157693
0.277429 0.329575 -0.671662 0.706977 -0.420677 -0.162491
0.209651 0.327284 -0.722058 0.704032 -0.444513 -0.168754
0.15284 0.324415 -0.760789 0.700307 -0.46143 -0.177028
0.108637 0.320772 -0.789258 0.695509 -0.473468 -0.188059
0.0760827 0.316129 -0.809654 0.689246 -0.482121 -0.202841
0.052899 0.310091 -0.824132 0.680972 -0.488434 -0.223815
0.0366259 0.302137 -0.834433 0.669941 -0.493116 -0.252359
0.0252025 0.291545 -0.84184 0.655026 -0.496647 -0.290473
0.0171054 0.277354 -0.847244 0.634027 -0.499355 -0.339596
0.0112789 0.257121 -0.851251 0.605454 -0.464349 -0.399653
0.0070119 0.228944 -0.854274 0.567312 -0.243841 -0.468191
0.00383003 0.190379 -0.835914 0.518166 0.17801 -0.540331
0.00141516 0.138988 -0.737131 0.458099 0.305385 -0.609931
0.00141129 0.0735541 -0.436298 0.38957 0.329575 -0.671534
0.0220857 -0.00454753 -0.217936 0.317458 0.329572 -0.721969
0.120869 -0.0905464 -0.161651 0.247898 0.327367 -0.76073
0.421702 -0.17701 -0.146789 0.186338 0.32463 -0.78922
0.640064 -0.256163 -0.148751 0.135942 0.321191 -0.809631
0.696349 -0.322508 -0.151208 0.0972112 0.316841 -0.824117
0.709327 -0.37413 -0.154327 0.0687425 0.311238 -0.834424
0.706984 -0.412148 -0.158302 0.0483455 0.303923 -0.841834
0.704037 -0.439223 -0.163473 0.0338684 0.294262 -0.84724
0.700307 -0.458227 -0.170284 0.0235666 0.281378 -0.851249
0.695509 -0.471568 -0.179353 0.0161598 0.263961 -0.854273
0.689246 -0.481024 -0.191505 0.0107563 0.239437 -0.856591
0.680972 -0.487828 -0.208831 0.00674853 0.206068 -0.826617
0.669941 -0.492811 -0.232958 0.00372552 0.161525 -0.637798
0.655159 -0.496527 -0.265981 0.0220857 0.104131 -0.276573
0.634185 -0.499347 -0.309986 0.120869 0.0339833 -0.167503
0.605641 -0.499352 -0.366017 0.421702 -0.0460477 -0.146789
0.567527 -0.475208 -0.432894 0.640064 -0.130263 -0.146792
0.518404 -0.359846 -0.506534 0.696349 -0.211497 -0.148679
0.458347 -0.00852295 -0.580571 0.711211 -0.283389 -0.151023
0.389809 0.246487 -0.648349 0.709249 -0.342243 -0.153968
0.317669 0.312219 -0.70516 0.706792 -0.387474 -0.157693
0.248069 0.327375 -0.749363 0.703673 -0.42072 -0.162491
0.186466 0.324639 -0.781917 0.699698 -0.444541 -0.168754
0.136031 0.321197 -0.805101 0.694527 -0.461447 -0.177028
0.0972697 0.316841 -0.821374 0.687716 -0.473478 -0.188059
0.0687797 0.311238 -0.832797 0.678647 -0.482128 -0.202974
0.0483687 0.303923 -0.840895 0.666495 -0.488439 -0.223973
0.0338829 0.294262 -0.846721 0.649169 -0.493119 -0.252546
0.0235756 0.281378 -0.850988 0.625042 -0.496649 -0.290688
0.0161655 0.264116 -0.85417 0.592019 -0.475208 -0.339834
0.0107599 0.239622 -0.856585 0.548014 -0.359846 -0.399901
0.00675088 0.206287 -0.856589 0.491983 -0.00852295 -0.46843
0.00372706 0.161777 -0.835914 0.425106 0.246487 -0.540542
0.00140868 0.104409 -0.737131 0.351466 0.312219 -0.610102
0.0313834 0.0342723 -0.436298 0.277429 0.329575 -0.671662
0.220202 -0.045769 -0.217936 0.209651 0.327284 -0.722058
0.581427 -0.130016 -0.161651 0.15284 0.324415 -0.760789
0.690497 -0.211297 -0.148673 0.108637 0.320772 -0.789258
0.711211 -0.283239 -0.151016 0.0760827 0.316129 -0.809654
0.711208 -0.342139 -0.153963 0.052899 0.310091 -0.824132
0.709321 -0.387405 -0.157693 0.0366259 0.302137 -0.834433
0.706977 -0.420677 -0.162491 0.0252025 0.291545 -0.84184
0.704032 -0.444513 -0.168754 0.0171054 0.277354 -0.847244
0.700307 -0.46143 -0.177028 0.0112789 0.257121 -0.851251
0.695509 -0.473468 -0.188059 0.0070119 0.228944 -0.854274
0.689246 -0.482121 -0.202841 0.00383003 0.190379 -0.835914
0.680972 -0.488434 -0.223815 0.00141516 0.138988 -0.737131
0.669941 -0.493116 -0.252359 0.00141129 0.0735541 -0.436298
0.655026 -0.496647 -0.290473 0.0220857 -0.00454753 -0.217936
0.634027 -0.499355 -0.339596 0.120869 -0.0905464 -0.161651
0.605454 -0.464349 -0.399653 0.421702 -0.17701 -0.146789
0.567312 -0.243841 -0.468191 0.640064 -0.256163 -0.148751
0.518166 0.17801 -0.540331 0.696349 -0.322508 -0.151208
0.458099 0.305385 -0.609931 0.709327 -0.37413 -0.154327
0.38957 0.329575 -0.671534 0.706984 -0.412148 -0.158302
0.317458 0.329572 -0.721969 0.704037 -0.439223 -0.163473
0.247898 0.327367 -0.76073 0.700307 -0.458227 -0.170284
0.186338 0.32463 -0.78922 0.695509 -0.471568 -0.179353
0.135942 0.321191 -0.809631 0.689246 -0.481024 -0.191505
0.0972112 0.316841 -0.824117 0.680972 -0.487828 -0.208831
0.0687425 0.311238 -0.834424 0.669941 -0.492811 -0.232958
0.0483455 0.303923 -0.841834 0.655159 -0.496527 -0.265981
0.0338684 0.294262 -0.84724 0.634185 -0.499347 -0.309986
0.0235666 0.281378 -0.851249 0.605641 -0.499352 -0.366017
0.0161598 0.263961 -0.854273 0.567527 -0.475208 -0.432894
0.0107563 0.239437 -0.856591 0.518404 -0.359846 -0.506534
0.00674853 0.206068 -0.826617 0.458347 -0.00852295 -0.580571
0.00372552 0.161525 -0.637798 0.389809 0.246487 -0.648349
0.0220857 0.104131 -0.276573 0.317669 0.312219 -0.70516
0.120869 0.0339833 -0.167503 0.248069 0.327375 -0.749363
0.421702 -0.0460477 -0.146789 0.186466 0.324639 -0.781917
0.640064 -0.130263 -0.146792 0.136031 0.321197 -0.805101
0.696349 -0.211497 -0.148679 0.0972697 0.316841 -0.821374
0.711211 -0.283389 -0.151023 0.0687797 0.311238 -0.832797
0.709249 -0.342243 -0.153968 0.0483687 0.303923 -0.840895
0.706792 -0.387474 -0.157693 0.0338829 0.294262 -0.846721
0.703673 -0.42072 -0.162491 0.0235756 0.281378 -0.850988
0.699698 -0.444541 -0.168754 0.0161655 0.264116 -0.85417
0.694527 -0.461447 -0.177028 0.0107599 0.239622 -0.856585
0.687716 -0.473478 -0.188059 0.00675088 0.206287 -0.856589
0.678647 -0.482128 -0.202974 0.00372706 0.161777 -0.835914
0.666495 -0.488439 -0.223973 0.00140868 0.104409 -0.737131
0.649169 -0.493119 -0.252546 0.0313834 0.0342723 -0.436298
0.625042 -0.496649 -0.290688 0.220202 -0.045769 -0.217936
0.592019 -0.475208 -0.339834 0.581427 -0.130016 -0.161651
0.548014 -0.359846 -0.399901 0.690497 -0.211297 -0.148673
0.491983 -0.00852295 -0.46843 0.711211 -0.283239 -0.151016
0.425106 0.246487 -0.540542 0.711208 -0.342139 -0.153963
0.351466 0.312219 -0.610102 0.709321 -0.387405 -0.157693
0.277429 0.329575 -0.671662 0.706977 -0.420677 -0.162491
0.209651 0.327284 -0.722058 0.704032 -0.444513 -0.168754
0.15284 0.324415 -0.760789 0.700307 -0.46143 -0.177028
0.108637 0.320772 -0.789258 0.695509 -0.473468 -0.188059
0.0760827 0.316129 -0.809654 0.689246 -0.482121 -0.202841
0.052899 0.310091 -0.824132 0.680972 -0.488434 -0.223815
0.0366259 0.302137 -0.834433 0.669941 -0.493116 -0.252359
0.0252025 0.291545 -0.84184 0.655026 -0.496647 -0.290473
0.0171054 0.277354 -0.847244 0.634027 -0.499355 -0.339596
0.0112789 0.257121 -0.851251 0.605454 -0.464349 -0.399653
0.0070119 0.228944 -0.854274 0.567312 -0.243841 -0.468191
0.00383003 0.190379 -0.835914 0.518166 0.17801 -0.540331
0.00141516 0.138988 -0.737131 0.458099 0.305385 -0.609931
0.00141129 0.0735541 -0.436298 0.38957 0.329575 -0.671534
0.0220857 -0.00454753 -0.217936 0.317458 0.329572 -0.721969
0.120869 -0.0905464 -0.161651 0.247898 0.327367 -0.76073
0.421702 -0.17701 -0.146789 0.186338 0.32463 -0.78922
0.640064 -0.256163 -0.148751 0.135942 0.321191 -0.809631
0.696349 -0.322508 -0.151208 0.0972112 0.316841 -0.824117
0.709327 -0.37413 -0.154327 0.0687425 0.311238 -0.834424
0.706984 -0.412148 -0.158302 0.0483455 0.303923 -0.841834
0.704037 -0.439223 -0.163473 0.0338684 0.294262 -0.84724
0.700307 -0.458227 -0.170284 0.0235666 0.281378 -0.851249
0.695509 -0.471568 -0.179353 0.0161598 0.263961 -0.854273
0.689246 -0.481024 -0.191505 0.0107563 0.239437 -0.856591
0.680972 -0.487828 -0.208831 0.00674853 0.206068 -0.826617
0.669941 -0.492811 -0.232958 0.00372552 0.161525 -0.637798
0.655159 -0.496527 -0.265981 0.0220857 0.104131 -0.276573
0.634185 -0.499347 -0.309986 0.120869 0.0339833 -0.167503
0.605641 -0.499352 -0.366017 0.421702 -0.0460477 -0.146789
0.567527 -0.475208 -0.432894 0.640064 -0.130263 -0.146792
0.518404 -0.359846 -0.506534 0.696349 -0.211497 -0.148679
0.458347 -0.00852295 -0.580571 0.711211 -0.283389 -0.151023
0.389809 0.246487 -0.648349 0.709249 -0.342243 -0.153968
0.317669 0.312219 -0.70516 0.706792 -0.387474 -0.157693
0.248069 0.327375 -0.749363 0.703673 -0.42072 -0.162491
0.186466 0.324639 -0.781917 0.699698 -0.444541 -0.168754
0.136031 0.321197 -0.805101 0.694527 -0.461447 -0.177028
0.0972697 0.316841 -0.821374 0.687716 -0.473478 -0.188059
0.0687797 0.311238 -0.832797 0.678647 -0.482128 -0.202974
0.0483687 0.303923 -0.840895 0.666495 -0.488439 -0.223973
0.0338829 0.294262 -0.846721 0.649169 -0.493119 -0.252546
0.0235756 0.281378 -0.850988 0.625042 -0.496649 -0.290688
0.0161655 0.264116 -0.85417 0.592019 -0.475208 -0.339834
0.0107599 0.239622 -0.856585 0.548014 -0.359846 -0.399901
0.00675088 0.206287 -0.856589 0.491983 -0.00852295 -0.46843
0.00372706 0.161777 -0.835914 0.425106 0.246487 -0.540542
0.00140868 0.104409 -0.737131 0.351466 0.312219 -0.610102
0.0313834 0.0342723 -0.436298 0.277429 0.329575 -0.671662
0.220202 -0.045769 -0.217936 0.209651 0.327284 -0.722058
0.581427 -0.130016 -0.161651 0.15284 0.324415 -0.760789
0.690497 -0.211297 -0.148673 0.108637 0.320772 -0.789258
0.711211 -0.283239 -0.151016 0.0760827 0.316129 -0.809654
0.711208 -0.342139 -0.153963 0.052899 0.310091 -0.824132
0.709321 -0.387405 -0.157693 0.0366259 0.302137 -0.834433
0.706977 -0.420677 -0.162491 0.0252025 0.291545 -0.84184
0.704032 -0.444513 -0.168754 0.0171054 0.277354 -0.847244
0.700307 -0.46143 -0.177028 0.0112789 0.257121 -0.851251
0.695509 -0.473468 -0.188059 0.0070119 0.228944 -0.854274
0.689246 -0.482121 -0.202841 0.00383003 0.190379 -0.835914
0.680972 -0.488434 -0.223815 0.00141516 0.138988 -0.737131
0.669941 -0.493116 -0.252359 0.00141129 0.0735541 -0.436298
0.655026 -0.496647 -0.290473 0.0220857 -0.00454753 -0.217936
0.634027 -0.499355 -0.339596 0.120869 -0.0905464 -0.161651
0.605454 -0.464349 -0.399653 0.421702 -0.17701 -0.146789
0.567312 -0.243841 -0.468191 0.640064 -0.256163 -0.148751
0.518166 0.17801 -0.540331 0.696349 -0.322508 -0.151208
0.458099 0.305385 -0.609931 0.709327 -0.37413 -0.154327
0.38957 0.329575 -0.671534 0.706984 -0.412148 -0.158302
0.317458 0.329572 -0.721969 0.704037 -0.439223 -0.163473
0.247898 0.327367 -0.76073 0.700307 -0.458227 -0.170284
0.186338 0.32463 -0.78922 0.695509 -0.471568 -0.179353
0.135942 0.321191 -0.809631 0.689246 -0.481024 -0.191505
0.0972112 0.316841 -0.824117 0.680972 -0.487828 -0.208831
0.0687425 0.311238 -0.834424 0.669941 -0.492811 -0.232958
0.0483455 0.303923 -0.841834 0.655159 -0.496527 -0.265981
0.0338684 0.294262 -0.84724 0.634185 -0.499347 -0.309986
0.0235666 0.281378 -0.851249 0.605641 -0.499352 -0.366017
0.0161598 0.263961 -0.854273 0.567527 -0.475208 -0.432894
0.0107563 0.239437 -0.856591 0.518404 -0.359846 -0.506534
0.00674853 0.206068 -0.826617 0.458347 -0.00852295 -0.580571
0.00372552 0.161525 -0.637798 0.389809 0.246487 -0.648349
0.0220857 0.104131 -0.276573 0.317669 0.312219 -0.70516
0.120869 0.0339833 -0.167503 0.248069 0.327375 -0.749363
0.421702 -0.0460477 -0.146789 0.186466 0.324639 -0.781917
0.640064 -0.130263 -0.146792 0.136031 0.321197 -0.805101
0.696349 -0.211497 -0.148679 0.0972697 0.316841 -0.821374
0.711211 -0.283389 -0.151023 0.0687797 0.311238 -0.832797
0.709249 -0.342243 -0.153968 0.0483687 0.303923 -0.840895
0.706792 -0.387474 -0.157693 0.0338829 0.294262 -0.846721
0.703673 -0.42072 -0.162491 0.0235756 0.281378 -0.850988
0.699698 -0.444541 -0.168754 0.0161655 0.264116 -0.85417
0.694527 -0.461447 -0.177028 0.0107599 0.239622 -0.856585
0.687716 -0.473478 -0.188059 0.00675088 0.206287 -0.856589
0.678647 -0.482128 -0.202974 0.00372706 0.161777 -0.835914
0.666495 -0.488439 -0.223973 0.00140868 0.104409 -0.737131
0.649169 -0.493119 -0.252546 0.0313834 0.0342723 -0.436298
0.625042 -0.496649 -0.290688 0.220202 -0.045769 -0.217936
0.592019 -0.475208 -0.339834 0.581427 -0.130016 -0.161651
0.548014 -0.359846 -0.399901 0.690497 -0.211297 -0.148673
0.491983 -0.00852295 -0.46843 0.711211 -0.283239 -0.151016
0.425106 0.246487 -0.540542 0.711208 -0.342139 -0.153963
0.351466 0.312219 -0.610102 0.709321 -0.387405 -0.157693
0.277429 0.329575 -0.671662 0.706977 -0.420677 -0.162491
0.209651 0.327284 -0.722058 0.704032 -0.444513 -0.168754
0.15284 0.324415 -0.760789 0.700307 -0.46143 -0.177028
0.108637 0.320772 -0.789258 0.695509 -0.473468 -0.188059
0.0760827 0.316129 -0.809654 0.689246 -0.482121 -0.202841
0.052899 0.310091 -0.824132 0.680972 -0.488434 -0.223815
0.0366259 0.302137 -0.834433 0.669941 -0.493116 -0.252359
0.0252025 0.291545 -0.84184 0.655026 -0.496647 -0.290473
0.0171054 0.277354 -0.847244 0.634027 -0.499355 -0.339596
0.0112789 0.257121 -0.851251 0.605454 -0.464349 -0.399653
0.0070119 0.228944 -0.854274 0.567312 -0.243841 -0.468191
0.00383003 0.190379 -0.835914 0.518166 0.17801 -0.540331
0.00141516 0.138988 -0.737131 0.458099 0.305385 -0.609931
0.00141129 0.0735541 -0.436298 0.38957 0.329575 -0.671534
0.0220857 -0.00454753 -0.217936 0.317458 0.329572 -0.721969
0.120869 -0.0905464 -0.161651 0.247898 0.327367 -0.76073
0.421702 -0.17701 -0.146789 0.186338 0.32463 -0.78922
0.640064 -0.256163 -0.148751 0.135942 0.321191 -0.809631
0.696349 -0.322508 -0.151208 0.0972112 0.316841 -0.824117
0.709327 -0.37413 -0.154327 0.0687425 0.311238 -0.834424
0.706984 -0.412148 -0.158302 0.0483455 0.303923 -0.841834
0.704037 -0.439223 -0.163473 0.0338684 0.294262 -0.84724
0.700307 -0.458227 -0.170284 0.0235666 0.281378 -0.851249
0.695509 -0.471568 -0.179353 0.0161598 0.263961 -0.854273
0.689246 -0.481024 -0.191505 0.0107563 0.239437 -0.856591
0.680972 -0.487828 -0.208831 0.00674853 0.206068 -0.826617
0.669941 -0.492811 -0.232958 0.00372552 0.161525 -0.637798
0.655159 -0.496527 -0.265981 0.0220857 0.104131 -0.276573
0.634185 -0.499347 -0.309986 0.120869 0.0339833 -0.167503
0.605641 -0.499352 -0.366017 0.421702 -0.0460477 -0.146789
0.567527 -0.475208 -0.432894 0.640064 -0.130263 -0.146792
0.518404 -0.359846 -0.506534 0.696349 -0.211497 -0.148679
0.458347 -0.00852295 -0.580571 0.711211 -0.283389 -0.151023
0.389809 0.246487 -0.648349 0.709249 -0.342243 -0.153968
0.317669 0.312219 -0.70516 0.706792 -0.387474 -0.157693
0.248069 0.327375 -0.749363 0.703673 -0.42072 -0.162491
0.186466 0.324639 -0.781917 0.699698 -0.444541 -0.168754
0.136031 0.321197 -0.805101 0.694527 -0.461447 -0.177028
0.0972697 0.316841 -0.821374 0.687716 -0.473478 -0.188059
0.0687797 0.311238 -0.832797 0.678647 -0.482128 -0.202974
0.0483687 0.303923 -0.840895 0.666495 -0.488439 -0.223973
0.0338829 0.294262 -0.846721 0.649169 -0.493119 -0.252546
0.0235756 0.281378 -0.850988 0.625042 -0.496649 -0.290688
0.0161655 0.264116 -0.85417 0.592019 -0.475208 -0.339834
0.0107599 0.239622 -0.856585 0.548014 -0.359846 -0.399901
0.00675088 0.206287 -0.856589 0.491983 -0.00852295 -0.46843
0.00372706 0.161777 -0.835914 0.425106 0.246487 -0.540542
0.00140868 0.104409 -0.737131 0.351466 0.312219 -0.610102
0.0313834 0.0342723 -0.436298 0.277429 0.329575 -0.671662
0.220202 -0.045769 -0.217936 0.209651 0.327284 -0.722058
0.581427 -0.130016 -0.161651 0.15284 0.324415 -0.760789
0.690497 -0.211297 -0.148673 0.108637 0.320772 -0.789258
0.711211 -0.283239 -0.151016 0.0760827 0.316129 -0.809654
0.711208 -0.342139 -0.153963 0.052899 0.310091 -0.824132
0.709321 -0.387405 -0.157693 0.0366259 0.302137 -0.834433
0.706977 -0.420677 -0.162491 0.0252025 0.291545 -0.84184
0.704032 -0.444513 -0.168754 0.0171054 0.277354 -0.847244
0.700307 -0.46143 -0.177028 0.0112789 0.257121 -0.851251
0.695509 -0.473468 -0.188059 0.0070119 0.228944 -0.854274
0.689246 -0.482121 -0.202841 0.00383003 0.190379 -0.835914
0.680972 -0.488434 -0.223815 0.00141516 0.138988 -0.737131
0.669941 -0.493116 -0.252359 0.00141129 0.0735541 -0.436298
0.655026 -0.496647 -0.290473 0.0220857 -0.00454753 -0.217936
0.634027 -0.499355 -0.339596 0.120869 -0.0905464 -0.161651
0.605454 -0.464349 -0.399653 0.421702 -0.17701 -0.146789
0.567312 -0.243841 -0.468191 0.640064 -0.256163 -0.148751
0.518166 0.17801 -0.540331 0.696349 -0.322508 -0.151208
0.458099 0.305385 -0.609931 0.709327 -0.37413 -0.154327
0.38957 0.329575 -0.671534 0.706984 -0.412148 -0.158302
0.317458 0.329572 -0.721969 0.704037 -0.439223 -0.163473
0.247898 0.327367 -0.76073 0.700307 -0.458227 -0.170284
0.186338 0.32463 -0.78922 0.695509 -0.471568 -0.179353
0.135942 0.321191 -0.809631 0.689246 -0.481024 -0.191505
0.0972112 0.316841 -0.824117 0.680972 -0.487828 -0.208831
0.0687425 0.311238 -0.834424 0.669941 -0.492811 -0.232958
0.0483455 0.303923 -0.841834 0.655159 -0.496527 -0.265981
0.0338684 0.294262 -0.84724 0.634185 -0.499347 -0.309986
0.0235666 0.281378 -0.851249 0.605641 -0.499352 -0.366017
0.0161598 0.263961 -0.854273 0.567527 -0.475208 -0.432894
0.0107563 0.239437 -0.856591 0.518404 -0.359846 -0.506534
0.00674853 0.206068 -0.826617 0.458347 -0.00852295 -0.580571
0.00372552 0.161525 -0.637798 0.389809 0.246487 -0.648349
0.0220857 0.104131 -0.276573 0.317669 0.312219 -0.70516
0.120869 0.0339833 -0.167503 0.248069 0.327375 -0.749363
0.421702 -0.0460477 -0.146789 0.186466 0.324639 -0.781917
0.640064 -0.130263 -0.146792 0.136031 0.321197 -0.805101
0.696349 -0.211497 -0.148679 0.0972697 0.316841 -0.821374
0.711211 -0.283389 -0.151023 0.0687797 0.311238 -0.832797
0.709249 -0.342243 -0.153968 0.0483687 0.303923 -0.840895
0.706792 -0.387474 -0.157693 0.0338829 0.294262 -0.846721
0.703673 -0.42072 -0.162491 0.0235756 0.281378 -0.850988
0.699698 -0.444541 -0.168754 0.0161655 0.264116 -0.85417
0.694527 -0.461447 -0.177028 0.0107599 0.239622 -0.856585
0.687716 -0.473478 -0.188059 0.00675088 0.206287 -0.856589
0.678647 -0.482128 -0.202974 0.00372706 0.161777 -0.835914
0.666495 -0.488439 -0.223973 0.00140868 0.104409 -0.737131
0.649169 -0.493119 -0.252546 0.0313834 0.0342723 -0.436298
0.625042 -0.496649 -0.290688 0.220202 -0.045769 -0.217936
0.592019 -0.475208 -0.339834 0.581427 -0.130016 -0.161651
0.548014 -0.359846 -0.399901 0.690497 -0.211297 -0.148673
0.491983 -0.00852295 -0.46843 0.711211 -0.283239 -0.151016
0.425106 0.246487 -0.540542 0.711208 -0.342139 -0.153963
0.351466 0.312219 -0.610102 0.709321 -0.387405 -0.157693
0.277429 0.329575 -0.671662 0.706977 -0.420677 -0.162491
0.209651 0.327284 -0.722058 0.704032 -0.444513 -0.168754
0.15284 0.324415 -0.760789 0.700307 -0.46143 -0.177028
0.108637 0.320772 -0.789258 0.695509 -0.473468 -0.188059
0.0760827 0.316129 -0.809654 0.689246 -0.482121 -0.202841
0.052899 0.310091 -0.824132 0.680972 -0.488434 -0.223815
0.0366259 0.302137 -0.834433 0.669941 -0.493116 -0.252359
0.0252025 0.291545 -0.84184 0.655026 -0.496647 -0.290473
0.0171054 0.277354 -0.847244 0.634027 -0.499355 -0.339596
0.0112789 0.257121 -0.851251 0.605454 -0.464349 -0.399653
0.0070119 0.228944 -0.854274 0.567312 -0.243841 -0.468191
0.00383003 0.190379 -0.835914 0.518166 0.17801 -0.540331
0.00141516 0.138988 -0.737131 0.458099 0.305385 -0.609931
0.00141129 0.0735541 -0.436298 0.38957 0.329575 -0.671534
0.0220857 -0.00454753 -0.217936 0.317458 0.329572 -0.721969
0.120869 -0.0905464 -0.161651 0.247898 0.327367 -0.76073
0.421702 -0.17701 -0.146789 0.186338 0.32463 -0.78922
0.640064 -0.256163 -0.148751 0.135942 0.321191 -0.809631
0.696349 -0.322508 -0.151208 0.0972112 0.316841 -0.824117
0.709327 -0.37413 -0.154327 0.0687425 0.311238 -0.834424
0.706984 -0.412148 -0.158302 0.0483455 0.303923 -0.841834
0.704037 -0.439223 -0.163473 0.0338684 0.294262 -0.84724
0.700307 -0.458227 -0.170284 0.0235666 0.281378 -0.851249
0.695509 -0.471568 -0.179353 0.0161598 0.263961 -0.854273
0.689246 -0.481024 -0.191505 0.0107563 0.239437 -0.856591
0.680972 -0.487828 -0.208831 0.00674853 0.206068 -0.826617
0.669941 -0.492811 -0.232958 0.00372552 0.161525 -0.637798
0.655159 -0.496527 -0.265981 0.0220857 0.104131 -0.276573
0.634185 -0.499347 -0.309986 0.120869 0.0339833 -0.167503
0.605641 -0.499352 -0.366017 0.421702 -0.0460477 -0.146789
0.567527 -0.475208 -0.432894 0.640064 -0.130263 -0.146792
0.518404 -0.359846 -0.506534 0.696349 -0.211497 -0.148679
0.458347 -0.00852295 -0.580571 0.711211 -0.283389 -0.151023
0.389809 0.246487 -0.648349 0.709249 -0.342243 -0.153968
0.317669 0.312219 -0.70516 0.706792 -0.387474 -0.157693
0.248069 0.327375 -0.749363 0.703673 -0.42072 -0.162491
0.186466 0.324639 -0.781917 0.699698 -0.444541 -0.168754
0.136031 0.321197 -0.805101 0.694527 -0.461447 -0.177028
0.0972697 0.316841 -0.821374 0.687716 -0.473478 -0.188059
0.0687797 0.311238 -0.832797 0.678647 -0.482128 -0.202974
0.0483687 0.303923 -0.840895 0.666495 -0.488439 -0.223973
0.0338829 0.294262 -0.846721 0.649169 -0.493119 -0.252546
0.0235756 0.281378 -0.850988 0.625042 -0.496649 -0.290688
0.0161655 0.264116 -0.85417 0.592019 -0.475208 -0.339834
0.0107599 0.239622 -0.856585 0.548014 -0.359846 -0.399901
0.00675088 0.206287 -0.856589 0.491983 -0.00852295 -0.46843
0.00372706 0.161777 -0.835914 0.425106 0.246487 -0.540542
0.00140868 0.104409 -0.737131 0.351466 0.312219 -0.610102
0.0313834 0.0342723 -0.436298 0.277429 0.329575 -0.671662
0.220202 -0.045769 -0.217936 0.209651 0.327284 -0.722058
0.581427 -0.130016 -0.161651 0.15284 0.324415 -0.760789
0.690497 -0.211297 -0.148673 0.108637 0.320772 -0.789258
0.711211 -0.283239 -0.151016 0.0760827 0.316129 -0.809654
0.711208 -0.342139 -0.153963 0.052899 0.310091 -0.824132
0.709321 -0.387405 -0.157693 0.0366259 0.302137 -0.834433
0.706977 -0.420677 -0.162491 0.0252025 0.291545 -0.84184
0.704032 -0.444513 -0.168754 0.0171054 0.277354 -0.847244
0.700307 -0.46143 -0.177028 0.0112789 0.257121 -0.851251
0.695509 -0.473468 -0.188059 0.0070119 0.228944 -0.854274
0.689246 -0.482121 -0.202841 0.00383003 0.190379 -0.835914
0.680972 -0.488434 -0.223815 0.00141516 0.138988 -0.737131
0.669941 -0.493116 -0.252359 0.00141129 0.0735541 -0.436298
0.655026 -0.496647 -0.290473 0.0220857 -0.00454753 -0.217936
0.634027 -0.499355 -0.339596 0.120869 -0.0905464 -0.161651
0.605454 -0.464349 -0.399653 0.421702 -0.17701 -0.146789
0.567312 -0.243841 -0.468191 0.640064 -0.256163 -0.148751
0.518166 0.17801 -0.540331 0.696349 -0.322508 -0.151208
0.458099 0.305385 -0.609931 0.709327 -0.37413 -0.154327
0.38957 0.329575 -0.671534 0.706984 -0.412148 -0.158302
0.317458 0.329572 -0.721969 0.704037 -0.439223 -0.163473
0.247898 0.327367 -0.76073 0.700307 -0.458227 -0.170284
0.186338 0.32463 -0.78922 0.695509 -0.471568 -0.179353
0.135942 0.321191 -0.809631 0.689246 -0.481024 -0.191505
0.0972112 0.316841 -0.824117 0.680972 -0.487828 -0.208831
0.0687425 0.311238 -0.834424 0.669941 -0.492811 -0.232958
0.0483455 0.303923 -0.841834 0.655159 -0.496527 -0.265981
0.0338684 0.294262 -0.84724 0.634185 -0.499347 -0.309986
0.0235666 0.281378 -0.851249 0.605641 -0.499352 -0.366017
0.0161598 0.263961 -0.854273 0.567527 -0.475208 -0.432894
0.0107563 0.239437 -0.856591 0.518404 -0.359846 -0.506534
0.00674853 0.206068 -0.826617 0.458347 -0.00852295 -0.580571
0.00372552 0.161525 -0.637798 0.389809 0.246487 -0.648349
0.0220857 0.104131 -0.276573 0.317669 0.312219 -0.70516
0.120869 0.0339833 -0.167503 0.248069 0.327375 -0.749363
0.421702 -0.0460477 -0.146789 0.186466 0.324639 -0.781917
0.640064 -0.130263 -0.146792 0.136031 0.321197 -0.805101
0.696349 -0.211497 -0.148679 0.0972697 0.316841 -0.821374
0.711211 -0.283389 -0.151023 0.0687797 0.311238 -0.832797
0.709249 -0.342243 -0.153968 0.0483687 0.303923 -0.840895
0.706792 -0.387474 -0.157693 0.0338829 0.294262 -0.846721
0.703673 -0.42072 -0.162491 0.0235756 0.281378 -0.850988
0.699698 -0.444541 -0.168754 0.0161655 0.264116 -0.85417
0.694527 -0.461447 -0.177028 0.0107599 0.239622 -0.856585
0.687716 -0.473478 -0.188059 0.00675088 0.206287 -0.856589
0.678647 -0.482128 -0.202974 0.00372706 0.161777 -0.835914
0.666495 -0.488439 -0.223973 0.00140868 0.104409 -0.737131
0.649169 -0.493119 -0.252546 0.0313834 0.0342723 -0.436298
0.625042 -0.496649 -0.290688 0.220202 -0.045769 -0.217936
0.592019 -0.475208 -0.339834 0.581427 -0.130016 -0.161651
0.548014 -0.359846 -0.399901 0.690497 -0.211297 -0.148673
0.491983 -0.00852295 -0.46843 0.711211 -0.283239 -0.151016
0.425106 0.246487 -0.540542 0.711208 -0.342139 -0.153963
0.351466 0.312219 -0.610102 0.709321 -0.387405 -0.157693
0.277429 0.329575 -0.671662 0.706977 -0.420677 -0.162491
0.209651 0.327284 -0.722058 0.704032 -0.444513 -0.168754
0.15284 0.324415 -0.760789 0.700307 -0.46143 -0.177028
0.108637 0.320772 -0.789258 0.695509 -0.473468 -0.188059
0.0760827 0.316129 -0.809654 0.689246 -0.482121 -0.202841
0.052899 0.310091 -0.824132 0.680972 -0.488434 -0.223815
0.0366259 0.302137 -0.834433 0.669941 -0.493116 -0.252359
0.0252025 0.291545 -0.84184 0.655026 -0.496647 -0.290473
0.0171054 0.277354 -0.847244 0.634027 -0.499355 -0.339596
0.0112789 0.257121 -0.851251 0.605454 -0.464349 -0.399653
0.0070119 0.228944 -0.854274 0.567312 -0.243841 -0.468191
0.00383003 0.190379 -0.835914 0.518166 0.17801 -0.540331
0.00141516 0.138988 -0.737131 0.458099 0.305385 -0.609931
0.00141129 0.0735541 -0.436298 0.38957 0.329575 -0.671534
0.0220857 -0.00454753 -0.217936 0.317458 0.329572 -0.721969
0.120869 -0.0905464 -0.161651 0.247898 0.327367 -0.76073
0.421702 -0.17701 -0.146789 0.186338 0.32463 -0.78922
0.640064 -0.256163 -0.148751 0.135942 0.321191 -0.809631
0.696349 -0.322508 -0.151208 0.0972112 0.316841 -0.824117
0.709327 -0.37413 -0.154327 0.0687425 0.311238 -0.834424
0.706984 -0.412148 -0.158302 0.0483455 0.303923 -0.841834
0.704037 -0.439223 -0.163473 0.0338684 0.294262 -0.84724
0.700307 -0.458227 -0.170284 0.0235666 0.281378 -0.851249
0.695509 -0.471568 -0.179353 0.0161598 0.263961 -0.854273
0.689246 -0.481024 -0.191505 0.0107563 0.239437 -0.856591
0.680972 -0.487828 -0.208831 0.00674853 0.206068 -0.826617
0.669941 -0.492811 -0.232958 0.00372552 0.161525 -0.637798
0.655159 -0.496527 -0.265981 0.0220857 0.104131 -0.276573
0.634185 -0.499347 -0.309986 0.120869 0.0339833 -0.167503
0.605641 -0.499352 -0.366017 0.421702 -0.0460477 -0.146789
0.567527 -0.475208 -0.432894 0.640064 -0.130263 -0.146792
0.518404 -0.359846 -0.506534 0.696349 -0.211497 -0.148679
0.458347 -0.00852295 -0.580571 0.711211 -0.283389 -0.151023
0.389809 0.246487 -0.648349 0.709249 -0.342243 -0.153968
0.317669 0.312219 -0.70516 0.706792 -0.387474 -0.157693
0.248069 0.327375 -0.749363 0.703673 -0.42072 -0.162491
0.186466 0.324639 -0.781917 0.699698 -0.444541 -0.168754
0.136031 0.321197 -0.805101 0.694527 -0.461447 -0.177028
0.0972697 0.316841 -0.821374 0.687716 -0.473478 -0.188059
0.0687797 0.311238 -0.832797 0.678647 -0.482128 -0.202974
0.0483687 0.303923 -0.840895 0.666495 -0.488439 -0.223973
0.0338829 0.294262 -0.846721 0.649169 -0.493119 -0.252546
0.0235756 0.281378 -0.850988 0.625042 -0.496649 -0.290688
0.0161655 0.264116 -0.85417 0.592019 -0.475208 -0.339834
0.0107599 0.239622 -0.856585 0.548014 -0.359846 -0.399901
0.00675088 0.206287 -0.856589 0.491983 -0.00852295 -0.46843
0.00372706 0.161777 -0.835914 0.425106 0.246487 -0.540542
0.00140868 0.104409 -0.737131 0.351466 0.312219 -0.610102
0.0313834 0.0342723 -0.436298 0.277429 0.329575 -0.671662
0.220202 -0.045769 -0.217936 0.209651 0.327284 -0.722058
0.581427 -0.130016 -0.161651 0.15284 0.324415 -0.760789
0.690497 -0.211297 -0.148673 0.108637 0.320772 -0.789258
0.711211 -0.283239 -0.151016 0.0760827 0.316129 -0.809654
0.711208 -0.342139 -0.153963 0.052899 0.310091 -0.824132
0.709321 -0.387405 -0.157693 0.0366259 0.302137 -0.834433
0.706977 -0.420677 -0.162491 0.0252025 0.291545 -0.84184
0.704032 -0.444513 -0.168754 0.0171054 0.277354 -0.847244
0.700307 -0.46143 -0.177028 0.0112789 0.257121 -0.851251
0.695509 -0.473468 -0.188059 0.0070119 0.228944 -0.854274
0.689246 -0.482121 -0.202841 0.00383003 0.190379 -0.835914
0.680972 -0.488434 -0.223815 0.00141516 0.138988 -0.737131
0.669941 -0.493116 -0.252359 0.00141129 0.0735541 -0.436298
0.655026 -0.496647 -0.290473 0.0220857 -0.00454753 -0.217936
0.634027 -0.499355 -0.339596 0.120869 -0.0905464 -0.161651
0.605454 -0.464349 -0.399653 0.421702 -0.17701 -0.146789
0.567312 -0.243841 -0.468191 0.640064 -0.256163 -0.148751
0.518166 0.17801 -0.540331 0.696349 -0.322508 -0.151208
0.458099 0.305385 -0.609931 0.709327 -0.37413 -0.154327
0.38957 0.329575 -0.671534 0.706984 -0.412148 -0.158302
0.317458 0.329572 -0.721969 0.704037 -0.439223 -0.163473
0.247898 0.327367 -0.76073 0.700307 -0.458227 -0.170284
0.186338 0.32463 -0.78922 0.695509 -0.471568 -0.179353
0.135942 0.321191 -0.809631 0.689246 -0.481024 -0.191505
0.0972112 0.316841 -0.824117 0.680972 -0.487828 -0.208831
0.0687425 0.311238 -0.834424 0.669941 -0.492811 -0.232958
0.0483455 0.303923 -0.841834 0.655159 -0.496527 -0.265981
0.0338684 0.294262 -0.84724 0.634185 -0.499347 -0.309986
0.0235666 0.281378 -0.851249 0.605641 -0.499352 -0.366017
0.0161598 0.263961 -0.854273 0.567527 -0.475208 -0.432894
0.0107563 0.239437 -0.856591 0.518404 -0.359846 -0.506534
0.00674853 0.206068 -0.826617 0.458347 -0.00852295 -0.580571
0.00372552 0.161525 -0.637798 0.389809 0.246487 -0.648349
0.0220857 0.104131 -0.276573 0.317669 0.312219 -0.70516
0.120869 0.0339833 -0.167503 0.248069 0.327375 -0.749363
0.421702 -0.0460477 -0.146789 0.186466 0.324639 -0.781917
0.640064 -0.130263 -0.146792 0.136031 0.321197 -0.805101
0.696349 -0.211497 -0.148679 0.0972697 0.316841 -0.821374
0.711211 -0.283389 -0.151023 0.0687797 0.311238 -0.832797
0.709249 -0.342243 -0.153968 0.0483687 0.303923 -0.840895
0.706792 -0.387474 -0.157693 0.0338829 0.294262 -0.846721
0.703673 -0.42072 -0.162491 0.0235756 0.281378 -0.850988
0.699698 -0.444541 -0.168754 0.0161655 0.264116 -0.85417
0.694527 -0.461447 -0.177028 0.0107599 0.239622 -0.856585
0.687716 -0.473478 -0.188059 0.00675088 0.206287 -0.856589
0.678647 -0.482128 -0.202974 0.00372706 0.161777 -0.835914
0.666495 -0.488439 -0.223973 0.00140868 0.104409 -0.737131
0.649169 -0.493119 -0.252546 0.0313834 0.0342723 -0.436298
0.625042 -0.496649 -0.290688 0.220202 -0.045769 -0.217936
0.592019 -0.475208 -0.339834 0.581427 -0.130016 -0.161651
0.548014 -0.359846 -0.399901 0.690497 -0.211297 -0.148673
0.491983 -0.00852295 -0.46843 0.711211 -0.283239 -0.151016
0.425106 0.246487 -0.540542 0.711208 -0.342139 -0.153963
0.351466 0.312219 -0.610102 0.709321 -0.387405 -0.157693
0.277429 0.329575 -0.671662 0.706977 -0.420677 -0.162491
0.209651 0.327284 -0.722058 0.704032 -0.444513 -0.168754
0.15284 0.324415 -0.760789 0.700307 -0.46143 -0.177028
0.108637 0.320772 -0.789258 0.695509 -0.473468 -0.188059
0.0760827 0.316129 -0.809654 0.689246 -0.482121 -0.202841
0.052899 0.310091 -0.824132 0.680972 -0.488434 -0.223815
0.0366259 0.302137 -0.834433 0.669941 -0.493116 -0.252359
0.0252025 0.291545 -0.84184 0.655026 -0.496647 -0.290473
0.0171054 0.277354 -0.847244 0.634027 -0.499355 -0.339596
0.0112789 0.257121 -0.851251 0.605454 -0.464349 -0.399653
0.0070119 0.228944 -0.854274 0.567312 -0.243841 -0.468191
0.00383003 0.190379 -0.835914 0.518166 0.17801 -0.540331
0.00141516 0.138988 -0.737131 0.458099 0.305385 -0.609931
0.00141129 0.0735541 -0.436298 0.38957 0.329575 -0.671534
0.0220857 -0.00454753 -0.217936 0.317458 0.329572 -0.721969
0.120869 -0.0905464 -0.161651 0.247898 0.327367 -0.76073
0.421702 -0.17701 -0.146789 0.186338 0.32463 -0.78922
0.640064 -0.256163 -0.148751 0.135942 0.321191 -0.809631
0.696349 -0.322508 -0.151208 0.0972112 0.316841 -0.824117
0.709327 -0.37413 -0.154327 0.0687425 0.311238 -0.834424
0.706984 -0.412148 -0.158302 0.0483455 0.303923 -0.841834
0.704037 -0.439223 -0.163473 0.0338684 0.294262 -0.84724
0.700307 -0.458227 -0.170284 0.0235666 0.281378 -0.851249
0.695509 -0.471568 -0.179353 0.0161598 0.263961 -0.854273
0.689246 -0.481024 -0.191505 0.0107563 0.239437 -0.856591
0.680972 -0.487828 -0.208831 0.00674853 0.206068 -0.826617
0.669941 -0.492811 -0.232958 0.00372552 0.161525 -0.637798
0.655159 -0.496527 -0.265981 0.0220857 0.104131 -0.276573
0.634185 -0.499347 -0.309986 0.120869 0.0339833 -0.167503
0.605641 -0.499352 -0.366017 0.421702 -0.0460477 -0.146789
0.567527 -0.475208 -0.432894 0.640064 -0.130263 -0.146792
0.518404 -0.359846 -0.506534 0.696349 -0.211497 -0.148679
0.458347 -0.00852295 -0.580571 0.711211 -0.283389 -0.151023
0.389809 0.246487 -0.648349 0.709249 -0.342243 -0.153968
0.317669 0.312219 -0.70516 0.706792 -0.387474 -0.157693
0.248069 0.327375 -0.749363 0.703673 -0.42072 -0.162491
0.186466 0.324639 -0.781917 0.699698 -0.444541 -0.168754
0.136031 0.321197 -0.805101 0.694527 -0.461447 -0.177028
0.0972697 0.316841 -0.821374 0.687716 -0.473478 -0.188059
0.0687797 0.311238 -0.832797 0.678647 -0.482128 -0.202974
0.0483687 0.303923 -0.840895 0.666495 -0.488439 -0.223973
0.0338829 0.294262 -0.846721 0.649169 -0.493119 -0.252546
0.0235756 0.281378 -0.850988 0.625042 -0.496649 -0.290688
0.0161655 0.264116 -0.85417 0.592019 -0.475208 -0.339834
0.0107599 0.239622 -0.856585 0.548014 -0.359846 -0.399901
0.00675088 0.206287 -0.856589 0.491983 -0.00852295 -0.46843
0.00372706 0.161777 -0.835914 0.425106 0.246487 -0.540542
0.00140868 0.104409 -0.737131 0.351466 0.312219 -0.610102
0.0313834 0.0342723 -0.436298 0.277429 0.329575 -0.671662
0.220202 -0.045769 -0.217936 0.209651 0.327284 -0.722058
0.581427 -0.130016 -0.161651 0.15284 0.324415 -0.760789
0.690497 -0.211297 -0.148673 0.108637 0.320772 -0.789258
0.711211 -0.283239 -0.151016 0.0760827 0.316129 -0.809654
0.711208 -0.342139 -0.153963 0.052899 0.310091 -0.824132
0.709321 -0.387405 -0.157693 0.0366259 0.302137 -0.834433
0.706977 -0.420677 -0.162491 0.0252025 0.291545 -0.84184
0.704032 -0.444513 -0.168754 0.0171054 0.277354 -0.847244
0.700307 -0.46143 -0.177028 0.0112789 0.257121 -0.851251
0.695509 -0.473468 -0.188059 0.0070119 0.228944 -0.854274
0.689246 -0.482121 -0.202841 0.00383003 0.190379 -0.835914
0.680972 -0.488434 -0.223815 0.00141516 0.138988 -0.737131
0.669941 -0.493116 -0.252359 0.00141129 0.0735541 -0.436298
0.655026 -0.496647 -0.290473 0.0220857 -0.00454753 -0.217936
0.634027 -0.499355 -0.339596 0.120869 -0.0905464 -0.161651
0.605454 -0.464349 -0.399653 0.421702 -0.17701 -0.146789
0.567312 -0.243841 -0.468191 0.640064 -0.256163 -0.148751
0.518166 0.17801 -0.540331 0.696349 -0.322508 -0.151208
0.458099 0.305385 -0.609931 0.709327 -0.37413 -0.154327
0.38957 0.329575 -0.671534 0.706984 -0.412148 -0.158302
0.317458 0.329572 -0.721969 0.704037 -0.439223 -0.163473
0.247898 0.327367 -0.76073 0.700307 -0.458227 -0.170284
0.186338 0.32463 -0.78922 0.695509 -0.471568 -0.179353
0.135942 0.321191 -0.809631 0.689246 -0.481024 -0.191505
0.0972112 0.316841 -0.824117 0.680972 -0.487828 -0.208831
0.0687425 0.311238 -0.834424 0.669941 -0.492811 -0.232958
0.0483455 0.303923 -0.841834 0.655159 -0.496527 -0.265981
0.0338684 0.294262 -0.84724 0.634185 -0.499347 -0.309986
0.0235666 0.281378 -0.851249 0.605641 -0.499352 -0.366017
0.0161598 0.263961 -0.854273 0.567527 -0.475208 -0.432894
0.0107563 0.239437 -0.856591 0.518404 -0.359846 -0.506534
0.00674853 0.206068 -0.826617 0.458347 -0.00852295 -0.580571
0.00372552 0.161525 -0.637798 0.389809 0.246487 -0.648349
0.0220857 0.104131 -0.276573 0.317669 0.312219 -0.70516
0.120869 0.0339833 -0.167503 0.248069 0.327375 -0.749363
0.421702 -0.0460477 -0.146789 0.186466 0.324639 -0.781917
0.640064 -0.130263 -0.146792 0.136031 0.321197 -0.805101
0.696349 -0.211497 -0.148679 0.0972697 0.316841 -0.821374
0.711211 -0.283389 -0.151023 0.0687797 0.311238 -0.832797
0.709249 -0.342243 -0.153968 0.0483687 0.303923 -0.840895
0.706792 -0.387474 -0.157693 0.0338829 0.294262 -0.846721
0.703673 -0.42072 -0.162491 0.0235756 0.281378 -0.850988
0.699698 -0.444541 -0.168754 0.0161655 0.264116 -0.85417
0.694527 -0.461447 -0.177028 0.0107599 0.239622 -0.856585
0.687716 -0.473478 -0.188059 0.00675088 0.206287 -0.856589
0.678647 -0.482128 -0.202974 0.00372706 0.161777 -0.835914
0.666495 -0.488439 -0.223973 0.00140868 0.104409 -0.737131
0.649169 -0.493119 -0.252546 0.0313834 0.0342723 -0.436298
0.625042 -0.496649 -0.290688 0.220202 -0.045769 -0.217936
0.592019 -0.475208 -0.339834 0.581427 -0.130016 -0.161651
0.548014 -0.359846 -0.399901 0.690497 -0.211297 -0.148673
0.491983 -0.00852295 -0.46843 0.711211 -0.283239 -0.151016
0.425106 0.246487 -0.540542 0.711208 -0.342139 -0.153963
0.351466 0.312219 -0.610102 0.709321 -0.387405 -0.157693
0.277429 0.329575 -0.671662 0.706977 -0.420677 -0.162491
0.209651 0.327284 -0.722058 0.704032 -0.444513 -0.168754
0.15284 0.324415 -0.760789 0.700307 -0.46143 -0.177028
0.108637 0.320772 -0.789258 0.695509 -0.473468 -0.188059
0.0760827 0.316129 -0.809654 0.689246 -0.482121 -0.202841
0.052899 0.310091 -0.824132 0.680972 -0.488434 -0.223815
0.0366259 0.302137 -0.834433 0.669941 -0.493116 -0.252359
0.0252025 0.291545 -0.84184 0.655026 -0.496647 -0.290473
0.0171054 0.277354 -0.847244 0.634027 -0.499355 -0.339596
0.0112789 0.257121 -0.851251 0.605454 -0.464349 -0.399653
0.0070119 0.228944 -0.854274 0.567312 -0.243841 -0.468191
0.00383003 0.190379 -0.835914 0.518166 0.17801 -0.540331
0.00141516 0.138988 -0.737131 0.458099 0.305385 -0.609931
0.00141129 0.0735541 -0.436298 0.38957 0.329575 -0.671534
0.0220857 -0.00454753 -0.217936 0.317458 0.329572 -0.721969
0.120869 -0.0905464 -0.161651 0.247898 0.327367 -0.76073
0.421702 -0.17701 -0.146789 0.186338 0.32463 -0.78922
0.640064 -0.256163 -0.148751 0.135942 0.321191 -0.809631
0.696349 -0.322508 -0.151208 0.0972112 0.316841 -0.824117
0.709327 -0.37413 -0.154327 0.0687425 0.311238 -0.834424
0.706984 -0.412148 -0.158302 0.0483455 0.303923 -0.841834
0.704037 -0.439223 -0.163473 0.0338684 0.294262 -0.84724
0.700307 -0.458227 -0.170284 0.0235666 0.281378 -0.851249
0.695509 -0.471568 -0.179353 0.0161598 0.263961 -0.854273
0.689246 -0.481024 -0.191505 0.0107563 0.239437 -0.856591
0.680972 -0.487828 -0.208831 0.00674853 0.206068 -0.826617
0.669941 -0.492811 -0.232958 0.00372552 0.161525 -0.637798
0.655159 -0.496527 -0.265981 0.0220857 0.104131 -0.276573
0.634185 -0.499347 -0.309986 0.120869 0.0339833 -0.167503
0.605641 -0.499352 -0.366017 0.421702 -0.0460477 -0.146789
0.567527 -0.475208 -0.432894 0.640064 -0.130263 -0.146792
0.518404 -0.359846 -0.506534 0.696349 -0.211497 -0.148679
0.458347 -0.00852295 -0.580571 0.711211 -0.283389 -0.151023
0.389809 0.246487 -0.648349 0.709249 -0.342243 -0.153968
0.317669 0.312219 -0.70516 0.706792 -0.387474 -0.157693
0.248069 0.327375 -0.749363 0.703673 -0.42072 -0.162491
0.186466 0.324639 -0.781917 0.699698 -0.444541 -0.168754
0.136031 0.321197 -0.805101 0.694527 -0.461447 -0.177028
0.0972697 0.316841 -0.821374 0.687716 -0.473478 -0.188059
0.0687797 0.311238 -0.832797 0.678647 -0.482128 -0.202974
0.0483687 0.303923 -0.840895 0.666495 -0.488439 -0.223973
0.0338829 0.294262 -0.846721 0.649169 -0.493119 -0.252546
0.0235756 0.281378 -0.850988 0.625042 -0.496649 -0.290688
0.0161655 0.264116 -0.85417 0.592019 -0.475208 -0.339834
0.0107599 0.239622 -0.856585 0.548014 -0.359846 -0.399901
0.00675088 0.206287 -0.856589 0.491983 -0.00852295 -0.46843
0.00372706 0.161777 -0.835914 0.425106 0.246487 -0.540542
0.00140868 0.104409 -0.737131 0.351466 0.312219 -0.610102
0.0313834 0.0342723 -0.436298 0.277429 0.329575 -0.671662
0.220202 -0.045769 -0.217936 0.209651 0.327284 -0.722058
0.581427 -0.130016 -0.161651 0.15284 0.324415 -0.760789
0.690497 -0.211297 -0.148673 0.108637 0.320772 -0.789258
0.711211 -0.283239 -0.151016 0.0760827 0.316129 -0.809654
0.711208 -0.342139 -0.153963 0.052899 0.310091 -0.824132
0.709321 -0.387405 -0.157693 0.0366259 0.302137 -0.834433
0.706977 -0.420677 -0.162491 0.0252025 0.291545 -0.84184
0.704032 -0.444513 -0.168754 0.0171054 0.277354 -0.847244
0.700307 -0.46143 -0.177028 0.0112789 0.257121 -0.851251
0.695509 -0.473468 -0.188059 0.0070119 0.228944 -0.854274
0.689246 -0.482121 -0.202841 0.00383003 0.190379 -0.835914
0.680972 -0.488434 -0.223815 0.00141516 0.138988 -0.737131
0.669941 -0.493116 -0.252359 0.00141129 0.0735541 -0.436298
0.655026 -0.496647 -0.290473 0.0220857 -0.00454753 -0.217936
0.634027 -0.499355 -0.339596 0.120869 -0.0905464 -0.161651
0.605454 -0.464349 -0.399653 0.421702 -0.17701 -0.146789
0.567312 -0.243841 -0.468191 0.640064 -0.256163 -0.148751
0.518166 0.17801 -0.540331 0.696349 -0.322508 -0.151208
0.458099 0.305385 -0.609931 0.709327 -0.37413 -0.154327
0.38957 0.329575 -0.671534 0.706984 -0.412148 -0.158302
0.317458 0.329572 -0.721969 0.704037 -0.439223 -0.163473
0.247898 0.327367 -0.76073 0.700307 -0.458227 -0.170284
0.186338 0.32463 -0.78922 0.695509 -0.471568 -0.179353
0.135942 0.321191 -0.809631 0.689246 -0.481024 -0.191505
0.0972112 0.316841 -0.824117 0.680972 -0.487828 -0.208831
0.0687425 0.311238 -0.834424 0.669941 -0.492811 -0.232958
0.0483455 0.303923 -0.841834 0.655159 -0.496527 -0.265981
0.0338684 0.294262 -0.84724 0.634185 -0.499347 -0.309986
0.0235666 0.281378 -0.851249 0.605641 -0.499352 -0.366017
0.0161598 0.263961 -0.854273 0.567527 -0.475208 -0.432894
0.0107563 0.239437 -0.856591 0.518404 -0.359846 -0.506534
0.00674853 0.206068 -0.826617 0.458347 -0.00852295 -0.580571
0.00372552 0.161525 -0.637798 0.389809 0.246487 -0.648349
0.0220857 0.104131 -0.276573 0.317669 0.312219 -0.70516
0.120869 0.0339833 -0.167503 0.248069 0.327375 -0.749363
0.421702 -0.0460477 -0.146789 0.186466 0.324639 -0.781917
0.640064 -0.130263 -0.146792 0.136031 0.321197 -0.805101
0.696349 -0.211497 -0.148679 0.0972697 0.316841 -0.821374
0.711211 -0.283389 -0.151023 0.0687797 0.311238 -0.832797
0.709249 -0.342243 -0.153968 0.0483687 0.303923 -0.840895
0.706792 -0.387474 -0.157693 0.0338829 0.294262 -0.846721
0.703673 -0.42072 -0.162491 0.0235756 0.281378 -0.850988
0.699698 -0.444541 -0.168754 0.0161655 0.264116 -0.85417
0.694527 -0.461447 -0.177028 0.0107599 0.239622 -0.856585
0.687716 -0.473478 -0.188059 0.00675088 0.206287 -0.856589
0.678647 -0.482128 -0.202974 0.00372706 0.161777 -0.835914
0.666495 -0.488439 -0.223973 0.00140868 0.104409 -0.737131
0.649169 -0.493119 -0.252546 0.0313834 0.0342723 -0.436298
0.625042 -0.496649 -0.290688 0.220202 -0.045769 -0.217936
0.592019 -0.475208 -0.339834 0.581427 -0.130016 -0.161651
0.548014 -0.359846 -0.399901 0.690497 -0.211297 -0.148673
0.491983 -0.00852295 -0.46843 0.711211 -0.283239 -0.151016
0.425106 0.246487 -0.540542 0.711208 -0.342139 -0.153963
0.351466 0.312219 -0.610102 0.709321 -0.387405 -0.157693
0.277429 0.329575 -0.671662 0.706977 -0.420677 -0.162491
0.209651 0.327284 -0.722058 0.704032 -0.444513 -0.168754
0.15284 0.324415 -0.760789 0.700307 -0.46143 -0.177028
0.108637 0.320772 -0.789258 0.695509 -0.473468 -0.188059
0.0760827 0.316129 -0.809654 0.689246 -0.482121 -0.202841
0.052899 0.310091 -0.824132 0.680972 -0.488434 -0.223815
0.0366259 0.302137 -0.834433 0.669941 -0.493116 -0.252359
0.0252025 0.291545 -0.84184 0.655026 -0.496647 -0.290473
0.0171054 0.277354 -0.847244 0.634027 -0.499355 -0.339596
0.0112789 0.257121 -0.851251 0.605454 -0.464349 -0.399653
0.0070119 0.228944 -0.854274 0.567312 -0.243841 -0.468191
0.00383003 0.190379 -0.835914 0.518166 0.17801 -0.540331
0.00141516 0.138988 -0.737131 0.458099 0.305385 -0.609931
0.00141129 0.0735541 -0.436298 0.38957 0.329575 -0.671534
0.0220857 -0.00454753 -0.217936 0.317458 0.329572 -0.721969
0.120869 -0.0905464 -0.161651 0.247898 0.327367 -0.76073
0.421702 -0.17701 -0.146789 0.186338 0.32463 -0.78922
0.640064 -0.256163 -0.148751 0.135942 0.321191 -0.809631
0.696349 -0.322508 -0.151208 0.0972112 0.316841 -0.824117
0.709327 -0.37413 -0.154327 0.0687425 0.311238 -0.834424
0.706984 -0.412148 -0.158302 0.0483455 0.303923 -0.841834
0.704037 -0.439223 -0.163473 0.0338684 0.294262 -0.84724
0.700307 -0.458227 -0.170284 0.0235666 0.281378 -0.851249
0.695509 -0.471568 -0.179353 0.0161598 0.263961 -0.854273
0.689246 -0.481024 -0.191505 0.0107563 0.239437 -0.856591
0.680972 -0.487828 -0.208831 0.00674853 0.206068 -0.826617
0.669941 -0.492811 -0.232958 0.00372552 0.161525 -0.637798
0.655159 -0.496527 -0.265981 0.0220857 0.104131 -0.276573
0.634185 -0.499347 -0.309986 0.120869 0.0339833 -0.167503
0.605641 -0.499352 -0.366017 0.421702 -0.0460477 -0.146789
0.567527 -0.475208 -0.432894 0.640064 -0.130263 -0.146792
0.518404 -0.359846 -0.506534 0.696349 -0.211497 -0.148679
0.458347 -0.00852295 -0.580571 0.711211 -0.283389 -0.151023
0.389809 0.246487 -0.648349 0.709249 -0.342243 -0.153968
0.317669 0.312219 -0.70516 0.706792 -0.387474 -0.157693
0.248069 0.327375 -0.749363 0.703673 -0.42072 -0.162491
0.186466 0.324639 -0.781917 0.699698 -0.444541 -0.168754
0.136031 0.321197 -0.805101 0.694527 -0.461447 -0.177028
0.0972697 0.316841 -0.821374 0.687716 -0.473478 -0.188059
0.0687797 0.311238 -0.832797 0.678647 -0.482128 -0.202974
0.0483687 0.303923 -0.840895 0.666495 -0.488439 -0.223973
0.0338829 0.294262 -0.846721 0.649169 -0.493119 -0.252546
0.0235756 0.281378 -0.850988 0.625042 -0.496649 -0.290688
0.0161655 0.264116 -0.85417 0.592019 -0.475208 -0.339834
0.0107599 0.239622 -0.856585 0.548014 -0.359846 -0.399901
0.00675088 0.206287 -0.856589 0.491983 -0.00852295 -0.46843
0.00372706 0.161777 -0.835914 0.425106 0.246487 -0.540542
0.00140868 0.104409 -0.737131 0.351466 0.312219 -0.610102
0.0313834 0.0342723 -0.436298 0.277429 0.329575 -0.671662
0.220202 -0.045769 -0.217936 0.209651 0.327284 -0.722058
0.581427 -0.130016 -0.161651 0.15284 0.324415 -0.760789
0.690497 -0.211297 -0.148673 0.108637 0.320772 -0.789258
0.711211 -0.283239 -0.151016 0.0760827 0.316129 -0.809654
0.711208 -0.342139 -0.153963 0.052899 0.310091 -0.824132
0.709321 -0.387405 -0.157693 0.0366259 0.302137 -0.834433
0.706977 -0.420677 -0.162491 0.0252025 0.291545 -0.84184
0.704032 -0.444513 -0.168754 0.0171054 0.277354 -0.847244
0.700307 -0.46143 -0.177028 0.0112789 0.257121 -0.851251
0.695509 -0.473468 -0.188059 0.0070119 0.228944 -0.854274
0.689246 -0.482121 -0.202841 0.00383003 0.190379 -0.835914
0.680972 -0.488434 -0.223815 0.00141516 0.138988 -0.737131
0.669941 -0.493116 -0.252359 0.00141129 0.0735541 -0.436298
0.655026 -0.496647 -0.290473 0.0220857 -0.00454753 -0.217936
0.634027 -0.499355 -0.339596 0.120869 -0.0905464 -0.161651
0.605454 -0.464349 -0.399653 0.421702 -0.17701 -0.146789
0.567312 -0.243841 -0.468191 0.640064 -0.256163 -0.148751
0.518166 0.17801 -0.540331 0.696349 -0.322508 -0.151208
0.458099 0.305385 -0.609931 0.709327 -0.37413 -0.154327
0.38957 0.329575 -0.671534 0.706984 -0.412148 -0.158302
0.317458 0.329572 -0.721969 0.704037 -0.439223 -0.163473
0.247898 0.327367 -0.76073 0.700307 -0.458227 -0.170284
0.186338 0.32463 -0.78922 0.695509 -0.471568 -0.179353
0.135942 0.321191 -0.809631 0.689246 -0.481024 -0.191505
0.0972112 0.316841 -0.824117 0.680972 -0.487828 -0.208831
0.0687425 0.311238 -0.834424 0.669941 -0.492811 -0.232958
0.0483455 0.303923 -0.841834 0.655159 -0.496527 -0.265981
0.0338684 0.294262 -0.84724 0.634185 -0.499347 -0.309986
0.0235666 0.281378 -0.851249 0.605641 -0.499352 -0.366017
0.0161598 0.263961 -0.854273 0.567527 -0.475208 -0.432894
0.0107563 0.239437 -0.856591 0.518404 -0.359846 -0.506534
0.00674853 0.206068 -0.826617 0.458347 -0.00852295 -0.580571
0.00372552 0.161525 -0.637798 0.389809 0.246487 -0.648349
0.0220857 0.104131 -0.276573 0.317669 0.312219 -0.70516
0.120869 0.0339833 -0.167503 0.248069 0.327375 -0.749363
0.421702 -0.0460477 -0.146789 0.186466 0.324639 -0.781917
0.640064 -0.130263 -0.146792 0.136031 0.321197 -0.805101
0.696349 -0.211497 -0.148679 0.0972697 0.316841 -0.821374
