0.3575 -0.0835 -0.5005 0.3575 -0.0835 -0.5005
0.3575 -0.0835 -0.5005 0.3575 -0.0835 -0.5005
-0.00942046 -0.0835 -0.5005 0.3575 -0.0835 -0.5005
0.724576 -0.0835 -0.5005 0.3575 -0.0835 -0.5005
0.640965 -0.0835 -0.5005 0.3575 -0.0835 -0.5005
0.00138624 -0.0835 -0.5005 0.3575 -0.0835 -0.5005
0.00138624 -0.0835 -0.5005 0.3575 -0.0835 -0.5005
0.00138624 -0.0835 -0.5005 0.3575 -0.0835 -0.5005
0.00138624 -0.0835 -0.5005 0.3575 -0.0835 -0.5005
0.00138624 -0.0835 -0.5005 0.3575 -0.0835 -0.5005
0.00138624 -0.0835 -0.5005 0.3575 -0.0835 -0.5005
0.00138624 -0.0835 -0.5005 0.3575 -0.0835 -0.5005
0.00138624 -0.0835 -0.5005 0.3575 -0.0835 -0.5005
0.00138624 -0.0835 -0.5005 0.3575 -0.0835 -0.5005
0.00138624 -0.0835 -0.5005 0.3575 -0.0835 -0.5005
0.00138624 -0.0835 -0.5005 0.3575 -0.0835 -0.5005
0.00138624 -0.0835 -0.5005 0.3575 -0.0835 -0.5005
0.00138624 -0.0835 -0.5005 0.3575 -0.0835 -0.5005
0.00138624 -0.512002 -0.5005 0.3575 -0.0835 -0.5005
0.00138624 0.345183 -0.5005 0.3575 -0.0835 -0.5005
0.00138624 0.247539 -0.5005 0.3575 -0.0835 -0.5005
0.00138624 -0.499381 -0.5005 0.3575 -0.0835 -0.5005
0.711202 -0.499381 -0.5005 0.3575 -0.0835 -0.5005
0.711202 -0.499381 -0.5005 0.3575 -0.0835 -0.5005
0.711202 -0.499381 -0.5005 0.3575 -0.0835 -0.5005
0.711202 -0.499381 -0.5005 0.3575 -0.0835 -0.5005
0.711202 -0.499381 -0.5005 0.3575 -0.0835 -0.5005
0.707949 -0.499381 -0.5005 0.3575 -0.0835 -0.5005
0.703276 -0.499381 -0.5005 0.3575 -0.0835 -0.5005
0.696907 -0.499381 -0.5005 0.3575 -0.0835 -0.5005
0.68643 -0.499381 -0.5005 0.3575 -0.0835 -0.5005
0.669641 -0.499381 -0.5005 0.3575 -0.0835 -0.5005
0.642029 -0.499381 -0.5005 0.3575 -0.0835 -0.5005
0.596366 -0.499381 -0.5005 0.3575 -0.0835 -0.5005
0.524933 -0.499381 -0.86742 0.3575 -0.0835 -0.5005
0.425634 -0.499381 -0.133424 0.3575 -0.0835 -0.5005
0.310553 -0.499381 -0.217035 0.3575 -0.0835 -0.5005
0.203297 -0.499381 -0.856614 0.3575 -0.0835 -0.5005
0.122393 0.329565 -0.856614 0.3575 -0.0835 -0.5005
0.0704656 0.329565 -0.856614 0.3575 -0.0835 -0.5005
0.0399113 0.329565 -0.856614 0.3575 -0.0835 -0.5005
0.0222858 0.329565 -0.856614 0.3575 -0.0835 -0.5005
0.011895 0.329565 -0.856614 0.3575 -0.0835 -0.5005
0.00552192 0.325766 -0.856614 0.3575 -0.0835 -0.5005
0.00143957 0.320309 -0.856614 0.3575 -0.0835 -0.5005
0.00143322 0.312871 -0.856614 0.3575 -0.0835 -0.5005
0.00142735 0.300635 -0.856614 0.3575 -0.0835 -0.5005
0.00142194 0.281029 -0.856614 0.3575 -0.0835 -0.5005
0.00141695 0.248782 -0.856614 0.3575 -0.0835 -0.5005
0.0314197 0.195456 -0.856614 0.3575 -0.0835 -0.5005
0.220375 0.112033 -0.856614 -0.00942046 -0.0835 -0.5005
0.581532 -0.00393145 -0.856614 0.724576 -0.0835 -0.5005
0.690516 -0.138327 -0.856614 0.640965 -0.0835 -0.5005
0.708645 -0.263584 -0.856614 0.00138624 -0.0835 -0.5005
0.7052 -0.358065 -0.146798 0.00138624 -0.0835 -0.5005
0.700482 -0.418708 -0.146798 0.00138624 -0.0835 -0.5005
0.693916 -0.45439 -0.146798 0.00138624 -0.0835 -0.5005
0.684559 -0.474974 -0.146798 0.00138624 -0.0835 -0.5005
0.670951 -0.487109 -0.146798 0.00138624 -0.0835 -0.5005
0.650987 -0.494551 -0.150051 0.00138624 -0.0835 -0.5005
0.61975 -0.499319 -0.154724 0.00138624 -0.0835 -0.5005
0.573462 -0.499326 -0.161093 0.00138624 -0.0835 -0.5005
0.508424 -0.499333 -0.17157 0.00138624 -0.0835 -0.5005
0.425092 -0.499339 -0.188359 0.00138624 -0.0835 -0.5005
0.331009 -0.499345 -0.215971 0.00138624 -0.0835 -0.5005
0.239311 -0.464307 -0.261634 0.00138624 -0.0835 -0.5005
0.162237 -0.243639 -0.333067 0.00138624 -0.512002 -0.5005
0.105226 0.178132 -0.432366 0.00138624 0.345183 -0.5005
0.066703 0.305407 -0.547447 0.00138624 0.247539 -0.5005
0.0418866 0.326579 -0.654703 0.00138624 -0.499381 -0.5005
0.0260853 0.322555 -0.735607 0.711202 -0.499381 -0.5005
0.0159027 0.317046 -0.787534 0.711202 -0.499381 -0.5005
0.00917953 0.309377 -0.818089 0.711202 -0.499381 -0.5005
0.00461104 0.29845 -0.835714 0.711202 -0.499381 -0.5005
0.00141551 0.282558 -0.846105 0.711202 -0.499381 -0.5005
0.00141064 0.259243 -0.852478 0.707949 -0.499381 -0.5005
0.0525308 0.222765 -0.85656 0.703276 -0.499381 -0.5005
0.421731 0.168707 -0.856567 0.696907 -0.499381 -0.5005
0.67805 0.0927538 -0.856573 0.68643 -0.499381 -0.5005
0.711213 -0.00456422 -0.856578 0.669641 -0.499381 -0.5005
0.708764 -0.114437 -0.856583 0.642029 -0.499381 -0.5005
0.705532 -0.221525 -0.82658 0.596366 -0.499381 -0.5005
0.701223 -0.311534 -0.637625 0.524933 -0.499381 -0.86742
0.695343 -0.378114 -0.276468 0.425634 -0.499381 -0.133424
0.687164 -0.423102 -0.167484 0.310553 -0.499381 -0.217035
0.675643 -0.452084 -0.149355 0.203297 -0.499381 -0.856614
0.658157 -0.470537 -0.1528 0.122393 0.329565 -0.856614
0.632 -0.482428 -0.157518 0.0704656 0.329565 -0.856614
0.593518 -0.49028 -0.164084 0.0399113 0.329565 -0.856614
0.53892 -0.495615 -0.173441 0.0222858 0.329565 -0.856614
0.46667 -0.499347 -0.187049 0.011895 0.329565 -0.856614
0.380403 -0.499353 -0.207013 0.00552192 0.325766 -0.856614
0.289725 -0.439653 -0.23825 0.00143957 0.320309 -0.856614
0.206673 -0.00848859 -0.284538 0.00143322 0.312871 -0.856614
0.139904 0.290848 -0.349576 0.00142735 0.300635 -0.856614
0.091608 0.329578 -0.432908 0.00142194 0.281029 -0.856614
0.0590295 0.326718 -0.526991 0.00141695 0.248782 -0.856614
0.0377679 0.322943 -0.618689 0.0314197 0.195456 -0.856614
0.0239492 0.317911 -0.695763 0.220375 0.112033 -0.856614
0.0148404 0.311043 -0.752774 0.581532 -0.00393145 -0.856614
0.00869455 0.301493 -0.791297 0.690516 -0.138327 -0.856614
0.00443648 0.288038 -0.816113 0.708645 -0.263584 -0.856614
0.0525404 0.267616 -0.831915 0.7052 -0.358065 -0.146798
0.42176 0.23707 -0.842097 0.700482 -0.418708 -0.146798
0.678054 0.192129 -0.84882 0.693916 -0.45439 -0.146798
0.711214 0.128368 -0.853389 0.684559 -0.474974 -0.146798
0.708637 0.0439926 -0.856584 0.670951 -0.487109 -0.146798
0.70519 -0.0567534 -0.856589 0.650987 -0.494551 -0.150051
0.700469 -0.16265 -0.805469 0.61975 -0.499319 -0.154724
0.6939 -0.25964 -0.436269 0.573462 -0.499326 -0.161093
0.684489 -0.337616 -0.17995 0.508424 -0.499333 -0.17157
0.670717 -0.394017 -0.146787 0.425092 -0.499339 -0.188359
0.650285 -0.432063 -0.149236 0.331009 -0.499345 -0.215971
0.619739 -0.456893 -0.152468 0.239311 -0.464307 -0.261634
0.573433 -0.473031 -0.156777 0.162237 -0.243639 -0.333067
0.508372 -0.483669 -0.162657 0.105226 0.178132 -0.432366
0.425017 -0.490846 -0.170836 0.066703 0.305407 -0.547447
0.33092 -0.495819 -0.182357 0.0418866 0.326579 -0.654703
0.239225 -0.439642 -0.199843 0.0260853 0.322555 -0.735607
0.162166 -0.00845557 -0.226 0.0159027 0.317046 -0.787534
0.105174 0.290853 -0.264482 0.00917953 0.309377 -0.818089
0.0666678 0.329579 -0.31908 0.00461104 0.29845 -0.835714
0.0418636 0.326569 -0.39133 0.00141551 0.282558 -0.846105
0.0260704 0.322543 -0.477597 0.00141064 0.259243 -0.852478
0.0158928 0.31703 -0.568275 0.0525308 0.222765 -0.85656
0.00917281 0.309358 -0.651327 0.421731 0.168707 -0.856567
0.00460635 0.298368 -0.718096 0.67805 0.0927538 -0.856573
0.00141214 0.282285 -0.766392 0.711213 -0.00456422 -0.856578
0.00140736 0.258424 -0.79897 0.708764 -0.114437 -0.856583
0.0525048 0.222752 -0.820232 0.705532 -0.221525 -0.82658
0.421634 0.168673 -0.834051 0.701223 -0.311534 -0.637625
0.678032 0.0926934 -0.84316 0.695343 -0.378114 -0.276468
0.71121 -0.00465145 -0.849305 0.687164 -0.423102 -0.167484
0.70876 -0.11454 -0.853564 0.675643 -0.452084 -0.149355
0.705527 -0.221626 -0.80546 0.658157 -0.470537 -0.1528
0.701223 -0.311618 -0.43624 0.632 -0.482428 -0.157518
0.695343 -0.378175 -0.179946 0.593518 -0.49028 -0.164084
0.687164 -0.423143 -0.146786 0.53892 -0.495615 -0.173441
0.675643 -0.45211 -0.149363 0.46667 -0.499347 -0.187049
0.658157 -0.470554 -0.15281 0.380403 -0.499353 -0.207013
0.632 -0.48244 -0.157531 0.289725 -0.439653 -0.23825
0.593518 -0.490288 -0.1641 0.206673 -0.00848859 -0.284538
0.53892 -0.495621 -0.173511 0.139904 0.290848 -0.349576
0.46667 -0.499351 -0.187283 0.091608 0.329578 -0.432908
0.380403 -0.499356 -0.207715 0.0590295 0.326718 -0.526991
0.289725 -0.439683 -0.238261 0.0377679 0.322943 -0.618689
0.206673 -0.0086022 -0.284567 0.0239492 0.317911 -0.695763
0.139904 0.290828 -0.349628 0.0148404 0.311043 -0.752774
0.091608 0.329574 -0.432983 0.00869455 0.301493 -0.791297
0.0590295 0.326713 -0.52708 0.00443648 0.288038 -0.816113
0.0377679 0.322937 -0.618775 0.0525404 0.267616 -0.831915
0.0239492 0.317911 -0.695834 0.42176 0.23707 -0.842097
0.0148404 0.311043 -0.752826 0.678054 0.192129 -0.84882
0.00869455 0.301493 -0.791332 0.711214 0.128368 -0.853389
0.00443648 0.288038 -0.816136 0.708637 0.0439926 -0.856584
0.0525404 0.267616 -0.83193 0.70519 -0.0567534 -0.856589
0.42176 0.23707 -0.842107 0.700469 -0.16265 -0.805469
0.678054 0.192129 -0.848827 0.6939 -0.25964 -0.436269
0.711214 0.128368 -0.853394 0.684489 -0.337616 -0.17995
0.71121 0.0439926 -0.856588 0.670717 -0.394017 -0.146787
0.708632 -0.0567534 -0.856593 0.650285 -0.432063 -0.149236
0.705184 -0.16265 -0.805495 0.619739 -0.456893 -0.152468
0.700506 -0.25964 -0.436366 0.573433 -0.473031 -0.156777
0.693975 -0.337616 -0.179968 0.508372 -0.483669 -0.162657
0.684644 -0.394017 -0.14679 0.425017 -0.490846 -0.170836
0.671045 -0.432063 -0.14924 0.33092 -0.495819 -0.182357
0.650803 -0.456893 -0.152473 0.239225 -0.439642 -0.199843
0.619495 -0.473031 -0.156777 0.162166 -0.00845557 -0.226
0.573119 -0.483669 -0.162657 0.105174 0.290853 -0.264482
0.507995 -0.490846 -0.170836 0.0666678 0.329579 -0.31908
0.42461 -0.495819 -0.182357 0.0418636 0.326569 -0.39133
0.330536 -0.439642 -0.199843 0.0260704 0.322543 -0.477597
0.238912 -0.00845557 -0.226 0.0158928 0.31703 -0.568275
0.161945 0.290853 -0.264482 0.00917281 0.309358 -0.651327
0.105033 0.329579 -0.31908 0.00460635 0.298368 -0.718096
0.0665834 0.329574 -0.39133 0.00141214 0.282285 -0.766392
0.0418141 0.326564 -0.477597 0.00140736 0.258424 -0.79897
0.0260412 0.322537 -0.568275 0.0525048 0.222752 -0.820232
0.0158751 0.317074 -0.651327 0.421634 0.168673 -0.834051
0.00916174 0.309447 -0.718096 0.678032 0.0926934 -0.84316
0.00459919 0.298549 -0.766392 0.71121 -0.00465145 -0.849305
0.00140736 0.282668 -0.79897 0.70876 -0.11454 -0.853564
0.0313727 0.259028 -0.820232 0.705527 -0.221626 -0.80546
0.220124 0.222467 -0.834051 0.701223 -0.311618 -0.43624
0.581363 0.168307 -0.84316 0.695343 -0.378175 -0.179946
0.690482 0.092253 -0.849305 0.687164 -0.423143 -0.146786
0.708632 -0.00512724 -0.853564 0.675643 -0.45211 -0.149363
0.705184 -0.114989 -0.80546 0.658157 -0.470554 -0.15281
0.700518 -0.22199 -0.43624 0.632 -0.48244 -0.157531
0.694026 -0.311876 -0.179946 0.593518 -0.490288 -0.1641
0.684808 -0.37834 -0.146786 0.53892 -0.495621 -0.173511
0.67153 -0.423242 -0.14679 0.46667 -0.499351 -0.187283
0.650987 -0.452168 -0.149368 0.380403 -0.499356 -0.207715
0.619739 -0.470588 -0.152816 0.289725 -0.439683 -0.238261
0.573433 -0.482461 -0.157494 0.206673 -0.0086022 -0.284567
0.508372 -0.490301 -0.164025 0.139904 0.290828 -0.349628
0.425017 -0.495629 -0.173356 0.091608 0.329574 -0.432983
0.33092 -0.499356 -0.186955 0.0590295 0.326713 -0.52708
0.239225 -0.464362 -0.207197 0.0377679 0.322937 -0.618775
0.162166 -0.243932 -0.238505 0.0239492 0.317911 -0.695834
0.105174 0.177934 -0.284881 0.0148404 0.311043 -0.752826
0.0666678 0.305367 -0.350005 0.00869455 0.301493 -0.791332
0.0418636 0.326564 -0.43339 0.00443648 0.288038 -0.816136
0.0260704 0.322537 -0.527464 0.0525404 0.267616 -0.83193
0.0158928 0.317088 -0.619088 0.42176 0.23707 -0.842107
0.00917281 0.309506 -0.696055 0.678054 0.192129 -0.848827
0.00460635 0.298741 -0.752967 0.711214 0.128368 -0.853394
0.00141214 0.283234 -0.791417 0.71121 0.0439926 -0.856588
0.0525404 0.259243 -0.816186 0.708632 -0.0567534 -0.856593
0.42176 0.222752 -0.831959 0.705184 -0.16265 -0.805495
0.678054 0.168673 -0.842125 0.700506 -0.25964 -0.436366
0.711214 0.0926934 -0.848838 0.693975 -0.337616 -0.179968
0.71121 -0.00465145 -0.853401 0.684644 -0.394017 -0.14679
0.708632 -0.11454 -0.856593 0.671045 -0.432063 -0.14924
0.705184 -0.221626 -0.826627 0.650803 -0.456893 -0.152473
0.700506 -0.311618 -0.637876 0.619495 -0.473031 -0.156777
0.693975 -0.378175 -0.276637 0.573119 -0.483669 -0.162657
0.684644 -0.423143 -0.167518 0.507995 -0.490846 -0.170836
0.671045 -0.45211 -0.149368 0.42461 -0.495819 -0.182357
0.650803 -0.470554 -0.152816 0.330536 -0.439642 -0.199843
0.619495 -0.48244 -0.157482 0.238912 -0.00845557 -0.226
0.573119 -0.490288 -0.163974 0.161945 0.290853 -0.264482
0.507995 -0.495621 -0.173192 0.105033 0.329579 -0.31908
0.42461 -0.499351 -0.18647 0.0665834 0.329574 -0.39133
0.330536 -0.439642 -0.207013 0.0418141 0.326564 -0.477597
0.238912 -0.00845557 -0.238261 0.0260412 0.322537 -0.568275
0.161945 0.290853 -0.284567 0.0158751 0.317074 -0.651327
0.105033 0.329579 -0.349628 0.00916174 0.309447 -0.718096
0.0665834 0.329574 -0.432983 0.00459919 0.298549 -0.766392
0.0418141 0.326564 -0.52708 0.00140736 0.282668 -0.79897
0.0260412 0.322537 -0.618775 0.0313727 0.259028 -0.820232
0.0158751 0.317074 -0.695834 0.220124 0.222467 -0.834051
0.00916174 0.309447 -0.752826 0.581363 0.168307 -0.84316
0.00459919 0.298549 -0.791332 0.690482 0.092253 -0.849305
0.00140736 0.282668 -0.816136 0.708632 -0.00512724 -0.853564
0.0313727 0.259028 -0.83193 0.705184 -0.114989 -0.80546
0.220124 0.222467 -0.842107 0.700518 -0.22199 -0.43624
0.581363 0.168307 -0.848827 0.694026 -0.311876 -0.179946
0.690482 0.092253 -0.853394 0.684808 -0.37834 -0.146786
0.708632 -0.00512724 -0.856588 0.67153 -0.423242 -0.14679
0.705184 -0.114989 -0.80546 0.650987 -0.452168 -0.149368
0.700518 -0.22199 -0.43624 0.619739 -0.470588 -0.152816
0.694026 -0.311876 -0.179946 0.573433 -0.482461 -0.157494
0.684808 -0.37834 -0.146786 0.508372 -0.490301 -0.164025
0.67153 -0.423242 -0.14679 0.425017 -0.495629 -0.173356
0.650987 -0.452168 -0.149368 0.33092 -0.499356 -0.186955
0.619739 -0.470588 -0.152816 0.239225 -0.464362 -0.207197
0.573433 -0.482461 -0.157494 0.162166 -0.243932 -0.238505
0.508372 -0.490301 -0.164025 0.105174 0.177934 -0.284881
0.425017 -0.495629 -0.173356 0.0666678 0.305367 -0.350005
0.33092 -0.499356 -0.186955 0.0418636 0.326564 -0.43339
0.239225 -0.464362 -0.207197 0.0260704 0.322537 -0.527464
0.162166 -0.243932 -0.238505 0.0158928 0.317088 -0.619088
0.105174 0.177934 -0.284881 0.00917281 0.309506 -0.696055
0.0666678 0.305367 -0.350005 0.00460635 0.298741 -0.752967
0.0418636 0.326564 -0.43339 0.00141214 0.283234 -0.791417
0.0260704 0.322537 -0.527464 0.0525404 0.259243 -0.816186
0.0158928 0.317088 -0.619088 0.42176 0.222752 -0.831959
0.00917281 0.309506 -0.696055 0.678054 0.168673 -0.842125
0.00460635 0.298741 -0.752967 0.711214 0.0926934 -0.848838
0.00141214 0.283234 -0.791417 0.71121 -0.00465145 -0.853401
0.0525404 0.259243 -0.816186 0.708632 -0.11454 -0.856593
0.42176 0.222752 -0.831959 0.705184 -0.221626 -0.826627
0.678054 0.168673 -0.842125 0.700506 -0.311618 -0.637876
0.711214 0.0926934 -0.848838 0.693975 -0.378175 -0.276637
0.71121 -0.00465145 -0.853401 0.684644 -0.423143 -0.167518
0.708632 -0.11454 -0.856593 0.671045 -0.45211 -0.149368
0.705184 -0.221626 -0.826627 0.650803 -0.470554 -0.152816
0.700506 -0.311618 -0.637876 0.619495 -0.48244 -0.157482
0.693975 -0.378175 -0.276637 0.573119 -0.490288 -0.163974
0.684644 -0.423143 -0.167518 0.507995 -0.495621 -0.173192
0.671045 -0.45211 -0.149368 0.42461 -0.499351 -0.18647
0.650803 -0.470554 -0.152816 0.330536 -0.439642 -0.207013
0.619495 -0.48244 -0.157482 0.238912 -0.00845557 -0.238261
0.573119 -0.490288 -0.163974 0.161945 0.290853 -0.284567
0.507995 -0.495621 -0.173192 0.105033 0.329579 -0.349628
0.42461 -0.499351 -0.18647 0.0665834 0.329574 -0.432983
0.330536 -0.439642 -0.207013 0.0418141 0.326564 -0.52708
0.238912 -0.00845557 -0.238261 0.0260412 0.322537 -0.618775
0.161945 0.290853 -0.284567 0.0158751 0.317074 -0.695834
0.105033 0.329579 -0.349628 0.00916174 0.309447 -0.752826
0.0665834 0.329574 -0.432983 0.00459919 0.298549 -0.791332
0.0418141 0.326564 -0.52708 0.00140736 0.282668 -0.816136
0.0260412 0.322537 -0.618775 0.0313727 0.259028 -0.83193
0.0158751 0.317074 -0.695834 0.220124 0.222467 -0.842107
0.00916174 0.309447 -0.752826 0.581363 0.168307 -0.848827
0.00459919 0.298549 -0.791332 0.690482 0.092253 -0.853394
0.00140736 0.282668 -0.816136 0.708632 -0.00512724 -0.856588
0.0313727 0.259028 -0.83193 0.705184 -0.114989 -0.80546
0.220124 0.222467 -0.842107 0.700518 -0.22199 -0.43624
0.581363 0.168307 -0.848827 0.694026 -0.311876 -0.179946
0.690482 0.092253 -0.853394 0.684808 -0.37834 -0.146786
0.708632 -0.00512724 -0.856588 0.67153 -0.423242 -0.14679
0.705184 -0.114989 -0.80546 0.650987 -0.452168 -0.149368
0.700469 -0.22199 -0.43624 0.619739 -0.470588 -0.152816
0.693916 -0.311876 -0.179946 0.573433 -0.482461 -0.157494
0.684559 -0.37834 -0.146786 0.508372 -0.490301 -0.164025
0.670951 -0.423242 -0.14679 0.425017 -0.495629 -0.173356
0.650987 -0.452168 -0.149368 0.33092 -0.499356 -0.186955
0.61975 -0.470588 -0.152816 0.239225 -0.464362 -0.207197
0.573462 -0.482461 -0.157494 0.162166 -0.243932 -0.238505
0.508424 -0.490301 -0.164025 0.105174 0.177934 -0.284881
0.425092 -0.495629 -0.173356 0.0666678 0.305367 -0.350005
0.331009 -0.499356 -0.186955 0.0418636 0.326564 -0.43339
0.239311 -0.464362 -0.207197 0.0260704 0.322537 -0.527464
0.162237 -0.243932 -0.238505 0.0158928 0.317088 -0.619088
0.105226 0.177934 -0.284881 0.00917281 0.309506 -0.696055
0.066703 0.305367 -0.350005 0.00460635 0.298741 -0.752967
0.0418866 0.326564 -0.43339 0.00141214 0.283234 -0.791417
0.0260853 0.322537 -0.527464 0.0525404 0.259243 -0.816186
0.0159027 0.31703 -0.619088 0.42176 0.222752 -0.831959
0.00917953 0.309377 -0.696055 0.678054 0.168673 -0.842125
0.00461104 0.29845 -0.752967 0.711214 0.0926934 -0.848838
0.00141551 0.282558 -0.791417 0.71121 -0.00465145 -0.853401
0.0525672 0.259243 -0.816186 0.708632 -0.11454 -0.856593
0.42186 0.222765 -0.831959 0.705184 -0.221626 -0.826627
0.678072 0.168707 -0.842125 0.700506 -0.311618 -0.637876
0.711218 0.0927538 -0.848838 0.693975 -0.378175 -0.276637
0.711213 -0.00456422 -0.853401 0.684644 -0.423143 -0.167518
0.708637 -0.114437 -0.856593 0.671045 -0.45211 -0.149368
0.70519 -0.221525 -0.826627 0.650803 -0.470554 -0.152816
0.700518 -0.311534 -0.637876 0.619495 -0.48244 -0.157482
0.694026 -0.378114 -0.276637 0.573119 -0.490288 -0.163974
0.684808 -0.423102 -0.167518 0.507995 -0.495621 -0.173192
0.67153 -0.452084 -0.149368 0.42461 -0.499351 -0.18647
0.650987 -0.470537 -0.152816 0.330536 -0.439642 -0.207013
0.619739 -0.482428 -0.157531 0.238912 -0.00845557 -0.238261
0.573433 -0.49028 -0.164084 0.161945 0.290853 -0.284567
0.508372 -0.495615 -0.173441 0.105033 0.329579 -0.349628
0.425017 -0.499347 -0.187049 0.0665834 0.329574 -0.432983
0.33092 -0.43961 -0.207013 0.0418141 0.326564 -0.52708
0.239225 -0.00833832 -0.23825 0.0260412 0.322537 -0.618775
0.162166 0.290874 -0.284538 0.0158751 0.317074 -0.695834
0.105174 0.329583 -0.349576 0.00916174 0.309447 -0.752826
0.0666678 0.329578 -0.432908 0.00459919 0.298549 -0.791332
0.0418636 0.326569 -0.526991 0.00140736 0.282668 -0.816136
0.0260704 0.322543 -0.618689 0.0313727 0.259028 -0.83193
0.0158928 0.317088 -0.695763 0.220124 0.222467 -0.842107
0.00917281 0.309506 -0.752774 0.581363 0.168307 -0.848827
0.00460635 0.298741 -0.791297 0.690482 0.092253 -0.853394
0.00141214 0.283234 -0.816113 0.708632 -0.00512724 -0.856588
0.0313946 0.259243 -0.831915 0.705184 -0.114989 -0.80546
0.220234 0.222752 -0.842097 0.700469 -0.22199 -0.43624
0.581433 0.168673 -0.84882 0.693916 -0.311876 -0.179946
0.690495 0.0926934 -0.853389 0.684559 -0.37834 -0.146786
0.708637 -0.00465145 -0.856584 0.670951 -0.423242 -0.14679
0.70519 -0.11454 -0.805433 0.650987 -0.452168 -0.149368
0.700469 -0.221626 -0.43614 0.61975 -0.470588 -0.152816
0.6939 -0.311618 -0.179928 0.573462 -0.482461 -0.157494
0.684489 -0.378175 -0.146782 0.508424 -0.490301 -0.164025
0.670717 -0.423143 -0.146787 0.425092 -0.495629 -0.173356
0.650285 -0.45211 -0.149363 0.331009 -0.499356 -0.186955
0.619739 -0.470554 -0.15281 0.239311 -0.464362 -0.207197
0.573433 -0.48244 -0.157482 0.162237 -0.243932 -0.238505
0.508372 -0.490288 -0.163974 0.105226 0.177934 -0.284881
0.425017 -0.495621 -0.173192 0.066703 0.305367 -0.350005
0.33092 -0.499351 -0.18647 0.0418866 0.326564 -0.43339
0.239225 -0.464336 -0.207013 0.0260853 0.322537 -0.527464
0.162166 -0.243803 -0.238261 0.0159027 0.31703 -0.619088
0.105174 0.178016 -0.284567 0.00917953 0.309377 -0.696055
0.0666678 0.305383 -0.349628 0.00461104 0.29845 -0.752967
0.0418636 0.326569 -0.432983 0.00141551 0.282558 -0.791417
0.0260704 0.322543 -0.52708 0.0525672 0.259243 -0.816186
0.0158928 0.31703 -0.618775 0.42186 0.222765 -0.831959
0.00917281 0.309358 -0.695834 0.678072 0.168707 -0.842125
0.00460635 0.298368 -0.752826 0.711218 0.0927538 -0.848838
0.00141214 0.282285 -0.791332 0.711213 -0.00456422 -0.853401
0.00140736 0.258424 -0.816136 0.708637 -0.114437 -0.856593
0.0525048 0.222752 -0.83193 0.70519 -0.221525 -0.826627
0.421634 0.168673 -0.842107 0.700518 -0.311534 -0.637876
0.678032 0.0926934 -0.848827 0.694026 -0.378114 -0.276637
0.71121 -0.00465145 -0.853394 0.684808 -0.423102 -0.167518
0.70876 -0.11454 -0.856588 0.67153 -0.452084 -0.149368
0.705527 -0.221626 -0.826605 0.650987 -0.470537 -0.152816
0.701223 -0.311618 -0.637766 0.619739 -0.482428 -0.157531
0.695343 -0.378175 -0.276567 0.573433 -0.49028 -0.164084
0.687164 -0.423143 -0.167505 0.508372 -0.495615 -0.173441
0.675643 -0.45211 -0.149363 0.425017 -0.499347 -0.187049
0.658157 -0.470554 -0.15281 0.33092 -0.43961 -0.207013
0.632 -0.48244 -0.157531 0.239225 -0.00833832 -0.23825
0.593518 -0.490288 -0.1641 0.162166 0.290874 -0.284538
0.53892 -0.495621 -0.173511 0.105174 0.329583 -0.349576
0.46667 -0.499351 -0.187283 0.0666678 0.329578 -0.432908
0.380403 -0.499356 -0.207715 0.0418636 0.326569 -0.526991
0.289725 -0.439683 -0.238261 0.0260704 0.322543 -0.618689
0.206673 -0.0086022 -0.284567 0.0158928 0.317088 -0.695763
0.139904 0.290828 -0.349628 0.00917281 0.309506 -0.752774
0.091608 0.329574 -0.432983 0.00460635 0.298741 -0.791297
0.0590295 0.326713 -0.52708 0.00141214 0.283234 -0.816113
0.0377679 0.322937 -0.618775 0.0313946 0.259243 -0.831915
0.0239492 0.317911 -0.695834 0.220234 0.222752 -0.842097
0.0148404 0.311043 -0.752826 0.581433 0.168673 -0.84882
0.00869455 0.301493 -0.791332 0.690495 0.0926934 -0.853389
0.00443648 0.288038 -0.816136 0.708637 -0.00465145 -0.856584
0.0525404 0.267616 -0.83193 0.70519 -0.11454 -0.805433
0.42176 0.23707 -0.842107 0.700469 -0.221626 -0.43614
0.678054 0.192129 -0.848827 0.6939 -0.311618 -0.179928
0.711214 0.128368 -0.853394 0.684489 -0.378175 -0.146782
0.71121 0.0439926 -0.856588 0.670717 -0.423143 -0.146787
0.708632 -0.0567534 -0.856593 0.650285 -0.45211 -0.149363
0.705184 -0.16265 -0.805495 0.619739 -0.470554 -0.15281
0.700506 -0.25964 -0.436366 0.573433 -0.48244 -0.157482
0.693975 -0.337616 -0.179968 0.508372 -0.490288 -0.163974
0.684644 -0.394017 -0.14679 0.425017 -0.495621 -0.173192
0.671045 -0.432063 -0.14924 0.33092 -0.499351 -0.18647
0.650803 -0.456893 -0.152473 0.239225 -0.464336 -0.207013
0.619495 -0.473031 -0.156777 0.162166 -0.243803 -0.238261
0.573119 -0.483669 -0.162657 0.105174 0.178016 -0.284567
0.507995 -0.490846 -0.170836 0.0666678 0.305383 -0.349628
0.42461 -0.495819 -0.182357 0.0418636 0.326569 -0.432983
0.330536 -0.439642 -0.199843 0.0260704 0.322543 -0.52708
0.238912 -0.00845557 -0.226 0.0158928 0.31703 -0.618775
0.161945 0.290853 -0.264482 0.00917281 0.309358 -0.695834
0.105033 0.329579 -0.31908 0.00460635 0.298368 -0.752826
0.0665834 0.329574 -0.39133 0.00141214 0.282285 -0.791332
0.0418141 0.326564 -0.477597 0.00140736 0.258424 -0.816136
0.0260412 0.322537 -0.568275 0.0525048 0.222752 -0.83193
0.0158751 0.317074 -0.651327 0.421634 0.168673 -0.842107
0.00916174 0.309447 -0.718096 0.678032 0.0926934 -0.848827
0.00459919 0.298549 -0.766392 0.71121 -0.00465145 -0.853394
0.00140736 0.282668 -0.79897 0.70876 -0.11454 -0.856588
0.0313727 0.259028 -0.820232 0.705527 -0.221626 -0.826605
0.220124 0.222467 -0.834051 0.701223 -0.311618 -0.637766
0.581363 0.168307 -0.84316 0.695343 -0.378175 -0.276567
0.690482 0.092253 -0.849305 0.687164 -0.423143 -0.167505
0.708632 -0.00512724 -0.853564 0.675643 -0.45211 -0.149363
0.705184 -0.114989 -0.80546 0.658157 -0.470554 -0.15281
0.700518 -0.22199 -0.43624 0.632 -0.48244 -0.157531
0.694026 -0.311876 -0.179946 0.593518 -0.490288 -0.1641
0.684808 -0.37834 -0.146786 0.53892 -0.495621 -0.173511
0.67153 -0.423242 -0.14679 0.46667 -0.499351 -0.187283
0.650987 -0.452168 -0.149368 0.380403 -0.499356 -0.207715
0.619739 -0.470588 -0.152816 0.289725 -0.439683 -0.238261
0.573433 -0.482461 -0.157494 0.206673 -0.0086022 -0.284567
0.508372 -0.490301 -0.164025 0.139904 0.290828 -0.349628
0.425017 -0.495629 -0.173356 0.091608 0.329574 -0.432983
0.33092 -0.499356 -0.186955 0.0590295 0.326713 -0.52708
0.239225 -0.464362 -0.207197 0.0377679 0.322937 -0.618775
0.162166 -0.243932 -0.238505 0.0239492 0.317911 -0.695834
0.105174 0.177934 -0.284881 0.0148404 0.311043 -0.752826
0.0666678 0.305367 -0.350005 0.00869455 0.301493 -0.791332
0.0418636 0.326564 -0.43339 0.00443648 0.288038 -0.816136
0.0260704 0.322537 -0.527464 0.0525404 0.267616 -0.83193
0.0158928 0.317088 -0.619088 0.42176 0.23707 -0.842107
0.00917281 0.309506 -0.696055 0.678054 0.192129 -0.848827
0.00460635 0.298741 -0.752967 0.711214 0.128368 -0.853394
0.00141214 0.283234 -0.791417 0.71121 0.0439926 -0.856588
0.0525404 0.259243 -0.816186 0.708632 -0.0567534 -0.856593
0.42176 0.222752 -0.831959 0.705184 -0.16265 -0.805495
0.678054 0.168673 -0.842125 0.700506 -0.25964 -0.436366
0.711214 0.0926934 -0.848838 0.693975 -0.337616 -0.179968
0.71121 -0.00465145 -0.853401 0.684644 -0.394017 -0.14679
0.708632 -0.11454 -0.856593 0.671045 -0.432063 -0.14924
0.705184 -0.221626 -0.826627 0.650803 -0.456893 -0.152473
0.700506 -0.311618 -0.637876 0.619495 -0.473031 -0.156777
0.693975 -0.378175 -0.276637 0.573119 -0.483669 -0.162657
0.684644 -0.423143 -0.167518 0.507995 -0.490846 -0.170836
0.671045 -0.45211 -0.149368 0.42461 -0.495819 -0.182357
0.650803 -0.470554 -0.152816 0.330536 -0.439642 -0.199843
0.619495 -0.48244 -0.157482 0.238912 -0.00845557 -0.226
0.573119 -0.490288 -0.163974 0.161945 0.290853 -0.264482
0.507995 -0.495621 -0.173192 0.105033 0.329579 -0.31908
0.42461 -0.499351 -0.18647 0.0665834 0.329574 -0.39133
0.330536 -0.439642 -0.207013 0.0418141 0.326564 -0.477597
0.238912 -0.00845557 -0.238261 0.0260412 0.322537 -0.568275
0.161945 0.290853 -0.284567 0.0158751 0.317074 -0.651327
0.105033 0.329579 -0.349628 0.00916174 0.309447 -0.718096
0.0665834 0.329574 -0.432983 0.00459919 0.298549 -0.766392
0.0418141 0.326564 -0.52708 0.00140736 0.282668 -0.79897
0.0260412 0.322537 -0.618775 0.0313727 0.259028 -0.820232
0.0158751 0.317074 -0.695834 0.220124 0.222467 -0.834051
0.00916174 0.309447 -0.752826 0.581363 0.168307 -0.84316
0.00459919 0.298549 -0.791332 0.690482 0.092253 -0.849305
0.00140736 0.282668 -0.816136 0.708632 -0.00512724 -0.853564
0.0313727 0.259028 -0.83193 0.705184 -0.114989 -0.80546
0.220124 0.222467 -0.842107 0.700518 -0.22199 -0.43624
0.581363 0.168307 -0.848827 0.694026 -0.311876 -0.179946
0.690482 0.092253 -0.853394 0.684808 -0.37834 -0.146786
0.708632 -0.00512724 -0.856588 0.67153 -0.423242 -0.14679
0.705184 -0.114989 -0.80546 0.650987 -0.452168 -0.149368
0.700518 -0.22199 -0.43624 0.619739 -0.470588 -0.152816
0.694026 -0.311876 -0.179946 0.573433 -0.482461 -0.157494
0.684808 -0.37834 -0.146786 0.508372 -0.490301 -0.164025
0.67153 -0.423242 -0.14679 0.425017 -0.495629 -0.173356
0.650987 -0.452168 -0.149368 0.33092 -0.499356 -0.186955
0.619739 -0.470588 -0.152816 0.239225 -0.464362 -0.207197
0.573433 -0.482461 -0.157494 0.162166 -0.243932 -0.238505
0.508372 -0.490301 -0.164025 0.105174 0.177934 -0.284881
0.425017 -0.495629 -0.173356 0.0666678 0.305367 -0.350005
0.33092 -0.499356 -0.186955 0.0418636 0.326564 -0.43339
0.239225 -0.464362 -0.207197 0.0260704 0.322537 -0.527464
0.162166 -0.243932 -0.238505 0.0158928 0.317088 -0.619088
0.105174 0.177934 -0.284881 0.00917281 0.309506 -0.696055
0.0666678 0.305367 -0.350005 0.00460635 0.298741 -0.752967
0.0418636 0.326564 -0.43339 0.00141214 0.283234 -0.791417
0.0260704 0.322537 -0.527464 0.0525404 0.259243 -0.816186
0.0158928 0.317088 -0.619088 0.42176 0.222752 -0.831959
0.00917281 0.309506 -0.696055 0.678054 0.168673 -0.842125
0.00460635 0.298741 -0.752967 0.711214 0.0926934 -0.848838
0.00141214 0.283234 -0.791417 0.71121 -0.00465145 -0.853401
0.0525404 0.259243 -0.816186 0.708632 -0.11454 -0.856593
0.42176 0.222752 -0.831959 0.705184 -0.221626 -0.826627
0.678054 0.168673 -0.842125 0.700506 -0.311618 -0.637876
0.711214 0.0926934 -0.848838 0.693975 -0.378175 -0.276637
0.71121 -0.00465145 -0.853401 0.684644 -0.423143 -0.167518
0.708632 -0.11454 -0.856593 0.671045 -0.45211 -0.149368
0.705184 -0.221626 -0.826627 0.650803 -0.470554 -0.152816
0.700506 -0.311618 -0.637876 0.619495 -0.48244 -0.157482
0.693975 -0.378175 -0.276637 0.573119 -0.490288 -0.163974
0.684644 -0.423143 -0.167518 0.507995 -0.495621 -0.173192
0.671045 -0.45211 -0.149368 0.42461 -0.499351 -0.18647
0.650803 -0.470554 -0.152816 0.330536 -0.439642 -0.207013
0.619495 -0.48244 -0.157482 0.238912 -0.00845557 -0.238261
0.573119 -0.490288 -0.163974 0.161945 0.290853 -0.284567
0.507995 -0.495621 -0.173192 0.105033 0.329579 -0.349628
0.42461 -0.499351 -0.18647 0.0665834 0.329574 -0.432983
0.330536 -0.439642 -0.207013 0.0418141 0.326564 -0.52708
0.238912 -0.00845557 -0.238261 0.0260412 0.322537 -0.618775
0.161945 0.290853 -0.284567 0.0158751 0.317074 -0.695834
0.105033 0.329579 -0.349628 0.00916174 0.309447 -0.752826
0.0665834 0.329574 -0.432983 0.00459919 0.298549 -0.791332
0.0418141 0.326564 -0.52708 0.00140736 0.282668 -0.816136
0.0260412 0.322537 -0.618775 0.0313727 0.259028 -0.83193
0.0158751 0.317074 -0.695834 0.220124 0.222467 -0.842107
0.00916174 0.309447 -0.752826 0.581363 0.168307 -0.848827
0.00459919 0.298549 -0.791332 0.690482 0.092253 -0.853394
0.00140736 0.282668 -0.816136 0.708632 -0.00512724 -0.856588
0.0313727 0.259028 -0.83193 0.705184 -0.114989 -0.80546
0.220124 0.222467 -0.842107 0.700518 -0.22199 -0.43624
0.581363 0.168307 -0.848827 0.694026 -0.311876 -0.179946
0.690482 0.092253 -0.853394 0.684808 -0.37834 -0.146786
0.708632 -0.00512724 -0.856588 0.67153 -0.423242 -0.14679
0.705184 -0.114989 -0.80546 0.650987 -0.452168 -0.149368
0.700469 -0.22199 -0.43624 0.619739 -0.470588 -0.152816
0.693916 -0.311876 -0.179946 0.573433 -0.482461 -0.157494
0.684559 -0.37834 -0.146786 0.508372 -0.490301 -0.164025
0.670951 -0.423242 -0.14679 0.425017 -0.495629 -0.173356
0.650987 -0.452168 -0.149368 0.33092 -0.499356 -0.186955
0.61975 -0.470588 -0.152816 0.239225 -0.464362 -0.207197
0.573462 -0.482461 -0.157494 0.162166 -0.243932 -0.238505
0.508424 -0.490301 -0.164025 0.105174 0.177934 -0.284881
0.425092 -0.495629 -0.173356 0.0666678 0.305367 -0.350005
0.331009 -0.499356 -0.186955 0.0418636 0.326564 -0.43339
0.239311 -0.464362 -0.207197 0.0260704 0.322537 -0.527464
0.162237 -0.243932 -0.238505 0.0158928 0.317088 -0.619088
0.105226 0.177934 -0.284881 0.00917281 0.309506 -0.696055
0.066703 0.305367 -0.350005 0.00460635 0.298741 -0.752967
0.0418866 0.326564 -0.43339 0.00141214 0.283234 -0.791417
0.0260853 0.322537 -0.527464 0.0525404 0.259243 -0.816186
0.0159027 0.31703 -0.619088 0.42176 0.222752 -0.831959
0.00917953 0.309377 -0.696055 0.678054 0.168673 -0.842125
0.00461104 0.29845 -0.752967 0.711214 0.0926934 -0.848838
0.00141551 0.282558 -0.791417 0.71121 -0.00465145 -0.853401
0.0525672 0.259243 -0.816186 0.708632 -0.11454 -0.856593
0.42186 0.222765 -0.831959 0.705184 -0.221626 -0.826627
0.678072 0.168707 -0.842125 0.700506 -0.311618 -0.637876
0.711218 0.0927538 -0.848838 0.693975 -0.378175 -0.276637
0.711213 -0.00456422 -0.853401 0.684644 -0.423143 -0.167518
0.708637 -0.114437 -0.856593 0.671045 -0.45211 -0.149368
0.70519 -0.221525 -0.826627 0.650803 -0.470554 -0.152816
0.700518 -0.311534 -0.637876 0.619495 -0.48244 -0.157482
0.694026 -0.378114 -0.276637 0.573119 -0.490288 -0.163974
0.684808 -0.423102 -0.167518 0.507995 -0.495621 -0.173192
0.67153 -0.452084 -0.149368 0.42461 -0.499351 -0.18647
0.650803 -0.470537 -0.152816 0.330536 -0.439642 -0.207013
0.619495 -0.482428 -0.157531 0.238912 -0.00845557 -0.238261
0.573119 -0.49028 -0.164084 0.161945 0.290853 -0.284567
0.507995 -0.495615 -0.173441 0.105033 0.329579 -0.349628
0.42461 -0.499347 -0.187049 0.0665834 0.329574 -0.432983
0.330536 -0.43961 -0.207013 0.0418141 0.326564 -0.52708
0.238912 -0.00833832 -0.23825 0.0260412 0.322537 -0.618775
0.161945 0.290874 -0.284538 0.0158751 0.317074 -0.695834
0.105033 0.329583 -0.349576 0.00916174 0.309447 -0.752826
0.0665834 0.329578 -0.432908 0.00459919 0.298549 -0.791332
0.0418141 0.326569 -0.526991 0.00140736 0.282668 -0.816136
0.0260412 0.322543 -0.618689 0.0313727 0.259028 -0.83193
0.0158751 0.317088 -0.695763 0.220124 0.222467 -0.842107
0.00916174 0.309506 -0.752774 0.581363 0.168307 -0.848827
0.00459919 0.298741 -0.791297 0.690482 0.092253 -0.853394
0.00140736 0.283234 -0.816113 0.708632 -0.00512724 -0.856588
0.0313727 0.259028 -0.831915 0.705184 -0.114989 -0.80546
0.220124 0.222467 -0.842097 0.700469 -0.22199 -0.43624
0.581363 0.168307 -0.84882 0.693916 -0.311876 -0.179946
0.690482 0.092253 -0.853389 0.684559 -0.37834 -0.146786
0.708632 -0.00512724 -0.856584 0.670951 -0.423242 -0.14679
0.705184 -0.114989 -0.805433 0.650987 -0.452168 -0.149368
0.700469 -0.22199 -0.43614 0.61975 -0.470588 -0.152816
0.693916 -0.311876 -0.179928 0.573462 -0.482461 -0.157494
0.684559 -0.37834 -0.146782 0.508424 -0.490301 -0.164025
0.670951 -0.423242 -0.146787 0.425092 -0.495629 -0.173356
0.650987 -0.452168 -0.149363 0.331009 -0.499356 -0.186955
0.61975 -0.470588 -0.15281 0.239311 -0.464362 -0.207197
0.573462 -0.482461 -0.157482 0.162237 -0.243932 -0.238505
0.508424 -0.490301 -0.163974 0.105226 0.177934 -0.284881
0.425092 -0.495629 -0.173192 0.066703 0.305367 -0.350005
0.331009 -0.499356 -0.18647 0.0418866 0.326564 -0.43339
0.239311 -0.464362 -0.207197 0.0260853 0.322537 -0.527464
0.162237 -0.243932 -0.238505 0.0159027 0.31703 -0.619088
0.105226 0.177934 -0.284881 0.00917953 0.309377 -0.696055
0.066703 0.305367 -0.350005 0.00461104 0.29845 -0.752967
0.0418866 0.326564 -0.43339 0.00141551 0.282558 -0.791417
0.0260853 0.322537 -0.527464 0.0525672 0.259243 -0.816186
0.0159027 0.31703 -0.619088 0.42186 0.222765 -0.831959
0.00917953 0.309377 -0.696055 0.678072 0.168707 -0.842125
0.00461104 0.29845 -0.752967 0.711218 0.0927538 -0.848838
0.00141551 0.282558 -0.791417 0.711213 -0.00456422 -0.853401
0.00141064 0.259243 -0.816186 0.708637 -0.114437 -0.856593
0.0525308 0.222765 -0.831959 0.70519 -0.221525 -0.826627
0.421731 0.168707 -0.842125 0.700518 -0.311534 -0.637876
0.67805 0.0927538 -0.848838 0.694026 -0.378114 -0.276637
0.711213 -0.00456422 -0.853401 0.684808 -0.423102 -0.167518
0.708764 -0.114437 -0.856593 0.67153 -0.452084 -0.149368
0.705532 -0.221525 -0.826627 0.650803 -0.470537 -0.152816
0.701223 -0.311534 -0.637876 0.619495 -0.482428 -0.157531
0.695343 -0.378114 -0.276637 0.573119 -0.49028 -0.164084
0.687164 -0.423102 -0.167518 0.507995 -0.495615 -0.173441
0.675643 -0.452084 -0.149368 0.42461 -0.499347 -0.187049
0.658157 -0.470537 -0.152816 0.330536 -0.43961 -0.207013
0.632 -0.482428 -0.157531 0.238912 -0.00833832 -0.23825
0.593518 -0.49028 -0.164084 0.161945 0.290874 -0.284538
0.53892 -0.495615 -0.173441 0.105033 0.329583 -0.349576
0.46667 -0.499347 -0.187049 0.0665834 0.329578 -0.432908
0.380403 -0.499353 -0.207013 0.0418141 0.326569 -0.526991
0.289725 -0.439653 -0.23825 0.0260412 0.322543 -0.618689
0.206673 -0.00848859 -0.284538 0.0158751 0.317088 -0.695763
0.139904 0.290848 -0.349576 0.00916174 0.309506 -0.752774
0.091608 0.329578 -0.432908 0.00459919 0.298741 -0.791297
0.0590295 0.326718 -0.526991 0.00140736 0.283234 -0.816113
0.0377679 0.322943 -0.618689 0.0313727 0.259028 -0.831915
0.0239492 0.317911 -0.695763 0.220124 0.222467 -0.842097
0.0148404 0.311043 -0.752774 0.581363 0.168307 -0.84882
0.00869455 0.301493 -0.791297 0.690482 0.092253 -0.853389
0.00443648 0.288038 -0.816113 0.708632 -0.00512724 -0.856584
0.0525404 0.267616 -0.831915 0.705184 -0.114989 -0.805433
0.42176 0.23707 -0.842097 0.700469 -0.22199 -0.43614
0.678054 0.192129 -0.84882 0.693916 -0.311876 -0.179928
0.711214 0.128368 -0.853389 0.684559 -0.37834 -0.146782
0.708637 0.0439926 -0.856584 0.670951 -0.423242 -0.146787
0.70519 -0.0567534 -0.856589 0.650987 -0.452168 -0.149363
0.700469 -0.16265 -0.805469 0.61975 -0.470588 -0.15281
0.6939 -0.25964 -0.436269 0.573462 -0.482461 -0.157482
0.684489 -0.337616 -0.17995 0.508424 -0.490301 -0.163974
0.670717 -0.394017 -0.146787 0.425092 -0.495629 -0.173192
0.650285 -0.432063 -0.149236 0.331009 -0.499356 -0.18647
0.619739 -0.456893 -0.152468 0.239311 -0.464362 -0.207197
0.573433 -0.473031 -0.156777 0.162237 -0.243932 -0.238505
0.508372 -0.483669 -0.162657 0.105226 0.177934 -0.284881
0.425017 -0.490846 -0.170836 0.066703 0.305367 -0.350005
0.33092 -0.495819 -0.182357 0.0418866 0.326564 -0.43339
0.239225 -0.439642 -0.199843 0.0260853 0.322537 -0.527464
0.162166 -0.00845557 -0.226 0.0159027 0.31703 -0.619088
0.105174 0.290853 -0.264482 0.00917953 0.309377 -0.696055
0.0666678 0.329579 -0.31908 0.00461104 0.29845 -0.752967
0.0418636 0.326569 -0.39133 0.00141551 0.282558 -0.791417
0.0260704 0.322543 -0.477597 0.00141064 0.259243 -0.816186
0.0158928 0.31703 -0.568275 0.0525308 0.222765 -0.831959
0.00917281 0.309358 -0.651327 0.421731 0.168707 -0.842125
0.00460635 0.298368 -0.718096 0.67805 0.0927538 -0.848838
0.00141214 0.282285 -0.766392 0.711213 -0.00456422 -0.853401
0.00140736 0.258424 -0.79897 0.708764 -0.114437 -0.856593
0.0525048 0.222752 -0.820232 0.705532 -0.221525 -0.826627
0.421634 0.168673 -0.834051 0.701223 -0.311534 -0.637876
0.678032 0.0926934 -0.84316 0.695343 -0.378114 -0.276637
0.71121 -0.00465145 -0.849305 0.687164 -0.423102 -0.167518
0.70876 -0.11454 -0.853564 0.675643 -0.452084 -0.149368
0.705527 -0.221626 -0.80546 0.658157 -0.470537 -0.152816
0.701223 -0.311618 -0.43624 0.632 -0.482428 -0.157531
0.695343 -0.378175 -0.179946 0.593518 -0.49028 -0.164084
0.687164 -0.423143 -0.146786 0.53892 -0.495615 -0.173441
0.675643 -0.45211 -0.149363 0.46667 -0.499347 -0.187049
0.658157 -0.470554 -0.15281 0.380403 -0.499353 -0.207013
0.632 -0.48244 -0.157531 0.289725 -0.439653 -0.23825
0.593518 -0.490288 -0.1641 0.206673 -0.00848859 -0.284538
0.53892 -0.495621 -0.173511 0.139904 0.290848 -0.349576
0.46667 -0.499351 -0.187283 0.091608 0.329578 -0.432908
0.380403 -0.499356 -0.207715 0.0590295 0.326718 -0.526991
0.289725 -0.439683 -0.238261 0.0377679 0.322943 -0.618689
0.206673 -0.0086022 -0.284567 0.0239492 0.317911 -0.695763
0.139904 0.290828 -0.349628 0.0148404 0.311043 -0.752774
0.091608 0.329574 -0.432983 0.00869455 0.301493 -0.791297
0.0590295 0.326713 -0.52708 0.00443648 0.288038 -0.816113
0.0377679 0.322937 -0.618775 0.0525404 0.267616 -0.831915
0.0239492 0.317911 -0.695834 0.42176 0.23707 -0.842097
0.0148404 0.311043 -0.752826 0.678054 0.192129 -0.84882
0.00869455 0.301493 -0.791332 0.711214 0.128368 -0.853389
0.00443648 0.288038 -0.816136 0.708637 0.0439926 -0.856584
0.0525404 0.267616 -0.83193 0.70519 -0.0567534 -0.856589
0.42176 0.23707 -0.842107 0.700469 -0.16265 -0.805469
0.678054 0.192129 -0.848827 0.6939 -0.25964 -0.436269
0.711214 0.128368 -0.853394 0.684489 -0.337616 -0.17995
0.71121 0.0439926 -0.856588 0.670717 -0.394017 -0.146787
0.708632 -0.0567534 -0.856593 0.650285 -0.432063 -0.149236
0.705184 -0.16265 -0.805495 0.619739 -0.456893 -0.152468
0.700506 -0.25964 -0.436366 0.573433 -0.473031 -0.156777
0.693975 -0.337616 -0.179968 0.508372 -0.483669 -0.162657
0.684644 -0.394017 -0.14679 0.425017 -0.490846 -0.170836
0.671045 -0.432063 -0.14924 0.33092 -0.495819 -0.182357
0.650803 -0.456893 -0.152473 0.239225 -0.439642 -0.199843
0.619495 -0.473031 -0.156777 0.162166 -0.00845557 -0.226
0.573119 -0.483669 -0.162657 0.105174 0.290853 -0.264482
0.507995 -0.490846 -0.170836 0.0666678 0.329579 -0.31908
0.42461 -0.495819 -0.182357 0.0418636 0.326569 -0.39133
0.330536 -0.439642 -0.199843 0.0260704 0.322543 -0.477597
0.238912 -0.00845557 -0.226 0.0158928 0.31703 -0.568275
0.161945 0.290853 -0.264482 0.00917281 0.309358 -0.651327
0.105033 0.329579 -0.31908 0.00460635 0.298368 -0.718096
0.0665834 0.329574 -0.39133 0.00141214 0.282285 -0.766392
0.0418141 0.326564 -0.477597 0.00140736 0.258424 -0.79897
0.0260412 0.322537 -0.568275 0.0525048 0.222752 -0.820232
0.0158751 0.317074 -0.651327 0.421634 0.168673 -0.834051
0.00916174 0.309447 -0.718096 0.678032 0.0926934 -0.84316
0.00459919 0.298549 -0.766392 0.71121 -0.00465145 -0.849305
0.00140736 0.282668 -0.79897 0.70876 -0.11454 -0.853564
0.0313727 0.259028 -0.820232 0.705527 -0.221626 -0.80546
0.220124 0.222467 -0.834051 0.701223 -0.311618 -0.43624
0.581363 0.168307 -0.84316 0.695343 -0.378175 -0.179946
0.690482 0.092253 -0.849305 0.687164 -0.423143 -0.146786
0.708632 -0.00512724 -0.853564 0.675643 -0.45211 -0.149363
0.705184 -0.114989 -0.80546 0.658157 -0.470554 -0.15281
0.700518 -0.22199 -0.43624 0.632 -0.48244 -0.157531
0.694026 -0.311876 -0.179946 0.593518 -0.490288 -0.1641
0.684808 -0.37834 -0.146786 0.53892 -0.495621 -0.173511
0.67153 -0.423242 -0.14679 0.46667 -0.499351 -0.187283
0.650987 -0.452168 -0.149368 0.380403 -0.499356 -0.207715
0.619739 -0.470588 -0.152816 0.289725 -0.439683 -0.238261
0.573433 -0.482461 -0.157494 0.206673 -0.0086022 -0.284567
0.508372 -0.490301 -0.164025 0.139904 0.290828 -0.349628
0.425017 -0.495629 -0.173356 0.091608 0.329574 -0.432983
0.33092 -0.499356 -0.186955 0.0590295 0.326713 -0.52708
0.239225 -0.464362 -0.207197 0.0377679 0.322937 -0.618775
0.162166 -0.243932 -0.238505 0.0239492 0.317911 -0.695834
0.105174 0.177934 -0.284881 0.0148404 0.311043 -0.752826
0.0666678 0.305367 -0.350005 0.00869455 0.301493 -0.791332
0.0418636 0.326564 -0.43339 0.00443648 0.288038 -0.816136
0.0260704 0.322537 -0.527464 0.0525404 0.267616 -0.83193
0.0158928 0.317088 -0.619088 0.42176 0.23707 -0.842107
0.00917281 0.309506 -0.696055 0.678054 0.192129 -0.848827
0.00460635 0.298741 -0.752967 0.711214 0.128368 -0.853394
0.00141214 0.283234 -0.791417 0.71121 0.0439926 -0.856588
0.0525404 0.259243 -0.816186 0.708632 -0.0567534 -0.856593
0.42176 0.222752 -0.831959 0.705184 -0.16265 -0.805495
0.678054 0.168673 -0.842125 0.700506 -0.25964 -0.436366
0.711214 0.0926934 -0.848838 0.693975 -0.337616 -0.179968
0.71121 -0.00465145 -0.853401 0.684644 -0.394017 -0.14679
0.708632 -0.11454 -0.856593 0.671045 -0.432063 -0.14924
0.705184 -0.221626 -0.826627 0.650803 -0.456893 -0.152473
0.700506 -0.311618 -0.637876 0.619495 -0.473031 -0.156777
0.693975 -0.378175 -0.276637 0.573119 -0.483669 -0.162657
0.684644 -0.423143 -0.167518 0.507995 -0.490846 -0.170836
0.671045 -0.45211 -0.149368 0.42461 -0.495819 -0.182357
0.650803 -0.470554 -0.152816 0.330536 -0.439642 -0.199843
0.619495 -0.48244 -0.157482 0.238912 -0.00845557 -0.226
0.573119 -0.490288 -0.163974 0.161945 0.290853 -0.264482
0.507995 -0.495621 -0.173192 0.105033 0.329579 -0.31908
0.42461 -0.499351 -0.18647 0.0665834 0.329574 -0.39133
0.330536 -0.439642 -0.207013 0.0418141 0.326564 -0.477597
0.238912 -0.00845557 -0.238261 0.0260412 0.322537 -0.568275
0.161945 0.290853 -0.284567 0.0158751 0.317074 -0.651327
0.105033 0.329579 -0.349628 0.00916174 0.309447 -0.718096
0.0665834 0.329574 -0.432983 0.00459919 0.298549 -0.766392
0.0418141 0.326564 -0.52708 0.00140736 0.282668 -0.79897
0.0260412 0.322537 -0.618775 0.0313727 0.259028 -0.820232
0.0158751 0.317074 -0.695834 0.220124 0.222467 -0.834051
0.00916174 0.309447 -0.752826 0.581363 0.168307 -0.84316
0.00459919 0.298549 -0.791332 0.690482 0.092253 -0.849305
0.00140736 0.282668 -0.816136 0.708632 -0.00512724 -0.853564
0.0313727 0.259028 -0.83193 0.705184 -0.114989 -0.80546
0.220124 0.222467 -0.842107 0.700518 -0.22199 -0.43624
0.581363 0.168307 -0.848827 0.694026 -0.311876 -0.179946
0.690482 0.092253 -0.853394 0.684808 -0.37834 -0.146786
0.708632 -0.00512724 -0.856588 0.67153 -0.423242 -0.14679
0.705184 -0.114989 -0.80546 0.650987 -0.452168 -0.149368
0.700518 -0.22199 -0.43624 0.619739 -0.470588 -0.152816
0.694026 -0.311876 -0.179946 0.573433 -0.482461 -0.157494
0.684808 -0.37834 -0.146786 0.508372 -0.490301 -0.164025
0.67153 -0.423242 -0.14679 0.425017 -0.495629 -0.173356
0.650987 -0.452168 -0.149368 0.33092 -0.499356 -0.186955
0.619739 -0.470588 -0.152816 0.239225 -0.464362 -0.207197
0.573433 -0.482461 -0.157494 0.162166 -0.243932 -0.238505
0.508372 -0.490301 -0.164025 0.105174 0.177934 -0.284881
0.425017 -0.495629 -0.173356 0.0666678 0.305367 -0.350005
0.33092 -0.499356 -0.186955 0.0418636 0.326564 -0.43339
0.239225 -0.464362 -0.207197 0.0260704 0.322537 -0.527464
0.162166 -0.243932 -0.238505 0.0158928 0.317088 -0.619088
0.105174 0.177934 -0.284881 0.00917281 0.309506 -0.696055
0.0666678 0.305367 -0.350005 0.00460635 0.298741 -0.752967
0.0418636 0.326564 -0.43339 0.00141214 0.283234 -0.791417
0.0260704 0.322537 -0.527464 0.0525404 0.259243 -0.816186
0.0158928 0.317088 -0.619088 0.42176 0.222752 -0.831959
0.00917281 0.309506 -0.696055 0.678054 0.168673 -0.842125
0.00460635 0.298741 -0.752967 0.711214 0.0926934 -0.848838
0.00141214 0.283234 -0.791417 0.71121 -0.00465145 -0.853401
0.0525404 0.259243 -0.816186 0.708632 -0.11454 -0.856593
0.42176 0.222752 -0.831959 0.705184 -0.221626 -0.826627
0.678054 0.168673 -0.842125 0.700506 -0.311618 -0.637876
0.711214 0.0926934 -0.848838 0.693975 -0.378175 -0.276637
0.71121 -0.00465145 -0.853401 0.684644 -0.423143 -0.167518
0.708632 -0.11454 -0.856593 0.671045 -0.45211 -0.149368
0.705184 -0.221626 -0.826627 0.650803 -0.470554 -0.152816
0.700506 -0.311618 -0.637876 0.619495 -0.48244 -0.157482
0.693975 -0.378175 -0.276637 0.573119 -0.490288 -0.163974
0.684644 -0.423143 -0.167518 0.507995 -0.495621 -0.173192
0.671045 -0.45211 -0.149368 0.42461 -0.499351 -0.18647
0.650803 -0.470554 -0.152816 0.330536 -0.439642 -0.207013
0.619495 -0.48244 -0.157482 0.238912 -0.00845557 -0.238261
0.573119 -0.490288 -0.163974 0.161945 0.290853 -0.284567
0.507995 -0.495621 -0.173192 0.105033 0.329579 -0.349628
0.42461 -0.499351 -0.18647 0.0665834 0.329574 -0.432983
0.330536 -0.439642 -0.207013 0.0418141 0.326564 -0.52708
0.238912 -0.00845557 -0.238261 0.0260412 0.322537 -0.618775
0.161945 0.290853 -0.284567 0.0158751 0.317074 -0.695834
0.105033 0.329579 -0.349628 0.00916174 0.309447 -0.752826
0.0665834 0.329574 -0.432983 0.00459919 0.298549 -0.791332
0.0418141 0.326564 -0.52708 0.00140736 0.282668 -0.816136
0.0260412 0.322537 -0.618775 0.0313727 0.259028 -0.83193
0.0158751 0.317074 -0.695834 0.220124 0.222467 -0.842107
0.00916174 0.309447 -0.752826 0.581363 0.168307 -0.848827
0.00459919 0.298549 -0.791332 0.690482 0.092253 -0.853394
0.00140736 0.282668 -0.816136 0.708632 -0.00512724 -0.856588
0.0313727 0.259028 -0.83193 0.705184 -0.114989 -0.80546
0.220124 0.222467 -0.842107 0.700518 -0.22199 -0.43624
0.581363 0.168307 -0.848827 0.694026 -0.311876 -0.179946
0.690482 0.092253 -0.853394 0.684808 -0.37834 -0.146786
0.708632 -0.00512724 -0.856588 0.67153 -0.423242 -0.14679
0.705184 -0.114989 -0.80546 0.650987 -0.452168 -0.149368
0.700469 -0.22199 -0.43624 0.619739 -0.470588 -0.152816
0.693916 -0.311876 -0.179946 0.573433 -0.482461 -0.157494
0.684559 -0.37834 -0.146786 0.508372 -0.490301 -0.164025
0.670951 -0.423242 -0.14679 0.425017 -0.495629 -0.173356
0.650987 -0.452168 -0.149368 0.33092 -0.499356 -0.186955
0.61975 -0.470588 -0.152816 0.239225 -0.464362 -0.207197
0.573462 -0.482461 -0.157494 0.162166 -0.243932 -0.238505
0.508424 -0.490301 -0.164025 0.105174 0.177934 -0.284881
0.425092 -0.495629 -0.173356 0.0666678 0.305367 -0.350005
0.331009 -0.499356 -0.186955 0.0418636 0.326564 -0.43339
0.239311 -0.464362 -0.207197 0.0260704 0.322537 -0.527464
0.162237 -0.243932 -0.238505 0.0158928 0.317088 -0.619088
0.105226 0.177934 -0.284881 0.00917281 0.309506 -0.696055
0.066703 0.305367 -0.350005 0.00460635 0.298741 -0.752967
0.0418866 0.326564 -0.43339 0.00141214 0.283234 -0.791417
0.0260853 0.322537 -0.527464 0.0525404 0.259243 -0.816186
0.0159027 0.31703 -0.619088 0.42176 0.222752 -0.831959
0.00917953 0.309377 -0.696055 0.678054 0.168673 -0.842125
0.00461104 0.29845 -0.752967 0.711214 0.0926934 -0.848838
0.00141551 0.282558 -0.791417 0.71121 -0.00465145 -0.853401
0.0525672 0.259243 -0.816186 0.708632 -0.11454 -0.856593
0.42186 0.222765 -0.831959 0.705184 -0.221626 -0.826627
0.678072 0.168707 -0.842125 0.700506 -0.311618 -0.637876
0.711218 0.0927538 -0.848838 0.693975 -0.378175 -0.276637
0.711213 -0.00456422 -0.853401 0.684644 -0.423143 -0.167518
0.708637 -0.114437 -0.856593 0.671045 -0.45211 -0.149368
0.70519 -0.221525 -0.826627 0.650803 -0.470554 -0.152816
0.700518 -0.311534 -0.637876 0.619495 -0.48244 -0.157482
0.694026 -0.378114 -0.276637 0.573119 -0.490288 -0.163974
0.684808 -0.423102 -0.167518 0.507995 -0.495621 -0.173192
0.67153 -0.452084 -0.149368 0.42461 -0.499351 -0.18647
0.650987 -0.470537 -0.152816 0.330536 -0.439642 -0.207013
0.619739 -0.482428 -0.157531 0.238912 -0.00845557 -0.238261
0.573433 -0.49028 -0.164084 0.161945 0.290853 -0.284567
0.508372 -0.495615 -0.173441 0.105033 0.329579 -0.349628
0.425017 -0.499347 -0.187049 0.0665834 0.329574 -0.432983
0.33092 -0.43961 -0.207013 0.0418141 0.326564 -0.52708
0.239225 -0.00833832 -0.23825 0.0260412 0.322537 -0.618775
0.162166 0.290874 -0.284538 0.0158751 0.317074 -0.695834
0.105174 0.329583 -0.349576 0.00916174 0.309447 -0.752826
0.0666678 0.329578 -0.432908 0.00459919 0.298549 -0.791332
0.0418636 0.326569 -0.526991 0.00140736 0.282668 -0.816136
0.0260704 0.322543 -0.618689 0.0313727 0.259028 -0.83193
0.0158928 0.317088 -0.695763 0.220124 0.222467 -0.842107
0.00917281 0.309506 -0.752774 0.581363 0.168307 -0.848827
0.00460635 0.298741 -0.791297 0.690482 0.092253 -0.853394
0.00141214 0.283234 -0.816113 0.708632 -0.00512724 -0.856588
0.0313946 0.259243 -0.831915 0.705184 -0.114989 -0.80546
0.220234 0.222752 -0.842097 0.700469 -0.22199 -0.43624
0.581433 0.168673 -0.84882 0.693916 -0.311876 -0.179946
0.690495 0.0926934 -0.853389 0.684559 -0.37834 -0.146786
0.708637 -0.00465145 -0.856584 0.670951 -0.423242 -0.14679
0.70519 -0.11454 -0.805433 0.650987 -0.452168 -0.149368
0.700469 -0.221626 -0.43614 0.61975 -0.470588 -0.152816
0.6939 -0.311618 -0.179928 0.573462 -0.482461 -0.157494
0.684489 -0.378175 -0.146782 0.508424 -0.490301 -0.164025
0.670717 -0.423143 -0.146787 0.425092 -0.495629 -0.173356
0.650285 -0.45211 -0.149363 0.331009 -0.499356 -0.186955
0.619739 -0.470554 -0.15281 0.239311 -0.464362 -0.207197
0.573433 -0.48244 -0.157482 0.162237 -0.243932 -0.238505
0.508372 -0.490288 -0.163974 0.105226 0.177934 -0.284881
0.425017 -0.495621 -0.173192 0.066703 0.305367 -0.350005
0.33092 -0.499351 -0.18647 0.0418866 0.326564 -0.43339
0.239225 -0.464336 -0.207013 0.0260853 0.322537 -0.527464
0.162166 -0.243803 -0.238261 0.0159027 0.31703 -0.619088
0.105174 0.178016 -0.284567 0.00917953 0.309377 -0.696055
0.0666678 0.305383 -0.349628 0.00461104 0.29845 -0.752967
0.0418636 0.326569 -0.432983 0.00141551 0.282558 -0.791417
0.0260704 0.322543 -0.52708 0.0525672 0.259243 -0.816186
0.0158928 0.31703 -0.618775 0.42186 0.222765 -0.831959
0.00917281 0.309358 -0.695834 0.678072 0.168707 -0.842125
0.00460635 0.298368 -0.752826 0.711218 0.0927538 -0.848838
0.00141214 0.282285 -0.791332 0.711213 -0.00456422 -0.853401
0.00140736 0.258424 -0.816136 0.708637 -0.114437 -0.856593
0.0525048 0.222752 -0.83193 0.70519 -0.221525 -0.826627
0.421634 0.168673 -0.842107 0.700518 -0.311534 -0.637876
0.678032 0.0926934 -0.848827 0.694026 -0.378114 -0.276637
0.71121 -0.00465145 -0.853394 0.684808 -0.423102 -0.167518
0.70876 -0.11454 -0.856588 0.67153 -0.452084 -0.149368
0.705527 -0.221626 -0.826605 0.650987 -0.470537 -0.152816
0.701223 -0.311618 -0.637766 0.619739 -0.482428 -0.157531
0.695343 -0.378175 -0.276567 0.573433 -0.49028 -0.164084
0.687164 -0.423143 -0.167505 0.508372 -0.495615 -0.173441
0.675643 -0.45211 -0.149363 0.425017 -0.499347 -0.187049
0.658157 -0.470554 -0.15281 0.33092 -0.43961 -0.207013
0.632 -0.48244 -0.157531 0.239225 -0.00833832 -0.23825
0.593518 -0.490288 -0.1641 0.162166 0.290874 -0.284538
0.53892 -0.495621 -0.173511 0.105174 0.329583 -0.349576
0.46667 -0.499351 -0.187283 0.0666678 0.329578 -0.432908
0.380403 -0.499356 -0.207715 0.0418636 0.326569 -0.526991
0.289725 -0.439683 -0.238261 0.0260704 0.322543 -0.618689
0.206673 -0.0086022 -0.284567 0.0158928 0.317088 -0.695763
0.139904 0.290828 -0.349628 0.00917281 0.309506 -0.752774
0.091608 0.329574 -0.432983 0.00460635 0.298741 -0.791297
0.0590295 0.326713 -0.52708 0.00141214 0.283234 -0.816113
0.0377679 0.322937 -0.618775 0.0313946 0.259243 -0.831915
0.0239492 0.317911 -0.695834 0.220234 0.222752 -0.842097
0.0148404 0.311043 -0.752826 0.581433 0.168673 -0.84882
0.00869455 0.301493 -0.791332 0.690495 0.0926934 -0.853389
0.00443648 0.288038 -0.816136 0.708637 -0.00465145 -0.856584
0.0525404 0.267616 -0.83193 0.70519 -0.11454 -0.805433
0.42176 0.23707 -0.842107 0.700469 -0.221626 -0.43614
0.678054 0.192129 -0.848827 0.6939 -0.311618 -0.179928
0.711214 0.128368 -0.853394 0.684489 -0.378175 -0.146782
0.71121 0.0439926 -0.856588 0.670717 -0.423143 -0.146787
0.708632 -0.0567534 -0.856593 0.650285 -0.45211 -0.149363
0.705184 -0.16265 -0.805495 0.619739 -0.470554 -0.15281
0.700506 -0.25964 -0.436366 0.573433 -0.48244 -0.157482
0.693975 -0.337616 -0.179968 0.508372 -0.490288 -0.163974
0.684644 -0.394017 -0.14679 0.425017 -0.495621 -0.173192
0.671045 -0.432063 -0.14924 0.33092 -0.499351 -0.18647
0.650803 -0.456893 -0.152473 0.239225 -0.464336 -0.207013
0.619495 -0.473031 -0.156777 0.162166 -0.243803 -0.238261
0.573119 -0.483669 -0.162657 0.105174 0.178016 -0.284567
0.507995 -0.490846 -0.170836 0.0666678 0.305383 -0.349628
0.42461 -0.495819 -0.182357 0.0418636 0.326569 -0.432983
0.330536 -0.439642 -0.199843 0.0260704 0.322543 -0.52708
0.238912 -0.00845557 -0.226 0.0158928 0.31703 -0.618775
0.161945 0.290853 -0.264482 0.00917281 0.309358 -0.695834
0.105033 0.329579 -0.31908 0.00460635 0.298368 -0.752826
0.0665834 0.329574 -0.39133 0.00141214 0.282285 -0.791332
0.0418141 0.326564 -0.477597 0.00140736 0.258424 -0.816136
0.0260412 0.322537 -0.568275 0.0525048 0.222752 -0.83193
0.0158751 0.317074 -0.651327 0.421634 0.168673 -0.842107
0.00916174 0.309447 -0.718096 0.678032 0.0926934 -0.848827
0.00459919 0.298549 -0.766392 0.71121 -0.00465145 -0.853394
0.00140736 0.282668 -0.79897 0.70876 -0.11454 -0.856588
0.0313727 0.259028 -0.820232 0.705527 -0.221626 -0.826605
0.220124 0.222467 -0.834051 0.701223 -0.311618 -0.637766
0.581363 0.168307 -0.84316 0.695343 -0.378175 -0.276567
0.690482 0.092253 -0.849305 0.687164 -0.423143 -0.167505
0.708632 -0.00512724 -0.853564 0.675643 -0.45211 -0.149363
0.705184 -0.114989 -0.80546 0.658157 -0.470554 -0.15281
0.700518 -0.22199 -0.43624 0.632 -0.48244 -0.157531
0.694026 -0.311876 -0.179946 0.593518 -0.490288 -0.1641
0.684808 -0.37834 -0.146786 0.53892 -0.495621 -0.173511
0.67153 -0.423242 -0.14679 0.46667 -0.499351 -0.187283
0.650987 -0.452168 -0.149368 0.380403 -0.499356 -0.207715
0.619739 -0.470588 -0.152816 0.289725 -0.439683 -0.238261
0.573433 -0.482461 -0.157494 0.206673 -0.0086022 -0.284567
0.508372 -0.490301 -0.164025 0.139904 0.290828 -0.349628
0.425017 -0.495629 -0.173356 0.091608 0.329574 -0.432983
0.33092 -0.499356 -0.186955 0.0590295 0.326713 -0.52708
0.239225 -0.464362 -0.207197 0.0377679 0.322937 -0.618775
0.162166 -0.243932 -0.238505 0.0239492 0.317911 -0.695834
0.105174 0.177934 -0.284881 0.0148404 0.311043 -0.752826
0.0666678 0.305367 -0.350005 0.00869455 0.301493 -0.791332
0.0418636 0.326564 -0.43339 0.00443648 0.288038 -0.816136
0.0260704 0.322537 -0.527464 0.0525404 0.267616 -0.83193
0.0158928 0.317088 -0.619088 0.42176 0.23707 -0.842107
0.00917281 0.309506 -0.696055 0.678054 0.192129 -0.848827
0.00460635 0.298741 -0.752967 0.711214 0.128368 -0.853394
0.00141214 0.283234 -0.791417 0.71121 0.0439926 -0.856588
0.0525404 0.259243 -0.816186 0.708632 -0.0567534 -0.856593
0.42176 0.222752 -0.831959 0.705184 -0.16265 -0.805495
0.678054 0.168673 -0.842125 0.700506 -0.25964 -0.436366
0.711214 0.0926934 -0.848838 0.693975 -0.337616 -0.179968
0.71121 -0.00465145 -0.853401 0.684644 -0.394017 -0.14679
0.708632 -0.11454 -0.856593 0.671045 -0.432063 -0.14924
0.705184 -0.221626 -0.826627 0.650803 -0.456893 -0.152473
0.700506 -0.311618 -0.637876 0.619495 -0.473031 -0.156777
0.693975 -0.378175 -0.276637 0.573119 -0.483669 -0.162657
0.684644 -0.423143 -0.167518 0.507995 -0.490846 -0.170836
0.671045 -0.45211 -0.149368 0.42461 -0.495819 -0.182357
0.650803 -0.470554 -0.152816 0.330536 -0.439642 -0.199843
0.619495 -0.48244 -0.157482 0.238912 -0.00845557 -0.226
0.573119 -0.490288 -0.163974 0.161945 0.290853 -0.264482
0.507995 -0.495621 -0.173192 0.105033 0.329579 -0.31908
0.42461 -0.499351 -0.18647 0.0665834 0.329574 -0.39133
0.330536 -0.439642 -0.207013 0.0418141 0.326564 -0.477597
0.238912 -0.00845557 -0.238261 0.0260412 0.322537 -0.568275
0.161945 0.290853 -0.284567 0.0158751 0.317074 -0.651327
0.105033 0.329579 -0.349628 0.00916174 0.309447 -0.718096
0.0665834 0.329574 -0.432983 0.00459919 0.298549 -0.766392
0.0418141 0.326564 -0.52708 0.00140736 0.282668 -0.79897
0.0260412 0.322537 -0.618775 0.0313727 0.259028 -0.820232
0.0158751 0.317074 -0.695834 0.220124 0.222467 -0.834051
0.00916174 0.309447 -0.752826 0.581363 0.168307 -0.84316
0.00459919 0.298549 -0.791332 0.690482 0.092253 -0.849305
0.00140736 0.282668 -0.816136 0.708632 -0.00512724 -0.853564
0.0313727 0.259028 -0.83193 0.705184 -0.114989 -0.80546
0.220124 0.222467 -0.842107 0.700518 -0.22199 -0.43624
0.581363 0.168307 -0.848827 0.694026 -0.311876 -0.179946
0.690482 0.092253 -0.853394 0.684808 -0.37834 -0.146786
0.708632 -0.00512724 -0.856588 0.67153 -0.423242 -0.14679
0.705184 -0.114989 -0.80546 0.650987 -0.452168 -0.149368
0.700518 -0.22199 -0.43624 0.619739 -0.470588 -0.152816
0.694026 -0.311876 -0.179946 0.573433 -0.482461 -0.157494
0.684808 -0.37834 -0.146786 0.508372 -0.490301 -0.164025
0.67153 -0.423242 -0.14679 0.425017 -0.495629 -0.173356
0.650987 -0.452168 -0.149368 0.33092 -0.499356 -0.186955
0.619739 -0.470588 -0.152816 0.239225 -0.464362 -0.207197
0.573433 -0.482461 -0.157494 0.162166 -0.243932 -0.238505
0.508372 -0.490301 -0.164025 0.105174 0.177934 -0.284881
0.425017 -0.495629 -0.173356 0.0666678 0.305367 -0.350005
0.33092 -0.499356 -0.186955 0.0418636 0.326564 -0.43339
0.239225 -0.464362 -0.207197 0.0260704 0.322537 -0.527464
0.162166 -0.243932 -0.238505 0.0158928 0.317088 -0.619088
0.105174 0.177934 -0.284881 0.00917281 0.309506 -0.696055
0.0666678 0.305367 -0.350005 0.00460635 0.298741 -0.752967
0.0418636 0.326564 -0.43339 0.00141214 0.283234 -0.791417
0.0260704 0.322537 -0.527464 0.0525404 0.259243 -0.816186
0.0158928 0.317088 -0.619088 0.42176 0.222752 -0.831959
0.00917281 0.309506 -0.696055 0.678054 0.168673 -0.842125
0.00460635 0.298741 -0.752967 0.711214 0.0926934 -0.848838
0.00141214 0.283234 -0.791417 0.71121 -0.00465145 -0.853401
0.0525404 0.259243 -0.816186 0.708632 -0.11454 -0.856593
0.42176 0.222752 -0.831959 0.705184 -0.221626 -0.826627
0.678054 0.168673 -0.842125 0.700506 -0.311618 -0.637876
0.711214 0.0926934 -0.848838 0.693975 -0.378175 -0.276637
0.71121 -0.00465145 -0.853401 0.684644 -0.423143 -0.167518
0.708632 -0.11454 -0.856593 0.671045 -0.45211 -0.149368
0.705184 -0.221626 -0.826627 0.650803 -0.470554 -0.152816
0.700506 -0.311618 -0.637876 0.619495 -0.48244 -0.157482
0.693975 -0.378175 -0.276637 0.573119 -0.490288 -0.163974
0.684644 -0.423143 -0.167518 0.507995 -0.495621 -0.173192
0.671045 -0.45211 -0.149368 0.42461 -0.499351 -0.18647
0.650803 -0.470554 -0.152816 0.330536 -0.439642 -0.207013
0.619495 -0.48244 -0.157482 0.238912 -0.00845557 -0.238261
0.573119 -0.490288 -0.163974 0.161945 0.290853 -0.284567
0.507995 -0.495621 -0.173192 0.105033 0.329579 -0.349628
0.42461 -0.499351 -0.18647 0.0665834 0.329574 -0.432983
0.330536 -0.439642 -0.207013 0.0418141 0.326564 -0.52708
0.238912 -0.00845557 -0.238261 0.0260412 0.322537 -0.618775
0.161945 0.290853 -0.284567 0.0158751 0.317074 -0.695834
0.105033 0.329579 -0.349628 0.00916174 0.309447 -0.752826
0.0665834 0.329574 -0.432983 0.00459919 0.298549 -0.791332
0.0418141 0.326564 -0.52708 0.00140736 0.282668 -0.816136
0.0260412 0.322537 -0.618775 0.0313727 0.259028 -0.83193
0.0158751 0.317074 -0.695834 0.220124 0.222467 -0.842107
0.00916174 0.309447 -0.752826 0.581363 0.168307 -0.848827
0.00459919 0.298549 -0.791332 0.690482 0.092253 -0.853394
0.00140736 0.282668 -0.816136 0.708632 -0.00512724 -0.856588
0.0313727 0.259028 -0.83193 0.705184 -0.114989 -0.80546
0.220124 0.222467 -0.842107 0.700518 -0.22199 -0.43624
0.581363 0.168307 -0.848827 0.694026 -0.311876 -0.179946
0.690482 0.092253 -0.853394 0.684808 -0.37834 -0.146786
0.708632 -0.00512724 -0.856588 0.67153 -0.423242 -0.14679
0.705184 -0.114989 -0.80546 0.650987 -0.452168 -0.149368
0.700469 -0.22199 -0.43624 0.619739 -0.470588 -0.152816
0.693916 -0.311876 -0.179946 0.573433 -0.482461 -0.157494
0.684559 -0.37834 -0.146786 0.508372 -0.490301 -0.164025
0.670951 -0.423242 -0.14679 0.425017 -0.495629 -0.173356
0.650987 -0.452168 -0.149368 0.33092 -0.499356 -0.186955
0.61975 -0.470588 -0.152816 0.239225 -0.464362 -0.207197
0.573462 -0.482461 -0.157494 0.162166 -0.243932 -0.238505
0.508424 -0.490301 -0.164025 0.105174 0.177934 -0.284881
0.425092 -0.495629 -0.173356 0.0666678 0.305367 -0.350005
0.331009 -0.499356 -0.186955 0.0418636 0.326564 -0.43339
0.239311 -0.464362 -0.207197 0.0260704 0.322537 -0.527464
0.162237 -0.243932 -0.238505 0.0158928 0.317088 -0.619088
0.105226 0.177934 -0.284881 0.00917281 0.309506 -0.696055
0.066703 0.305367 -0.350005 0.00460635 0.298741 -0.752967
0.0418866 0.326564 -0.43339 0.00141214 0.283234 -0.791417
0.0260853 0.322537 -0.527464 0.0525404 0.259243 -0.816186
0.0159027 0.31703 -0.619088 0.42176 0.222752 -0.831959
0.00917953 0.309377 -0.696055 0.678054 0.168673 -0.842125
0.00461104 0.29845 -0.752967 0.711214 0.0926934 -0.848838
0.00141551 0.282558 -0.791417 0.71121 -0.00465145 -0.853401
0.0525672 0.259243 -0.816186 0.708632 -0.11454 -0.856593
0.42186 0.222765 -0.831959 0.705184 -0.221626 -0.826627
0.678072 0.168707 -0.842125 0.700506 -0.311618 -0.637876
0.711218 0.0927538 -0.848838 0.693975 -0.378175 -0.276637
0.711213 -0.00456422 -0.853401 0.684644 -0.423143 -0.167518
0.708637 -0.114437 -0.856593 0.671045 -0.45211 -0.149368
0.70519 -0.221525 -0.826627 0.650803 -0.470554 -0.152816
0.700518 -0.311534 -0.637876 0.619495 -0.48244 -0.157482
0.694026 -0.378114 -0.276637 0.573119 -0.490288 -0.163974
0.684808 -0.423102 -0.167518 0.507995 -0.495621 -0.173192
0.67153 -0.452084 -0.149368 0.42461 -0.499351 -0.18647
0.650803 -0.470537 -0.152816 0.330536 -0.439642 -0.207013
0.619495 -0.482428 -0.157531 0.238912 -0.00845557 -0.238261
0.573119 -0.49028 -0.164084 0.161945 0.290853 -0.284567
0.507995 -0.495615 -0.173441 0.105033 0.329579 -0.349628
0.42461 -0.499347 -0.187049 0.0665834 0.329574 -0.432983
0.330536 -0.43961 -0.207013 0.0418141 0.326564 -0.52708
0.238912 -0.00833832 -0.23825 0.0260412 0.322537 -0.618775
0.161945 0.290874 -0.284538 0.0158751 0.317074 -0.695834
0.105033 0.329583 -0.349576 0.00916174 0.309447 -0.752826
0.0665834 0.329578 -0.432908 0.00459919 0.298549 -0.791332
0.0418141 0.326569 -0.526991 0.00140736 0.282668 -0.816136
0.0260412 0.322543 -0.618689 0.0313727 0.259028 -0.83193
0.0158751 0.317088 -0.695763 0.220124 0.222467 -0.842107
0.00916174 0.309506 -0.752774 0.581363 0.168307 -0.848827
0.00459919 0.298741 -0.791297 0.690482 0.092253 -0.853394
0.00140736 0.283234 -0.816113 0.708632 -0.00512724 -0.856588
0.0313727 0.259028 -0.831915 0.705184 -0.114989 -0.80546
0.220124 0.222467 -0.842097 0.700469 -0.22199 -0.43624
0.581363 0.168307 -0.84882 0.693916 -0.311876 -0.179946
0.690482 0.092253 -0.853389 0.684559 -0.37834 -0.146786
0.708632 -0.00512724 -0.856584 0.670951 -0.423242 -0.14679
0.705184 -0.114989 -0.805433 0.650987 -0.452168 -0.149368
0.700469 -0.22199 -0.43614 0.61975 -0.470588 -0.152816
0.693916 -0.311876 -0.179928 0.573462 -0.482461 -0.157494
0.684559 -0.37834 -0.146782 0.508424 -0.490301 -0.164025
0.670951 -0.423242 -0.146787 0.425092 -0.495629 -0.173356
0.650987 -0.452168 -0.149363 0.331009 -0.499356 -0.186955
0.61975 -0.470588 -0.15281 0.239311 -0.464362 -0.207197
0.573462 -0.482461 -0.157482 0.162237 -0.243932 -0.238505
0.508424 -0.490301 -0.163974 0.105226 0.177934 -0.284881
0.425092 -0.495629 -0.173192 0.066703 0.305367 -0.350005
0.331009 -0.499356 -0.18647 0.0418866 0.326564 -0.43339
0.239311 -0.464362 -0.207197 0.0260853 0.322537 -0.527464
0.162237 -0.243932 -0.238505 0.0159027 0.31703 -0.619088
0.105226 0.177934 -0.284881 0.00917953 0.309377 -0.696055
0.066703 0.305367 -0.350005 0.00461104 0.29845 -0.752967
0.0418866 0.326564 -0.43339 0.00141551 0.282558 -0.791417
0.0260853 0.322537 -0.527464 0.0525672 0.259243 -0.816186
0.0159027 0.31703 -0.619088 0.42186 0.222765 -0.831959
0.00917953 0.309377 -0.696055 0.678072 0.168707 -0.842125
0.00461104 0.29845 -0.752967 0.711218 0.0927538 -0.848838
0.00141551 0.282558 -0.791417 0.711213 -0.00456422 -0.853401
0.00141064 0.259243 -0.816186 0.708637 -0.114437 -0.856593
0.0525308 0.222765 -0.831959 0.70519 -0.221525 -0.826627
0.421731 0.168707 -0.842125 0.700518 -0.311534 -0.637876
0.67805 0.0927538 -0.848838 0.694026 -0.378114 -0.276637
0.711213 -0.00456422 -0.853401 0.684808 -0.423102 -0.167518
0.708764 -0.114437 -0.856593 0.67153 -0.452084 -0.149368
0.705532 -0.221525 -0.826627 0.650803 -0.470537 -0.152816
0.701223 -0.311534 -0.637876 0.619495 -0.482428 -0.157531
0.695343 -0.378114 -0.276637 0.573119 -0.49028 -0.164084
0.687164 -0.423102 -0.167518 0.507995 -0.495615 -0.173441
0.675643 -0.452084 -0.149368 0.42461 -0.499347 -0.187049
0.658157 -0.470537 -0.152816 0.330536 -0.43961 -0.207013
0.632 -0.482428 -0.157531 0.238912 -0.00833832 -0.23825
0.593518 -0.49028 -0.164084 0.161945 0.290874 -0.284538
0.53892 -0.495615 -0.173441 0.105033 0.329583 -0.349576
0.46667 -0.499347 -0.187049 0.0665834 0.329578 -0.432908
0.380403 -0.499353 -0.207013 0.0418141 0.326569 -0.526991
0.289725 -0.439653 -0.23825 0.0260412 0.322543 -0.618689
0.206673 -0.00848859 -0.284538 0.0158751 0.317088 -0.695763
0.139904 0.290848 -0.349576 0.00916174 0.309506 -0.752774
0.091608 0.329578 -0.432908 0.00459919 0.298741 -0.791297
0.0590295 0.326718 -0.526991 0.00140736 0.283234 -0.816113
0.0377679 0.322943 -0.618689 0.0313727 0.259028 -0.831915
0.0239492 0.317911 -0.695763 0.220124 0.222467 -0.842097
0.0148404 0.311043 -0.752774 0.581363 0.168307 -0.84882
0.00869455 0.301493 -0.791297 0.690482 0.092253 -0.853389
0.00443648 0.288038 -0.816113 0.708632 -0.00512724 -0.856584
0.0525404 0.267616 -0.831915 0.705184 -0.114989 -0.805433
0.42176 0.23707 -0.842097 0.700469 -0.22199 -0.43614
0.678054 0.192129 -0.84882 0.693916 -0.311876 -0.179928
0.711214 0.128368 -0.853389 0.684559 -0.37834 -0.146782
0.71121 0.0439926 -0.856584 0.670951 -0.423242 -0.146787
0.708632 -0.0567534 -0.856589 0.650987 -0.452168 -0.149363
0.705184 -0.16265 -0.805469 0.61975 -0.470588 -0.15281
0.700506 -0.25964 -0.436269 0.573462 -0.482461 -0.157482
0.693975 -0.337616 -0.17995 0.508424 -0.490301 -0.163974
0.684644 -0.394017 -0.146787 0.425092 -0.495629 -0.173192
0.671045 -0.432063 -0.149236 0.331009 -0.499356 -0.18647
0.650803 -0.456893 -0.152468 0.239311 -0.464362 -0.207197
0.619495 -0.473031 -0.156777 0.162237 -0.243932 -0.238505
0.573119 -0.483669 -0.162657 0.105226 0.177934 -0.284881
0.507995 -0.490846 -0.170836 0.066703 0.305367 -0.350005
0.42461 -0.495819 -0.182357 0.0418866 0.326564 -0.43339
0.330536 -0.439642 -0.199843 0.0260853 0.322537 -0.527464
0.238912 -0.00845557 -0.226 0.0159027 0.31703 -0.619088
0.161945 0.290853 -0.264482 0.00917953 0.309377 -0.696055
0.105033 0.329579 -0.31908 0.00461104 0.29845 -0.752967
0.0665834 0.329574 -0.39133 0.00141551 0.282558 -0.791417
0.0418141 0.326564 -0.477597 0.00141064 0.259243 -0.816186
0.0260412 0.322537 -0.568275 0.0525308 0.222765 -0.831959
0.0158751 0.317074 -0.651327 0.421731 0.168707 -0.842125
0.00916174 0.309447 -0.718096 0.67805 0.0927538 -0.848838
0.00459919 0.298549 -0.766392 0.711213 -0.00456422 -0.853401
0.00140736 0.282668 -0.79897 0.708764 -0.114437 -0.856593
0.0313727 0.259028 -0.820232 0.705532 -0.221525 -0.826627
0.220124 0.222467 -0.834051 0.701223 -0.311534 -0.637876
0.581363 0.168307 -0.84316 0.695343 -0.378114 -0.276637
0.690482 0.092253 -0.849305 0.687164 -0.423102 -0.167518
0.708632 -0.00512724 -0.853564 0.675643 -0.452084 -0.149368
