0.3575 -0.0835 -0.5005 0.3575 -0.0835 -0.5005
0.3575 -0.0835 -0.5005 0.3575 -0.0835 -0.5005
-0.00942046 -0.0835 -0.5005 0.3575 -0.0835 -0.5005
0.724576 -0.0835 -0.5005 0.3575 -0.0835 -0.5005
0.640965 -0.0835 -0.5005 0.3575 -0.0835 -0.5005
0.00138624 -0.0835 -0.5005 0.3575 -0.0835 -0.5005
0.00138624 -0.0835 -0.5005 0.3575 -0.0835 -0.5005
0.00138624 -0.0835 -0.5005 0.3575 -0.0835 -0.5005
0.00138624 -0.0835 -0.5005 0.3575 -0.0835 -0.5005
0.00138624 -0.0835 -0.5005 0.3575 -0.0835 -0.5005
0.00138624 -0.0835 -0.5005 0.3575 -0.0835 -0.5005
0.00138624 -0.0835 -0.5005 0.3575 -0.0835 -0.5005
0.00138624 -0.0835 -0.5005 0.3575 -0.0835 -0.5005
0.00138624 -0.0835 -0.5005 0.3575 -0.0835 -0.5005
0.00138624 -0.0835 -0.5005 0.3575 -0.0835 -0.5005
0.00138624 -0.0835 -0.5005 0.3575 -0.0835 -0.5005
0.00138624 -0.0835 -0.5005 0.3575 -0.0835 -0.5005
0.00138624 -0.0835 -0.5005 0.3575 -0.0835 -0.5005
0.00138624 -0.512002 -0.5005 0.3575 -0.0835 -0.5005
0.00138624 0.345183 -0.5005 0.3575 -0.0835 -0.5005
0.00138624 0.247539 -0.5005 0.3575 -0.0835 -0.5005
0.00138624 -0.499381 -0.5005 0.3575 -0.0835 -0.5005
0.00138624 -0.499381 -0.5005 0.3575 -0.0835 -0.5005
0.00138624 -0.499381 -0.5005 0.3575 -0.0835 -0.5005
0.00138624 -0.499381 -0.5005 0.3575 -0.0835 -0.5005
0.00138624 -0.499381 -0.5005 0.3575 -0.0835 -0.5005
0.00138624 -0.499381 -0.5005 0.3575 -0.0835 -0.5005
0.00138624 -0.499381 -0.5005 0.3575 -0.0835 -0.5005
0.00138624 -0.499381 -0.5005 0.3575 -0.0835 -0.5005
0.00138624 -0.499381 -0.5005 0.3575 -0.0835 -0.5005
0.00138624 -0.499381 -0.5005 0.3575 -0.0835 -0.5005
0.711202 -0.499381 -0.5005 0.3575 -0.0835 -0.5005
0.711202 -0.499381 -0.5005 0.3575 -0.0835 -0.5005
0.711202 -0.499381 -0.5005 0.3575 -0.0835 -0.5005
0.711202 -0.499381 -0.86742 0.3575 -0.0835 -0.5005
0.711202 -0.499381 -0.133424 0.3575 -0.0835 -0.5005
0.711202 -0.499381 -0.217035 0.3575 -0.0835 -0.5005
0.709161 -0.499381 -0.856614 0.3575 -0.0835 -0.5005
0.706583 -0.499381 -0.856614 0.3575 -0.0835 -0.5005
0.703276 -0.499381 -0.856614 0.3575 -0.0835 -0.5005
0.698968 -0.499381 -0.856614 0.3575 -0.0835 -0.5005
0.693924 -0.499381 -0.856614 0.3575 -0.0835 -0.5005
0.68643 -0.499381 -0.856614 0.3575 -0.0835 -0.5005
0.676169 -0.499381 -0.856614 0.3575 -0.0835 -0.5005
0.661933 -0.499381 -0.856614 0.3575 -0.0835 -0.5005
0.642029 -0.499381 -0.856614 0.3575 -0.0835 -0.5005
0.614261 -0.499381 -0.856614 0.3575 -0.0835 -0.5005
0.57594 0.329565 -0.856614 0.3575 -0.0835 -0.5005
0.525177 0.329565 -0.856614 0.3575 -0.0835 -0.5005
0.461696 0.329565 -0.856614 0.3575 -0.0835 -0.5005
0.388248 0.329565 -0.856614 -0.00942046 -0.0835 -0.5005
0.310807 0.329565 -0.856614 0.724576 -0.0835 -0.5005
0.236948 0.329565 -0.856614 0.640965 -0.0835 -0.5005
0.173105 0.327181 -0.856614 0.00138624 -0.0835 -0.5005
0.122509 0.32417 -0.856614 0.00138624 -0.0835 -0.5005
0.0850155 0.320309 -0.856614 0.00138624 -0.0835 -0.5005
0.0584175 0.315277 -0.856614 0.00138624 -0.0835 -0.5005
0.0399444 0.309387 -0.856614 0.00138624 -0.0835 -0.5005
0.0271582 0.300635 -0.856614 0.00138624 -0.0835 -0.5005
0.0182325 0.288652 -0.856614 0.00138624 -0.0835 -0.5005
0.0119048 0.272026 -0.856614 0.00138624 -0.0835 -0.5005
0.00733465 0.248782 -0.856614 0.00138624 -0.0835 -0.5005
0.00396907 0.216354 -0.856614 0.00138624 -0.0835 -0.5005
0.00144304 0.171602 -0.146798 0.00138624 -0.0835 -0.5005
0.00143851 0.112319 -0.146798 0.00138624 -0.0835 -0.5005
0.00143421 0.038183 -0.146798 0.00138624 -0.0835 -0.5005
0.00143015 -0.0475916 -0.146798 0.00138624 -0.512002 -0.5005
0.00142629 -0.138029 -0.146798 0.00138624 0.345183 -0.5005
0.00142265 -0.224285 -0.146798 0.00138624 0.247539 -0.5005
0.00141919 -0.298843 -0.148839 0.00138624 -0.499381 -0.5005
0.00141592 -0.35793 -0.151417 0.00138624 -0.499381 -0.5005
0.0221046 -0.401716 -0.154724 0.00138624 -0.499381 -0.5005
0.120967 -0.432778 -0.159032 0.00138624 -0.499381 -0.5005
0.421889 -0.454352 -0.164076 0.00138624 -0.499381 -0.5005
0.640135 -0.469284 -0.17157 0.00138624 -0.499381 -0.5005
0.69637 -0.479708 -0.181831 0.00138624 -0.499381 -0.5005
0.711219 -0.487097 -0.196067 0.00138624 -0.499381 -0.5005
0.709636 -0.492434 -0.215971 0.00138624 -0.499381 -0.5005
0.707735 -0.496365 -0.243739 0.00138624 -0.499381 -0.5005
0.705431 -0.499315 -0.28206 0.711202 -0.499381 -0.5005
0.702625 -0.49932 -0.332823 0.711202 -0.499381 -0.5005
0.69919 -0.499325 -0.396304 0.711202 -0.499381 -0.5005
0.694926 -0.49933 -0.469752 0.711202 -0.499381 -0.86742
0.689589 -0.499334 -0.547193 0.711202 -0.499381 -0.133424
0.682866 -0.499339 -0.621052 0.711202 -0.499381 -0.217035
0.67436 -0.499343 -0.684895 0.709161 -0.499381 -0.856614
0.662908 -0.499346 -0.735491 0.706583 -0.499381 -0.856614
0.647835 -0.475186 -0.772985 0.703276 -0.499381 -0.856614
0.628142 -0.359731 -0.799582 0.698968 -0.499381 -0.856614
0.602592 -0.00830408 -0.818056 0.693924 -0.499381 -0.856614
0.569951 0.246571 -0.830842 0.68643 -0.499381 -0.856614
0.529317 0.312243 -0.839768 0.676169 -0.499381 -0.856614
0.480557 0.329585 -0.846095 0.661933 -0.499381 -0.856614
0.424741 0.327736 -0.850665 0.642029 -0.499381 -0.856614
0.364315 0.325516 -0.854031 0.614261 -0.499381 -0.856614
0.302806 0.322825 -0.856557 0.57594 0.329565 -0.856614
0.244074 0.319549 -0.856561 0.525177 0.329565 -0.856614
0.191394 0.315537 -0.856566 0.461696 0.329565 -0.856614
0.146762 0.310556 -0.85657 0.388248 0.329565 -0.856614
0.110724 0.304324 -0.856574 0.310807 0.329565 -0.856614
0.0826763 0.296473 -0.856577 0.236948 0.329565 -0.856614
0.061378 0.286539 -0.856581 0.173105 0.327181 -0.856614
0.0454211 0.273165 -0.856584 0.122509 0.32417 -0.856614
0.0335157 0.255562 -0.835895 0.0850155 0.320309 -0.856614
0.0246087 0.232565 -0.737033 0.0584175 0.315277 -0.856614
0.0178953 0.202726 -0.436111 0.0399444 0.309387 -0.856614
0.012783 0.164608 -0.217865 0.0271582 0.300635 -0.856614
0.008844 0.117154 -0.16163 0.0182325 0.288652 -0.856614
0.00577153 0.06021 -0.146781 0.0119048 0.272026 -0.856614
0.00334555 -0.00497339 -0.148364 0.00733465 0.248782 -0.856614
0.0220845 -0.075541 -0.150265 0.00396907 0.216354 -0.856614
0.12087 -0.147374 -0.152569 0.00144304 0.171602 -0.146798
0.421716 -0.215962 -0.155375 0.00143851 0.112319 -0.146798
0.640073 -0.277484 -0.15881 0.00143421 0.038183 -0.146798
0.696353 -0.329607 -0.163074 0.00143015 -0.0475916 -0.146798
0.711213 -0.371692 -0.168411 0.00142629 -0.138029 -0.146798
0.709576 -0.404448 -0.175134 0.00142265 -0.224285 -0.146798
0.707599 -0.429321 -0.18364 0.00141919 -0.298843 -0.148839
0.705188 -0.447956 -0.195092 0.00141592 -0.35793 -0.151417
0.702215 -0.461859 -0.210165 0.0221046 -0.401716 -0.154724
0.698542 -0.472261 -0.229858 0.120967 -0.432778 -0.159032
0.693928 -0.480101 -0.255408 0.421889 -0.454352 -0.164076
0.688073 -0.486072 -0.288049 0.640135 -0.469284 -0.17157
0.680572 -0.490672 -0.328683 0.69637 -0.479708 -0.181831
0.670889 -0.49426 -0.377443 0.711219 -0.487097 -0.196067
0.658327 -0.497093 -0.433259 0.709636 -0.492434 -0.215971
0.641888 -0.475209 -0.493685 0.707735 -0.496365 -0.243739
0.619656 -0.359844 -0.555194 0.705431 -0.499315 -0.28206
0.590718 -0.00850593 -0.613926 0.702625 -0.49932 -0.332823
0.553815 0.246497 -0.666606 0.69919 -0.499325 -0.396304
0.508243 0.312223 -0.711238 0.694926 -0.49933 -0.469752
0.454386 0.329577 -0.747276 0.689589 -0.499334 -0.547193
0.394124 0.327666 -0.775324 0.682866 -0.499339 -0.621052
0.330789 0.325357 -0.796622 0.67436 -0.499343 -0.684895
0.268548 0.322541 -0.812579 0.662908 -0.499346 -0.735491
0.211377 0.319069 -0.824484 0.647835 -0.475186 -0.772985
0.16209 0.31478 -0.833391 0.628142 -0.359731 -0.799582
0.121874 0.309392 -0.840105 0.602592 -0.00830408 -0.818056
0.0904544 0.302554 -0.845217 0.569951 0.246571 -0.830842
0.0666388 0.293794 -0.849156 0.529317 0.312243 -0.839768
0.0489015 0.282485 -0.852228 0.480557 0.329585 -0.846095
0.0357804 0.267815 -0.854654 0.424741 0.327736 -0.850665
0.0260603 0.248617 -0.835916 0.364315 0.325516 -0.854031
0.0188087 0.222654 -0.73713 0.302806 0.322825 -0.856557
0.0133417 0.188859 -0.436284 0.244074 0.319549 -0.856561
0.00916901 0.145763 -0.217927 0.191394 0.315537 -0.856566
0.00594256 0.0925422 -0.161647 0.146762 0.310556 -0.85657
0.0034152 0.0296471 -0.146787 0.110724 0.304324 -0.856574
0.0014105 -0.0407297 -0.148424 0.0826763 0.296473 -0.856577
0.00140736 -0.114695 -0.150401 0.061378 0.286539 -0.856581
0.0220736 -0.187381 -0.152812 0.0454211 0.273165 -0.856584
0.120821 -0.254147 -0.155785 0.0335157 0.255562 -0.835895
0.421634 -0.311706 -0.159458 0.0246087 0.232565 -0.737033
0.640044 -0.358671 -0.164072 0.0178953 0.202726 -0.436111
0.696345 -0.395364 -0.169927 0.012783 0.164608 -0.217865
0.71121 -0.423177 -0.177428 0.008844 0.117154 -0.16163
0.709626 -0.443891 -0.187111 0.00577153 0.06021 -0.146781
0.707723 -0.459214 -0.199673 0.00334555 -0.00497339 -0.148364
0.705417 -0.470566 -0.216112 0.0220845 -0.075541 -0.150265
0.702598 -0.479035 -0.238344 0.12087 -0.147374 -0.152569
0.699145 -0.485419 -0.267282 0.421716 -0.215962 -0.155375
0.694849 -0.490292 -0.304185 0.640073 -0.277484 -0.15881
0.689459 -0.49406 -0.349757 0.696353 -0.329607 -0.163074
0.682641 -0.497012 -0.403614 0.711213 -0.371692 -0.168411
0.673969 -0.499353 -0.463876 0.709576 -0.404448 -0.175134
0.662908 -0.499356 -0.527211 0.707599 -0.429321 -0.18364
0.647838 -0.475222 -0.589452 0.705188 -0.447956 -0.195092
0.628151 -0.359901 -0.646623 0.702215 -0.461859 -0.210165
0.602607 -0.0086022 -0.69591 0.698542 -0.472261 -0.229858
0.569976 0.246465 -0.736126 0.693928 -0.480101 -0.255408
0.529352 0.312214 -0.767546 0.688073 -0.486072 -0.288049
0.480603 0.329574 -0.791361 0.680572 -0.490672 -0.328683
0.424797 0.327724 -0.809099 0.670889 -0.49426 -0.377443
0.364377 0.325502 -0.82222 0.658327 -0.497093 -0.433259
0.30287 0.322809 -0.83194 0.641888 -0.475209 -0.493685
0.244136 0.319517 -0.839191 0.619656 -0.359844 -0.555194
0.191449 0.315484 -0.844658 0.590718 -0.00850593 -0.613926
0.146808 0.310467 -0.848831 0.553815 0.246497 -0.666606
0.110762 0.304172 -0.852057 0.508243 0.312223 -0.711238
0.0827055 0.29621 -0.854585 0.454386 0.329577 -0.747276
0.0614003 0.286082 -0.85659 0.394124 0.327666 -0.775324
0.0454378 0.273165 -0.856593 0.330789 0.325357 -0.796622
0.0335283 0.255566 -0.835926 0.268548 0.322541 -0.812579
0.0246183 0.232575 -0.737179 0.211377 0.319069 -0.824484
0.0179026 0.202744 -0.436366 0.16209 0.31478 -0.833391
0.0127886 0.164636 -0.217956 0.121874 0.309392 -0.840105
0.00884834 0.117195 -0.161655 0.0904544 0.302554 -0.845217
0.00577495 0.0602636 -0.14679 0.0666388 0.293794 -0.849156
0.00334828 -0.00490868 -0.148374 0.0489015 0.282485 -0.852228
0.0220926 -0.0754686 -0.150277 0.0357804 0.267815 -0.854654
0.120908 -0.147299 -0.152583 0.0260603 0.248617 -0.835916
0.421783 -0.21589 -0.155402 0.0188087 0.222654 -0.73713
0.640096 -0.27742 -0.158855 0.0133417 0.188859 -0.436284
0.696359 -0.329553 -0.163151 0.00916901 0.145763 -0.217927
0.711215 -0.371649 -0.168541 0.00594256 0.0925422 -0.161647
0.711212 -0.404414 -0.175359 0.0034152 0.0296471 -0.146787
0.709576 -0.429295 -0.184031 0.0014105 -0.0407297 -0.148424
0.707599 -0.447936 -0.195092 0.00140736 -0.114695 -0.150401
0.705188 -0.461845 -0.210162 0.0220736 -0.187381 -0.152812
0.702243 -0.47225 -0.229849 0.120821 -0.254147 -0.155785
0.698594 -0.480093 -0.255393 0.421634 -0.311706 -0.159458
0.694026 -0.486065 -0.288024 0.640044 -0.358671 -0.164072
0.688256 -0.490667 -0.328648 0.696345 -0.395364 -0.169927
0.680914 -0.494256 -0.377397 0.71121 -0.423177 -0.177428
0.67153 -0.49709 -0.433203 0.709626 -0.443891 -0.187111
0.658794 -0.4752 -0.493623 0.707723 -0.459214 -0.199673
0.641888 -0.359799 -0.55513 0.705417 -0.470566 -0.216112
0.619656 -0.00842829 -0.613864 0.702598 -0.479035 -0.238344
0.590718 0.246525 -0.666551 0.699145 -0.485419 -0.267282
0.553815 0.312231 -0.711192 0.694849 -0.490292 -0.304185
0.508243 0.32958 -0.747238 0.689459 -0.49406 -0.349757
0.454386 0.329577 -0.775294 0.682641 -0.497012 -0.403614
0.394124 0.327666 -0.7966 0.673969 -0.499353 -0.463876
0.330789 0.325357 -0.812562 0.662908 -0.499356 -0.527211
0.268548 0.322541 -0.824472 0.647838 -0.475222 -0.589452
0.211377 0.319101 -0.833382 0.628151 -0.359901 -0.646623
0.16209 0.314841 -0.840097 0.602607 -0.0086022 -0.69591
0.121874 0.309506 -0.845211 0.569976 0.246465 -0.736126
0.0904544 0.302767 -0.849152 0.529352 0.312214 -0.767546
0.0666388 0.294194 -0.852225 0.480603 0.329574 -0.791361
0.0489015 0.283234 -0.854652 0.424797 0.327724 -0.809099
0.0357804 0.26836 -0.835907 0.364377 0.325502 -0.82222
0.0260603 0.248617 -0.737092 0.30287 0.322809 -0.83194
0.0188087 0.222654 -0.436217 0.244136 0.319517 -0.839191
0.0133417 0.188859 -0.217904 0.191449 0.315484 -0.844658
0.00916901 0.145763 -0.161641 0.146808 0.310467 -0.848831
0.00594256 0.0925422 -0.146785 0.110762 0.304172 -0.852057
0.0034152 0.0296471 -0.146788 0.0827055 0.29621 -0.854585
0.0014105 -0.0407297 -0.148424 0.0614003 0.286082 -0.85659
0.0170273 -0.114695 -0.150401 0.0454378 0.273165 -0.856593
0.0754645 -0.187381 -0.152812 0.0335283 0.255566 -0.835926
0.274709 -0.254147 -0.155757 0.0246183 0.232575 -0.737179
0.544949 -0.311706 -0.159406 0.0179026 0.202744 -0.436366
0.66515 -0.358671 -0.163974 0.0127886 0.164636 -0.217956
0.69968 -0.395364 -0.169744 0.00884834 0.117195 -0.161655
0.709576 -0.423177 -0.177086 0.00577495 0.0602636 -0.14679
0.707599 -0.443891 -0.18647 0.00334828 -0.00490868 -0.148374
0.705188 -0.459214 -0.199206 0.0220926 -0.0754686 -0.150277
0.702215 -0.470566 -0.216112 0.120908 -0.147299 -0.152583
0.698542 -0.479035 -0.238344 0.421783 -0.21589 -0.155402
0.693928 -0.485419 -0.267282 0.640096 -0.27742 -0.158855
0.688073 -0.490292 -0.304185 0.696359 -0.329553 -0.163151
0.680572 -0.49406 -0.349757 0.711215 -0.371649 -0.168541
0.670889 -0.497012 -0.403614 0.711212 -0.404414 -0.175359
0.658327 -0.499353 -0.463876 0.709576 -0.429295 -0.184031
0.641888 -0.481115 -0.527211 0.707599 -0.447936 -0.195092
0.619656 -0.41287 -0.589452 0.705188 -0.461845 -0.210162
0.590718 -0.180186 -0.646623 0.702243 -0.47225 -0.229849
0.553815 0.135409 -0.69591 0.698594 -0.480093 -0.255393
0.508243 0.275784 -0.736126 0.694026 -0.486065 -0.288024
0.454386 0.316109 -0.767546 0.688256 -0.490667 -0.328648
0.394124 0.327666 -0.791361 0.680914 -0.494256 -0.377397
0.330789 0.325357 -0.809099 0.67153 -0.49709 -0.433203
0.268548 0.322541 -0.82222 0.658794 -0.4752 -0.493623
0.211377 0.319069 -0.83194 0.641888 -0.359799 -0.55513
0.16209 0.31478 -0.839191 0.619656 -0.00842829 -0.613864
0.121874 0.309392 -0.844658 0.590718 0.246525 -0.666551
0.0904544 0.302554 -0.848831 0.553815 0.312231 -0.711192
0.0666388 0.293794 -0.852057 0.508243 0.32958 -0.747238
0.0489015 0.282485 -0.854585 0.454386 0.329577 -0.775294
0.0357804 0.267815 -0.85659 0.394124 0.327666 -0.7966
0.0260603 0.248617 -0.840973 0.330789 0.325357 -0.812562
0.0188087 0.222654 -0.782535 0.268548 0.322541 -0.824472
0.0133417 0.188859 -0.583291 0.211377 0.319101 -0.833382
0.00916901 0.145763 -0.313051 0.16209 0.314841 -0.840097
0.00594256 0.0925422 -0.19285 0.121874 0.309506 -0.845211
0.0034152 0.0296471 -0.15832 0.0904544 0.302767 -0.849152
0.0014105 -0.0407297 -0.148424 0.0666388 0.294194 -0.852225
0.00140736 -0.114695 -0.150401 0.0489015 0.283234 -0.854652
0.0220736 -0.187381 -0.152812 0.0357804 0.26836 -0.835907
0.120821 -0.254147 -0.155785 0.0260603 0.248617 -0.737092
0.421634 -0.311706 -0.159458 0.0188087 0.222654 -0.436217
0.640044 -0.358671 -0.164072 0.0133417 0.188859 -0.217904
0.696345 -0.395364 -0.169927 0.00916901 0.145763 -0.161641
0.71121 -0.423177 -0.177428 0.00594256 0.0925422 -0.146785
0.709626 -0.443891 -0.187111 0.0034152 0.0296471 -0.146788
0.707723 -0.459214 -0.199673 0.0014105 -0.0407297 -0.148424
0.705417 -0.470566 -0.216112 0.0170273 -0.114695 -0.150401
0.702598 -0.479035 -0.238344 0.0754645 -0.187381 -0.152812
0.699145 -0.485419 -0.267282 0.274709 -0.254147 -0.155757
0.694849 -0.490292 -0.304185 0.544949 -0.311706 -0.159406
0.689459 -0.49406 -0.349757 0.66515 -0.358671 -0.163974
0.682641 -0.497012 -0.403614 0.69968 -0.395364 -0.169744
0.673969 -0.499353 -0.463876 0.709576 -0.423177 -0.177086
0.662908 -0.499356 -0.527211 0.707599 -0.443891 -0.18647
0.647838 -0.475222 -0.589452 0.705188 -0.459214 -0.199206
0.628151 -0.359901 -0.646623 0.702215 -0.470566 -0.216112
0.602607 -0.0086022 -0.69591 0.698542 -0.479035 -0.238344
0.569976 0.246465 -0.736126 0.693928 -0.485419 -0.267282
0.529352 0.312214 -0.767546 0.688073 -0.490292 -0.304185
0.480603 0.329574 -0.791361 0.680572 -0.49406 -0.349757
0.424797 0.327724 -0.809099 0.670889 -0.497012 -0.403614
0.364377 0.325502 -0.82222 0.658327 -0.499353 -0.463876
0.30287 0.322809 -0.83194 0.641888 -0.481115 -0.527211
0.244136 0.319517 -0.839191 0.619656 -0.41287 -0.589452
0.191449 0.315484 -0.844658 0.590718 -0.180186 -0.646623
0.146808 0.310467 -0.848831 0.553815 0.135409 -0.69591
0.110762 0.304172 -0.852057 0.508243 0.275784 -0.736126
0.0827055 0.29621 -0.854585 0.454386 0.316109 -0.767546
0.0614003 0.286082 -0.85659 0.394124 0.327666 -0.791361
0.0454378 0.273165 -0.856593 0.330789 0.325357 -0.809099
0.0335283 0.255566 -0.835926 0.268548 0.322541 -0.82222
0.0246183 0.232575 -0.737179 0.211377 0.319069 -0.83194
0.0179026 0.202744 -0.436366 0.16209 0.31478 -0.839191
0.0127886 0.164636 -0.217956 0.121874 0.309392 -0.844658
0.00884834 0.117195 -0.161655 0.0904544 0.302554 -0.848831
0.00577495 0.0602636 -0.14679 0.0666388 0.293794 -0.852057
0.00334828 -0.00490868 -0.148374 0.0489015 0.282485 -0.854585
0.0220926 -0.0754686 -0.150277 0.0357804 0.267815 -0.85659
0.120908 -0.147299 -0.152583 0.0260603 0.248617 -0.840973
0.421783 -0.21589 -0.155402 0.0188087 0.222654 -0.782535
0.640096 -0.27742 -0.158855 0.0133417 0.188859 -0.583291
0.696359 -0.329553 -0.163151 0.00916901 0.145763 -0.313051
0.711215 -0.371649 -0.168541 0.00594256 0.0925422 -0.19285
0.711212 -0.404414 -0.175359 0.0034152 0.0296471 -0.15832
0.709576 -0.429295 -0.184031 0.0014105 -0.0407297 -0.148424
0.707599 -0.447936 -0.195092 0.00140736 -0.114695 -0.150401
0.705188 -0.461845 -0.210162 0.0220736 -0.187381 -0.152812
0.702243 -0.47225 -0.229849 0.120821 -0.254147 -0.155785
0.698594 -0.480093 -0.255393 0.421634 -0.311706 -0.159458
0.694026 -0.486065 -0.288024 0.640044 -0.358671 -0.164072
0.688256 -0.490667 -0.328648 0.696345 -0.395364 -0.169927
0.680914 -0.494256 -0.377397 0.71121 -0.423177 -0.177428
0.67153 -0.49709 -0.433203 0.709626 -0.443891 -0.187111
0.658794 -0.4752 -0.493623 0.707723 -0.459214 -0.199673
0.641888 -0.359799 -0.55513 0.705417 -0.470566 -0.216112
0.619656 -0.00842829 -0.613864 0.702598 -0.479035 -0.238344
0.590718 0.246525 -0.666551 0.699145 -0.485419 -0.267282
0.553815 0.312231 -0.711192 0.694849 -0.490292 -0.304185
0.508243 0.32958 -0.747238 0.689459 -0.49406 -0.349757
0.454386 0.329577 -0.775294 0.682641 -0.497012 -0.403614
0.394124 0.327666 -0.7966 0.673969 -0.499353 -0.463876
0.330789 0.325357 -0.812562 0.662908 -0.499356 -0.527211
0.268548 0.322541 -0.824472 0.647838 -0.475222 -0.589452
0.211377 0.319101 -0.833382 0.628151 -0.359901 -0.646623
0.16209 0.314841 -0.840097 0.602607 -0.0086022 -0.69591
0.121874 0.309506 -0.845211 0.569976 0.246465 -0.736126
0.0904544 0.302767 -0.849152 0.529352 0.312214 -0.767546
0.0666388 0.294194 -0.852225 0.480603 0.329574 -0.791361
0.0489015 0.283234 -0.854652 0.424797 0.327724 -0.809099
0.0357804 0.26836 -0.835907 0.364377 0.325502 -0.82222
0.0260603 0.248617 -0.737092 0.30287 0.322809 -0.83194
0.0188087 0.222654 -0.436217 0.244136 0.319517 -0.839191
0.0133417 0.188859 -0.217904 0.191449 0.315484 -0.844658
0.00916901 0.145763 -0.161641 0.146808 0.310467 -0.848831
0.00594256 0.0925422 -0.146785 0.110762 0.304172 -0.852057
0.0034152 0.0296471 -0.146788 0.0827055 0.29621 -0.854585
0.0014105 -0.0407297 -0.148424 0.0614003 0.286082 -0.85659
0.0170273 -0.114695 -0.150401 0.0454378 0.273165 -0.856593
0.0754645 -0.187381 -0.152812 0.0335283 0.255566 -0.835926
0.274709 -0.254147 -0.155757 0.0246183 0.232575 -0.737179
0.544949 -0.311706 -0.159406 0.0179026 0.202744 -0.436366
0.66515 -0.358671 -0.163974 0.0127886 0.164636 -0.217956
0.69968 -0.395364 -0.169744 0.00884834 0.117195 -0.161655
0.709576 -0.423177 -0.177086 0.00577495 0.0602636 -0.14679
0.707599 -0.443891 -0.18647 0.00334828 -0.00490868 -0.148374
0.705188 -0.459214 -0.199206 0.0220926 -0.0754686 -0.150277
0.702215 -0.470566 -0.216112 0.120908 -0.147299 -0.152583
0.698542 -0.479035 -0.238344 0.421783 -0.21589 -0.155402
0.693928 -0.485419 -0.267282 0.640096 -0.27742 -0.158855
0.688073 -0.490292 -0.304185 0.696359 -0.329553 -0.163151
0.680572 -0.49406 -0.349757 0.711215 -0.371649 -0.168541
0.670889 -0.497012 -0.403614 0.711212 -0.404414 -0.175359
0.658327 -0.499353 -0.463876 0.709576 -0.429295 -0.184031
0.641888 -0.481115 -0.527211 0.707599 -0.447936 -0.195092
0.619656 -0.41287 -0.589452 0.705188 -0.461845 -0.210162
0.590718 -0.180186 -0.646623 0.702243 -0.47225 -0.229849
0.553815 0.135409 -0.69591 0.698594 -0.480093 -0.255393
0.508243 0.275784 -0.736126 0.694026 -0.486065 -0.288024
0.454386 0.316109 -0.767546 0.688256 -0.490667 -0.328648
0.394124 0.327666 -0.791361 0.680914 -0.494256 -0.377397
0.330789 0.325357 -0.809099 0.67153 -0.49709 -0.433203
0.268548 0.322541 -0.82222 0.658794 -0.4752 -0.493623
0.211377 0.319069 -0.83194 0.641888 -0.359799 -0.55513
0.16209 0.31478 -0.839191 0.619656 -0.00842829 -0.613864
0.121874 0.309392 -0.844658 0.590718 0.246525 -0.666551
0.0904544 0.302554 -0.848831 0.553815 0.312231 -0.711192
0.0666388 0.293794 -0.852057 0.508243 0.32958 -0.747238
0.0489015 0.282485 -0.854585 0.454386 0.329577 -0.775294
0.0357804 0.267815 -0.85659 0.394124 0.327666 -0.7966
0.0260603 0.248617 -0.840973 0.330789 0.325357 -0.812562
0.0188087 0.222654 -0.782535 0.268548 0.322541 -0.824472
0.0133417 0.188859 -0.583291 0.211377 0.319101 -0.833382
0.00916901 0.145763 -0.313051 0.16209 0.314841 -0.840097
0.00594256 0.0925422 -0.19285 0.121874 0.309506 -0.845211
0.0034152 0.0296471 -0.15832 0.0904544 0.302767 -0.849152
0.0014105 -0.0407297 -0.148424 0.0666388 0.294194 -0.852225
0.00140736 -0.114695 -0.150401 0.0489015 0.283234 -0.854652
0.0220736 -0.187381 -0.152812 0.0357804 0.26836 -0.835907
0.120821 -0.254147 -0.155785 0.0260603 0.248617 -0.737092
0.421634 -0.311706 -0.159458 0.0188087 0.222654 -0.436217
0.640044 -0.358671 -0.164072 0.0133417 0.188859 -0.217904
0.696345 -0.395364 -0.169927 0.00916901 0.145763 -0.161641
0.71121 -0.423177 -0.177428 0.00594256 0.0925422 -0.146785
0.709626 -0.443891 -0.187111 0.0034152 0.0296471 -0.146788
0.707723 -0.459214 -0.199673 0.0014105 -0.0407297 -0.148424
0.705417 -0.470566 -0.216112 0.0170273 -0.114695 -0.150401
0.702598 -0.479035 -0.238344 0.0754645 -0.187381 -0.152812
0.699145 -0.485419 -0.267282 0.274709 -0.254147 -0.155757
0.694849 -0.490292 -0.304185 0.544949 -0.311706 -0.159406
0.689459 -0.49406 -0.349757 0.66515 -0.358671 -0.163974
0.682641 -0.497012 -0.403614 0.69968 -0.395364 -0.169744
0.673969 -0.499353 -0.463876 0.709576 -0.423177 -0.177086
0.662908 -0.499356 -0.527211 0.707599 -0.443891 -0.18647
0.647838 -0.475222 -0.589452 0.705188 -0.459214 -0.199206
0.628151 -0.359901 -0.646623 0.702215 -0.470566 -0.216112
0.602607 -0.0086022 -0.69591 0.698542 -0.479035 -0.238344
0.569976 0.246465 -0.736126 0.693928 -0.485419 -0.267282
0.529352 0.312214 -0.767546 0.688073 -0.490292 -0.304185
0.480603 0.329574 -0.791361 0.680572 -0.49406 -0.349757
0.424797 0.327724 -0.809099 0.670889 -0.497012 -0.403614
0.364377 0.325502 -0.82222 0.658327 -0.499353 -0.463876
0.30287 0.322809 -0.83194 0.641888 -0.481115 -0.527211
0.244136 0.319517 -0.839191 0.619656 -0.41287 -0.589452
0.191449 0.315484 -0.844658 0.590718 -0.180186 -0.646623
0.146808 0.310467 -0.848831 0.553815 0.135409 -0.69591
0.110762 0.304172 -0.852057 0.508243 0.275784 -0.736126
0.0827055 0.29621 -0.854585 0.454386 0.316109 -0.767546
0.0614003 0.286082 -0.85659 0.394124 0.327666 -0.791361
0.0454378 0.273165 -0.856593 0.330789 0.325357 -0.809099
0.0335283 0.255566 -0.835926 0.268548 0.322541 -0.82222
0.0246183 0.232575 -0.737179 0.211377 0.319069 -0.83194
0.0179026 0.202744 -0.436366 0.16209 0.31478 -0.839191
0.0127886 0.164636 -0.217956 0.121874 0.309392 -0.844658
0.00884834 0.117195 -0.161655 0.0904544 0.302554 -0.848831
0.00577495 0.0602636 -0.14679 0.0666388 0.293794 -0.852057
0.00334828 -0.00490868 -0.148374 0.0489015 0.282485 -0.854585
0.0220926 -0.0754686 -0.150277 0.0357804 0.267815 -0.85659
0.120908 -0.147299 -0.152583 0.0260603 0.248617 -0.840973
0.421783 -0.21589 -0.155402 0.0188087 0.222654 -0.782535
0.640096 -0.27742 -0.158855 0.0133417 0.188859 -0.583291
0.696359 -0.329553 -0.163151 0.00916901 0.145763 -0.313051
0.711215 -0.371649 -0.168541 0.00594256 0.0925422 -0.19285
0.711212 -0.404414 -0.175359 0.0034152 0.0296471 -0.15832
0.709576 -0.429295 -0.184031 0.0014105 -0.0407297 -0.148424
0.707599 -0.447936 -0.195092 0.00140736 -0.114695 -0.150401
0.705188 -0.461845 -0.210162 0.0220736 -0.187381 -0.152812
0.702243 -0.47225 -0.229849 0.120821 -0.254147 -0.155785
0.698594 -0.480093 -0.255393 0.421634 -0.311706 -0.159458
0.694026 -0.486065 -0.288024 0.640044 -0.358671 -0.164072
0.688256 -0.490667 -0.328648 0.696345 -0.395364 -0.169927
0.680914 -0.494256 -0.377397 0.71121 -0.423177 -0.177428
0.67153 -0.49709 -0.433203 0.709626 -0.443891 -0.187111
0.658794 -0.4752 -0.493623 0.707723 -0.459214 -0.199673
0.641888 -0.359799 -0.55513 0.705417 -0.470566 -0.216112
0.619656 -0.00842829 -0.613864 0.702598 -0.479035 -0.238344
0.590718 0.246525 -0.666551 0.699145 -0.485419 -0.267282
0.553815 0.312231 -0.711192 0.694849 -0.490292 -0.304185
0.508243 0.32958 -0.747238 0.689459 -0.49406 -0.349757
0.454386 0.329577 -0.775294 0.682641 -0.497012 -0.403614
0.394124 0.327666 -0.7966 0.673969 -0.499353 -0.463876
0.330789 0.325357 -0.812562 0.662908 -0.499356 -0.527211
0.268548 0.322541 -0.824472 0.647838 -0.475222 -0.589452
0.211377 0.319101 -0.833382 0.628151 -0.359901 -0.646623
0.16209 0.314841 -0.840097 0.602607 -0.0086022 -0.69591
0.121874 0.309506 -0.845211 0.569976 0.246465 -0.736126
0.0904544 0.302767 -0.849152 0.529352 0.312214 -0.767546
0.0666388 0.294194 -0.852225 0.480603 0.329574 -0.791361
0.0489015 0.283234 -0.854652 0.424797 0.327724 -0.809099
0.0357804 0.26836 -0.835907 0.364377 0.325502 -0.82222
0.0260603 0.248617 -0.737092 0.30287 0.322809 -0.83194
0.0188087 0.222654 -0.436217 0.244136 0.319517 -0.839191
0.0133417 0.188859 -0.217904 0.191449 0.315484 -0.844658
0.00916901 0.145763 -0.161641 0.146808 0.310467 -0.848831
0.00594256 0.0925422 -0.146785 0.110762 0.304172 -0.852057
0.0034152 0.0296471 -0.146788 0.0827055 0.29621 -0.854585
0.0014105 -0.0407297 -0.148424 0.0614003 0.286082 -0.85659
0.0170273 -0.114695 -0.150401 0.0454378 0.273165 -0.856593
0.0754645 -0.187381 -0.152812 0.0335283 0.255566 -0.835926
0.274709 -0.254147 -0.155757 0.0246183 0.232575 -0.737179
0.544949 -0.311706 -0.159406 0.0179026 0.202744 -0.436366
0.66515 -0.358671 -0.163974 0.0127886 0.164636 -0.217956
0.69968 -0.395364 -0.169744 0.00884834 0.117195 -0.161655
0.709576 -0.423177 -0.177086 0.00577495 0.0602636 -0.14679
0.707599 -0.443891 -0.18647 0.00334828 -0.00490868 -0.148374
0.705188 -0.459214 -0.199206 0.0220926 -0.0754686 -0.150277
0.702215 -0.470566 -0.216112 0.120908 -0.147299 -0.152583
0.698542 -0.479035 -0.238344 0.421783 -0.21589 -0.155402
0.693928 -0.485419 -0.267282 0.640096 -0.27742 -0.158855
0.688073 -0.490292 -0.304185 0.696359 -0.329553 -0.163151
0.680572 -0.49406 -0.349757 0.711215 -0.371649 -0.168541
0.670889 -0.497012 -0.403614 0.711212 -0.404414 -0.175359
0.658327 -0.499353 -0.463876 0.709576 -0.429295 -0.184031
0.641888 -0.481115 -0.527211 0.707599 -0.447936 -0.195092
0.619656 -0.41287 -0.589452 0.705188 -0.461845 -0.210162
0.590718 -0.180186 -0.646623 0.702243 -0.47225 -0.229849
0.553815 0.135409 -0.69591 0.698594 -0.480093 -0.255393
0.508243 0.275784 -0.736126 0.694026 -0.486065 -0.288024
0.454386 0.316109 -0.767546 0.688256 -0.490667 -0.328648
0.394124 0.327666 -0.791361 0.680914 -0.494256 -0.377397
0.330789 0.325357 -0.809099 0.67153 -0.49709 -0.433203
0.268548 0.322541 -0.82222 0.658794 -0.4752 -0.493623
0.211377 0.319069 -0.83194 0.641888 -0.359799 -0.55513
0.16209 0.31478 -0.839191 0.619656 -0.00842829 -0.613864
0.121874 0.309392 -0.844658 0.590718 0.246525 -0.666551
0.0904544 0.302554 -0.848831 0.553815 0.312231 -0.711192
0.0666388 0.293794 -0.852057 0.508243 0.32958 -0.747238
0.0489015 0.282485 -0.854585 0.454386 0.329577 -0.775294
0.0357804 0.267815 -0.85659 0.394124 0.327666 -0.7966
0.0260603 0.248617 -0.840973 0.330789 0.325357 -0.812562
0.0188087 0.222654 -0.782535 0.268548 0.322541 -0.824472
0.0133417 0.188859 -0.583291 0.211377 0.319101 -0.833382
0.00916901 0.145763 -0.313051 0.16209 0.314841 -0.840097
0.00594256 0.0925422 -0.19285 0.121874 0.309506 -0.845211
0.0034152 0.0296471 -0.15832 0.0904544 0.302767 -0.849152
0.0014105 -0.0407297 -0.148424 0.0666388 0.294194 -0.852225
0.00140736 -0.114695 -0.150401 0.0489015 0.283234 -0.854652
0.0220736 -0.187381 -0.152812 0.0357804 0.26836 -0.835907
0.120821 -0.254147 -0.155785 0.0260603 0.248617 -0.737092
0.421634 -0.311706 -0.159458 0.0188087 0.222654 -0.436217
0.640044 -0.358671 -0.164072 0.0133417 0.188859 -0.217904
0.696345 -0.395364 -0.169927 0.00916901 0.145763 -0.161641
0.71121 -0.423177 -0.177428 0.00594256 0.0925422 -0.146785
0.709626 -0.443891 -0.187111 0.0034152 0.0296471 -0.146788
0.707723 -0.459214 -0.199673 0.0014105 -0.0407297 -0.148424
0.705417 -0.470566 -0.216112 0.0170273 -0.114695 -0.150401
0.702598 -0.479035 -0.238344 0.0754645 -0.187381 -0.152812
0.699145 -0.485419 -0.267282 0.274709 -0.254147 -0.155757
0.694849 -0.490292 -0.304185 0.544949 -0.311706 -0.159406
0.689459 -0.49406 -0.349757 0.66515 -0.358671 -0.163974
0.682641 -0.497012 -0.403614 0.69968 -0.395364 -0.169744
0.673969 -0.499353 -0.463876 0.709576 -0.423177 -0.177086
0.662908 -0.499356 -0.527211 0.707599 -0.443891 -0.18647
0.647838 -0.475222 -0.589452 0.705188 -0.459214 -0.199206
0.628151 -0.359901 -0.646623 0.702215 -0.470566 -0.216112
0.602607 -0.0086022 -0.69591 0.698542 -0.479035 -0.238344
0.569976 0.246465 -0.736126 0.693928 -0.485419 -0.267282
0.529352 0.312214 -0.767546 0.688073 -0.490292 -0.304185
0.480603 0.329574 -0.791361 0.680572 -0.49406 -0.349757
0.424797 0.327724 -0.809099 0.670889 -0.497012 -0.403614
0.364377 0.325502 -0.82222 0.658327 -0.499353 -0.463876
0.30287 0.322809 -0.83194 0.641888 -0.481115 -0.527211
0.244136 0.319517 -0.839191 0.619656 -0.41287 -0.589452
0.191449 0.315484 -0.844658 0.590718 -0.180186 -0.646623
0.146808 0.310467 -0.848831 0.553815 0.135409 -0.69591
0.110762 0.304172 -0.852057 0.508243 0.275784 -0.736126
0.0827055 0.29621 -0.854585 0.454386 0.316109 -0.767546
0.0614003 0.286082 -0.85659 0.394124 0.327666 -0.791361
0.0454378 0.273165 -0.856593 0.330789 0.325357 -0.809099
0.0335283 0.255566 -0.835926 0.268548 0.322541 -0.82222
0.0246183 0.232575 -0.737179 0.211377 0.319069 -0.83194
0.0179026 0.202744 -0.436366 0.16209 0.31478 -0.839191
0.0127886 0.164636 -0.217956 0.121874 0.309392 -0.844658
0.00884834 0.117195 -0.161655 0.0904544 0.302554 -0.848831
0.00577495 0.0602636 -0.14679 0.0666388 0.293794 -0.852057
0.00334828 -0.00490868 -0.148374 0.0489015 0.282485 -0.854585
0.0220926 -0.0754686 -0.150277 0.0357804 0.267815 -0.85659
0.120908 -0.147299 -0.152583 0.0260603 0.248617 -0.840973
0.421783 -0.21589 -0.155402 0.0188087 0.222654 -0.782535
0.640096 -0.27742 -0.158855 0.0133417 0.188859 -0.583291
0.696359 -0.329553 -0.163151 0.00916901 0.145763 -0.313051
0.711215 -0.371649 -0.168541 0.00594256 0.0925422 -0.19285
0.711212 -0.404414 -0.175359 0.0034152 0.0296471 -0.15832
0.709576 -0.429295 -0.184031 0.0014105 -0.0407297 -0.148424
0.707599 -0.447936 -0.195092 0.00140736 -0.114695 -0.150401
0.705188 -0.461845 -0.210162 0.0220736 -0.187381 -0.152812
0.702243 -0.47225 -0.229849 0.120821 -0.254147 -0.155785
0.698594 -0.480093 -0.255393 0.421634 -0.311706 -0.159458
0.694026 -0.486065 -0.288024 0.640044 -0.358671 -0.164072
0.688256 -0.490667 -0.328648 0.696345 -0.395364 -0.169927
0.680914 -0.494256 -0.377397 0.71121 -0.423177 -0.177428
0.67153 -0.49709 -0.433203 0.709626 -0.443891 -0.187111
0.658684 -0.4752 -0.493623 0.707723 -0.459214 -0.199673
0.641755 -0.359799 -0.55513 0.705417 -0.470566 -0.216112
0.619495 -0.00842829 -0.613864 0.702598 -0.479035 -0.238344
0.590527 0.246525 -0.666551 0.699145 -0.485419 -0.267282
0.553594 0.312231 -0.711192 0.694849 -0.490292 -0.304185
0.507995 0.32958 -0.747238 0.689459 -0.49406 -0.349757
0.454122 0.329577 -0.775294 0.682641 -0.497012 -0.403614
0.393857 0.327666 -0.7966 0.673969 -0.499353 -0.463876
0.330536 0.325357 -0.812562 0.662908 -0.499356 -0.527211
0.268325 0.322541 -0.824472 0.647838 -0.475222 -0.589452
0.211192 0.319101 -0.833382 0.628151 -0.359901 -0.646623
0.161945 0.314841 -0.840097 0.602607 -0.0086022 -0.69591
0.121766 0.309506 -0.845211 0.569976 0.246465 -0.736126
0.090376 0.302767 -0.849152 0.529352 0.312214 -0.767546
0.0665834 0.294194 -0.852225 0.480603 0.329574 -0.791361
0.0488627 0.283234 -0.854652 0.424797 0.327724 -0.809099
0.0357532 0.268232 -0.835907 0.364377 0.325502 -0.82222
0.0260412 0.248462 -0.737092 0.30287 0.322809 -0.83194
0.0187951 0.222467 -0.436217 0.244136 0.319517 -0.839191
0.0133318 0.188637 -0.217904 0.191449 0.315484 -0.844658
0.00916174 0.145505 -0.161641 0.146808 0.310467 -0.848831
0.00593714 0.092253 -0.146785 0.110762 0.304172 -0.852057
0.0034111 0.0293383 -0.146788 0.0827055 0.29621 -0.854585
0.00140736 -0.041041 -0.148424 0.0614003 0.286082 -0.85659
0.0170185 -0.114989 -0.150401 0.0454378 0.273165 -0.856593
0.0754325 -0.187641 -0.152812 0.0335283 0.255566 -0.835926
0.274629 -0.254363 -0.155757 0.0246183 0.232575 -0.737179
0.544892 -0.311876 -0.159406 0.0179026 0.202744 -0.436366
0.665132 -0.358798 -0.163974 0.0127886 0.164636 -0.217956
0.699674 -0.395456 -0.169744 0.00884834 0.117195 -0.161655
0.709573 -0.423242 -0.177086 0.00577495 0.0602636 -0.14679
0.707596 -0.443937 -0.18647 0.00334828 -0.00490868 -0.148374
0.705184 -0.459246 -0.199316 0.0220926 -0.0754686 -0.150277
0.702215 -0.470588 -0.216245 0.120908 -0.147299 -0.152583
0.698548 -0.479051 -0.238505 0.421783 -0.21589 -0.155402
0.693947 -0.485431 -0.267473 0.640096 -0.27742 -0.158855
0.688119 -0.490301 -0.304406 0.696359 -0.329553 -0.163151
0.680677 -0.494066 -0.350005 0.711215 -0.371649 -0.168541
0.671113 -0.497016 -0.403878 0.711212 -0.404414 -0.175359
0.658794 -0.499356 -0.464143 0.709576 -0.429295 -0.184031
0.641892 -0.481125 -0.527464 0.707599 -0.447936 -0.195092
0.619665 -0.412908 -0.589675 0.705188 -0.461845 -0.210162
0.590735 -0.18028 -0.646808 0.702243 -0.47225 -0.229849
0.553842 0.135343 -0.696055 0.698594 -0.480093 -0.255393
0.50828 0.275763 -0.736234 0.694026 -0.486065 -0.288024
0.454435 0.316102 -0.767624 0.688256 -0.490667 -0.328648
0.394181 0.327662 -0.791417 0.680914 -0.494256 -0.377397
0.33085 0.325354 -0.809137 0.67153 -0.49709 -0.433203
0.26861 0.322537 -0.822247 0.658684 -0.4752 -0.493623
0.211434 0.319069 -0.831959 0.641755 -0.359799 -0.55513
0.162139 0.314786 -0.839205 0.619495 -0.00842829 -0.613864
0.121914 0.309413 -0.844668 0.590527 0.246525 -0.666551
0.0904857 0.302608 -0.848838 0.553594 0.312231 -0.711192
0.0666626 0.293916 -0.852063 0.507995 0.32958 -0.747238
0.0489194 0.282748 -0.854589 0.454122 0.329577 -0.775294
0.0357938 0.26836 -0.856593 0.393857 0.327666 -0.7966
0.0260704 0.248622 -0.840981 0.330536 0.325357 -0.812562
0.0188163 0.222665 -0.782568 0.268325 0.322541 -0.824472
0.0133475 0.188879 -0.583371 0.211192 0.319101 -0.833382
0.00917349 0.145794 -0.313108 0.161945 0.314841 -0.840097
0.00594607 0.0925862 -0.192868 0.121766 0.309506 -0.845211
0.00341799 0.0297035 -0.158326 0.090376 0.302767 -0.849152
0.00141274 -0.0406632 -0.148427 0.0665834 0.294194 -0.852225
0.00140956 -0.114623 -0.150404 0.0488627 0.283234 -0.854652
0.0220816 -0.187309 -0.152816 0.0357532 0.268232 -0.835907
0.120859 -0.254081 -0.155785 0.0260412 0.248462 -0.737092
0.421699 -0.311649 -0.159452 0.0187951 0.222467 -0.436217
0.640068 -0.358625 -0.164053 0.0133318 0.188637 -0.217904
0.696352 -0.395328 -0.169881 0.00916174 0.145505 -0.161641
0.711212 -0.423149 -0.177323 0.00593714 0.092253 -0.146785
0.709628 -0.44387 -0.186887 0.0034111 0.0293383 -0.146788
0.707726 -0.459199 -0.199206 0.00140736 -0.041041 -0.148424
0.705421 -0.470554 -0.216108 0.0170185 -0.114989 -0.150401
0.702625 -0.479026 -0.238335 0.0754325 -0.187641 -0.152812
0.69919 -0.485412 -0.267265 0.274629 -0.254363 -0.155757
0.694926 -0.490287 -0.304158 0.544892 -0.311876 -0.159406
0.689589 -0.494056 -0.34972 0.665132 -0.358798 -0.163974
0.682866 -0.497008 -0.403565 0.699674 -0.395456 -0.169744
0.67436 -0.49935 -0.463819 0.709573 -0.423242 -0.177086
0.662908 -0.499354 -0.52715 0.707596 -0.443937 -0.18647
0.647835 -0.475212 -0.58939 0.705184 -0.459246 -0.199316
0.628142 -0.359857 -0.646566 0.702215 -0.470588 -0.216245
0.602592 -0.00852623 -0.695861 0.698548 -0.479051 -0.238505
0.569951 0.246491 -0.736086 0.693947 -0.485431 -0.267473
0.529317 0.312222 -0.767514 0.688119 -0.490301 -0.304406
0.480557 0.329577 -0.791337 0.680677 -0.494066 -0.350005
0.424741 0.327727 -0.809081 0.671113 -0.497016 -0.403878
0.364315 0.325506 -0.822206 0.658794 -0.499356 -0.464143
0.302806 0.322813 -0.83193 0.641892 -0.481125 -0.527464
0.244074 0.319549 -0.839184 0.619665 -0.412908 -0.589675
0.191394 0.315537 -0.844653 0.590735 -0.18028 -0.646808
0.146762 0.310556 -0.848827 0.553842 0.135343 -0.696055
0.110724 0.304324 -0.852054 0.50828 0.275763 -0.736234
0.0826763 0.296473 -0.854582 0.454435 0.316102 -0.767624
0.061378 0.286539 -0.856587 0.394181 0.327662 -0.791417
0.0454211 0.273165 -0.85659 0.33085 0.325354 -0.809137
0.0335157 0.255562 -0.835918 0.26861 0.322537 -0.822247
0.0246087 0.232565 -0.737141 0.211434 0.319069 -0.831959
0.0178953 0.202726 -0.436301 0.162139 0.314786 -0.839205
0.012783 0.164608 -0.217932 0.121914 0.309413 -0.844668
0.008844 0.117154 -0.161648 0.0904857 0.302608 -0.848838
0.00577153 0.06021 -0.146788 0.0666626 0.293916 -0.852063
0.00334555 -0.00497339 -0.148372 0.0489194 0.282748 -0.854589
0.0220845 -0.075541 -0.150274 0.0357938 0.26836 -0.856593
0.12087 -0.147374 -0.152579 0.0260704 0.248622 -0.840981
0.421716 -0.215962 -0.155375 0.0188163 0.222665 -0.782568
0.640073 -0.277484 -0.15881 0.0133475 0.188879 -0.583371
0.696353 -0.329607 -0.163074 0.00917349 0.145794 -0.313108
0.711213 -0.371692 -0.168411 0.00594607 0.0925862 -0.192868
0.709576 -0.404448 -0.175134 0.00341799 0.0297035 -0.158326
0.707599 -0.429321 -0.18364 0.00141274 -0.0406632 -0.148427
0.705188 -0.447956 -0.195092 0.00140956 -0.114623 -0.150404
0.702215 -0.461859 -0.210165 0.0220816 -0.187309 -0.152816
0.698542 -0.472261 -0.229858 0.120859 -0.254081 -0.155785
0.693928 -0.480101 -0.255408 0.421699 -0.311649 -0.159452
0.688073 -0.486072 -0.288049 0.640068 -0.358625 -0.164053
0.680572 -0.490672 -0.328683 0.696352 -0.395328 -0.169881
0.670889 -0.49426 -0.377443 0.711212 -0.423149 -0.177323
0.658327 -0.497093 -0.433259 0.709628 -0.44387 -0.186887
0.641888 -0.475209 -0.493685 0.707726 -0.459199 -0.199206
0.619656 -0.359844 -0.555194 0.705421 -0.470554 -0.216108
0.590718 -0.00850593 -0.613926 0.702625 -0.479026 -0.238335
0.553815 0.246497 -0.666606 0.69919 -0.485412 -0.267265
0.508243 0.312223 -0.711238 0.694926 -0.490287 -0.304158
0.454386 0.329577 -0.747276 0.689589 -0.494056 -0.34972
0.394124 0.327666 -0.775324 0.682866 -0.497008 -0.403565
0.330789 0.325357 -0.796622 0.67436 -0.49935 -0.463819
0.268548 0.322541 -0.812579 0.662908 -0.499354 -0.52715
0.211377 0.319069 -0.824484 0.647835 -0.475212 -0.58939
0.16209 0.31478 -0.833391 0.628142 -0.359857 -0.646566
0.121874 0.309392 -0.840105 0.602592 -0.00852623 -0.695861
0.0904544 0.302554 -0.845217 0.569951 0.246491 -0.736086
0.0666388 0.293794 -0.849156 0.529317 0.312222 -0.767514
0.0489015 0.282485 -0.852228 0.480557 0.329577 -0.791337
0.0357804 0.267815 -0.854654 0.424741 0.327727 -0.809081
0.0260603 0.248617 -0.835916 0.364315 0.325506 -0.822206
0.0188087 0.222654 -0.73713 0.302806 0.322813 -0.83193
0.0133417 0.188859 -0.436284 0.244074 0.319549 -0.839184
0.00916901 0.145763 -0.217927 0.191394 0.315537 -0.844653
0.00594256 0.0925422 -0.161647 0.146762 0.310556 -0.848827
0.0034152 0.0296471 -0.146787 0.110724 0.304324 -0.852054
0.0014105 -0.0407297 -0.148424 0.0826763 0.296473 -0.854582
0.00140736 -0.114695 -0.150401 0.061378 0.286539 -0.856587
0.0220736 -0.187381 -0.152812 0.0454211 0.273165 -0.85659
0.120821 -0.254147 -0.155785 0.0335157 0.255562 -0.835918
0.421634 -0.311706 -0.159458 0.0246087 0.232565 -0.737141
0.640044 -0.358671 -0.164072 0.0178953 0.202726 -0.436301
0.696345 -0.395364 -0.169927 0.012783 0.164608 -0.217932
0.71121 -0.423177 -0.177428 0.008844 0.117154 -0.161648
0.709626 -0.443891 -0.187111 0.00577153 0.06021 -0.146788
0.707723 -0.459214 -0.199673 0.00334555 -0.00497339 -0.148372
0.705417 -0.470566 -0.216112 0.0220845 -0.075541 -0.150274
0.702598 -0.479035 -0.238344 0.12087 -0.147374 -0.152579
0.699145 -0.485419 -0.267282 0.421716 -0.215962 -0.155375
0.694849 -0.490292 -0.304185 0.640073 -0.277484 -0.15881
0.689459 -0.49406 -0.349757 0.696353 -0.329607 -0.163074
0.682641 -0.497012 -0.403614 0.711213 -0.371692 -0.168411
0.673969 -0.499353 -0.463876 0.709576 -0.404448 -0.175134
0.662908 -0.499356 -0.527211 0.707599 -0.429321 -0.18364
0.647838 -0.475222 -0.589452 0.705188 -0.447956 -0.195092
0.628151 -0.359901 -0.646623 0.702215 -0.461859 -0.210165
0.602607 -0.0086022 -0.69591 0.698542 -0.472261 -0.229858
0.569976 0.246465 -0.736126 0.693928 -0.480101 -0.255408
0.529352 0.312214 -0.767546 0.688073 -0.486072 -0.288049
0.480603 0.329574 -0.791361 0.680572 -0.490672 -0.328683
0.424797 0.327724 -0.809099 0.670889 -0.49426 -0.377443
0.364377 0.325502 -0.82222 0.658327 -0.497093 -0.433259
0.30287 0.322809 -0.83194 0.641888 -0.475209 -0.493685
0.244136 0.319517 -0.839191 0.619656 -0.359844 -0.555194
0.191449 0.315484 -0.844658 0.590718 -0.00850593 -0.613926
0.146808 0.310467 -0.848831 0.553815 0.246497 -0.666606
0.110762 0.304172 -0.852057 0.508243 0.312223 -0.711238
0.0827055 0.29621 -0.854585 0.454386 0.329577 -0.747276
0.0614003 0.286082 -0.85659 0.394124 0.327666 -0.775324
0.0454378 0.273165 -0.856593 0.330789 0.325357 -0.796622
0.0335283 0.255566 -0.835926 0.268548 0.322541 -0.812579
0.0246183 0.232575 -0.737179 0.211377 0.319069 -0.824484
0.0179026 0.202744 -0.436366 0.16209 0.31478 -0.833391
0.0127886 0.164636 -0.217956 0.121874 0.309392 -0.840105
0.00884834 0.117195 -0.161655 0.0904544 0.302554 -0.845217
0.00577495 0.0602636 -0.14679 0.0666388 0.293794 -0.849156
0.00334828 -0.00490868 -0.148374 0.0489015 0.282485 -0.852228
0.0220926 -0.0754686 -0.150277 0.0357804 0.267815 -0.854654
0.120908 -0.147299 -0.152583 0.0260603 0.248617 -0.835916
0.421783 -0.21589 -0.155402 0.0188087 0.222654 -0.73713
0.640096 -0.27742 -0.158855 0.0133417 0.188859 -0.436284
0.696359 -0.329553 -0.163151 0.00916901 0.145763 -0.217927
0.711215 -0.371649 -0.168541 0.00594256 0.0925422 -0.161647
0.711212 -0.404414 -0.175359 0.0034152 0.0296471 -0.146787
0.709576 -0.429295 -0.184031 0.0014105 -0.0407297 -0.148424
0.707599 -0.447936 -0.195092 0.00140736 -0.114695 -0.150401
0.705188 -0.461845 -0.210162 0.0220736 -0.187381 -0.152812
0.702243 -0.47225 -0.229849 0.120821 -0.254147 -0.155785
0.698594 -0.480093 -0.255393 0.421634 -0.311706 -0.159458
0.694026 -0.486065 -0.288024 0.640044 -0.358671 -0.164072
0.688256 -0.490667 -0.328648 0.696345 -0.395364 -0.169927
0.680914 -0.494256 -0.377397 0.71121 -0.423177 -0.177428
0.67153 -0.49709 -0.433203 0.709626 -0.443891 -0.187111
0.658794 -0.4752 -0.493623 0.707723 -0.459214 -0.199673
0.641888 -0.359799 -0.55513 0.705417 -0.470566 -0.216112
0.619656 -0.00842829 -0.613864 0.702598 -0.479035 -0.238344
0.590718 0.246525 -0.666551 0.699145 -0.485419 -0.267282
0.553815 0.312231 -0.711192 0.694849 -0.490292 -0.304185
0.508243 0.32958 -0.747238 0.689459 -0.49406 -0.349757
0.454386 0.329577 -0.775294 0.682641 -0.497012 -0.403614
0.394124 0.327666 -0.7966 0.673969 -0.499353 -0.463876
0.330789 0.325357 -0.812562 0.662908 -0.499356 -0.527211
0.268548 0.322541 -0.824472 0.647838 -0.475222 -0.589452
0.211377 0.319101 -0.833382 0.628151 -0.359901 -0.646623
0.16209 0.314841 -0.840097 0.602607 -0.0086022 -0.69591
0.121874 0.309506 -0.845211 0.569976 0.246465 -0.736126
0.0904544 0.302767 -0.849152 0.529352 0.312214 -0.767546
0.0666388 0.294194 -0.852225 0.480603 0.329574 -0.791361
0.0489015 0.283234 -0.854652 0.424797 0.327724 -0.809099
0.0357804 0.26836 -0.835907 0.364377 0.325502 -0.82222
0.0260603 0.248617 -0.737092 0.30287 0.322809 -0.83194
0.0188087 0.222654 -0.436217 0.244136 0.319517 -0.839191
0.0133417 0.188859 -0.217904 0.191449 0.315484 -0.844658
0.00916901 0.145763 -0.161641 0.146808 0.310467 -0.848831
0.00594256 0.0925422 -0.146785 0.110762 0.304172 -0.852057
0.0034152 0.0296471 -0.146788 0.0827055 0.29621 -0.854585
0.0014105 -0.0407297 -0.148424 0.0614003 0.286082 -0.85659
0.0170273 -0.114695 -0.150401 0.0454378 0.273165 -0.856593
0.0754645 -0.187381 -0.152812 0.0335283 0.255566 -0.835926
0.274709 -0.254147 -0.155757 0.0246183 0.232575 -0.737179
0.544949 -0.311706 -0.159406 0.0179026 0.202744 -0.436366
0.66515 -0.358671 -0.163974 0.0127886 0.164636 -0.217956
0.69968 -0.395364 -0.169744 0.00884834 0.117195 -0.161655
0.709576 -0.423177 -0.177086 0.00577495 0.0602636 -0.14679
0.707599 -0.443891 -0.18647 0.00334828 -0.00490868 -0.148374
0.705188 -0.459214 -0.199206 0.0220926 -0.0754686 -0.150277
0.702215 -0.470566 -0.216112 0.120908 -0.147299 -0.152583
0.698542 -0.479035 -0.238344 0.421783 -0.21589 -0.155402
0.693928 -0.485419 -0.267282 0.640096 -0.27742 -0.158855
0.688073 -0.490292 -0.304185 0.696359 -0.329553 -0.163151
0.680572 -0.49406 -0.349757 0.711215 -0.371649 -0.168541
0.670889 -0.497012 -0.403614 0.711212 -0.404414 -0.175359
0.658327 -0.499353 -0.463876 0.709576 -0.429295 -0.184031
0.641888 -0.481115 -0.527211 0.707599 -0.447936 -0.195092
0.619656 -0.41287 -0.589452 0.705188 -0.461845 -0.210162
0.590718 -0.180186 -0.646623 0.702243 -0.47225 -0.229849
0.553815 0.135409 -0.69591 0.698594 -0.480093 -0.255393
0.508243 0.275784 -0.736126 0.694026 -0.486065 -0.288024
0.454386 0.316109 -0.767546 0.688256 -0.490667 -0.328648
0.394124 0.327666 -0.791361 0.680914 -0.494256 -0.377397
0.330789 0.325357 -0.809099 0.67153 -0.49709 -0.433203
0.268548 0.322541 -0.82222 0.658794 -0.4752 -0.493623
0.211377 0.319069 -0.83194 0.641888 -0.359799 -0.55513
0.16209 0.31478 -0.839191 0.619656 -0.00842829 -0.613864
0.121874 0.309392 -0.844658 0.590718 0.246525 -0.666551
0.0904544 0.302554 -0.848831 0.553815 0.312231 -0.711192
0.0666388 0.293794 -0.852057 0.508243 0.32958 -0.747238
0.0489015 0.282485 -0.854585 0.454386 0.329577 -0.775294
0.0357804 0.267815 -0.85659 0.394124 0.327666 -0.7966
0.0260603 0.248617 -0.840973 0.330789 0.325357 -0.812562
0.0188087 0.222654 -0.782535 0.268548 0.322541 -0.824472
0.0133417 0.188859 -0.583291 0.211377 0.319101 -0.833382
0.00916901 0.145763 -0.313051 0.16209 0.314841 -0.840097
0.00594256 0.0925422 -0.19285 0.121874 0.309506 -0.845211
0.0034152 0.0296471 -0.15832 0.0904544 0.302767 -0.849152
0.0014105 -0.0407297 -0.148424 0.0666388 0.294194 -0.852225
0.00140736 -0.114695 -0.150401 0.0489015 0.283234 -0.854652
0.0220736 -0.187381 -0.152812 0.0357804 0.26836 -0.835907
0.120821 -0.254147 -0.155785 0.0260603 0.248617 -0.737092
0.421634 -0.311706 -0.159458 0.0188087 0.222654 -0.436217
0.640044 -0.358671 -0.164072 0.0133417 0.188859 -0.217904
0.696345 -0.395364 -0.169927 0.00916901 0.145763 -0.161641
0.71121 -0.423177 -0.177428 0.00594256 0.0925422 -0.146785
0.709626 -0.443891 -0.187111 0.0034152 0.0296471 -0.146788
0.707723 -0.459214 -0.199673 0.0014105 -0.0407297 -0.148424
0.705417 -0.470566 -0.216112 0.0170273 -0.114695 -0.150401
0.702598 -0.479035 -0.238344 0.0754645 -0.187381 -0.152812
0.699145 -0.485419 -0.267282 0.274709 -0.254147 -0.155757
0.694849 -0.490292 -0.304185 0.544949 -0.311706 -0.159406
0.689459 -0.49406 -0.349757 0.66515 -0.358671 -0.163974
0.682641 -0.497012 -0.403614 0.69968 -0.395364 -0.169744
0.673969 -0.499353 -0.463876 0.709576 -0.423177 -0.177086
0.662908 -0.499356 -0.527211 0.707599 -0.443891 -0.18647
0.647838 -0.475222 -0.589452 0.705188 -0.459214 -0.199206
0.628151 -0.359901 -0.646623 0.702215 -0.470566 -0.216112
0.602607 -0.0086022 -0.69591 0.698542 -0.479035 -0.238344
0.569976 0.246465 -0.736126 0.693928 -0.485419 -0.267282
0.529352 0.312214 -0.767546 0.688073 -0.490292 -0.304185
0.480603 0.329574 -0.791361 0.680572 -0.49406 -0.349757
0.424797 0.327724 -0.809099 0.670889 -0.497012 -0.403614
0.364377 0.325502 -0.82222 0.658327 -0.499353 -0.463876
0.30287 0.322809 -0.83194 0.641888 -0.481115 -0.527211
0.244136 0.319517 -0.839191 0.619656 -0.41287 -0.589452
0.191449 0.315484 -0.844658 0.590718 -0.180186 -0.646623
0.146808 0.310467 -0.848831 0.553815 0.135409 -0.69591
0.110762 0.304172 -0.852057 0.508243 0.275784 -0.736126
0.0827055 0.29621 -0.854585 0.454386 0.316109 -0.767546
0.0614003 0.286082 -0.85659 0.394124 0.327666 -0.791361
0.0454378 0.273165 -0.856593 0.330789 0.325357 -0.809099
0.0335283 0.255566 -0.835926 0.268548 0.322541 -0.82222
0.0246183 0.232575 -0.737179 0.211377 0.319069 -0.83194
0.0179026 0.202744 -0.436366 0.16209 0.31478 -0.839191
0.0127886 0.164636 -0.217956 0.121874 0.309392 -0.844658
0.00884834 0.117195 -0.161655 0.0904544 0.302554 -0.848831
0.00577495 0.0602636 -0.14679 0.0666388 0.293794 -0.852057
0.00334828 -0.00490868 -0.148374 0.0489015 0.282485 -0.854585
0.0220926 -0.0754686 -0.150277 0.0357804 0.267815 -0.85659
0.120908 -0.147299 -0.152583 0.0260603 0.248617 -0.840973
0.421783 -0.21589 -0.155402 0.0188087 0.222654 -0.782535
0.640096 -0.27742 -0.158855 0.0133417 0.188859 -0.583291
0.696359 -0.329553 -0.163151 0.00916901 0.145763 -0.313051
0.711215 -0.371649 -0.168541 0.00594256 0.0925422 -0.19285
0.711212 -0.404414 -0.175359 0.0034152 0.0296471 -0.15832
0.709576 -0.429295 -0.184031 0.0014105 -0.0407297 -0.148424
0.707599 -0.447936 -0.195092 0.00140736 -0.114695 -0.150401
0.705188 -0.461845 -0.210162 0.0220736 -0.187381 -0.152812
0.702243 -0.47225 -0.229849 0.120821 -0.254147 -0.155785
0.698594 -0.480093 -0.255393 0.421634 -0.311706 -0.159458
0.694026 -0.486065 -0.288024 0.640044 -0.358671 -0.164072
0.688256 -0.490667 -0.328648 0.696345 -0.395364 -0.169927
0.680914 -0.494256 -0.377397 0.71121 -0.423177 -0.177428
0.67153 -0.49709 -0.433203 0.709626 -0.443891 -0.187111
0.658794 -0.4752 -0.493623 0.707723 -0.459214 -0.199673
0.641888 -0.359799 -0.55513 0.705417 -0.470566 -0.216112
0.619656 -0.00842829 -0.613864 0.702598 -0.479035 -0.238344
0.590718 0.246525 -0.666551 0.699145 -0.485419 -0.267282
0.553815 0.312231 -0.711192 0.694849 -0.490292 -0.304185
0.508243 0.32958 -0.747238 0.689459 -0.49406 -0.349757
0.454386 0.329577 -0.775294 0.682641 -0.497012 -0.403614
0.394124 0.327666 -0.7966 0.673969 -0.499353 -0.463876
0.330789 0.325357 -0.812562 0.662908 -0.499356 -0.527211
0.268548 0.322541 -0.824472 0.647838 -0.475222 -0.589452
0.211377 0.319101 -0.833382 0.628151 -0.359901 -0.646623
0.16209 0.314841 -0.840097 0.602607 -0.0086022 -0.69591
0.121874 0.309506 -0.845211 0.569976 0.246465 -0.736126
0.0904544 0.302767 -0.849152 0.529352 0.312214 -0.767546
0.0666388 0.294194 -0.852225 0.480603 0.329574 -0.791361
0.0489015 0.283234 -0.854652 0.424797 0.327724 -0.809099
0.0357804 0.26836 -0.835907 0.364377 0.325502 -0.82222
0.0260603 0.248617 -0.737092 0.30287 0.322809 -0.83194
0.0188087 0.222654 -0.436217 0.244136 0.319517 -0.839191
0.0133417 0.188859 -0.217904 0.191449 0.315484 -0.844658
0.00916901 0.145763 -0.161641 0.146808 0.310467 -0.848831
0.00594256 0.0925422 -0.146785 0.110762 0.304172 -0.852057
0.0034152 0.0296471 -0.146788 0.0827055 0.29621 -0.854585
0.0014105 -0.0407297 -0.148424 0.0614003 0.286082 -0.85659
0.0170273 -0.114695 -0.150401 0.0454378 0.273165 -0.856593
0.0754645 -0.187381 -0.152812 0.0335283 0.255566 -0.835926
0.274709 -0.254147 -0.155757 0.0246183 0.232575 -0.737179
0.544949 -0.311706 -0.159406 0.0179026 0.202744 -0.436366
0.66515 -0.358671 -0.163974 0.0127886 0.164636 -0.217956
0.69968 -0.395364 -0.169744 0.00884834 0.117195 -0.161655
0.709576 -0.423177 -0.177086 0.00577495 0.0602636 -0.14679
0.707599 -0.443891 -0.18647 0.00334828 -0.00490868 -0.148374
0.705188 -0.459214 -0.199206 0.0220926 -0.0754686 -0.150277
0.702215 -0.470566 -0.216112 0.120908 -0.147299 -0.152583
0.698542 -0.479035 -0.238344 0.421783 -0.21589 -0.155402
0.693928 -0.485419 -0.267282 0.640096 -0.27742 -0.158855
0.688073 -0.490292 -0.304185 0.696359 -0.329553 -0.163151
0.680572 -0.49406 -0.349757 0.711215 -0.371649 -0.168541
0.670889 -0.497012 -0.403614 0.711212 -0.404414 -0.175359
0.658327 -0.499353 -0.463876 0.709576 -0.429295 -0.184031
0.641888 -0.481115 -0.527211 0.707599 -0.447936 -0.195092
0.619656 -0.41287 -0.589452 0.705188 -0.461845 -0.210162
0.590718 -0.180186 -0.646623 0.702243 -0.47225 -0.229849
0.553815 0.135409 -0.69591 0.698594 -0.480093 -0.255393
0.508243 0.275784 -0.736126 0.694026 -0.486065 -0.288024
0.454386 0.316109 -0.767546 0.688256 -0.490667 -0.328648
0.394124 0.327666 -0.791361 0.680914 -0.494256 -0.377397
0.330789 0.325357 -0.809099 0.67153 -0.49709 -0.433203
0.268548 0.322541 -0.82222 0.658794 -0.4752 -0.493623
0.211377 0.319069 -0.83194 0.641888 -0.359799 -0.55513
0.16209 0.31478 -0.839191 0.619656 -0.00842829 -0.613864
0.121874 0.309392 -0.844658 0.590718 0.246525 -0.666551
0.0904544 0.302554 -0.848831 0.553815 0.312231 -0.711192
0.0666388 0.293794 -0.852057 0.508243 0.32958 -0.747238
0.0489015 0.282485 -0.854585 0.454386 0.329577 -0.775294
0.0357804 0.267815 -0.85659 0.394124 0.327666 -0.7966
0.0260603 0.248617 -0.840973 0.330789 0.325357 -0.812562
0.0188087 0.222654 -0.782535 0.268548 0.322541 -0.824472
0.0133417 0.188859 -0.583291 0.211377 0.319101 -0.833382
0.00916901 0.145763 -0.313051 0.16209 0.314841 -0.840097
0.00594256 0.0925422 -0.19285 0.121874 0.309506 -0.845211
0.0034152 0.0296471 -0.15832 0.0904544 0.302767 -0.849152
0.0014105 -0.0407297 -0.148424 0.0666388 0.294194 -0.852225
0.00140736 -0.114695 -0.150401 0.0489015 0.283234 -0.854652
0.0220736 -0.187381 -0.152812 0.0357804 0.26836 -0.835907
0.120821 -0.254147 -0.155785 0.0260603 0.248617 -0.737092
0.421634 -0.311706 -0.159458 0.0188087 0.222654 -0.436217
0.640044 -0.358671 -0.164072 0.0133417 0.188859 -0.217904
0.696345 -0.395364 -0.169927 0.00916901 0.145763 -0.161641
0.71121 -0.423177 -0.177428 0.00594256 0.0925422 -0.146785
0.709626 -0.443891 -0.187111 0.0034152 0.0296471 -0.146788
0.707723 -0.459214 -0.199673 0.0014105 -0.0407297 -0.148424
0.705417 -0.470566 -0.216112 0.0170273 -0.114695 -0.150401
0.702598 -0.479035 -0.238344 0.0754645 -0.187381 -0.152812
0.699145 -0.485419 -0.267282 0.274709 -0.254147 -0.155757
0.694849 -0.490292 -0.304185 0.544949 -0.311706 -0.159406
0.689459 -0.49406 -0.349757 0.66515 -0.358671 -0.163974
0.682641 -0.497012 -0.403614 0.69968 -0.395364 -0.169744
0.673969 -0.499353 -0.463876 0.709576 -0.423177 -0.177086
0.662908 -0.499356 -0.527211 0.707599 -0.443891 -0.18647
0.647838 -0.475222 -0.589452 0.705188 -0.459214 -0.199206
0.628151 -0.359901 -0.646623 0.702215 -0.470566 -0.216112
0.602607 -0.0086022 -0.69591 0.698542 -0.479035 -0.238344
0.569976 0.246465 -0.736126 0.693928 -0.485419 -0.267282
0.529352 0.312214 -0.767546 0.688073 -0.490292 -0.304185
0.480603 0.329574 -0.791361 0.680572 -0.49406 -0.349757
0.424797 0.327724 -0.809099 0.670889 -0.497012 -0.403614
0.364377 0.325502 -0.82222 0.658327 -0.499353 -0.463876
0.30287 0.322809 -0.83194 0.641888 -0.481115 -0.527211
0.244136 0.319517 -0.839191 0.619656 -0.41287 -0.589452
0.191449 0.315484 -0.844658 0.590718 -0.180186 -0.646623
0.146808 0.310467 -0.848831 0.553815 0.135409 -0.69591
0.110762 0.304172 -0.852057 0.508243 0.275784 -0.736126
0.0827055 0.29621 -0.854585 0.454386 0.316109 -0.767546
0.0614003 0.286082 -0.85659 0.394124 0.327666 -0.791361
0.0454378 0.273165 -0.856593 0.330789 0.325357 -0.809099
0.0335283 0.255566 -0.835926 0.268548 0.322541 -0.82222
0.0246183 0.232575 -0.737179 0.211377 0.319069 -0.83194
0.0179026 0.202744 -0.436366 0.16209 0.31478 -0.839191
0.0127886 0.164636 -0.217956 0.121874 0.309392 -0.844658
0.00884834 0.117195 -0.161655 0.0904544 0.302554 -0.848831
