0.3575 -0.0835 -0.5005 0.3575 -0.0835 -0.5005
0.3575 -0.0835 -0.5005 0.3575 -0.0835 -0.5005
-0.00942046 -0.0835 -0.5005 0.3575 -0.0835 -0.5005
0.724576 -0.0835 -0.5005 0.3575 -0.0835 -0.5005
0.640965 -0.0835 -0.5005 0.3575 -0.0835 -0.5005
0.00138624 -0.0835 -0.5005 0.3575 -0.0835 -0.5005
0.00138624 -0.0835 -0.5005 0.3575 -0.0835 -0.5005
0.00138624 -0.0835 -0.5005 0.3575 -0.0835 -0.5005
0.00138624 -0.0835 -0.5005 0.3575 -0.0835 -0.5005
0.00138624 -0.0835 -0.5005 0.3575 -0.0835 -0.5005
0.00138624 -0.0835 -0.5005 0.3575 -0.0835 -0.5005
0.00138624 -0.0835 -0.5005 0.3575 -0.0835 -0.5005
0.00138624 -0.0835 -0.5005 0.3575 -0.0835 -0.5005
0.00138624 -0.0835 -0.5005 0.3575 -0.0835 -0.5005
0.00138624 -0.0835 -0.5005 0.3575 -0.0835 -0.5005
0.00138624 -0.0835 -0.5005 0.3575 -0.0835 -0.5005
0.00138624 -0.0835 -0.5005 0.3575 -0.0835 -0.5005
0.00138624 -0.0835 -0.5005 0.3575 -0.0835 -0.5005
0.00138624 -0.512002 -0.5005 0.3575 -0.0835 -0.5005
0.00138624 0.345183 -0.5005 0.3575 -0.0835 -0.5005
0.00138624 0.247539 -0.5005 0.3575 -0.0835 -0.5005
0.00138624 -0.499381 -0.5005 0.3575 -0.0835 -0.5005
0.00138624 -0.499381 -0.5005 0.3575 -0.0835 -0.5005
0.00138624 -0.499381 -0.5005 0.3575 -0.0835 -0.5005
0.00138624 -0.499381 -0.5005 0.3575 -0.0835 -0.5005
0.00138624 -0.499381 -0.5005 0.3575 -0.0835 -0.5005
0.00138624 -0.499381 -0.5005 0.3575 -0.0835 -0.5005
0.00138624 -0.499381 -0.5005 0.3575 -0.0835 -0.5005
0.00138624 -0.499381 -0.5005 0.3575 -0.0835 -0.5005
0.00138624 -0.499381 -0.5005 0.3575 -0.0835 -0.5005
0.00138624 -0.499381 -0.5005 0.3575 -0.0835 -0.5005
0.00138624 -0.499381 -0.5005 0.3575 -0.0835 -0.5005
0.00138624 -0.499381 -0.5005 0.3575 -0.0835 -0.5005
0.00138624 -0.499381 -0.5005 0.3575 -0.0835 -0.5005
0.00138624 -0.499381 -0.86742 0.3575 -0.0835 -0.5005
0.00138624 -0.499381 -0.133424 0.3575 -0.0835 -0.5005
0.00138624 -0.499381 -0.217035 0.3575 -0.0835 -0.5005
0.00138624 -0.499381 -0.856614 0.3575 -0.0835 -0.5005
0.00138624 -0.499381 -0.856614 0.3575 -0.0835 -0.5005
0.00138624 -0.499381 -0.856614 0.3575 -0.0835 -0.5005
0.00138624 -0.499381 -0.856614 0.3575 -0.0835 -0.5005
0.00138624 -0.499381 -0.856614 0.3575 -0.0835 -0.5005
0.00138624 -0.499381 -0.856614 0.3575 -0.0835 -0.5005
0.00138624 -0.499381 -0.856614 0.3575 -0.0835 -0.5005
0.00138624 -0.499381 -0.856614 0.3575 -0.0835 -0.5005
0.00138624 -0.499381 -0.856614 0.3575 -0.0835 -0.5005
0.00138624 -0.499381 -0.856614 0.3575 -0.0835 -0.5005
0.00138624 -0.499381 -0.856614 0.3575 -0.0835 -0.5005
0.00138624 -0.499381 -0.856614 0.3575 -0.0835 -0.5005
0.00138624 -0.499381 -0.856614 0.3575 -0.0835 -0.5005
0.00138624 -0.499381 -0.856614 -0.00942046 -0.0835 -0.5005
0.711202 -0.499381 -0.856614 0.724576 -0.0835 -0.5005
0.711202 -0.499381 -0.856614 0.640965 -0.0835 -0.5005
0.711202 -0.499381 -0.856614 0.00138624 -0.0835 -0.5005
0.711202 -0.499381 -0.856614 0.00138624 -0.0835 -0.5005
0.711202 -0.499381 -0.856614 0.00138624 -0.0835 -0.5005
0.711202 -0.499381 -0.856614 0.00138624 -0.0835 -0.5005
0.711202 -0.499381 -0.856614 0.00138624 -0.0835 -0.5005
0.711202 -0.499381 -0.856614 0.00138624 -0.0835 -0.5005
0.711202 -0.499381 -0.856614 0.00138624 -0.0835 -0.5005
0.711202 -0.499381 -0.856614 0.00138624 -0.0835 -0.5005
0.711202 -0.499381 -0.856614 0.00138624 -0.0835 -0.5005
0.711202 -0.499381 -0.856614 0.00138624 -0.0835 -0.5005
0.711202 -0.499381 -0.856614 0.00138624 -0.0835 -0.5005
0.710087 -0.499381 -0.856614 0.00138624 -0.0835 -0.5005
0.708815 -0.499381 -0.856614 0.00138624 -0.0835 -0.5005
0.707359 -0.499381 -0.856614 0.00138624 -0.512002 -0.5005
0.705684 0.329565 -0.856614 0.00138624 0.345183 -0.5005
0.703748 0.329565 -0.856614 0.00138624 0.247539 -0.5005
0.701496 0.329565 -0.856614 0.00138624 -0.499381 -0.5005
0.699386 0.329565 -0.856614 0.00138624 -0.499381 -0.5005
0.696369 0.329565 -0.856614 0.00138624 -0.499381 -0.5005
0.692804 0.329565 -0.856614 0.00138624 -0.499381 -0.5005
0.688567 0.329565 -0.856614 0.00138624 -0.499381 -0.5005
0.683505 0.329565 -0.856614 0.00138624 -0.499381 -0.5005
0.677425 0.329565 -0.856614 0.00138624 -0.499381 -0.5005
0.670091 0.329565 -0.856614 0.00138624 -0.499381 -0.5005
0.661215 0.329565 -0.856614 0.00138624 -0.499381 -0.5005
0.650451 0.329565 -0.856614 0.00138624 -0.499381 -0.5005
0.637395 0.329565 -0.856614 0.00138624 -0.499381 -0.5005
0.621595 0.328262 -0.856614 0.00138624 -0.499381 -0.5005
0.602572 0.326777 -0.856614 0.00138624 -0.499381 -0.5005
0.579866 0.325077 -0.856614 0.00138624 -0.499381 -0.86742
0.552957 0.323121 -0.146798 0.00138624 -0.499381 -0.133424
0.521749 0.320859 -0.146798 0.00138624 -0.499381 -0.217035
0.486305 0.318229 -0.146798 0.00138624 -0.499381 -0.856614
0.447041 0.315766 -0.146798 0.00138624 -0.499381 -0.856614
0.404758 0.312243 -0.146798 0.00138624 -0.499381 -0.856614
0.360616 0.308079 -0.146798 0.00138624 -0.499381 -0.856614
0.316021 0.303131 -0.146798 0.00138624 -0.499381 -0.856614
0.272459 0.297219 -0.146798 0.00138624 -0.499381 -0.856614
0.231307 0.290118 -0.146798 0.00138624 -0.499381 -0.856614
0.193659 0.281554 -0.146798 0.00138624 -0.499381 -0.856614
0.160224 0.271188 -0.146798 0.00138624 -0.499381 -0.856614
0.1313 0.258618 -0.146798 0.00138624 -0.499381 -0.856614
0.106826 0.243371 -0.146798 0.00138624 -0.499381 -0.856614
0.0864766 0.224918 -0.147913 0.00138624 -0.499381 -0.856614
0.0697743 0.202703 -0.149185 0.00138624 -0.499381 -0.856614
0.056182 0.176186 -0.150641 0.00138624 -0.499381 -0.856614
0.045172 0.144761 -0.152316 0.711202 -0.499381 -0.856614
0.0362664 0.108315 -0.154252 0.711202 -0.499381 -0.856614
0.0290544 0.0669225 -0.156504 0.711202 -0.499381 -0.856614
0.0231956 0.0210685 -0.158614 0.711202 -0.499381 -0.856614
0.0184144 -0.0283101 -0.161631 0.711202 -0.499381 -0.856614
0.0144913 -0.0798607 -0.165196 0.711202 -0.499381 -0.856614
0.0112526 -0.131941 -0.169433 0.711202 -0.499381 -0.856614
0.00856189 -0.182813 -0.174495 0.711202 -0.499381 -0.856614
0.00631201 -0.230872 -0.180575 0.711202 -0.499381 -0.856614
0.00441865 -0.274839 -0.187909 0.711202 -0.499381 -0.856614
0.00281531 -0.313885 -0.196785 0.711202 -0.499381 -0.856614
0.00144933 -0.347663 -0.207549 0.711202 -0.499381 -0.856614
0.00144657 -0.376245 -0.220605 0.711202 -0.499381 -0.856614
0.00144389 -0.40001 -0.236405 0.710087 -0.499381 -0.856614
0.00144129 -0.419515 -0.255428 0.708815 -0.499381 -0.856614
0.00143877 -0.435389 -0.278134 0.707359 -0.499381 -0.856614
0.00143633 -0.448247 -0.305043 0.705684 0.329565 -0.856614
0.00143396 -0.458647 -0.336251 0.703748 0.329565 -0.856614
0.00143166 -0.467069 -0.371695 0.701496 0.329565 -0.856614
0.00142943 -0.473911 -0.410959 0.699386 0.329565 -0.856614
0.00142727 -0.479495 -0.453242 0.696369 0.329565 -0.856614
0.00142517 -0.484077 -0.497384 0.692804 0.329565 -0.856614
0.00142313 -0.487859 -0.541979 0.688567 0.329565 -0.856614
0.00142116 -0.491001 -0.585541 0.683505 0.329565 -0.856614
0.00141924 -0.493629 -0.626693 0.677425 0.329565 -0.856614
0.00141739 -0.49584 -0.664341 0.670091 0.329565 -0.856614
0.00141559 -0.497712 -0.697776 0.661215 0.329565 -0.856614
0.00141384 -0.499307 -0.7267 0.650451 0.329565 -0.856614
0.0075667 -0.499311 -0.751174 0.637395 0.329565 -0.856614
0.0192327 -0.499314 -0.771523 0.621595 0.328262 -0.856614
0.0431583 -0.499317 -0.788226 0.602572 0.326777 -0.856614
0.094069 -0.49932 -0.801818 0.579866 0.325077 -0.856614
0.193591 -0.499323 -0.812828 0.552957 0.323121 -0.146798
0.342632 -0.499325 -0.821734 0.521749 0.320859 -0.146798
0.493456 -0.499328 -0.828946 0.486305 0.318229 -0.146798
0.598069 -0.499331 -0.834804 0.447041 0.315766 -0.146798
0.654931 -0.499333 -0.839586 0.404758 0.312243 -0.146798
0.683482 -0.499336 -0.843509 0.360616 0.308079 -0.146798
0.698227 -0.499338 -0.846747 0.316021 0.303131 -0.146798
0.706376 -0.49934 -0.849438 0.272459 0.297219 -0.146798
0.710396 -0.499343 -0.851688 0.231307 0.290118 -0.146798
0.709494 -0.499345 -0.853581 0.193659 0.281554 -0.146798
0.708497 -0.499347 -0.855185 0.160224 0.271188 -0.146798
0.707394 -0.499349 -0.856551 0.1313 0.258618 -0.146798
0.706169 -0.492163 -0.856553 0.106826 0.243371 -0.146798
0.704805 -0.478539 -0.856556 0.0864766 0.224918 -0.147913
0.703283 -0.450598 -0.856559 0.0697743 0.202703 -0.149185
0.701585 -0.391143 -0.856561 0.056182 0.176186 -0.150641
0.699687 -0.274918 -0.856564 0.045172 0.144761 -0.152316
0.697553 -0.100864 -0.856566 0.0362664 0.108315 -0.154252
0.695146 0.075274 -0.856568 0.0290544 0.0669225 -0.156504
0.692424 0.197444 -0.856571 0.0231956 0.0210685 -0.158614
0.689336 0.26385 -0.856573 0.0184144 -0.0283101 -0.161631
0.685826 0.297193 -0.856575 0.0144913 -0.0798607 -0.165196
0.681827 0.314412 -0.856577 0.0112526 -0.131941 -0.169433
0.677261 0.323929 -0.856579 0.00856189 -0.182813 -0.174495
0.67204 0.328624 -0.856581 0.00631201 -0.230872 -0.180575
0.666063 0.32757 -0.856583 0.00441865 -0.274839 -0.187909
0.659218 0.326406 -0.856584 0.00281531 -0.313885 -0.196785
0.651318 0.325118 -0.856586 0.00144933 -0.347663 -0.207549
0.641881 0.323687 -0.850433 0.00144657 -0.376245 -0.220605
0.630986 0.322095 -0.838767 0.00144389 -0.40001 -0.236405
0.618433 0.320316 -0.814842 0.00144129 -0.419515 -0.255428
0.60402 0.318333 -0.763931 0.00143877 -0.435389 -0.278134
0.587554 0.316117 -0.664409 0.00143633 -0.448247 -0.305043
0.568865 0.313625 -0.515368 0.00143396 -0.458647 -0.336251
0.54783 0.310814 -0.364544 0.00143166 -0.467069 -0.371695
0.524389 0.307635 -0.259931 0.00142943 -0.473911 -0.410959
0.498575 0.304029 -0.203069 0.00142727 -0.479495 -0.453242
0.470527 0.29993 -0.174518 0.00142517 -0.484077 -0.497384
0.440503 0.29526 -0.159773 0.00142313 -0.487859 -0.541979
0.408883 0.289927 -0.151624 0.00142116 -0.491001 -0.585541
0.376154 0.28383 -0.147604 0.00141924 -0.493629 -0.626693
0.342887 0.27685 -0.148506 0.00141739 -0.49584 -0.664341
0.309697 0.268857 -0.149503 0.00141559 -0.497712 -0.697776
0.277202 0.25963 -0.150606 0.00141384 -0.499307 -0.7267
0.245975 0.24861 -0.151831 0.0075667 -0.499311 -0.751174
0.216506 0.235886 -0.153195 0.0192327 -0.499314 -0.771523
0.189173 0.221226 -0.154717 0.0431583 -0.499317 -0.788226
0.164227 0.204394 -0.156415 0.094069 -0.49932 -0.801818
0.14179 0.185164 -0.158313 0.193591 -0.499323 -0.812828
0.121869 0.163339 -0.160447 0.342632 -0.499325 -0.821734
0.104376 0.138773 -0.162854 0.493456 -0.499328 -0.828946
0.0891557 0.111399 -0.165576 0.598069 -0.499331 -0.834804
0.0760072 0.0812523 -0.168664 0.654931 -0.499333 -0.839586
0.0647094 0.0484963 -0.172174 0.683482 -0.499336 -0.843509
0.0550371 0.0134333 -0.176173 0.698227 -0.499338 -0.846747
0.046774 -0.0234938 -0.180739 0.706376 -0.49934 -0.849438
0.0397206 -0.0617153 -0.18596 0.710396 -0.499343 -0.851688
0.0336979 -0.100566 -0.191937 0.709494 -0.499345 -0.853581
0.0285489 -0.139326 -0.198782 0.708497 -0.499347 -0.855185
0.0241383 -0.177275 -0.206682 0.707394 -0.499349 -0.856551
0.0203507 -0.213743 -0.216119 0.706169 -0.492163 -0.856553
0.0170886 -0.248158 -0.227014 0.704805 -0.478539 -0.856556
0.01427 -0.280078 -0.239567 0.703283 -0.450598 -0.856559
0.0118262 -0.30921 -0.25398 0.701585 -0.391143 -0.856561
0.00969994 -0.335413 -0.270446 0.699687 -0.274918 -0.856564
0.00784326 -0.358678 -0.289135 0.697553 -0.100864 -0.856566
0.00621617 -0.379106 -0.31017 0.695146 0.075274 -0.856568
0.0047852 -0.396881 -0.333611 0.692424 0.197444 -0.856571
0.00352232 -0.412236 -0.359425 0.689336 0.26385 -0.856573
0.00240397 -0.42543 -0.387473 0.685826 0.297193 -0.856575
0.00141035 -0.436726 -0.417497 0.681827 0.314412 -0.856577
0.00826391 -0.446376 -0.449117 0.677261 0.323929 -0.856579
0.0220834 -0.454613 -0.481846 0.67204 0.328624 -0.856581
0.0525253 -0.461647 -0.515113 0.666063 0.32757 -0.856583
0.120863 -0.46766 -0.548303 0.659218 0.326406 -0.856584
0.25135 -0.472811 -0.580798 0.651318 0.325118 -0.856586
0.4217 -0.477234 -0.612025 0.641881 0.323687 -0.850433
0.561091 -0.481043 -0.641494 0.630986 0.322095 -0.838767
0.640066 -0.484335 -0.668827 0.618433 0.320316 -0.814842
0.678043 -0.487189 -0.693773 0.60402 0.318333 -0.763931
0.69635 -0.489672 -0.71621 0.587554 0.316117 -0.664409
0.70585 -0.49184 -0.736131 0.568865 0.313625 -0.515368
0.711212 -0.493741 -0.753624 0.54783 0.310814 -0.364544
0.710392 -0.495412 -0.768844 0.524389 0.307635 -0.259931
0.709489 -0.496887 -0.781993 0.498575 0.304029 -0.203069
0.708493 -0.498193 -0.793291 0.470527 0.29993 -0.174518
0.707389 -0.499353 -0.802963 0.440503 0.29526 -0.159773
0.706164 -0.491349 -0.811226 0.408883 0.289927 -0.151624
0.7048 -0.47521 -0.818279 0.376154 0.28383 -0.147604
0.703276 -0.439659 -0.824302 0.342887 0.27685 -0.148506
0.701586 -0.359852 -0.829451 0.309697 0.268857 -0.149503
0.69969 -0.207465 -0.833862 0.277202 0.25963 -0.150606
0.697558 -0.00852472 -0.837649 0.245975 0.24861 -0.151831
0.695156 0.15426 -0.840911 0.216506 0.235886 -0.153195
0.692439 0.246489 -0.84373 0.189173 0.221226 -0.154717
0.689361 0.29084 -0.846174 0.164227 0.204394 -0.156415
0.685864 0.31222 -0.8483 0.14179 0.185164 -0.158313
0.681884 0.323314 -0.850157 0.121869 0.163339 -0.160447
0.677346 0.329576 -0.851784 0.104376 0.138773 -0.162854
0.672164 0.328619 -0.853215 0.0891557 0.111399 -0.165576
0.666245 0.327565 -0.854478 0.0760072 0.0812523 -0.168664
0.659482 0.3264 -0.855596 0.0647094 0.0484963 -0.172174
0.651318 0.325112 -0.85659 0.0550371 0.0134333 -0.176173
0.641881 0.323681 -0.849736 0.046774 -0.0234938 -0.180739
0.630986 0.322088 -0.835917 0.0397206 -0.0617153 -0.18596
0.618433 0.320309 -0.805475 0.0336979 -0.100566 -0.191937
0.60402 0.318334 -0.737137 0.0285489 -0.139326 -0.198782
0.587554 0.31612 -0.60665 0.0241383 -0.177275 -0.206682
0.568865 0.313631 -0.4363 0.0203507 -0.213743 -0.216119
0.54783 0.310825 -0.296909 0.0170886 -0.248158 -0.227014
0.524389 0.307653 -0.217934 0.01427 -0.280078 -0.239567
0.498575 0.304058 -0.179957 0.0118262 -0.30921 -0.25398
0.470527 0.299974 -0.16165 0.00969994 -0.335413 -0.270446
0.440503 0.295326 -0.15215 0.00784326 -0.358678 -0.289135
0.408883 0.290026 -0.146788 0.00621617 -0.379106 -0.31017
0.376154 0.283975 -0.147608 0.0047852 -0.396881 -0.333611
0.342887 0.277062 -0.148511 0.00352232 -0.412236 -0.359425
0.309697 0.269165 -0.149507 0.00240397 -0.42543 -0.387473
0.277202 0.25963 -0.150611 0.00141035 -0.436726 -0.417497
0.245975 0.24861 -0.151836 0.00826391 -0.446376 -0.449117
0.216506 0.235886 -0.1532 0.0220834 -0.454613 -0.481846
0.189173 0.221226 -0.154724 0.0525253 -0.461647 -0.515113
0.164227 0.204394 -0.156414 0.120863 -0.46766 -0.548303
0.14179 0.185164 -0.15831 0.25135 -0.472811 -0.580798
0.121869 0.163339 -0.160442 0.4217 -0.477234 -0.612025
0.104376 0.138773 -0.162844 0.561091 -0.481043 -0.641494
0.0891557 0.111399 -0.165561 0.640066 -0.484335 -0.668827
0.0760072 0.0812523 -0.168639 0.678043 -0.487189 -0.693773
0.0647094 0.0484963 -0.172136 0.69635 -0.489672 -0.71621
0.0550371 0.0134333 -0.176116 0.70585 -0.49184 -0.736131
0.046774 -0.0234938 -0.180654 0.711212 -0.493741 -0.753624
0.0397206 -0.0617153 -0.185836 0.710392 -0.495412 -0.768844
0.0336979 -0.100566 -0.191755 0.709489 -0.496887 -0.781993
0.0285489 -0.139326 -0.198518 0.708493 -0.498193 -0.793291
0.0241383 -0.177275 -0.206682 0.707389 -0.499353 -0.802963
0.0203507 -0.213743 -0.216119 0.706164 -0.491349 -0.811226
0.0170886 -0.248158 -0.227014 0.7048 -0.47521 -0.818279
0.01427 -0.280078 -0.239567 0.703276 -0.439659 -0.824302
0.0118262 -0.30921 -0.25398 0.701586 -0.359852 -0.829451
0.00969994 -0.335413 -0.270446 0.69969 -0.207465 -0.833862
0.00784326 -0.358678 -0.289135 0.697558 -0.00852472 -0.837649
0.00621617 -0.379106 -0.31017 0.695156 0.15426 -0.840911
0.0047852 -0.396881 -0.333611 0.692439 0.246489 -0.84373
0.00352232 -0.412236 -0.359425 0.689361 0.29084 -0.846174
0.00240397 -0.42543 -0.387473 0.685864 0.31222 -0.8483
0.00141035 -0.436726 -0.417497 0.681884 0.323314 -0.850157
0.00826391 -0.446376 -0.449117 0.677346 0.329576 -0.851784
0.0220834 -0.454613 -0.481846 0.672164 0.328619 -0.853215
0.0525253 -0.461647 -0.515113 0.666245 0.327565 -0.854478
0.120863 -0.46766 -0.548303 0.659482 0.3264 -0.855596
0.25135 -0.472811 -0.580798 0.651318 0.325112 -0.85659
0.4217 -0.477234 -0.612025 0.641881 0.323681 -0.849736
0.561091 -0.481043 -0.641494 0.630986 0.322088 -0.835917
0.640066 -0.484335 -0.668827 0.618433 0.320309 -0.805475
0.678043 -0.487189 -0.693773 0.60402 0.318334 -0.737137
0.69635 -0.489672 -0.71621 0.587554 0.31612 -0.60665
0.70585 -0.49184 -0.736131 0.568865 0.313631 -0.4363
0.711212 -0.493741 -0.753624 0.54783 0.310825 -0.296909
0.71121 -0.495412 -0.768844 0.524389 0.307653 -0.217934
0.710391 -0.496887 -0.781993 0.498575 0.304058 -0.179957
0.709488 -0.498193 -0.793291 0.470527 0.299974 -0.16165
0.708491 -0.499353 -0.802963 0.440503 0.295326 -0.15215
0.707387 -0.491349 -0.811226 0.408883 0.290026 -0.146788
0.706162 -0.47521 -0.818279 0.376154 0.283975 -0.147608
0.704798 -0.439659 -0.824302 0.342887 0.277062 -0.148511
0.703288 -0.359852 -0.829451 0.309697 0.269165 -0.149507
0.701601 -0.207465 -0.833862 0.277202 0.25963 -0.150611
0.69971 -0.00852472 -0.837649 0.245975 0.24861 -0.151836
0.697585 0.15426 -0.840911 0.216506 0.235886 -0.1532
0.69519 0.246489 -0.84373 0.189173 0.221226 -0.154724
0.692485 0.29084 -0.846174 0.164227 0.204394 -0.156414
0.689421 0.31222 -0.8483 0.14179 0.185164 -0.15831
0.685944 0.323314 -0.850157 0.121869 0.163339 -0.160442
0.681989 0.329576 -0.851784 0.104376 0.138773 -0.162844
0.677486 0.329574 -0.853215 0.0891557 0.111399 -0.165561
0.672351 0.328617 -0.854478 0.0760072 0.0812523 -0.168639
0.666495 0.327563 -0.855596 0.0647094 0.0484963 -0.172136
0.659482 0.326399 -0.85659 0.0550371 0.0134333 -0.176116
0.651318 0.32511 -0.849736 0.046774 -0.0234938 -0.180654
0.641881 0.323679 -0.835917 0.0397206 -0.0617153 -0.185836
0.630986 0.322085 -0.805475 0.0336979 -0.100566 -0.191755
0.618433 0.320323 -0.737137 0.0285489 -0.139326 -0.198518
0.60402 0.318352 -0.60665 0.0241383 -0.177275 -0.206682
0.587554 0.316144 -0.4363 0.0203507 -0.213743 -0.216119
0.568865 0.313662 -0.296909 0.0170886 -0.248158 -0.227014
0.54783 0.310865 -0.217934 0.01427 -0.280078 -0.239567
0.524389 0.307706 -0.179957 0.0118262 -0.30921 -0.25398
0.498575 0.304128 -0.16165 0.00969994 -0.335413 -0.270446
0.470527 0.300067 -0.15215 0.00784326 -0.358678 -0.289135
0.440503 0.295449 -0.146788 0.00621617 -0.379106 -0.31017
0.408883 0.29019 -0.14679 0.0047852 -0.396881 -0.333611
0.376154 0.284194 -0.147609 0.00352232 -0.412236 -0.359425
0.342887 0.277354 -0.148512 0.00240397 -0.42543 -0.387473
0.309697 0.269165 -0.149509 0.00141035 -0.436726 -0.417497
0.277202 0.25963 -0.150613 0.00826391 -0.446376 -0.449117
0.245975 0.24861 -0.151838 0.0220834 -0.454613 -0.481846
0.216506 0.235886 -0.153202 0.0525253 -0.461647 -0.515113
0.189173 0.221226 -0.154712 0.120863 -0.46766 -0.548303
0.164227 0.204394 -0.156399 0.25135 -0.472811 -0.580798
0.14179 0.185164 -0.15829 0.4217 -0.477234 -0.612025
0.121869 0.163339 -0.160415 0.561091 -0.481043 -0.641494
0.104376 0.138773 -0.16281 0.640066 -0.484335 -0.668827
0.0891557 0.111399 -0.165515 0.678043 -0.487189 -0.693773
0.0760072 0.0812523 -0.168579 0.69635 -0.489672 -0.71621
0.0647094 0.0484963 -0.172056 0.70585 -0.49184 -0.736131
0.0550371 0.0134333 -0.176011 0.711212 -0.493741 -0.753624
0.046774 -0.0234938 -0.180514 0.71121 -0.495412 -0.768844
0.0397206 -0.0617153 -0.185649 0.710391 -0.496887 -0.781993
0.0336979 -0.100566 -0.191505 0.709488 -0.498193 -0.793291
0.0285489 -0.139326 -0.198518 0.708491 -0.499353 -0.802963
0.0241383 -0.177275 -0.206682 0.707387 -0.491349 -0.811226
0.0203507 -0.213743 -0.216119 0.706162 -0.47521 -0.818279
0.0170886 -0.248158 -0.227014 0.704798 -0.439659 -0.824302
0.01427 -0.280078 -0.239567 0.703288 -0.359852 -0.829451
0.0118262 -0.30921 -0.25398 0.701601 -0.207465 -0.833862
0.00969994 -0.335413 -0.270446 0.69971 -0.00852472 -0.837649
0.00784326 -0.358678 -0.289135 0.697585 0.15426 -0.840911
0.00621617 -0.379106 -0.31017 0.69519 0.246489 -0.84373
0.0047852 -0.396881 -0.333611 0.692485 0.29084 -0.846174
0.00352232 -0.412236 -0.359425 0.689421 0.31222 -0.8483
0.00240397 -0.42543 -0.387473 0.685944 0.323314 -0.850157
0.00141035 -0.436726 -0.417497 0.681989 0.329576 -0.851784
0.00756073 -0.446376 -0.449117 0.677486 0.329574 -0.853215
0.0192214 -0.454613 -0.481846 0.672351 0.328617 -0.854478
0.0431353 -0.461647 -0.515113 0.666495 0.327563 -0.855596
0.0940215 -0.46766 -0.548303 0.659482 0.326399 -0.85659
0.193507 -0.472811 -0.580798 0.651318 0.32511 -0.849736
0.342525 -0.477234 -0.612025 0.641881 0.323679 -0.835917
0.493366 -0.481043 -0.641494 0.630986 0.322085 -0.805475
0.598014 -0.484335 -0.668827 0.618433 0.320323 -0.737137
0.654902 -0.487189 -0.693773 0.60402 0.318352 -0.60665
0.683467 -0.489672 -0.71621 0.587554 0.316144 -0.4363
0.698218 -0.49184 -0.736131 0.568865 0.313662 -0.296909
0.706371 -0.493741 -0.753624 0.54783 0.310865 -0.217934
0.710392 -0.495412 -0.768844 0.524389 0.307706 -0.179957
0.709489 -0.496887 -0.781993 0.498575 0.304128 -0.16165
0.708493 -0.498193 -0.793291 0.470527 0.300067 -0.15215
0.707389 -0.499353 -0.802963 0.440503 0.295449 -0.146788
0.706164 -0.49217 -0.811226 0.408883 0.29019 -0.14679
0.7048 -0.478553 -0.818279 0.376154 0.284194 -0.147609
0.703287 -0.450625 -0.824302 0.342887 0.277354 -0.148512
0.701599 -0.391199 -0.829451 0.309697 0.269165 -0.149509
0.699705 -0.275017 -0.833862 0.277202 0.25963 -0.150613
0.697576 -0.100989 -0.837649 0.245975 0.24861 -0.151838
0.695176 0.0751689 -0.840911 0.216506 0.235886 -0.153202
0.692463 0.19738 -0.84373 0.189173 0.221226 -0.154712
0.689387 0.263815 -0.846174 0.164227 0.204394 -0.156399
0.685893 0.297174 -0.8483 0.14179 0.185164 -0.15829
0.681915 0.314401 -0.850157 0.121869 0.163339 -0.160415
0.677376 0.323922 -0.851784 0.104376 0.138773 -0.16281
0.672191 0.328619 -0.853215 0.0891557 0.111399 -0.165515
0.666263 0.327565 -0.854478 0.0760072 0.0812523 -0.168579
0.659482 0.3264 -0.855596 0.0647094 0.0484963 -0.172056
0.651317 0.325112 -0.85659 0.0550371 0.0134333 -0.176011
0.641879 0.323681 -0.850439 0.046774 -0.0234938 -0.180514
0.630982 0.322088 -0.838779 0.0397206 -0.0617153 -0.185649
0.618427 0.320322 -0.814865 0.0336979 -0.100566 -0.191505
0.604012 0.318349 -0.763978 0.0285489 -0.139326 -0.198518
0.587544 0.316138 -0.664493 0.0241383 -0.177275 -0.206682
0.568853 0.313652 -0.515475 0.0203507 -0.213743 -0.216119
0.547814 0.310849 -0.364634 0.0170886 -0.248158 -0.227014
0.524371 0.30768 -0.259986 0.01427 -0.280078 -0.239567
0.498554 0.304089 -0.203098 0.0118262 -0.30921 -0.25398
0.470502 0.300008 -0.174533 0.00969994 -0.335413 -0.270446
0.440475 0.295362 -0.159782 0.00784326 -0.358678 -0.289135
0.408852 0.290062 -0.151629 0.00621617 -0.379106 -0.31017
0.376122 0.284006 -0.147608 0.0047852 -0.396881 -0.333611
0.342854 0.277083 -0.148511 0.00352232 -0.412236 -0.359425
0.309664 0.269165 -0.149507 0.00240397 -0.42543 -0.387473
0.277168 0.259629 -0.150611 0.00141035 -0.436726 -0.417497
0.245942 0.248607 -0.151836 0.00756073 -0.446376 -0.449117
0.216475 0.235881 -0.1532 0.0192214 -0.454613 -0.481846
0.189144 0.221219 -0.154713 0.0431353 -0.461647 -0.515113
0.1642 0.204385 -0.156401 0.0940215 -0.46766 -0.548303
0.141766 0.185152 -0.158295 0.193507 -0.472811 -0.580798
0.121847 0.163324 -0.160424 0.342525 -0.477234 -0.612025
0.104357 0.138755 -0.162824 0.493366 -0.481043 -0.641494
0.0891391 0.111377 -0.165537 0.598014 -0.484335 -0.668827
0.0759928 0.0812268 -0.168613 0.654902 -0.487189 -0.693773
0.0646969 0.0484673 -0.172107 0.683467 -0.489672 -0.71621
0.0550264 0.013401 -0.176085 0.698218 -0.49184 -0.736131
0.0467648 -0.0235289 -0.180624 0.706371 -0.493741 -0.753624
0.0397127 -0.0617527 -0.185809 0.710392 -0.495412 -0.768844
0.0336911 -0.100604 -0.191737 0.709489 -0.496887 -0.781993
0.0285431 -0.139365 -0.198518 0.708493 -0.498193 -0.793291
0.0241333 -0.177314 -0.206683 0.707389 -0.499353 -0.802963
0.0203464 -0.213781 -0.216121 0.706164 -0.49217 -0.811226
0.0170849 -0.248194 -0.227018 0.7048 -0.478553 -0.818279
0.0142667 -0.280112 -0.239573 0.703287 -0.450625 -0.824302
0.0118234 -0.309242 -0.253988 0.701599 -0.391199 -0.829451
0.00969746 -0.335441 -0.270456 0.699705 -0.275017 -0.833862
0.00784109 -0.358703 -0.289147 0.697576 -0.100989 -0.837649
0.00621426 -0.379128 -0.310186 0.695176 0.0751689 -0.840911
0.00478351 -0.396901 -0.333629 0.692463 0.19738 -0.84373
0.00352082 -0.412253 -0.359446 0.689387 0.263815 -0.846174
0.00240264 -0.425445 -0.387498 0.685893 0.297174 -0.8483
0.00140916 -0.436738 -0.417525 0.681915 0.314401 -0.850157
0.00826178 -0.446387 -0.449148 0.677376 0.323922 -0.851784
0.0220792 -0.454622 -0.481878 0.672191 0.328619 -0.853215
0.0525159 -0.461654 -0.515146 0.666263 0.327565 -0.854478
0.120843 -0.467667 -0.548336 0.659482 0.3264 -0.855596
0.251317 -0.472816 -0.580832 0.651317 0.325112 -0.85659
0.421665 -0.477239 -0.612058 0.641879 0.323681 -0.850439
0.561067 -0.481048 -0.641525 0.630982 0.322088 -0.838779
0.640053 -0.484339 -0.668856 0.618427 0.320322 -0.814865
0.678036 -0.487192 -0.6938 0.604012 0.318349 -0.763978
0.696347 -0.489675 -0.716234 0.587544 0.316138 -0.664493
0.705848 -0.491843 -0.736153 0.568853 0.313652 -0.515475
0.71121 -0.493743 -0.753643 0.547814 0.310849 -0.364634
0.710391 -0.495414 -0.768861 0.524371 0.30768 -0.259986
0.709488 -0.496888 -0.782007 0.498554 0.304089 -0.203098
0.708491 -0.498194 -0.793303 0.470502 0.300008 -0.174533
0.707387 -0.499354 -0.802974 0.440475 0.295362 -0.159782
0.706162 -0.491352 -0.811235 0.408852 0.290062 -0.151629
0.704798 -0.475215 -0.818287 0.376122 0.284006 -0.147608
0.703276 -0.43967 -0.824309 0.342854 0.277083 -0.148511
0.701585 -0.359876 -0.829457 0.309664 0.269165 -0.149507
0.699687 -0.207504 -0.833867 0.277168 0.259629 -0.150611
0.697553 -0.00856562 -0.837654 0.245942 0.248607 -0.151836
0.695146 0.154232 -0.840915 0.216475 0.235881 -0.1532
0.692424 0.246475 -0.843733 0.189144 0.221219 -0.154713
0.689336 0.290833 -0.846177 0.1642 0.204385 -0.156401
0.685826 0.312217 -0.848303 0.141766 0.185152 -0.158295
0.681827 0.323312 -0.850159 0.121847 0.163324 -0.160424
0.677261 0.329574 -0.851786 0.104357 0.138755 -0.162824
0.67204 0.328617 -0.853216 0.0891391 0.111377 -0.165537
0.666063 0.327563 -0.854479 0.0759928 0.0812268 -0.168613
0.659218 0.326399 -0.855597 0.0646969 0.0484673 -0.172107
0.651318 0.32511 -0.856591 0.0550264 0.013401 -0.176085
0.641881 0.323679 -0.849738 0.0467648 -0.0235289 -0.180624
0.630986 0.322085 -0.835921 0.0397127 -0.0617527 -0.185809
0.618433 0.320309 -0.805484 0.0336911 -0.100604 -0.191737
0.60402 0.318333 -0.737157 0.0285431 -0.139365 -0.198518
0.587554 0.316117 -0.606683 0.0241333 -0.177314 -0.206683
0.568865 0.313625 -0.436335 0.0203464 -0.213781 -0.216121
0.54783 0.310814 -0.296933 0.0170849 -0.248194 -0.227018
0.524389 0.307635 -0.217947 0.0142667 -0.280112 -0.239573
0.498575 0.304029 -0.179964 0.0118234 -0.309242 -0.253988
0.470527 0.29993 -0.161653 0.00969746 -0.335441 -0.270456
0.440503 0.29526 -0.152152 0.00784109 -0.358703 -0.289147
0.408883 0.289927 -0.14679 0.00621426 -0.379128 -0.310186
0.376154 0.28383 -0.147609 0.00478351 -0.396901 -0.333629
0.342887 0.27685 -0.148512 0.00352082 -0.412253 -0.359446
0.309697 0.268857 -0.149509 0.00240264 -0.425445 -0.387498
0.277202 0.25963 -0.150613 0.00140916 -0.436738 -0.417525
0.245975 0.24861 -0.151838 0.00826178 -0.446387 -0.449148
0.216506 0.235886 -0.153202 0.0220792 -0.454622 -0.481878
0.189173 0.221226 -0.154724 0.0525159 -0.461654 -0.515146
0.164227 0.204394 -0.156415 0.120843 -0.467667 -0.548336
0.14179 0.185164 -0.158313 0.251317 -0.472816 -0.580832
0.121869 0.163339 -0.160447 0.421665 -0.477239 -0.612058
0.104376 0.138773 -0.162854 0.561067 -0.481048 -0.641525
0.0891557 0.111399 -0.165576 0.640053 -0.484339 -0.668856
0.0760072 0.0812523 -0.168664 0.678036 -0.487192 -0.6938
0.0647094 0.0484963 -0.172174 0.696347 -0.489675 -0.716234
0.0550371 0.0134333 -0.176173 0.705848 -0.491843 -0.736153
0.046774 -0.0234938 -0.180739 0.71121 -0.493743 -0.753643
0.0397206 -0.0617153 -0.18596 0.710391 -0.495414 -0.768861
0.0336979 -0.100566 -0.191937 0.709488 -0.496888 -0.782007
0.0285489 -0.139326 -0.198782 0.708491 -0.498194 -0.793303
0.0241383 -0.177275 -0.206682 0.707387 -0.499354 -0.802974
0.0203507 -0.213743 -0.216119 0.706162 -0.491352 -0.811235
0.0170886 -0.248158 -0.227014 0.704798 -0.475215 -0.818287
0.01427 -0.280078 -0.239567 0.703276 -0.43967 -0.824309
0.0118262 -0.30921 -0.25398 0.701585 -0.359876 -0.829457
0.00969994 -0.335413 -0.270446 0.699687 -0.207504 -0.833867
0.00784326 -0.358678 -0.289135 0.697553 -0.00856562 -0.837654
0.00621617 -0.379106 -0.31017 0.695146 0.154232 -0.840915
0.0047852 -0.396881 -0.333611 0.692424 0.246475 -0.843733
0.00352232 -0.412236 -0.359425 0.689336 0.290833 -0.846177
0.00240397 -0.42543 -0.387473 0.685826 0.312217 -0.848303
0.00141035 -0.436726 -0.417497 0.681827 0.323312 -0.850159
0.00826391 -0.446376 -0.449117 0.677261 0.329574 -0.851786
0.0220834 -0.454613 -0.481846 0.67204 0.328617 -0.853216
0.0525253 -0.461647 -0.515113 0.666063 0.327563 -0.854479
0.120863 -0.46766 -0.548303 0.659218 0.326399 -0.855597
0.25135 -0.472811 -0.580798 0.651318 0.32511 -0.856591
0.4217 -0.477234 -0.612025 0.641881 0.323679 -0.849738
0.561091 -0.481043 -0.641494 0.630986 0.322085 -0.835921
0.640066 -0.484335 -0.668827 0.618433 0.320309 -0.805484
0.678043 -0.487189 -0.693773 0.60402 0.318333 -0.737157
0.69635 -0.489672 -0.71621 0.587554 0.316117 -0.606683
0.70585 -0.49184 -0.736131 0.568865 0.313625 -0.436335
0.711212 -0.493741 -0.753624 0.54783 0.310814 -0.296933
0.71121 -0.495412 -0.768844 0.524389 0.307635 -0.217947
0.710391 -0.496887 -0.781993 0.498575 0.304029 -0.179964
0.709488 -0.498193 -0.793291 0.470527 0.29993 -0.161653
0.708491 -0.499353 -0.802963 0.440503 0.29526 -0.152152
0.707387 -0.491349 -0.811226 0.408883 0.289927 -0.14679
0.706162 -0.47521 -0.818279 0.376154 0.28383 -0.147609
0.704798 -0.439659 -0.824302 0.342887 0.27685 -0.148512
0.703288 -0.359852 -0.829451 0.309697 0.268857 -0.149509
0.701601 -0.207465 -0.833862 0.277202 0.25963 -0.150613
0.69971 -0.00852472 -0.837649 0.245975 0.24861 -0.151838
0.697585 0.15426 -0.840911 0.216506 0.235886 -0.153202
0.69519 0.246489 -0.84373 0.189173 0.221226 -0.154724
0.692485 0.29084 -0.846174 0.164227 0.204394 -0.156415
0.689421 0.31222 -0.8483 0.14179 0.185164 -0.158313
0.685944 0.323314 -0.850157 0.121869 0.163339 -0.160447
0.681989 0.329576 -0.851784 0.104376 0.138773 -0.162854
0.677486 0.329574 -0.853215 0.0891557 0.111399 -0.165576
0.672351 0.328617 -0.854478 0.0760072 0.0812523 -0.168664
0.666495 0.327563 -0.855596 0.0647094 0.0484963 -0.172174
0.659425 0.326399 -0.85659 0.0550371 0.0134333 -0.176173
0.651254 0.32511 -0.849736 0.046774 -0.0234938 -0.180739
0.641811 0.323679 -0.835917 0.0397206 -0.0617153 -0.18596
0.630908 0.322085 -0.805475 0.0336979 -0.100566 -0.191937
0.618347 0.320323 -0.737137 0.0285489 -0.139326 -0.198782
0.603926 0.318352 -0.60665 0.0241383 -0.177275 -0.206682
0.587451 0.316144 -0.4363 0.0203507 -0.213743 -0.216119
0.568754 0.313662 -0.296909 0.0170886 -0.248158 -0.227014
0.54771 0.310865 -0.217934 0.01427 -0.280078 -0.239567
0.524262 0.307706 -0.179957 0.0118262 -0.30921 -0.25398
0.498442 0.304128 -0.16165 0.00969994 -0.335413 -0.270446
0.470389 0.300067 -0.15215 0.00784326 -0.358678 -0.289135
0.440362 0.295449 -0.146788 0.00621617 -0.379106 -0.31017
0.408741 0.29019 -0.14679 0.0047852 -0.396881 -0.333611
0.376014 0.284194 -0.147609 0.00352232 -0.412236 -0.359425
0.342751 0.277354 -0.148512 0.00240397 -0.42543 -0.387473
0.309568 0.269097 -0.149509 0.00141035 -0.436726 -0.417497
0.277081 0.259555 -0.150613 0.00826391 -0.446376 -0.449117
0.245864 0.248527 -0.151838 0.0220834 -0.454613 -0.481846
0.216406 0.235795 -0.153202 0.0525253 -0.461647 -0.515113
0.189084 0.221126 -0.154712 0.120863 -0.46766 -0.548303
0.164149 0.204284 -0.156399 0.25135 -0.472811 -0.580798
0.141723 0.185045 -0.15829 0.4217 -0.477234 -0.612025
0.121811 0.163209 -0.160415 0.561091 -0.481043 -0.641494
0.104328 0.138634 -0.16281 0.640066 -0.484335 -0.668827
0.0891149 0.111251 -0.165515 0.678043 -0.487189 -0.693773
0.0759731 0.0810965 -0.168579 0.69635 -0.489672 -0.71621
0.064681 0.0483349 -0.172056 0.70585 -0.49184 -0.736131
0.0550135 0.0132685 -0.176011 0.711212 -0.493741 -0.753624
0.0467545 -0.0236593 -0.180514 0.71121 -0.495412 -0.768844
0.0397044 -0.0618787 -0.185649 0.710391 -0.496887 -0.781993
0.0336844 -0.100724 -0.191505 0.709488 -0.498193 -0.793291
0.0285377 -0.139476 -0.198575 0.708491 -0.499353 -0.802963
0.0241289 -0.177416 -0.206746 0.707387 -0.491349 -0.811226
0.0203429 -0.213872 -0.216189 0.706162 -0.47521 -0.818279
0.017082 -0.248275 -0.227092 0.704798 -0.439659 -0.824302
0.0142644 -0.280182 -0.239653 0.703288 -0.359852 -0.829451
0.0118215 -0.309302 -0.254074 0.701601 -0.207465 -0.833862
0.00969592 -0.335492 -0.270549 0.69971 -0.00852472 -0.837649
0.00783983 -0.358745 -0.289246 0.697585 0.15426 -0.840911
0.00621322 -0.379163 -0.31029 0.69519 0.246489 -0.84373
0.00478266 -0.396929 -0.333738 0.692485 0.29084 -0.846174
0.00352012 -0.412276 -0.359558 0.689421 0.31222 -0.8483
0.00240206 -0.425463 -0.387611 0.685944 0.323314 -0.850157
0.00756073 -0.436753 -0.417638 0.681989 0.329576 -0.851784
0.0192214 -0.446399 -0.449259 0.677486 0.329574 -0.853215
0.0431353 -0.454632 -0.481986 0.672351 0.328617 -0.854478
0.0940215 -0.461662 -0.515249 0.666495 0.327563 -0.855596
0.193507 -0.467673 -0.548432 0.659425 0.326399 -0.85659
0.342525 -0.472821 -0.580919 0.651254 0.32511 -0.849736
0.493366 -0.477243 -0.612136 0.641811 0.323679 -0.835917
0.598014 -0.481051 -0.641594 0.630908 0.322085 -0.805475
0.654902 -0.484342 -0.668916 0.618347 0.320323 -0.737137
0.683467 -0.487194 -0.693851 0.603926 0.318352 -0.60665
0.698218 -0.489677 -0.716277 0.587451 0.316144 -0.4363
0.706371 -0.491844 -0.736189 0.568754 0.313662 -0.296909
0.71121 -0.493744 -0.753672 0.54771 0.310865 -0.217934
0.710377 -0.495415 -0.768885 0.524262 0.307706 -0.179957
0.709457 -0.496889 -0.782027 0.498442 0.304128 -0.16165
0.70844 -0.498195 -0.793319 0.470389 0.300067 -0.15215
0.707312 -0.49217 -0.802986 0.440362 0.295449 -0.146788
0.706058 -0.478553 -0.811245 0.408741 0.29019 -0.14679
0.704658 -0.450625 -0.818296 0.376014 0.284194 -0.147609
0.703106 -0.391199 -0.824316 0.342751 0.277354 -0.148512
0.701367 -0.275017 -0.829462 0.309568 0.269097 -0.149509
0.699414 -0.100989 -0.833871 0.277081 0.259555 -0.150613
0.697213 0.0751689 -0.837657 0.245864 0.248527 -0.151838
0.694727 0.19738 -0.840918 0.216406 0.235795 -0.153202
0.691911 0.263815 -0.843736 0.189084 0.221126 -0.154712
0.688714 0.297174 -0.846179 0.164149 0.204284 -0.156399
0.685075 0.314401 -0.848304 0.141723 0.185045 -0.15829
0.680924 0.323922 -0.85016 0.121811 0.163209 -0.160415
0.676183 0.329574 -0.851787 0.104328 0.138634 -0.16281
0.670763 0.328601 -0.853217 0.0891149 0.111251 -0.165515
0.664562 0.327527 -0.85448 0.0759731 0.0810965 -0.168579
0.657123 0.326339 -0.855598 0.064681 0.0483349 -0.172056
0.648443 0.325022 -0.850439 0.0550135 0.0132685 -0.176011
0.638389 0.323557 -0.838779 0.0467545 -0.0236593 -0.180514
0.626761 0.321922 -0.814865 0.0397044 -0.0618787 -0.185649
0.613347 0.320109 -0.763978 0.0336844 -0.100724 -0.191505
0.597938 0.318079 -0.664493 0.0285377 -0.139476 -0.198575
0.580337 0.315798 -0.515475 0.0241289 -0.177416 -0.206746
0.560384 0.313228 -0.364634 0.0203429 -0.213872 -0.216189
0.537973 0.310325 -0.259986 0.017082 -0.248275 -0.227092
0.51308 0.307036 -0.203098 0.0142644 -0.280182 -0.239653
0.485786 0.303302 -0.174533 0.0118215 -0.309302 -0.254074
0.456294 0.299052 -0.159782 0.00969592 -0.335492 -0.270549
0.424937 0.294205 -0.151629 0.00783983 -0.358745 -0.289246
0.392169 0.288669 -0.14679 0.00621322 -0.379163 -0.31029
0.358551 0.282338 -0.147623 0.00478266 -0.396929 -0.333738
0.324711 0.275097 -0.148543 0.00352012 -0.412276 -0.359558
0.291302 0.26641 -0.14956 0.00240206 -0.425463 -0.387611
0.258951 0.256273 -0.150688 0.00756073 -0.436753 -0.417638
0.228214 0.244532 -0.151942 0.0192214 -0.446399 -0.449259
0.19954 0.230952 -0.153342 0.0431353 -0.454632 -0.481986
0.173245 0.215287 -0.154894 0.0940215 -0.461662 -0.515249
0.149509 0.197291 -0.156633 0.193507 -0.467673 -0.548432
0.128379 0.176737 -0.158586 0.342525 -0.472821 -0.580919
0.109798 0.153434 -0.160787 0.493366 -0.477243 -0.612136
0.0936208 0.127262 -0.163273 0.598014 -0.481051 -0.641594
0.0796501 0.098191 -0.166089 0.654902 -0.484342 -0.668916
0.0676583 0.0663166 -0.169286 0.683467 -0.487194 -0.693851
0.0574087 0.0318752 -0.172925 0.698218 -0.489677 -0.716277
0.0486709 -0.00474542 -0.177076 0.706371 -0.491844 -0.736189
0.0412307 -0.0430125 -0.181817 0.71121 -0.493744 -0.753672
0.0348948 -0.0822726 -0.187237 0.710377 -0.495415 -0.768885
0.0294936 -0.121792 -0.193438 0.709457 -0.496889 -0.782027
0.0248805 -0.160808 -0.200877 0.70844 -0.498195 -0.793319
0.0209307 -0.198589 -0.209557 0.707312 -0.49217 -0.802986
0.0175388 -0.234484 -0.219611 0.706058 -0.478553 -0.811245
0.0146164 -0.267971 -0.231239 0.704658 -0.450625 -0.818296
0.0120897 -0.298679 -0.244653 0.703106 -0.391199 -0.824316
0.00989703 -0.326399 -0.260062 0.701367 -0.275017 -0.829462
0.00798729 -0.351074 -0.277663 0.699414 -0.100989 -0.833871
0.00631777 -0.372775 -0.297616 0.697213 0.0751689 -0.837657
0.00485288 -0.391667 -0.320027 0.694727 0.19738 -0.840918
0.00356289 -0.407982 -0.34492 0.691911 0.263815 -0.843736
0.00242292 -0.421986 -0.372214 0.688714 0.297174 -0.846179
0.00141206 -0.433956 -0.401706 0.685075 0.314401 -0.848304
0.00141035 -0.444161 -0.433063 0.680924 0.323922 -0.85016
0.00756073 -0.452849 -0.465831 0.676183 0.329574 -0.851787
0.0192214 -0.460249 -0.499449 0.670763 0.328601 -0.853217
0.0431353 -0.466556 -0.533289 0.664562 0.327527 -0.85448
0.0940215 -0.471944 -0.566698 0.657123 0.326339 -0.855598
0.193507 -0.476556 -0.599049 0.648443 0.325022 -0.850439
0.342525 -0.480518 -0.629786 0.638389 0.323557 -0.838779
0.493366 -0.48393 -0.65846 0.626761 0.321922 -0.814865
0.598014 -0.486881 -0.684755 0.613347 0.320109 -0.763978
0.654902 -0.489442 -0.708491 0.597938 0.318079 -0.664493
0.683467 -0.491672 -0.729621 0.580337 0.315798 -0.515475
0.698218 -0.493622 -0.748202 0.560384 0.313228 -0.364634
0.706371 -0.495333 -0.764379 0.537973 0.310325 -0.259986
0.710392 -0.496839 -0.77835 0.51308 0.307036 -0.203098
0.709489 -0.49817 -0.790342 0.485786 0.303302 -0.174533
0.708493 -0.499351 -0.800591 0.456294 0.299052 -0.159782
0.707389 -0.499353 -0.809329 0.424937 0.294205 -0.151629
0.706164 -0.49217 -0.816769 0.392169 0.288669 -0.14679
0.7048 -0.478553 -0.823105 0.358551 0.282338 -0.147623
0.703276 -0.450625 -0.828506 0.324711 0.275097 -0.148543
0.701585 -0.391199 -0.83312 0.291302 0.26641 -0.14956
0.699687 -0.275017 -0.837069 0.258951 0.256273 -0.150688
0.697553 -0.100989 -0.840461 0.228214 0.244532 -0.151942
0.695146 0.0751689 -0.843384 0.19954 0.230952 -0.153342
0.692424 0.19738 -0.84591 0.173245 0.215287 -0.154894
0.689336 0.263815 -0.848103 0.149509 0.197291 -0.156633
0.685826 0.297174 -0.850013 0.128379 0.176737 -0.158586
0.681827 0.314401 -0.851682 0.109798 0.153434 -0.160787
0.677261 0.323922 -0.853147 0.0936208 0.127262 -0.163273
0.67204 0.328619 -0.854437 0.0796501 0.098191 -0.166089
0.666063 0.327565 -0.855577 0.0676583 0.0663166 -0.169286
0.659218 0.3264 -0.856588 0.0574087 0.0318752 -0.172925
0.651318 0.325112 -0.85659 0.0486709 -0.00474542 -0.177076
0.641881 0.323681 -0.850439 0.0412307 -0.0430125 -0.181817
0.630986 0.322088 -0.838779 0.0348948 -0.0822726 -0.187237
0.618433 0.320309 -0.814865 0.0294936 -0.121792 -0.193438
0.60402 0.318333 -0.763978 0.0248805 -0.160808 -0.200877
0.587554 0.316117 -0.664493 0.0209307 -0.198589 -0.209557
0.568865 0.313625 -0.515475 0.0175388 -0.234484 -0.219611
0.54783 0.310814 -0.364634 0.0146164 -0.267971 -0.231239
0.524389 0.307635 -0.259986 0.0120897 -0.298679 -0.244653
0.498575 0.304029 -0.203098 0.00989703 -0.326399 -0.260062
0.470527 0.29993 -0.174533 0.00798729 -0.351074 -0.277663
0.440503 0.29526 -0.159782 0.00631777 -0.372775 -0.297616
0.408883 0.289927 -0.151629 0.00485288 -0.391667 -0.320027
0.376154 0.28383 -0.147608 0.00356289 -0.407982 -0.34492
0.342887 0.27685 -0.148511 0.00242292 -0.421986 -0.372214
0.309697 0.268857 -0.149507 0.00141206 -0.433956 -0.401706
0.277202 0.25963 -0.150611 0.00141035 -0.444161 -0.433063
0.245975 0.24861 -0.151836 0.00756073 -0.452849 -0.465831
0.216506 0.235886 -0.1532 0.0192214 -0.460249 -0.499449
0.189173 0.221226 -0.154724 0.0431353 -0.466556 -0.533289
0.164227 0.204394 -0.156415 0.0940215 -0.471944 -0.566698
0.14179 0.185164 -0.158313 0.193507 -0.476556 -0.599049
0.121869 0.163339 -0.160447 0.342525 -0.480518 -0.629786
0.104376 0.138773 -0.162854 0.493366 -0.48393 -0.65846
0.0891557 0.111399 -0.165576 0.598014 -0.486881 -0.684755
0.0760072 0.0812523 -0.168664 0.654902 -0.489442 -0.708491
0.0647094 0.0484963 -0.172174 0.683467 -0.491672 -0.729621
0.0550371 0.0134333 -0.176173 0.698218 -0.493622 -0.748202
0.046774 -0.0234938 -0.180739 0.706371 -0.495333 -0.764379
0.0397206 -0.0617153 -0.18596 0.710392 -0.496839 -0.77835
0.0336979 -0.100566 -0.191937 0.709489 -0.49817 -0.790342
0.0285489 -0.139326 -0.198782 0.708493 -0.499351 -0.800591
0.0241383 -0.177275 -0.206682 0.707389 -0.499353 -0.809329
0.0203507 -0.213743 -0.216119 0.706164 -0.49217 -0.816769
0.0170886 -0.248158 -0.227014 0.7048 -0.478553 -0.823105
0.01427 -0.280078 -0.239567 0.703276 -0.450625 -0.828506
0.0118262 -0.30921 -0.25398 0.701585 -0.391199 -0.83312
0.00969994 -0.335413 -0.270446 0.699687 -0.275017 -0.837069
0.00784326 -0.358678 -0.289135 0.697553 -0.100989 -0.840461
0.00621617 -0.379106 -0.31017 0.695146 0.0751689 -0.843384
0.0047852 -0.396881 -0.333611 0.692424 0.19738 -0.84591
0.00352232 -0.412236 -0.359425 0.689336 0.263815 -0.848103
0.00240397 -0.42543 -0.387473 0.685826 0.297174 -0.850013
0.00141035 -0.436726 -0.417497 0.681827 0.314401 -0.851682
0.00826391 -0.446376 -0.449117 0.677261 0.323922 -0.853147
0.0220834 -0.454613 -0.481846 0.67204 0.328619 -0.854437
0.0525253 -0.461647 -0.515113 0.666063 0.327565 -0.855577
0.120863 -0.46766 -0.548303 0.659218 0.3264 -0.856588
0.25135 -0.472811 -0.580798 0.651318 0.325112 -0.85659
0.4217 -0.477234 -0.612025 0.641881 0.323681 -0.850439
0.561091 -0.481043 -0.641494 0.630986 0.322088 -0.838779
0.640066 -0.484335 -0.668827 0.618433 0.320309 -0.814865
0.678043 -0.487189 -0.693773 0.60402 0.318333 -0.763978
0.69635 -0.489672 -0.71621 0.587554 0.316117 -0.664493
0.70585 -0.49184 -0.736131 0.568865 0.313625 -0.515475
0.711212 -0.493741 -0.753624 0.54783 0.310814 -0.364634
0.710392 -0.495412 -0.768844 0.524389 0.307635 -0.259986
0.709489 -0.496887 -0.781993 0.498575 0.304029 -0.203098
0.708493 -0.498193 -0.793291 0.470527 0.29993 -0.174533
0.707389 -0.499353 -0.802963 0.440503 0.29526 -0.159782
0.706164 -0.491349 -0.811226 0.408883 0.289927 -0.151629
0.7048 -0.47521 -0.818279 0.376154 0.28383 -0.147608
0.703276 -0.439659 -0.824302 0.342887 0.27685 -0.148511
0.701586 -0.359852 -0.829451 0.309697 0.268857 -0.149507
0.69969 -0.207465 -0.833862 0.277202 0.25963 -0.150611
0.697558 -0.00852472 -0.837649 0.245975 0.24861 -0.151836
0.695156 0.15426 -0.840911 0.216506 0.235886 -0.1532
0.692439 0.246489 -0.84373 0.189173 0.221226 -0.154724
0.689361 0.29084 -0.846174 0.164227 0.204394 -0.156415
0.685864 0.31222 -0.8483 0.14179 0.185164 -0.158313
0.681884 0.323314 -0.850157 0.121869 0.163339 -0.160447
0.677346 0.329576 -0.851784 0.104376 0.138773 -0.162854
0.672164 0.328619 -0.853215 0.0891557 0.111399 -0.165576
0.666245 0.327565 -0.854478 0.0760072 0.0812523 -0.168664
0.659482 0.3264 -0.855596 0.0647094 0.0484963 -0.172174
0.651318 0.325112 -0.85659 0.0550371 0.0134333 -0.176173
0.641881 0.323681 -0.849736 0.046774 -0.0234938 -0.180739
0.630986 0.322088 -0.835917 0.0397206 -0.0617153 -0.18596
0.618433 0.320309 -0.805475 0.0336979 -0.100566 -0.191937
0.60402 0.318334 -0.737137 0.0285489 -0.139326 -0.198782
0.587554 0.31612 -0.60665 0.0241383 -0.177275 -0.206682
0.568865 0.313631 -0.4363 0.0203507 -0.213743 -0.216119
0.54783 0.310825 -0.296909 0.0170886 -0.248158 -0.227014
0.524389 0.307653 -0.217934 0.01427 -0.280078 -0.239567
0.498575 0.304058 -0.179957 0.0118262 -0.30921 -0.25398
0.470527 0.299974 -0.16165 0.00969994 -0.335413 -0.270446
0.440503 0.295326 -0.15215 0.00784326 -0.358678 -0.289135
0.408883 0.290026 -0.146788 0.00621617 -0.379106 -0.31017
0.376154 0.283975 -0.147608 0.0047852 -0.396881 -0.333611
0.342887 0.277062 -0.148511 0.00352232 -0.412236 -0.359425
0.309697 0.269165 -0.149507 0.00240397 -0.42543 -0.387473
0.277202 0.25963 -0.150611 0.00141035 -0.436726 -0.417497
0.245975 0.24861 -0.151836 0.00826391 -0.446376 -0.449117
0.216506 0.235886 -0.1532 0.0220834 -0.454613 -0.481846
0.189173 0.221226 -0.154724 0.0525253 -0.461647 -0.515113
0.164227 0.204394 -0.156414 0.120863 -0.46766 -0.548303
0.14179 0.185164 -0.15831 0.25135 -0.472811 -0.580798
0.121869 0.163339 -0.160442 0.4217 -0.477234 -0.612025
0.104376 0.138773 -0.162844 0.561091 -0.481043 -0.641494
0.0891557 0.111399 -0.165561 0.640066 -0.484335 -0.668827
0.0760072 0.0812523 -0.168639 0.678043 -0.487189 -0.693773
0.0647094 0.0484963 -0.172136 0.69635 -0.489672 -0.71621
0.0550371 0.0134333 -0.176116 0.70585 -0.49184 -0.736131
0.046774 -0.0234938 -0.180654 0.711212 -0.493741 -0.753624
0.0397206 -0.0617153 -0.185836 0.710392 -0.495412 -0.768844
0.0336979 -0.100566 -0.191755 0.709489 -0.496887 -0.781993
0.0285489 -0.139326 -0.198518 0.708493 -0.498193 -0.793291
0.0241383 -0.177275 -0.206682 0.707389 -0.499353 -0.802963
0.0203507 -0.213743 -0.216119 0.706164 -0.491349 -0.811226
0.0170886 -0.248158 -0.227014 0.7048 -0.47521 -0.818279
0.01427 -0.280078 -0.239567 0.703276 -0.439659 -0.824302
0.0118262 -0.30921 -0.25398 0.701586 -0.359852 -0.829451
0.00969994 -0.335413 -0.270446 0.69969 -0.207465 -0.833862
0.00784326 -0.358678 -0.289135 0.697558 -0.00852472 -0.837649
0.00621617 -0.379106 -0.31017 0.695156 0.15426 -0.840911
0.0047852 -0.396881 -0.333611 0.692439 0.246489 -0.84373
0.00352232 -0.412236 -0.359425 0.689361 0.29084 -0.846174
0.00240397 -0.42543 -0.387473 0.685864 0.31222 -0.8483
0.00141035 -0.436726 -0.417497 0.681884 0.323314 -0.850157
0.00826391 -0.446376 -0.449117 0.677346 0.329576 -0.851784
0.0220834 -0.454613 -0.481846 0.672164 0.328619 -0.853215
0.0525253 -0.461647 -0.515113 0.666245 0.327565 -0.854478
0.120863 -0.46766 -0.548303 0.659482 0.3264 -0.855596
0.25135 -0.472811 -0.580798 0.651318 0.325112 -0.85659
0.4217 -0.477234 -0.612025 0.641881 0.323681 -0.849736
0.561091 -0.481043 -0.641494 0.630986 0.322088 -0.835917
0.640066 -0.484335 -0.668827 0.618433 0.320309 -0.805475
0.678043 -0.487189 -0.693773 0.60402 0.318334 -0.737137
0.69635 -0.489672 -0.71621 0.587554 0.31612 -0.60665
0.70585 -0.49184 -0.736131 0.568865 0.313631 -0.4363
0.711212 -0.493741 -0.753624 0.54783 0.310825 -0.296909
0.71121 -0.495412 -0.768844 0.524389 0.307653 -0.217934
0.710391 -0.496887 -0.781993 0.498575 0.304058 -0.179957
0.709488 -0.498193 -0.793291 0.470527 0.299974 -0.16165
0.708491 -0.499353 -0.802963 0.440503 0.295326 -0.15215
0.707387 -0.491349 -0.811226 0.408883 0.290026 -0.146788
0.706162 -0.47521 -0.818279 0.376154 0.283975 -0.147608
0.704798 -0.439659 -0.824302 0.342887 0.277062 -0.148511
0.703288 -0.359852 -0.829451 0.309697 0.269165 -0.149507
0.701601 -0.207465 -0.833862 0.277202 0.25963 -0.150611
0.69971 -0.00852472 -0.837649 0.245975 0.24861 -0.151836
0.697585 0.15426 -0.840911 0.216506 0.235886 -0.1532
0.69519 0.246489 -0.84373 0.189173 0.221226 -0.154724
0.692485 0.29084 -0.846174 0.164227 0.204394 -0.156414
0.689421 0.31222 -0.8483 0.14179 0.185164 -0.15831
0.685944 0.323314 -0.850157 0.121869 0.163339 -0.160442
0.681989 0.329576 -0.851784 0.104376 0.138773 -0.162844
0.677486 0.329574 -0.853215 0.0891557 0.111399 -0.165561
0.672351 0.328617 -0.854478 0.0760072 0.0812523 -0.168639
0.666495 0.327563 -0.855596 0.0647094 0.0484963 -0.172136
0.659482 0.326399 -0.85659 0.0550371 0.0134333 -0.176116
0.651318 0.32511 -0.849736 0.046774 -0.0234938 -0.180654
0.641881 0.323679 -0.835917 0.0397206 -0.0617153 -0.185836
0.630986 0.322085 -0.805475 0.0336979 -0.100566 -0.191755
0.618433 0.320323 -0.737137 0.0285489 -0.139326 -0.198518
0.60402 0.318352 -0.60665 0.0241383 -0.177275 -0.206682
0.587554 0.316144 -0.4363 0.0203507 -0.213743 -0.216119
0.568865 0.313662 -0.296909 0.0170886 -0.248158 -0.227014
0.54783 0.310865 -0.217934 0.01427 -0.280078 -0.239567
0.524389 0.307706 -0.179957 0.0118262 -0.30921 -0.25398
0.498575 0.304128 -0.16165 0.00969994 -0.335413 -0.270446
0.470527 0.300067 -0.15215 0.00784326 -0.358678 -0.289135
0.440503 0.295449 -0.146788 0.00621617 -0.379106 -0.31017
0.408883 0.29019 -0.14679 0.0047852 -0.396881 -0.333611
0.376154 0.284194 -0.147609 0.00352232 -0.412236 -0.359425
0.342887 0.277354 -0.148512 0.00240397 -0.42543 -0.387473
0.309697 0.269165 -0.149509 0.00141035 -0.436726 -0.417497
0.277202 0.25963 -0.150613 0.00826391 -0.446376 -0.449117
0.245975 0.24861 -0.151838 0.0220834 -0.454613 -0.481846
0.216506 0.235886 -0.153202 0.0525253 -0.461647 -0.515113
0.189173 0.221226 -0.154712 0.120863 -0.46766 -0.548303
0.164227 0.204394 -0.156399 0.25135 -0.472811 -0.580798
0.14179 0.185164 -0.15829 0.4217 -0.477234 -0.612025
0.121869 0.163339 -0.160415 0.561091 -0.481043 -0.641494
0.104376 0.138773 -0.16281 0.640066 -0.484335 -0.668827
0.0891557 0.111399 -0.165515 0.678043 -0.487189 -0.693773
0.0760072 0.0812523 -0.168579 0.69635 -0.489672 -0.71621
0.0647094 0.0484963 -0.172056 0.70585 -0.49184 -0.736131
0.0550371 0.0134333 -0.176011 0.711212 -0.493741 -0.753624
0.046774 -0.0234938 -0.180514 0.71121 -0.495412 -0.768844
0.0397206 -0.0617153 -0.185649 0.710391 -0.496887 -0.781993
0.0336979 -0.100566 -0.191505 0.709488 -0.498193 -0.793291
0.0285489 -0.139326 -0.198518 0.708491 -0.499353 -0.802963
0.0241383 -0.177275 -0.206682 0.707387 -0.491349 -0.811226
0.0203507 -0.213743 -0.216119 0.706162 -0.47521 -0.818279
0.0170886 -0.248158 -0.227014 0.704798 -0.439659 -0.824302
0.01427 -0.280078 -0.239567 0.703288 -0.359852 -0.829451
0.0118262 -0.30921 -0.25398 0.701601 -0.207465 -0.833862
0.00969994 -0.335413 -0.270446 0.69971 -0.00852472 -0.837649
0.00784326 -0.358678 -0.289135 0.697585 0.15426 -0.840911
0.00621617 -0.379106 -0.31017 0.69519 0.246489 -0.84373
0.0047852 -0.396881 -0.333611 0.692485 0.29084 -0.846174
0.00352232 -0.412236 -0.359425 0.689421 0.31222 -0.8483
0.00240397 -0.42543 -0.387473 0.685944 0.323314 -0.850157
0.00141035 -0.436726 -0.417497 0.681989 0.329576 -0.851784
0.00756073 -0.446376 -0.449117 0.677486 0.329574 -0.853215
0.0192214 -0.454613 -0.481846 0.672351 0.328617 -0.854478
0.0431353 -0.461647 -0.515113 0.666495 0.327563 -0.855596
0.0940215 -0.46766 -0.548303 0.659482 0.326399 -0.85659
0.193507 -0.472811 -0.580798 0.651318 0.32511 -0.849736
0.342525 -0.477234 -0.612025 0.641881 0.323679 -0.835917
0.493366 -0.481043 -0.641494 0.630986 0.322085 -0.805475
0.598014 -0.484335 -0.668827 0.618433 0.320323 -0.737137
0.654902 -0.487189 -0.693773 0.60402 0.318352 -0.60665
0.683467 -0.489672 -0.71621 0.587554 0.316144 -0.4363
0.698218 -0.49184 -0.736131 0.568865 0.313662 -0.296909
0.706371 -0.493741 -0.753624 0.54783 0.310865 -0.217934
0.710392 -0.495412 -0.768844 0.524389 0.307706 -0.179957
0.709489 -0.496887 -0.781993 0.498575 0.304128 -0.16165
0.708493 -0.498193 -0.793291 0.470527 0.300067 -0.15215
0.707389 -0.499353 -0.802963 0.440503 0.295449 -0.146788
0.706164 -0.49217 -0.811226 0.408883 0.29019 -0.14679
0.7048 -0.478553 -0.818279 0.376154 0.284194 -0.147609
0.703287 -0.450625 -0.824302 0.342887 0.277354 -0.148512
0.701599 -0.391199 -0.829451 0.309697 0.269165 -0.149509
0.699705 -0.275017 -0.833862 0.277202 0.25963 -0.150613
0.697576 -0.100989 -0.837649 0.245975 0.24861 -0.151838
0.695176 0.0751689 -0.840911 0.216506 0.235886 -0.153202
0.692463 0.19738 -0.84373 0.189173 0.221226 -0.154712
0.689387 0.263815 -0.846174 0.164227 0.204394 -0.156399
0.685893 0.297174 -0.8483 0.14179 0.185164 -0.15829
0.681915 0.314401 -0.850157 0.121869 0.163339 -0.160415
0.677376 0.323922 -0.851784 0.104376 0.138773 -0.16281
0.672191 0.328619 -0.853215 0.0891557 0.111399 -0.165515
0.666263 0.327565 -0.854478 0.0760072 0.0812523 -0.168579
0.659482 0.3264 -0.855596 0.0647094 0.0484963 -0.172056
0.651317 0.325112 -0.85659 0.0550371 0.0134333 -0.176011
0.641879 0.323681 -0.850439 0.046774 -0.0234938 -0.180514
0.630982 0.322088 -0.838779 0.0397206 -0.0617153 -0.185649
0.618427 0.320322 -0.814865 0.0336979 -0.100566 -0.191505
0.604012 0.318349 -0.763978 0.0285489 -0.139326 -0.198518
0.587544 0.316138 -0.664493 0.0241383 -0.177275 -0.206682
0.568853 0.313652 -0.515475 0.0203507 -0.213743 -0.216119
0.547814 0.310849 -0.364634 0.0170886 -0.248158 -0.227014
0.524371 0.30768 -0.259986 0.01427 -0.280078 -0.239567
0.498554 0.304089 -0.203098 0.0118262 -0.30921 -0.25398
0.470502 0.300008 -0.174533 0.00969994 -0.335413 -0.270446
0.440475 0.295362 -0.159782 0.00784326 -0.358678 -0.289135
0.408852 0.290062 -0.151629 0.00621617 -0.379106 -0.31017
0.376122 0.284006 -0.147608 0.0047852 -0.396881 -0.333611
0.342854 0.277083 -0.148511 0.00352232 -0.412236 -0.359425
0.309664 0.269165 -0.149507 0.00240397 -0.42543 -0.387473
0.277168 0.259629 -0.150611 0.00141035 -0.436726 -0.417497
0.245942 0.248607 -0.151836 0.00756073 -0.446376 -0.449117
0.216475 0.235881 -0.1532 0.0192214 -0.454613 -0.481846
0.189144 0.221219 -0.154713 0.0431353 -0.461647 -0.515113
0.1642 0.204385 -0.156401 0.0940215 -0.46766 -0.548303
0.141766 0.185152 -0.158295 0.193507 -0.472811 -0.580798
0.121847 0.163324 -0.160424 0.342525 -0.477234 -0.612025
0.104357 0.138755 -0.162824 0.493366 -0.481043 -0.641494
0.0891391 0.111377 -0.165537 0.598014 -0.484335 -0.668827
0.0759928 0.0812268 -0.168613 0.654902 -0.487189 -0.693773
0.0646969 0.0484673 -0.172107 0.683467 -0.489672 -0.71621
0.0550264 0.013401 -0.176085 0.698218 -0.49184 -0.736131
0.0467648 -0.0235289 -0.180624 0.706371 -0.493741 -0.753624
0.0397127 -0.0617527 -0.185809 0.710392 -0.495412 -0.768844
0.0336911 -0.100604 -0.191737 0.709489 -0.496887 -0.781993
0.0285431 -0.139365 -0.198518 0.708493 -0.498193 -0.793291
0.0241333 -0.177314 -0.206683 0.707389 -0.499353 -0.802963
0.0203464 -0.213781 -0.216121 0.706164 -0.49217 -0.811226
0.0170849 -0.248194 -0.227018 0.7048 -0.478553 -0.818279
0.0142667 -0.280112 -0.239573 0.703287 -0.450625 -0.824302
0.0118234 -0.309242 -0.253988 0.701599 -0.391199 -0.829451
0.00969746 -0.335441 -0.270456 0.699705 -0.275017 -0.833862
0.00784109 -0.358703 -0.289147 0.697576 -0.100989 -0.837649
0.00621426 -0.379128 -0.310186 0.695176 0.0751689 -0.840911
0.00478351 -0.396901 -0.333629 0.692463 0.19738 -0.84373
0.00352082 -0.412253 -0.359446 0.689387 0.263815 -0.846174
0.00240264 -0.425445 -0.387498 0.685893 0.297174 -0.8483
0.00140916 -0.436738 -0.417525 0.681915 0.314401 -0.850157
0.00826178 -0.446387 -0.449148 0.677376 0.323922 -0.851784
0.0220792 -0.454622 -0.481878 0.672191 0.328619 -0.853215
0.0525159 -0.461654 -0.515146 0.666263 0.327565 -0.854478
0.120843 -0.467667 -0.548336 0.659482 0.3264 -0.855596
0.251317 -0.472816 -0.580832 0.651317 0.325112 -0.85659
0.421665 -0.477239 -0.612058 0.641879 0.323681 -0.850439
0.561067 -0.481048 -0.641525 0.630982 0.322088 -0.838779
0.640053 -0.484339 -0.668856 0.618427 0.320322 -0.814865
0.678036 -0.487192 -0.6938 0.604012 0.318349 -0.763978
0.696347 -0.489675 -0.716234 0.587544 0.316138 -0.664493
0.705848 -0.491843 -0.736153 0.568853 0.313652 -0.515475
0.71121 -0.493743 -0.753643 0.547814 0.310849 -0.364634
0.710391 -0.495414 -0.768861 0.524371 0.30768 -0.259986
0.709488 -0.496888 -0.782007 0.498554 0.304089 -0.203098
0.708491 -0.498194 -0.793303 0.470502 0.300008 -0.174533
0.707387 -0.499354 -0.802974 0.440475 0.295362 -0.159782
0.706162 -0.491352 -0.811235 0.408852 0.290062 -0.151629
0.704798 -0.475215 -0.818287 0.376122 0.284006 -0.147608
0.703276 -0.43967 -0.824309 0.342854 0.277083 -0.148511
0.701585 -0.359876 -0.829457 0.309664 0.269165 -0.149507
0.699687 -0.207504 -0.833867 0.277168 0.259629 -0.150611
0.697553 -0.00856562 -0.837654 0.245942 0.248607 -0.151836
0.695146 0.154232 -0.840915 0.216475 0.235881 -0.1532
0.692424 0.246475 -0.843733 0.189144 0.221219 -0.154713
0.689336 0.290833 -0.846177 0.1642 0.204385 -0.156401
0.685826 0.312217 -0.848303 0.141766 0.185152 -0.158295
0.681827 0.323312 -0.850159 0.121847 0.163324 -0.160424
0.677261 0.329574 -0.851786 0.104357 0.138755 -0.162824
0.67204 0.328617 -0.853216 0.0891391 0.111377 -0.165537
0.666063 0.327563 -0.854479 0.0759928 0.0812268 -0.168613
0.659218 0.326399 -0.855597 0.0646969 0.0484673 -0.172107
0.651318 0.32511 -0.856591 0.0550264 0.013401 -0.176085
0.641881 0.323679 -0.849738 0.0467648 -0.0235289 -0.180624
0.630986 0.322085 -0.835921 0.0397127 -0.0617527 -0.185809
0.618433 0.320309 -0.805484 0.0336911 -0.100604 -0.191737
0.60402 0.318333 -0.737157 0.0285431 -0.139365 -0.198518
0.587554 0.316117 -0.606683 0.0241333 -0.177314 -0.206683
0.568865 0.313625 -0.436335 0.0203464 -0.213781 -0.216121
0.54783 0.310814 -0.296933 0.0170849 -0.248194 -0.227018
0.524389 0.307635 -0.217947 0.0142667 -0.280112 -0.239573
0.498575 0.304029 -0.179964 0.0118234 -0.309242 -0.253988
0.470527 0.29993 -0.161653 0.00969746 -0.335441 -0.270456
0.440503 0.29526 -0.152152 0.00784109 -0.358703 -0.289147
0.408883 0.289927 -0.14679 0.00621426 -0.379128 -0.310186
0.376154 0.28383 -0.147609 0.00478351 -0.396901 -0.333629
0.342887 0.27685 -0.148512 0.00352082 -0.412253 -0.359446
0.309697 0.268857 -0.149509 0.00240264 -0.425445 -0.387498
0.277202 0.25963 -0.150613 0.00140916 -0.436738 -0.417525
0.245975 0.24861 -0.151838 0.00826178 -0.446387 -0.449148
0.216506 0.235886 -0.153202 0.0220792 -0.454622 -0.481878
0.189173 0.221226 -0.154724 0.0525159 -0.461654 -0.515146
0.164227 0.204394 -0.156415 0.120843 -0.467667 -0.548336
0.14179 0.185164 -0.158313 0.251317 -0.472816 -0.580832
0.121869 0.163339 -0.160447 0.421665 -0.477239 -0.612058
0.104376 0.138773 -0.162854 0.561067 -0.481048 -0.641525
0.0891557 0.111399 -0.165576 0.640053 -0.484339 -0.668856
0.0760072 0.0812523 -0.168664 0.678036 -0.487192 -0.6938
0.0647094 0.0484963 -0.172174 0.696347 -0.489675 -0.716234
0.0550371 0.0134333 -0.176173 0.705848 -0.491843 -0.736153
0.046774 -0.0234938 -0.180739 0.71121 -0.493743 -0.753643
0.0397206 -0.0617153 -0.18596 0.710391 -0.495414 -0.768861
0.0336979 -0.100566 -0.191937 0.709488 -0.496888 -0.782007
0.0285489 -0.139326 -0.198782 0.708491 -0.498194 -0.793303
0.0241383 -0.177275 -0.206682 0.707387 -0.499354 -0.802974
0.0203507 -0.213743 -0.216119 0.706162 -0.491352 -0.811235
0.0170886 -0.248158 -0.227014 0.704798 -0.475215 -0.818287
0.01427 -0.280078 -0.239567 0.703276 -0.43967 -0.824309
0.0118262 -0.30921 -0.25398 0.701585 -0.359876 -0.829457
0.00969994 -0.335413 -0.270446 0.699687 -0.207504 -0.833867
0.00784326 -0.358678 -0.289135 0.697553 -0.00856562 -0.837654
0.00621617 -0.379106 -0.31017 0.695146 0.154232 -0.840915
0.0047852 -0.396881 -0.333611 0.692424 0.246475 -0.843733
0.00352232 -0.412236 -0.359425 0.689336 0.290833 -0.846177
0.00240397 -0.42543 -0.387473 0.685826 0.312217 -0.848303
0.00141035 -0.436726 -0.417497 0.681827 0.323312 -0.850159
0.00826391 -0.446376 -0.449117 0.677261 0.329574 -0.851786
0.0220834 -0.454613 -0.481846 0.67204 0.328617 -0.853216
0.0525253 -0.461647 -0.515113 0.666063 0.327563 -0.854479
0.120863 -0.46766 -0.548303 0.659218 0.326399 -0.855597
0.25135 -0.472811 -0.580798 0.651318 0.32511 -0.856591
0.4217 -0.477234 -0.612025 0.641881 0.323679 -0.849738
0.561091 -0.481043 -0.641494 0.630986 0.322085 -0.835921
0.640066 -0.484335 -0.668827 0.618433 0.320309 -0.805484
0.678043 -0.487189 -0.693773 0.60402 0.318333 -0.737157
0.69635 -0.489672 -0.71621 0.587554 0.316117 -0.606683
0.70585 -0.49184 -0.736131 0.568865 0.313625 -0.436335
0.711212 -0.493741 -0.753624 0.54783 0.310814 -0.296933
0.71121 -0.495412 -0.768844 0.524389 0.307635 -0.217947
0.710391 -0.496887 -0.781993 0.498575 0.304029 -0.179964
0.709488 -0.498193 -0.793291 0.470527 0.29993 -0.161653
0.708491 -0.499353 -0.802963 0.440503 0.29526 -0.152152
0.707387 -0.491349 -0.811226 0.408883 0.289927 -0.14679
0.706162 -0.47521 -0.818279 0.376154 0.28383 -0.147609
0.704798 -0.439659 -0.824302 0.342887 0.27685 -0.148512
0.703288 -0.359852 -0.829451 0.309697 0.268857 -0.149509
0.701601 -0.207465 -0.833862 0.277202 0.25963 -0.150613
0.69971 -0.00852472 -0.837649 0.245975 0.24861 -0.151838
0.697585 0.15426 -0.840911 0.216506 0.235886 -0.153202
0.69519 0.246489 -0.84373 0.189173 0.221226 -0.154724
0.692485 0.29084 -0.846174 0.164227 0.204394 -0.156415
0.689421 0.31222 -0.8483 0.14179 0.185164 -0.158313
0.685944 0.323314 -0.850157 0.121869 0.163339 -0.160447
0.681989 0.329576 -0.851784 0.104376 0.138773 -0.162854
0.677486 0.329574 -0.853215 0.0891557 0.111399 -0.165576
0.672351 0.328617 -0.854478 0.0760072 0.0812523 -0.168664
0.666495 0.327563 -0.855596 0.0647094 0.0484963 -0.172174
0.659425 0.326399 -0.85659 0.0550371 0.0134333 -0.176173
0.651254 0.32511 -0.849736 0.046774 -0.0234938 -0.180739
0.641811 0.323679 -0.835917 0.0397206 -0.0617153 -0.18596
0.630908 0.322085 -0.805475 0.0336979 -0.100566 -0.191937
0.618347 0.320323 -0.737137 0.0285489 -0.139326 -0.198782
0.603926 0.318352 -0.60665 0.0241383 -0.177275 -0.206682
0.587451 0.316144 -0.4363 0.0203507 -0.213743 -0.216119
0.568754 0.313662 -0.296909 0.0170886 -0.248158 -0.227014
0.54771 0.310865 -0.217934 0.01427 -0.280078 -0.239567
0.524262 0.307706 -0.179957 0.0118262 -0.30921 -0.25398
0.498442 0.304128 -0.16165 0.00969994 -0.335413 -0.270446
0.470389 0.300067 -0.15215 0.00784326 -0.358678 -0.289135
0.440362 0.295449 -0.146788 0.00621617 -0.379106 -0.31017
0.408741 0.29019 -0.14679 0.0047852 -0.396881 -0.333611
0.376014 0.284194 -0.147609 0.00352232 -0.412236 -0.359425
0.342751 0.277354 -0.148512 0.00240397 -0.42543 -0.387473
0.309568 0.269097 -0.149509 0.00141035 -0.436726 -0.417497
0.277081 0.259555 -0.150613 0.00826391 -0.446376 -0.449117
0.245864 0.248527 -0.151838 0.0220834 -0.454613 -0.481846
0.216406 0.235795 -0.153202 0.0525253 -0.461647 -0.515113
0.189084 0.221126 -0.154712 0.120863 -0.46766 -0.548303
0.164149 0.204284 -0.156399 0.25135 -0.472811 -0.580798
0.141723 0.185045 -0.15829 0.4217 -0.477234 -0.612025
0.121811 0.163209 -0.160415 0.561091 -0.481043 -0.641494
0.104328 0.138634 -0.16281 0.640066 -0.484335 -0.668827
0.0891149 0.111251 -0.165515 0.678043 -0.487189 -0.693773
0.0759731 0.0810965 -0.168579 0.69635 -0.489672 -0.71621
0.064681 0.0483349 -0.172056 0.70585 -0.49184 -0.736131
0.0550135 0.0132685 -0.176011 0.711212 -0.493741 -0.753624
0.0467545 -0.0236593 -0.180514 0.71121 -0.495412 -0.768844
0.0397044 -0.0618787 -0.185649 0.710391 -0.496887 -0.781993
0.0336844 -0.100724 -0.191505 0.709488 -0.498193 -0.793291
0.0285377 -0.139476 -0.198575 0.708491 -0.499353 -0.802963
0.0241289 -0.177416 -0.206746 0.707387 -0.491349 -0.811226
0.0203429 -0.213872 -0.216189 0.706162 -0.47521 -0.818279
0.017082 -0.248275 -0.227092 0.704798 -0.439659 -0.824302
0.0142644 -0.280182 -0.239653 0.703288 -0.359852 -0.829451
0.0118215 -0.309302 -0.254074 0.701601 -0.207465 -0.833862
0.00969592 -0.335492 -0.270549 0.69971 -0.00852472 -0.837649
0.00783983 -0.358745 -0.289246 0.697585 0.15426 -0.840911
0.00621322 -0.379163 -0.31029 0.69519 0.246489 -0.84373
0.00478266 -0.396929 -0.333738 0.692485 0.29084 -0.846174
0.00352012 -0.412276 -0.359558 0.689421 0.31222 -0.8483
0.00240206 -0.425463 -0.387611 0.685944 0.323314 -0.850157
0.00756073 -0.436753 -0.417638 0.681989 0.329576 -0.851784
0.0192214 -0.446399 -0.449259 0.677486 0.329574 -0.853215
0.0431353 -0.454632 -0.481986 0.672351 0.328617 -0.854478
0.0940215 -0.461662 -0.515249 0.666495 0.327563 -0.855596
0.193507 -0.467673 -0.548432 0.659425 0.326399 -0.85659
0.342525 -0.472821 -0.580919 0.651254 0.32511 -0.849736
0.493366 -0.477243 -0.612136 0.641811 0.323679 -0.835917
0.598014 -0.481051 -0.641594 0.630908 0.322085 -0.805475
0.654902 -0.484342 -0.668916 0.618347 0.320323 -0.737137
0.683467 -0.487194 -0.693851 0.603926 0.318352 -0.60665
0.698218 -0.489677 -0.716277 0.587451 0.316144 -0.4363
0.706371 -0.491844 -0.736189 0.568754 0.313662 -0.296909
0.71121 -0.493744 -0.753672 0.54771 0.310865 -0.217934
0.710377 -0.495415 -0.768885 0.524262 0.307706 -0.179957
0.709457 -0.496889 -0.782027 0.498442 0.304128 -0.16165
0.70844 -0.498195 -0.793319 0.470389 0.300067 -0.15215
0.707312 -0.49217 -0.802986 0.440362 0.295449 -0.146788
0.706058 -0.478553 -0.811245 0.408741 0.29019 -0.14679
0.704658 -0.450625 -0.818296 0.376014 0.284194 -0.147609
0.703106 -0.391199 -0.824316 0.342751 0.277354 -0.148512
0.701367 -0.275017 -0.829462 0.309568 0.269097 -0.149509
0.699414 -0.100989 -0.833871 0.277081 0.259555 -0.150613
0.697213 0.0751689 -0.837657 0.245864 0.248527 -0.151838
0.694727 0.19738 -0.840918 0.216406 0.235795 -0.153202
0.691911 0.263815 -0.843736 0.189084 0.221126 -0.154712
0.688714 0.297174 -0.846179 0.164149 0.204284 -0.156399
0.685075 0.314401 -0.848304 0.141723 0.185045 -0.15829
0.680924 0.323922 -0.85016 0.121811 0.163209 -0.160415
0.676183 0.329574 -0.851787 0.104328 0.138634 -0.16281
0.670763 0.328601 -0.853217 0.0891149 0.111251 -0.165515
0.664562 0.327527 -0.85448 0.0759731 0.0810965 -0.168579
0.657123 0.326339 -0.855598 0.064681 0.0483349 -0.172056
0.648443 0.325022 -0.850439 0.0550135 0.0132685 -0.176011
0.638389 0.323557 -0.838779 0.0467545 -0.0236593 -0.180514
0.626761 0.321922 -0.814865 0.0397044 -0.0618787 -0.185649
0.613347 0.320109 -0.763978 0.0336844 -0.100724 -0.191505
0.597938 0.318079 -0.664493 0.0285377 -0.139476 -0.198575
0.580337 0.315798 -0.515475 0.0241289 -0.177416 -0.206746
0.560384 0.313228 -0.364634 0.0203429 -0.213872 -0.216189
0.537973 0.310325 -0.259986 0.017082 -0.248275 -0.227092
0.51308 0.307036 -0.203098 0.0142644 -0.280182 -0.239653
0.485786 0.303302 -0.174533 0.0118215 -0.309302 -0.254074
0.456294 0.299052 -0.159782 0.00969592 -0.335492 -0.270549
0.424937 0.294205 -0.151629 0.00783983 -0.358745 -0.289246
0.392169 0.288669 -0.14679 0.00621322 -0.379163 -0.31029
0.358551 0.282338 -0.147623 0.00478266 -0.396929 -0.333738
0.324711 0.275097 -0.148543 0.00352012 -0.412276 -0.359558
0.291302 0.26641 -0.14956 0.00240206 -0.425463 -0.387611
0.258951 0.256273 -0.150688 0.00756073 -0.436753 -0.417638
0.228214 0.244532 -0.151942 0.0192214 -0.446399 -0.449259
0.19954 0.230952 -0.153342 0.0431353 -0.454632 -0.481986
0.173245 0.215287 -0.154894 0.0940215 -0.461662 -0.515249
0.149509 0.197291 -0.156633 0.193507 -0.467673 -0.548432
0.128379 0.176737 -0.158586 0.342525 -0.472821 -0.580919
0.109798 0.153434 -0.160787 0.493366 -0.477243 -0.612136
0.0936208 0.127262 -0.163273 0.598014 -0.481051 -0.641594
0.0796501 0.098191 -0.166089 0.654902 -0.484342 -0.668916
0.0676583 0.0663166 -0.169286 0.683467 -0.487194 -0.693851
0.0574087 0.0318752 -0.172925 0.698218 -0.489677 -0.716277
0.0486709 -0.00474542 -0.177076 0.706371 -0.491844 -0.736189
0.0412307 -0.0430125 -0.181817 0.71121 -0.493744 -0.753672
0.0348948 -0.0822726 -0.187237 0.710377 -0.495415 -0.768885
0.0294936 -0.121792 -0.193438 0.709457 -0.496889 -0.782027
0.0248805 -0.160808 -0.200877 0.70844 -0.498195 -0.793319
0.0209307 -0.198589 -0.209557 0.707312 -0.49217 -0.802986
0.0175388 -0.234484 -0.219611 0.706058 -0.478553 -0.811245
0.0146164 -0.267971 -0.231239 0.704658 -0.450625 -0.818296
0.0120897 -0.298679 -0.244653 0.703106 -0.391199 -0.824316
0.00989703 -0.326399 -0.260062 0.701367 -0.275017 -0.829462
0.00798729 -0.351074 -0.277663 0.699414 -0.100989 -0.833871
0.00631777 -0.372775 -0.297616 0.697213 0.0751689 -0.837657
0.00485288 -0.391667 -0.320027 0.694727 0.19738 -0.840918
0.00356289 -0.407982 -0.34492 0.691911 0.263815 -0.843736
0.00242292 -0.421986 -0.372214 0.688714 0.297174 -0.846179
0.00141206 -0.433956 -0.401706 0.685075 0.314401 -0.848304
0.00141035 -0.444161 -0.433063 0.680924 0.323922 -0.85016
0.00756073 -0.452849 -0.465831 0.676183 0.329574 -0.851787
0.0192214 -0.460249 -0.499449 0.670763 0.328601 -0.853217
0.0431353 -0.466556 -0.533289 0.664562 0.327527 -0.85448
0.0940215 -0.471944 -0.566698 0.657123 0.326339 -0.855598
0.193507 -0.476556 -0.599049 0.648443 0.325022 -0.850439
0.342525 -0.480518 -0.629786 0.638389 0.323557 -0.838779
0.493366 -0.48393 -0.65846 0.626761 0.321922 -0.814865
0.598014 -0.486881 -0.684755 0.613347 0.320109 -0.763978
0.654902 -0.489442 -0.708491 0.597938 0.318079 -0.664493
0.683467 -0.491672 -0.729621 0.580337 0.315798 -0.515475
0.698218 -0.493622 -0.748202 0.560384 0.313228 -0.364634
0.706371 -0.495333 -0.764379 0.537973 0.310325 -0.259986
0.710392 -0.496839 -0.77835 0.51308 0.307036 -0.203098
0.709489 -0.49817 -0.790342 0.485786 0.303302 -0.174533
0.708493 -0.499351 -0.800591 0.456294 0.299052 -0.159782
0.707389 -0.499353 -0.809329 0.424937 0.294205 -0.151629
0.706164 -0.49217 -0.816769 0.392169 0.288669 -0.14679
0.7048 -0.478553 -0.823105 0.358551 0.282338 -0.147623
0.703276 -0.450625 -0.828506 0.324711 0.275097 -0.148543
0.701585 -0.391199 -0.83312 0.291302 0.26641 -0.14956
0.699687 -0.275017 -0.837069 0.258951 0.256273 -0.150688
0.697553 -0.100989 -0.840461 0.228214 0.244532 -0.151942
0.695146 0.0751689 -0.843384 0.19954 0.230952 -0.153342
0.692424 0.19738 -0.84591 0.173245 0.215287 -0.154894
0.689336 0.263815 -0.848103 0.149509 0.197291 -0.156633
0.685826 0.297174 -0.850013 0.128379 0.176737 -0.158586
0.681827 0.314401 -0.851682 0.109798 0.153434 -0.160787
0.677261 0.323922 -0.853147 0.0936208 0.127262 -0.163273
0.67204 0.328619 -0.854437 0.0796501 0.098191 -0.166089
0.666063 0.327565 -0.855577 0.0676583 0.0663166 -0.169286
0.659218 0.3264 -0.856588 0.0574087 0.0318752 -0.172925
0.651318 0.325112 -0.85659 0.0486709 -0.00474542 -0.177076
0.641881 0.323681 -0.850439 0.0412307 -0.0430125 -0.181817
0.630986 0.322088 -0.838779 0.0348948 -0.0822726 -0.187237
0.618433 0.320309 -0.814865 0.0294936 -0.121792 -0.193438
0.60402 0.318333 -0.763978 0.0248805 -0.160808 -0.200877
0.587554 0.316117 -0.664493 0.0209307 -0.198589 -0.209557
0.568865 0.313625 -0.515475 0.0175388 -0.234484 -0.219611
0.54783 0.310814 -0.364634 0.0146164 -0.267971 -0.231239
0.524389 0.307635 -0.259986 0.0120897 -0.298679 -0.244653
0.498575 0.304029 -0.203098 0.00989703 -0.326399 -0.260062
0.470527 0.29993 -0.174533 0.00798729 -0.351074 -0.277663
0.440503 0.29526 -0.159782 0.00631777 -0.372775 -0.297616
0.408883 0.289927 -0.151629 0.00485288 -0.391667 -0.320027
0.376154 0.28383 -0.147608 0.00356289 -0.407982 -0.34492
0.342887 0.27685 -0.148511 0.00242292 -0.421986 -0.372214
0.309697 0.268857 -0.149507 0.00141206 -0.433956 -0.401706
0.277202 0.25963 -0.150611 0.00141035 -0.444161 -0.433063
0.245975 0.24861 -0.151836 0.00756073 -0.452849 -0.465831
0.216506 0.235886 -0.1532 0.0192214 -0.460249 -0.499449
0.189173 0.221226 -0.154724 0.0431353 -0.466556 -0.533289
0.164227 0.204394 -0.156415 0.0940215 -0.471944 -0.566698
0.14179 0.185164 -0.158313 0.193507 -0.476556 -0.599049
0.121869 0.163339 -0.160447 0.342525 -0.480518 -0.629786
0.104376 0.138773 -0.162854 0.493366 -0.48393 -0.65846
0.0891557 0.111399 -0.165576 0.598014 -0.486881 -0.684755
0.0760072 0.0812523 -0.168664 0.654902 -0.489442 -0.708491
0.0647094 0.0484963 -0.172174 0.683467 -0.491672 -0.729621
0.0550371 0.0134333 -0.176173 0.698218 -0.493622 -0.748202
0.046774 -0.0234938 -0.180739 0.706371 -0.495333 -0.764379
0.0397206 -0.0617153 -0.18596 0.710392 -0.496839 -0.77835
0.0336979 -0.100566 -0.191937 0.709489 -0.49817 -0.790342
0.0285489 -0.139326 -0.198782 0.708493 -0.499351 -0.800591
0.0241383 -0.177275 -0.206682 0.707389 -0.499353 -0.809329
0.0203507 -0.213743 -0.216119 0.706164 -0.49217 -0.816769
0.0170886 -0.248158 -0.227014 0.7048 -0.478553 -0.823105
0.01427 -0.280078 -0.239567 0.703276 -0.450625 -0.828506
0.0118262 -0.30921 -0.25398 0.701585 -0.391199 -0.83312
0.00969994 -0.335413 -0.270446 0.699687 -0.275017 -0.837069
0.00784326 -0.358678 -0.289135 0.697553 -0.100989 -0.840461
0.00621617 -0.379106 -0.31017 0.695146 0.0751689 -0.843384
0.0047852 -0.396881 -0.333611 0.692424 0.19738 -0.84591
0.00352232 -0.412236 -0.359425 0.689336 0.263815 -0.848103
0.00240397 -0.42543 -0.387473 0.685826 0.297174 -0.850013
0.00141035 -0.436726 -0.417497 0.681827 0.314401 -0.851682
0.00826391 -0.446376 -0.449117 0.677261 0.323922 -0.853147
0.0220834 -0.454613 -0.481846 0.67204 0.328619 -0.854437
0.0525253 -0.461647 -0.515113 0.666063 0.327565 -0.855577
0.120863 -0.46766 -0.548303 0.659218 0.3264 -0.856588
0.25135 -0.472811 -0.580798 0.651318 0.325112 -0.85659
0.4217 -0.477234 -0.612025 0.641881 0.323681 -0.850439
0.561091 -0.481043 -0.641494 0.630986 0.322088 -0.838779
0.640066 -0.484335 -0.668827 0.618433 0.320309 -0.814865
0.678043 -0.487189 -0.693773 0.60402 0.318333 -0.763978
0.69635 -0.489672 -0.71621 0.587554 0.316117 -0.664493
0.70585 -0.49184 -0.736131 0.568865 0.313625 -0.515475
0.711212 -0.493741 -0.753624 0.54783 0.310814 -0.364634
0.710392 -0.495412 -0.768844 0.524389 0.307635 -0.259986
0.709489 -0.496887 -0.781993 0.498575 0.304029 -0.203098
0.708493 -0.498193 -0.793291 0.470527 0.29993 -0.174533
0.707389 -0.499353 -0.802963 0.440503 0.29526 -0.159782
0.706164 -0.491349 -0.811226 0.408883 0.289927 -0.151629
0.7048 -0.47521 -0.818279 0.376154 0.28383 -0.147608
0.703276 -0.439659 -0.824302 0.342887 0.27685 -0.148511
0.701586 -0.359852 -0.829451 0.309697 0.268857 -0.149507
0.69969 -0.207465 -0.833862 0.277202 0.25963 -0.150611
0.697558 -0.00852472 -0.837649 0.245975 0.24861 -0.151836
0.695156 0.15426 -0.840911 0.216506 0.235886 -0.1532
0.692439 0.246489 -0.84373 0.189173 0.221226 -0.154724
0.689361 0.29084 -0.846174 0.164227 0.204394 -0.156415
0.685864 0.31222 -0.8483 0.14179 0.185164 -0.158313
0.681884 0.323314 -0.850157 0.121869 0.163339 -0.160447
0.677346 0.329576 -0.851784 0.104376 0.138773 -0.162854
0.672164 0.328619 -0.853215 0.0891557 0.111399 -0.165576
0.666245 0.327565 -0.854478 0.0760072 0.0812523 -0.168664
0.659482 0.3264 -0.855596 0.0647094 0.0484963 -0.172174
0.651318 0.325112 -0.85659 0.0550371 0.0134333 -0.176173
0.641881 0.323681 -0.849736 0.046774 -0.0234938 -0.180739
0.630986 0.322088 -0.835917 0.0397206 -0.0617153 -0.18596
0.618433 0.320309 -0.805475 0.0336979 -0.100566 -0.191937
0.60402 0.318334 -0.737137 0.0285489 -0.139326 -0.198782
0.587554 0.31612 -0.60665 0.0241383 -0.177275 -0.206682
0.568865 0.313631 -0.4363 0.0203507 -0.213743 -0.216119
0.54783 0.310825 -0.296909 0.0170886 -0.248158 -0.227014
0.524389 0.307653 -0.217934 0.01427 -0.280078 -0.239567
0.498575 0.304058 -0.179957 0.0118262 -0.30921 -0.25398
0.470527 0.299974 -0.16165 0.00969994 -0.335413 -0.270446
0.440503 0.295326 -0.15215 0.00784326 -0.358678 -0.289135
0.408883 0.290026 -0.146788 0.00621617 -0.379106 -0.31017
0.376154 0.283975 -0.147608 0.0047852 -0.396881 -0.333611
0.342887 0.277062 -0.148511 0.00352232 -0.412236 -0.359425
0.309697 0.269165 -0.149507 0.00240397 -0.42543 -0.387473
0.277202 0.25963 -0.150611 0.00141035 -0.436726 -0.417497
0.245975 0.24861 -0.151836 0.00826391 -0.446376 -0.449117
0.216506 0.235886 -0.1532 0.0220834 -0.454613 -0.481846
0.189173 0.221226 -0.154724 0.0525253 -0.461647 -0.515113
0.164227 0.204394 -0.156414 0.120863 -0.46766 -0.548303
0.14179 0.185164 -0.15831 0.25135 -0.472811 -0.580798
0.121869 0.163339 -0.160442 0.4217 -0.477234 -0.612025
0.104376 0.138773 -0.162844 0.561091 -0.481043 -0.641494
0.0891557 0.111399 -0.165561 0.640066 -0.484335 -0.668827
0.0760072 0.0812523 -0.168639 0.678043 -0.487189 -0.693773
0.0647094 0.0484963 -0.172136 0.69635 -0.489672 -0.71621
0.0550371 0.0134333 -0.176116 0.70585 -0.49184 -0.736131
0.046774 -0.0234938 -0.180654 0.711212 -0.493741 -0.753624
0.0397206 -0.0617153 -0.185836 0.710392 -0.495412 -0.768844
0.0336979 -0.100566 -0.191755 0.709489 -0.496887 -0.781993
0.0285489 -0.139326 -0.198518 0.708493 -0.498193 -0.793291
0.0241383 -0.177275 -0.206682 0.707389 -0.499353 -0.802963
0.0203507 -0.213743 -0.216119 0.706164 -0.491349 -0.811226
0.0170886 -0.248158 -0.227014 0.7048 -0.47521 -0.818279
0.01427 -0.280078 -0.239567 0.703276 -0.439659 -0.824302
0.0118262 -0.30921 -0.25398 0.701586 -0.359852 -0.829451
0.00969994 -0.335413 -0.270446 0.69969 -0.207465 -0.833862
0.00784326 -0.358678 -0.289135 0.697558 -0.00852472 -0.837649
0.00621617 -0.379106 -0.31017 0.695156 0.15426 -0.840911
0.0047852 -0.396881 -0.333611 0.692439 0.246489 -0.84373
0.00352232 -0.412236 -0.359425 0.689361 0.29084 -0.846174
0.00240397 -0.42543 -0.387473 0.685864 0.31222 -0.8483
0.00141035 -0.436726 -0.417497 0.681884 0.323314 -0.850157
0.00826391 -0.446376 -0.449117 0.677346 0.329576 -0.851784
0.0220834 -0.454613 -0.481846 0.672164 0.328619 -0.853215
0.0525253 -0.461647 -0.515113 0.666245 0.327565 -0.854478
0.120863 -0.46766 -0.548303 0.659482 0.3264 -0.855596
0.25135 -0.472811 -0.580798 0.651318 0.325112 -0.85659
0.4217 -0.477234 -0.612025 0.641881 0.323681 -0.849736
0.561091 -0.481043 -0.641494 0.630986 0.322088 -0.835917
0.640066 -0.484335 -0.668827 0.618433 0.320309 -0.805475
