0.3575 -0.0835 -0.5005 0.3575 -0.0835 -0.5005
0.3575 -0.0835 -0.5005 0.3575 -0.0835 -0.5005
-0.00942046 -0.0835 -0.5005 0.3575 -0.0835 -0.5005
0.724576 -0.0835 -0.5005 0.3575 -0.0835 -0.5005
0.640965 -0.0835 -0.5005 0.3575 -0.0835 -0.5005
0.00138624 -0.0835 -0.5005 0.3575 -0.0835 -0.5005
0.00138624 -0.0835 -0.5005 0.3575 -0.0835 -0.5005
0.00138624 -0.0835 -0.5005 0.3575 -0.0835 -0.5005
0.00138624 -0.0835 -0.5005 0.3575 -0.0835 -0.5005
0.00138624 -0.0835 -0.5005 0.3575 -0.0835 -0.5005
0.00138624 -0.0835 -0.5005 0.3575 -0.0835 -0.5005
0.00138624 -0.0835 -0.5005 0.3575 -0.0835 -0.5005
0.00138624 -0.0835 -0.5005 0.3575 -0.0835 -0.5005
0.00138624 -0.0835 -0.5005 0.3575 -0.0835 -0.5005
0.00138624 -0.0835 -0.5005 0.3575 -0.0835 -0.5005
0.00138624 -0.0835 -0.5005 0.3575 -0.0835 -0.5005
0.00138624 -0.0835 -0.5005 0.3575 -0.0835 -0.5005
0.00138624 -0.0835 -0.5005 0.3575 -0.0835 -0.5005
0.00138624 -0.512002 -0.5005 0.3575 -0.0835 -0.5005
0.00138624 0.345183 -0.5005 0.3575 -0.0835 -0.5005
0.711202 0.247539 -0.5005 0.3575 -0.0835 -0.5005
0.711202 -0.499381 -0.5005 0.3575 -0.0835 -0.5005
0.711202 -0.499381 -0.5005 0.3575 -0.0835 -0.5005
0.711202 -0.499381 -0.5005 0.3575 -0.0835 -0.5005
0.707456 -0.499381 -0.5005 0.3575 -0.0835 -0.5005
0.701796 -0.499381 -0.5005 0.3575 -0.0835 -0.5005
0.69352 -0.499381 -0.5005 0.3575 -0.0835 -0.5005
0.679052 -0.499381 -0.5005 0.3575 -0.0835 -0.5005
0.654041 -0.499381 -0.5005 0.3575 -0.0835 -0.5005
0.610113 -0.499381 -0.5005 0.3575 -0.0835 -0.5005
0.535724 -0.499381 -0.5005 0.3575 -0.0835 -0.5005
0.425951 -0.499381 -0.5005 0.3575 -0.0835 -0.5005
0.296499 -0.499381 -0.5005 0.3575 -0.0835 -0.5005
0.18042 -0.499381 -0.5005 0.3575 -0.0835 -0.5005
0.099937 -0.499381 -0.86742 0.3575 -0.0835 -0.5005
0.0531511 -0.499381 -0.133424 0.3575 -0.0835 -0.5005
0.027833 0.329565 -0.217035 0.3575 -0.0835 -0.5005
0.0140365 0.329565 -0.856614 0.3575 -0.0835 -0.5005
0.00617507 0.329565 -0.856614 0.3575 -0.0835 -0.5005
0.00144389 0.329565 -0.856614 0.3575 -0.0835 -0.5005
0.00143633 0.32519 -0.856614 0.3575 -0.0835 -0.5005
0.00142943 0.31858 -0.856614 0.3575 -0.0835 -0.5005
0.00142313 0.308915 -0.856614 0.3575 -0.0835 -0.5005
0.00141739 0.292019 -0.856614 0.3575 -0.0835 -0.5005
0.0525795 0.26281 -0.856614 0.3575 -0.0835 -0.5005
0.421897 0.21151 -0.856614 0.3575 -0.0835 -0.5005
0.678077 0.124636 -0.856614 0.3575 -0.0835 -0.5005
0.711219 -0.00356083 -0.856614 0.3575 -0.0835 -0.5005
0.708343 -0.154739 -0.856614 0.3575 -0.0835 -0.5005
0.704371 -0.2903 -0.856614 0.3575 -0.0835 -0.5005
0.698774 -0.38429 -0.856614 -0.00942046 -0.0835 -0.5005
0.690659 -0.438928 -0.856614 0.724576 -0.0835 -0.5005
0.678568 -0.468496 -0.146798 0.640965 -0.0835 -0.5005
0.66023 -0.484608 -0.146798 0.00138624 -0.0835 -0.5005
0.630391 -0.493789 -0.146798 0.00138624 -0.0835 -0.5005
0.583988 -0.499314 -0.146798 0.00138624 -0.0835 -0.5005
0.515607 -0.499323 -0.150544 0.00138624 -0.0835 -0.5005
0.42485 -0.499331 -0.156204 0.00138624 -0.0835 -0.5005
0.321252 -0.499338 -0.16448 0.00138624 -0.0835 -0.5005
0.222229 -0.499345 -0.178948 0.00138624 -0.0835 -0.5005
0.142845 -0.439596 -0.203959 0.00138624 -0.0835 -0.5005
0.0877471 -0.00829502 -0.247887 0.00138624 -0.0835 -0.5005
0.0528451 0.29088 -0.322276 0.00138624 -0.0835 -0.5005
0.0315402 0.329584 -0.432049 0.00138624 -0.0835 -0.5005
0.0184964 0.326226 -0.561501 0.00138624 -0.0835 -0.5005
0.0103071 0.321588 -0.67758 0.00138624 -0.0835 -0.5005
0.00498824 0.315051 -0.758063 0.00138624 -0.512002 -0.5005
0.00141018 0.305574 -0.804849 0.00138624 0.345183 -0.5005
0.0525222 0.291453 -0.830167 0.711202 0.247539 -0.5005
0.421683 0.270038 -0.843963 0.711202 -0.499381 -0.5005
0.678038 0.235191 -0.851825 0.711202 -0.499381 -0.5005
0.711211 0.181 -0.856556 0.711202 -0.499381 -0.5005
0.708333 0.101142 -0.856564 0.707456 -0.499381 -0.5005
0.704359 -0.00484693 -0.856571 0.701796 -0.499381 -0.5005
0.698774 -0.125831 -0.856577 0.69352 -0.499381 -0.5005
0.690659 -0.241474 -0.856583 0.679052 -0.499381 -0.5005
0.678568 -0.334181 -0.805421 0.654041 -0.499381 -0.5005
0.66023 -0.398526 -0.436103 0.610113 -0.499381 -0.5005
0.630391 -0.439286 -0.179923 0.535724 -0.499381 -0.5005
0.583988 -0.464166 -0.146781 0.425951 -0.499381 -0.5005
0.515607 -0.479399 -0.149657 0.296499 -0.499381 -0.5005
0.42485 -0.488963 -0.153629 0.18042 -0.499381 -0.5005
0.321252 -0.495175 -0.159226 0.099937 -0.499381 -0.86742
0.222229 -0.499353 -0.167341 0.0531511 -0.499381 -0.133424
0.142845 -0.439663 -0.179432 0.027833 0.329565 -0.217035
0.0877471 -0.00854514 -0.19777 0.0140365 0.329565 -0.856614
0.0528451 0.290835 -0.227609 0.00617507 0.329565 -0.856614
0.0315402 0.329575 -0.274012 0.00144389 0.329565 -0.856614
0.0184964 0.326214 -0.342393 0.00143633 0.32519 -0.856614
0.0103071 0.321573 -0.43315 0.00142943 0.31858 -0.856614
0.00498824 0.315051 -0.536748 0.00142313 0.308915 -0.856614
0.0525634 0.305574 -0.635771 0.00141739 0.292019 -0.856614
0.421827 0.291453 -0.715155 0.0525795 0.26281 -0.856614
0.678063 0.270038 -0.770253 0.421897 0.21151 -0.856614
0.711215 0.235191 -0.805155 0.678077 0.124636 -0.856614
0.708161 0.181 -0.82646 0.711219 -0.00356083 -0.856614
0.703863 0.101142 -0.839504 0.708343 -0.154739 -0.856614
0.697678 -0.00484693 -0.847693 0.704371 -0.2903 -0.856614
0.688468 -0.125831 -0.853012 0.698774 -0.38429 -0.856614
0.674346 -0.241474 -0.85659 0.690659 -0.438928 -0.856614
0.652292 -0.334181 -0.805478 0.678568 -0.468496 -0.146798
0.61564 -0.398526 -0.436317 0.66023 -0.484608 -0.146798
0.558198 -0.439286 -0.179962 0.630391 -0.493789 -0.146798
0.475222 -0.464166 -0.146789 0.583988 -0.499314 -0.146798
0.37105 -0.479399 -0.149667 0.515607 -0.499323 -0.150544
0.262327 -0.488963 -0.153641 0.42485 -0.499331 -0.156204
0.169347 -0.495175 -0.159226 0.321252 -0.499338 -0.16448
0.102714 -0.439615 -0.167341 0.222229 -0.499345 -0.178948
0.0604757 -0.00837712 -0.179432 0.142845 -0.439596 -0.203959
0.0352051 0.290863 -0.19777 0.0877471 -0.00829502 -0.247887
0.0201739 0.32958 -0.227609 0.0528451 0.29088 -0.322276
0.0110127 0.326013 -0.274012 0.0315402 0.329584 -0.432049
0.00522015 0.320994 -0.342393 0.0184964 0.326226 -0.561501
0.00141188 0.313771 -0.43315 0.0103071 0.321588 -0.67758
0.0014064 0.303016 -0.536748 0.00498824 0.315051 -0.758063
0.0524925 0.286523 -0.635771 0.00141018 0.305574 -0.804849
0.421572 0.260768 -0.715155 0.0525222 0.291453 -0.830167
0.678019 0.217964 -0.770253 0.421683 0.270038 -0.843963
0.711206 0.150882 -0.805155 0.678038 0.235191 -0.851825
0.708328 0.0539792 -0.82646 0.711211 0.181 -0.856556
0.704359 -0.0676757 -0.839504 0.708333 0.101142 -0.856564
0.698774 -0.194646 -0.847693 0.704359 -0.00484693 -0.856571
0.690659 -0.303232 -0.853012 0.698774 -0.125831 -0.856577
0.678568 -0.381047 -0.805437 0.690659 -0.241474 -0.856583
0.66023 -0.430375 -0.436173 0.678568 -0.334181 -0.805421
0.630391 -0.459886 -0.179937 0.66023 -0.398526 -0.436103
0.583988 -0.47744 -0.146785 0.630391 -0.439286 -0.179923
0.515607 -0.488139 -0.149839 0.583988 -0.464166 -0.146781
0.42485 -0.494904 -0.154137 0.515607 -0.479399 -0.149657
0.321252 -0.499351 -0.160322 0.42485 -0.488963 -0.153629
0.222229 -0.499358 -0.169532 0.321252 -0.495175 -0.159226
0.142845 -0.439698 -0.183654 0.222229 -0.499353 -0.167341
0.0877471 -0.00867419 -0.205708 0.142845 -0.439663 -0.179432
0.0528451 0.290812 -0.24236 0.0877471 -0.00854514 -0.19777
0.0315402 0.32957 -0.299802 0.0528451 0.290835 -0.227609
0.0184964 0.326208 -0.382778 0.0315402 0.329575 -0.274012
0.0103071 0.321573 -0.48695 0.0184964 0.326214 -0.342393
0.00498824 0.315051 -0.595673 0.0103071 0.321573 -0.43315
0.00141018 0.305574 -0.688653 0.00498824 0.315051 -0.536748
0.0525222 0.291453 -0.755286 0.0525634 0.305574 -0.635771
0.421683 0.270038 -0.797524 0.421827 0.291453 -0.715155
0.678038 0.235191 -0.822795 0.678063 0.270038 -0.770253
0.711211 0.181 -0.837826 0.711215 0.235191 -0.805155
0.708333 0.101142 -0.846987 0.708161 0.181 -0.82646
0.704359 -0.00484693 -0.85278 0.703863 0.101142 -0.839504
0.698774 -0.125831 -0.856588 0.697678 -0.00484693 -0.847693
0.690659 -0.241474 -0.856594 0.688468 -0.125831 -0.853012
0.678568 -0.334181 -0.805508 0.674346 -0.241474 -0.85659
0.66023 -0.398526 -0.436428 0.652292 -0.334181 -0.805478
0.630391 -0.439286 -0.179981 0.61564 -0.398526 -0.436317
0.583988 -0.464166 -0.146794 0.558198 -0.439286 -0.179962
0.515607 -0.479399 -0.149672 0.475222 -0.464166 -0.146789
0.42485 -0.488963 -0.153641 0.37105 -0.479399 -0.149667
0.321252 -0.495175 -0.159226 0.262327 -0.488963 -0.153641
0.222229 -0.499353 -0.167341 0.169347 -0.495175 -0.159226
0.142845 -0.439663 -0.179432 0.102714 -0.439615 -0.167341
0.0877471 -0.00854514 -0.19777 0.0604757 -0.00837712 -0.179432
0.0528451 0.290835 -0.227609 0.0352051 0.290863 -0.19777
0.0315402 0.329575 -0.274012 0.0201739 0.32958 -0.227609
0.0184964 0.326214 -0.342393 0.0110127 0.326013 -0.274012
0.0103071 0.321573 -0.43315 0.00522015 0.320994 -0.342393
0.00498824 0.315051 -0.536748 0.00141188 0.313771 -0.43315
0.0525634 0.305574 -0.635771 0.0014064 0.303016 -0.536748
0.421827 0.291453 -0.715155 0.0524925 0.286523 -0.635771
0.678063 0.270038 -0.770253 0.421572 0.260768 -0.715155
0.711215 0.235191 -0.805155 0.678019 0.217964 -0.770253
0.708161 0.181 -0.82646 0.711206 0.150882 -0.805155
0.703863 0.101142 -0.839504 0.708328 0.0539792 -0.82646
0.697678 -0.00484693 -0.847693 0.704359 -0.0676757 -0.839504
0.688468 -0.125831 -0.853012 0.698774 -0.194646 -0.847693
0.674346 -0.241474 -0.85659 0.690659 -0.303232 -0.853012
0.652292 -0.334181 -0.805478 0.678568 -0.381047 -0.805437
0.61564 -0.398526 -0.436317 0.66023 -0.430375 -0.436173
0.558198 -0.439286 -0.179962 0.630391 -0.459886 -0.179937
0.475222 -0.464166 -0.146789 0.583988 -0.47744 -0.146785
0.37105 -0.479399 -0.149667 0.515607 -0.488139 -0.149839
0.262327 -0.488963 -0.153641 0.42485 -0.494904 -0.154137
0.169347 -0.495175 -0.159226 0.321252 -0.499351 -0.160322
0.102714 -0.439615 -0.167341 0.222229 -0.499358 -0.169532
0.0604757 -0.00837712 -0.179432 0.142845 -0.439698 -0.183654
0.0352051 0.290863 -0.19777 0.0877471 -0.00867419 -0.205708
0.0201739 0.32958 -0.227609 0.0528451 0.290812 -0.24236
0.0110127 0.326013 -0.274012 0.0315402 0.32957 -0.299802
0.00522015 0.320994 -0.342393 0.0184964 0.326208 -0.382778
0.00141188 0.313771 -0.43315 0.0103071 0.321573 -0.48695
0.0014064 0.303016 -0.536748 0.00498824 0.315051 -0.595673
0.0524925 0.286523 -0.635771 0.00141018 0.305574 -0.688653
0.421572 0.260768 -0.715155 0.0525222 0.291453 -0.755286
0.678019 0.217964 -0.770253 0.421683 0.270038 -0.797524
0.711206 0.150882 -0.805155 0.678038 0.235191 -0.822795
0.708328 0.0539792 -0.82646 0.711211 0.181 -0.837826
0.704359 -0.0676757 -0.839504 0.708333 0.101142 -0.846987
0.698774 -0.194646 -0.847693 0.704359 -0.00484693 -0.85278
0.690659 -0.303232 -0.853012 0.698774 -0.125831 -0.856588
0.678568 -0.381047 -0.805437 0.690659 -0.241474 -0.856594
0.66023 -0.430375 -0.436173 0.678568 -0.334181 -0.805508
0.630391 -0.459886 -0.179937 0.66023 -0.398526 -0.436428
0.583988 -0.47744 -0.146785 0.630391 -0.439286 -0.179981
0.515607 -0.488139 -0.149839 0.583988 -0.464166 -0.146794
0.42485 -0.494904 -0.154137 0.515607 -0.479399 -0.149672
0.321252 -0.499351 -0.160322 0.42485 -0.488963 -0.153641
0.222229 -0.499358 -0.169532 0.321252 -0.495175 -0.159226
0.142845 -0.439698 -0.183654 0.222229 -0.499353 -0.167341
0.0877471 -0.00867419 -0.205708 0.142845 -0.439663 -0.179432
0.0528451 0.290812 -0.24236 0.0877471 -0.00854514 -0.19777
0.0315402 0.32957 -0.299802 0.0528451 0.290835 -0.227609
0.0184964 0.326208 -0.382778 0.0315402 0.329575 -0.274012
0.0103071 0.321573 -0.48695 0.0184964 0.326214 -0.342393
0.00498824 0.315051 -0.595673 0.0103071 0.321573 -0.43315
0.00141018 0.305574 -0.688653 0.00498824 0.315051 -0.536748
0.0525222 0.291453 -0.755286 0.0525634 0.305574 -0.635771
0.421683 0.270038 -0.797524 0.421827 0.291453 -0.715155
0.678038 0.235191 -0.822795 0.678063 0.270038 -0.770253
0.711211 0.181 -0.837826 0.711215 0.235191 -0.805155
0.708333 0.101142 -0.846987 0.708161 0.181 -0.82646
0.704359 -0.00484693 -0.85278 0.703863 0.101142 -0.839504
0.698774 -0.125831 -0.856588 0.697678 -0.00484693 -0.847693
0.690659 -0.241474 -0.856594 0.688468 -0.125831 -0.853012
0.678568 -0.334181 -0.805508 0.674346 -0.241474 -0.85659
0.66023 -0.398526 -0.436428 0.652292 -0.334181 -0.805478
0.630391 -0.439286 -0.179981 0.61564 -0.398526 -0.436317
0.583988 -0.464166 -0.146794 0.558198 -0.439286 -0.179962
0.515607 -0.479399 -0.149672 0.475222 -0.464166 -0.146789
0.42485 -0.488963 -0.153641 0.37105 -0.479399 -0.149667
0.321252 -0.495175 -0.159226 0.262327 -0.488963 -0.153641
0.222229 -0.499353 -0.167341 0.169347 -0.495175 -0.159226
0.142845 -0.439663 -0.179432 0.102714 -0.439615 -0.167341
0.0877471 -0.00854514 -0.19777 0.0604757 -0.00837712 -0.179432
0.0528451 0.290835 -0.227609 0.0352051 0.290863 -0.19777
0.0315402 0.329575 -0.274012 0.0201739 0.32958 -0.227609
0.0184964 0.326214 -0.342393 0.0110127 0.326013 -0.274012
0.0103071 0.321573 -0.43315 0.00522015 0.320994 -0.342393
0.00498824 0.315051 -0.536748 0.00141188 0.313771 -0.43315
0.0525634 0.305574 -0.635771 0.0014064 0.303016 -0.536748
0.421827 0.291453 -0.715155 0.0524925 0.286523 -0.635771
0.678063 0.270038 -0.770253 0.421572 0.260768 -0.715155
0.711215 0.235191 -0.805155 0.678019 0.217964 -0.770253
0.708161 0.181 -0.82646 0.711206 0.150882 -0.805155
0.703863 0.101142 -0.839504 0.708328 0.0539792 -0.82646
0.697678 -0.00484693 -0.847693 0.704359 -0.0676757 -0.839504
0.688468 -0.125831 -0.853012 0.698774 -0.194646 -0.847693
0.674346 -0.241474 -0.85659 0.690659 -0.303232 -0.853012
0.652292 -0.334181 -0.805478 0.678568 -0.381047 -0.805437
0.61564 -0.398526 -0.436317 0.66023 -0.430375 -0.436173
0.558198 -0.439286 -0.179962 0.630391 -0.459886 -0.179937
0.475222 -0.464166 -0.146789 0.583988 -0.47744 -0.146785
0.37105 -0.479399 -0.149667 0.515607 -0.488139 -0.149839
0.262327 -0.488963 -0.153641 0.42485 -0.494904 -0.154137
0.169347 -0.495175 -0.159226 0.321252 -0.499351 -0.160322
0.102714 -0.439615 -0.167341 0.222229 -0.499358 -0.169532
0.0604757 -0.00837712 -0.179432 0.142845 -0.439698 -0.183654
0.0352051 0.290863 -0.19777 0.0877471 -0.00867419 -0.205708
0.0201739 0.32958 -0.227609 0.0528451 0.290812 -0.24236
0.0110127 0.326013 -0.274012 0.0315402 0.32957 -0.299802
0.00522015 0.320994 -0.342393 0.0184964 0.326208 -0.382778
0.00141188 0.313771 -0.43315 0.0103071 0.321573 -0.48695
0.0014064 0.303016 -0.536748 0.00498824 0.315051 -0.595673
0.0524925 0.286523 -0.635771 0.00141018 0.305574 -0.688653
0.421572 0.260768 -0.715155 0.0525222 0.291453 -0.755286
0.678019 0.217964 -0.770253 0.421683 0.270038 -0.797524
0.711206 0.150882 -0.805155 0.678038 0.235191 -0.822795
0.708328 0.0539792 -0.82646 0.711211 0.181 -0.837826
0.704359 -0.0676757 -0.839504 0.708333 0.101142 -0.846987
0.698774 -0.194646 -0.847693 0.704359 -0.00484693 -0.85278
0.690659 -0.303232 -0.853012 0.698774 -0.125831 -0.856588
0.678568 -0.381047 -0.805437 0.690659 -0.241474 -0.856594
0.66023 -0.430375 -0.436173 0.678568 -0.334181 -0.805508
0.630391 -0.459886 -0.179937 0.66023 -0.398526 -0.436428
0.583988 -0.47744 -0.146785 0.630391 -0.439286 -0.179981
0.515607 -0.488139 -0.149839 0.583988 -0.464166 -0.146794
0.42485 -0.494904 -0.154137 0.515607 -0.479399 -0.149672
0.321252 -0.499351 -0.160322 0.42485 -0.488963 -0.153641
0.222229 -0.499358 -0.169532 0.321252 -0.495175 -0.159226
0.142845 -0.439698 -0.183654 0.222229 -0.499353 -0.167341
0.0877471 -0.00867419 -0.205708 0.142845 -0.439663 -0.179432
0.0528451 0.290812 -0.24236 0.0877471 -0.00854514 -0.19777
0.0315402 0.32957 -0.299802 0.0528451 0.290835 -0.227609
0.0184964 0.326208 -0.382778 0.0315402 0.329575 -0.274012
0.0103071 0.321573 -0.48695 0.0184964 0.326214 -0.342393
0.00498824 0.315051 -0.595673 0.0103071 0.321573 -0.43315
0.00141018 0.305574 -0.688653 0.00498824 0.315051 -0.536748
0.0525222 0.291453 -0.755286 0.0525634 0.305574 -0.635771
0.421683 0.270038 -0.797524 0.421827 0.291453 -0.715155
0.678038 0.235191 -0.822795 0.678063 0.270038 -0.770253
0.711211 0.181 -0.837826 0.711215 0.235191 -0.805155
0.708333 0.101142 -0.846987 0.708161 0.181 -0.82646
0.704359 -0.00484693 -0.85278 0.703863 0.101142 -0.839504
0.698774 -0.125831 -0.856588 0.697678 -0.00484693 -0.847693
0.690659 -0.241474 -0.856594 0.688468 -0.125831 -0.853012
0.678568 -0.334181 -0.805508 0.674346 -0.241474 -0.85659
0.66023 -0.398526 -0.436428 0.652292 -0.334181 -0.805478
0.630391 -0.439286 -0.179981 0.61564 -0.398526 -0.436317
0.583988 -0.464166 -0.146794 0.558198 -0.439286 -0.179962
0.515607 -0.479399 -0.149672 0.475222 -0.464166 -0.146789
0.42485 -0.488963 -0.153641 0.37105 -0.479399 -0.149667
0.321252 -0.495175 -0.159226 0.262327 -0.488963 -0.153641
0.222229 -0.499353 -0.167341 0.169347 -0.495175 -0.159226
0.142845 -0.439663 -0.179432 0.102714 -0.439615 -0.167341
0.0877471 -0.00854514 -0.19777 0.0604757 -0.00837712 -0.179432
0.0528451 0.290835 -0.227609 0.0352051 0.290863 -0.19777
0.0315402 0.329575 -0.274012 0.0201739 0.32958 -0.227609
0.0184964 0.326214 -0.342393 0.0110127 0.326013 -0.274012
0.0103071 0.321573 -0.43315 0.00522015 0.320994 -0.342393
0.00498824 0.315051 -0.536748 0.00141188 0.313771 -0.43315
0.0525634 0.305574 -0.635771 0.0014064 0.303016 -0.536748
0.421827 0.291453 -0.715155 0.0524925 0.286523 -0.635771
0.678063 0.270038 -0.770253 0.421572 0.260768 -0.715155
0.711215 0.235191 -0.805155 0.678019 0.217964 -0.770253
0.708161 0.181 -0.82646 0.711206 0.150882 -0.805155
0.703863 0.101142 -0.839504 0.708328 0.0539792 -0.82646
0.697678 -0.00484693 -0.847693 0.704359 -0.0676757 -0.839504
0.688468 -0.125831 -0.853012 0.698774 -0.194646 -0.847693
0.674346 -0.241474 -0.85659 0.690659 -0.303232 -0.853012
0.652292 -0.334181 -0.805478 0.678568 -0.381047 -0.805437
0.61564 -0.398526 -0.436317 0.66023 -0.430375 -0.436173
0.558198 -0.439286 -0.179962 0.630391 -0.459886 -0.179937
0.475222 -0.464166 -0.146789 0.583988 -0.47744 -0.146785
0.37105 -0.479399 -0.149667 0.515607 -0.488139 -0.149839
0.262327 -0.488963 -0.153641 0.42485 -0.494904 -0.154137
0.169347 -0.495175 -0.159226 0.321252 -0.499351 -0.160322
0.102714 -0.439615 -0.167341 0.222229 -0.499358 -0.169532
0.0604757 -0.00837712 -0.179432 0.142845 -0.439698 -0.183654
0.0352051 0.290863 -0.19777 0.0877471 -0.00867419 -0.205708
0.0201739 0.32958 -0.227609 0.0528451 0.290812 -0.24236
0.0110127 0.326013 -0.274012 0.0315402 0.32957 -0.299802
0.00522015 0.320994 -0.342393 0.0184964 0.326208 -0.382778
0.00141188 0.313771 -0.43315 0.0103071 0.321573 -0.48695
0.0014064 0.303016 -0.536748 0.00498824 0.315051 -0.595673
0.0524925 0.286523 -0.635771 0.00141018 0.305574 -0.688653
0.421572 0.260768 -0.715155 0.0525222 0.291453 -0.755286
0.678019 0.217964 -0.770253 0.421683 0.270038 -0.797524
0.711206 0.150882 -0.805155 0.678038 0.235191 -0.822795
0.708328 0.0539792 -0.82646 0.711211 0.181 -0.837826
0.704359 -0.0676757 -0.839504 0.708333 0.101142 -0.846987
0.698774 -0.194646 -0.847693 0.704359 -0.00484693 -0.85278
0.690659 -0.303232 -0.853012 0.698774 -0.125831 -0.856588
0.678568 -0.381047 -0.805437 0.690659 -0.241474 -0.856594
0.66023 -0.430375 -0.436173 0.678568 -0.334181 -0.805508
0.630391 -0.459886 -0.179937 0.66023 -0.398526 -0.436428
0.583988 -0.47744 -0.146785 0.630391 -0.439286 -0.179981
0.515607 -0.488139 -0.149839 0.583988 -0.464166 -0.146794
0.42485 -0.494904 -0.154137 0.515607 -0.479399 -0.149672
0.321252 -0.499351 -0.160322 0.42485 -0.488963 -0.153641
0.222229 -0.499358 -0.169532 0.321252 -0.495175 -0.159226
0.142845 -0.439698 -0.183654 0.222229 -0.499353 -0.167341
0.0877471 -0.00867419 -0.205708 0.142845 -0.439663 -0.179432
0.0528451 0.290812 -0.24236 0.0877471 -0.00854514 -0.19777
0.0315402 0.32957 -0.299802 0.0528451 0.290835 -0.227609
0.0184964 0.326208 -0.382778 0.0315402 0.329575 -0.274012
0.0103071 0.321573 -0.48695 0.0184964 0.326214 -0.342393
0.00498824 0.315051 -0.595673 0.0103071 0.321573 -0.43315
0.00141018 0.305574 -0.688653 0.00498824 0.315051 -0.536748
0.0525222 0.291453 -0.755286 0.0525634 0.305574 -0.635771
0.421683 0.270038 -0.797524 0.421827 0.291453 -0.715155
0.678038 0.235191 -0.822795 0.678063 0.270038 -0.770253
0.711211 0.181 -0.837826 0.711215 0.235191 -0.805155
0.708333 0.101142 -0.846987 0.708161 0.181 -0.82646
0.704399 -0.00484693 -0.85278 0.703863 0.101142 -0.839504
0.698863 -0.125831 -0.856588 0.697678 -0.00484693 -0.847693
0.690864 -0.241474 -0.856594 0.688468 -0.125831 -0.853012
0.679052 -0.334181 -0.805508 0.674346 -0.241474 -0.85659
0.66023 -0.398526 -0.436428 0.652292 -0.334181 -0.805478
0.630378 -0.439286 -0.179981 0.61564 -0.398526 -0.436317
0.583953 -0.464166 -0.146794 0.558198 -0.439286 -0.179962
0.515542 -0.479399 -0.149672 0.475222 -0.464166 -0.146789
0.424755 -0.488963 -0.153641 0.37105 -0.479399 -0.149667
0.321143 -0.495175 -0.159226 0.262327 -0.488963 -0.153641
0.222127 -0.499353 -0.167341 0.169347 -0.495175 -0.159226
0.142766 -0.439663 -0.179432 0.102714 -0.439615 -0.167341
0.0876943 -0.00854514 -0.19777 0.0604757 -0.00837712 -0.179432
0.0528119 0.290835 -0.227609 0.0352051 0.290863 -0.19777
0.0315197 0.329575 -0.274012 0.0201739 0.32958 -0.227609
0.0184836 0.326214 -0.342393 0.0110127 0.326013 -0.274012
0.0102988 0.32162 -0.43315 0.00522015 0.320994 -0.342393
0.00498276 0.315155 -0.536748 0.00141188 0.313771 -0.43315
0.0525327 0.305813 -0.635771 0.0014064 0.303016 -0.536748
0.421712 0.292019 -0.715155 0.0524925 0.286523 -0.635771
0.678042 0.270038 -0.770253 0.421572 0.260768 -0.715155
0.711211 0.235176 -0.805155 0.678019 0.217964 -0.770253
0.708156 0.180959 -0.82646 0.711206 0.150882 -0.805155
0.703857 0.101067 -0.839504 0.708328 0.0539792 -0.82646
0.697665 -0.00495693 -0.847693 0.704359 -0.0676757 -0.839504
0.688406 -0.125959 -0.853012 0.698774 -0.194646 -0.847693
0.674129 -0.241593 -0.85659 0.690659 -0.303232 -0.853012
0.651604 -0.334273 -0.805478 0.678568 -0.381047 -0.805437
0.61564 -0.398588 -0.436317 0.66023 -0.430375 -0.436173
0.558198 -0.439325 -0.179962 0.630391 -0.459886 -0.179937
0.475222 -0.46419 -0.146789 0.583988 -0.47744 -0.146785
0.37105 -0.479414 -0.149667 0.515607 -0.488139 -0.149839
0.262327 -0.488973 -0.153601 0.42485 -0.494904 -0.154137
0.169347 -0.495181 -0.159137 0.321252 -0.499351 -0.160322
0.102714 -0.439651 -0.167136 0.222229 -0.499358 -0.169532
0.0604757 -0.00851114 -0.178948 0.142845 -0.439698 -0.183654
0.0352051 0.290839 -0.19777 0.0877471 -0.00867419 -0.205708
0.0201739 0.329575 -0.227622 0.0528451 0.290812 -0.24236
0.0110127 0.326007 -0.274047 0.0315402 0.32957 -0.299802
0.00522015 0.320987 -0.342458 0.0184964 0.326208 -0.382778
0.00141188 0.313755 -0.433245 0.0103071 0.321573 -0.48695
0.0014064 0.302943 -0.536857 0.00498824 0.315051 -0.595673
0.0524925 0.28627 -0.635873 0.00141018 0.305574 -0.688653
0.421572 0.259964 -0.715234 0.0525222 0.291453 -0.755286
0.678019 0.217964 -0.770306 0.421683 0.270038 -0.797524
0.711206 0.150882 -0.805188 0.678038 0.235191 -0.822795
0.708328 0.0539792 -0.82648 0.711211 0.181 -0.837826
0.704359 -0.0676757 -0.839516 0.708333 0.101142 -0.846987
0.698774 -0.194646 -0.847701 0.704399 -0.00484693 -0.85278
0.690659 -0.303232 -0.853017 0.698863 -0.125831 -0.856588
0.678568 -0.381047 -0.805467 0.690864 -0.241474 -0.856594
0.66023 -0.430375 -0.436288 0.679052 -0.334181 -0.805508
0.630391 -0.459886 -0.179958 0.66023 -0.398526 -0.436428
0.583988 -0.47744 -0.146789 0.630378 -0.439286 -0.179981
0.515607 -0.488139 -0.149844 0.583953 -0.464166 -0.146794
0.42485 -0.494904 -0.154143 0.515542 -0.479399 -0.149672
0.321252 -0.499351 -0.160335 0.424755 -0.488963 -0.153641
0.222229 -0.499358 -0.169594 0.321143 -0.495175 -0.159226
0.142845 -0.439698 -0.183871 0.222127 -0.499353 -0.167341
0.0877471 -0.00867419 -0.206396 0.142766 -0.439663 -0.179432
0.0528451 0.290812 -0.24236 0.0876943 -0.00854514 -0.19777
0.0315402 0.32957 -0.299802 0.0528119 0.290835 -0.227609
0.0184964 0.326208 -0.382778 0.0315197 0.329575 -0.274012
0.0103071 0.321573 -0.48695 0.0184836 0.326214 -0.342393
0.00498824 0.315051 -0.595673 0.0102988 0.32162 -0.43315
0.00141018 0.305574 -0.688653 0.00498276 0.315155 -0.536748
0.0525222 0.291453 -0.755286 0.0525327 0.305813 -0.635771
0.421683 0.270038 -0.797524 0.421712 0.292019 -0.715155
0.678038 0.235191 -0.822795 0.678042 0.270038 -0.770253
0.711211 0.181 -0.837826 0.711211 0.235176 -0.805155
0.708333 0.101142 -0.846987 0.708156 0.180959 -0.82646
0.704399 -0.00484693 -0.85278 0.703857 0.101067 -0.839504
0.698863 -0.125831 -0.856588 0.697665 -0.00495693 -0.847693
0.690864 -0.241474 -0.856594 0.688406 -0.125959 -0.853012
0.679052 -0.334181 -0.805508 0.674129 -0.241593 -0.85659
0.660047 -0.398526 -0.436428 0.651604 -0.334273 -0.805478
0.63013 -0.439286 -0.179981 0.61564 -0.398588 -0.436317
0.583624 -0.464166 -0.146794 0.558198 -0.439325 -0.179962
0.515136 -0.479399 -0.149672 0.475222 -0.46419 -0.146789
0.424313 -0.488963 -0.153641 0.37105 -0.479414 -0.149667
0.320734 -0.495175 -0.159226 0.262327 -0.488973 -0.153601
0.221811 -0.499353 -0.167341 0.169347 -0.495181 -0.159137
0.142558 -0.439663 -0.179432 0.102714 -0.439651 -0.167136
0.0875717 -0.00854514 -0.19777 0.0604757 -0.00851114 -0.178948
0.0527436 0.290835 -0.227609 0.0352051 0.290839 -0.19777
0.0314819 0.329575 -0.274012 0.0201739 0.329575 -0.227622
0.0184622 0.326214 -0.342393 0.0110127 0.326007 -0.274047
0.0102862 0.32162 -0.43315 0.00522015 0.320987 -0.342458
0.00497503 0.315155 -0.536748 0.00141188 0.313755 -0.433245
0.0524925 0.305813 -0.635771 0.0014064 0.302943 -0.536857
0.421572 0.292019 -0.715155 0.0524925 0.28627 -0.635873
0.678019 0.269825 -0.770253 0.421572 0.259964 -0.715234
0.711206 0.234886 -0.805155 0.678019 0.217964 -0.770306
0.70815 0.180575 -0.82646 0.711206 0.150882 -0.805188
0.703857 0.100592 -0.839504 0.708328 0.0539792 -0.82648
0.697678 -0.00547367 -0.847693 0.704359 -0.0676757 -0.839516
0.688468 -0.126436 -0.853012 0.698774 -0.194646 -0.847701
0.674346 -0.241962 -0.85659 0.690659 -0.303232 -0.853017
0.652292 -0.334516 -0.805478 0.678568 -0.381047 -0.805467
0.615655 -0.398731 -0.436317 0.66023 -0.430375 -0.436288
0.558239 -0.439404 -0.179962 0.630391 -0.459886 -0.179958
0.475294 -0.464234 -0.146789 0.583988 -0.47744 -0.146789
0.371148 -0.479439 -0.149667 0.515607 -0.488139 -0.149844
0.262429 -0.488987 -0.153601 0.42485 -0.494904 -0.154143
0.169431 -0.49519 -0.159137 0.321252 -0.499351 -0.160335
0.102773 -0.439698 -0.167136 0.222229 -0.499358 -0.169594
0.0605129 -0.00867419 -0.178948 0.142845 -0.439698 -0.183871
0.0352277 0.290812 -0.197953 0.0877471 -0.00867419 -0.206396
0.0201877 0.32957 -0.22787 0.0528451 0.290812 -0.24236
0.0110215 0.326001 -0.274376 0.0315402 0.32957 -0.299802
0.00522587 0.320987 -0.342864 0.0184964 0.326208 -0.382778
0.00141576 0.313771 -0.433687 0.0103071 0.321573 -0.48695
0.00141018 0.303016 -0.537266 0.00498824 0.315051 -0.595673
0.0525222 0.286523 -0.636189 0.00141018 0.305574 -0.688653
0.421683 0.260768 -0.715442 0.0525222 0.291453 -0.755286
0.678038 0.217982 -0.770428 0.421683 0.270038 -0.797524
0.711211 0.150929 -0.805256 0.678038 0.235191 -0.822795
0.708333 0.0540634 -0.826518 0.711211 0.181 -0.837826
0.704359 -0.0675617 -0.839538 0.708333 0.101142 -0.846987
0.698774 -0.194527 -0.847714 0.704399 -0.00484693 -0.85278
0.690659 -0.303133 -0.853025 0.698863 -0.125831 -0.856588
0.678568 -0.380978 -0.805508 0.690864 -0.241474 -0.856594
0.66023 -0.430331 -0.436428 0.679052 -0.334181 -0.805508
0.630391 -0.45986 -0.179981 0.660047 -0.398526 -0.436428
0.583988 -0.477424 -0.146794 0.63013 -0.439286 -0.179981
0.515607 -0.488129 -0.14985 0.583624 -0.464166 -0.146794
0.42485 -0.494897 -0.154143 0.515136 -0.479399 -0.149672
0.321252 -0.499347 -0.160322 0.424313 -0.488963 -0.153641
0.222229 -0.499353 -0.169532 0.320734 -0.495175 -0.159226
0.142845 -0.439663 -0.183654 0.221811 -0.499353 -0.167341
0.0877471 -0.00854514 -0.205708 0.142558 -0.439663 -0.179432
0.0528451 0.290835 -0.242345 0.0875717 -0.00854514 -0.19777
0.0315402 0.329575 -0.299761 0.0527436 0.290835 -0.227609
0.0184964 0.326214 -0.382706 0.0314819 0.329575 -0.274012
0.0103071 0.321573 -0.486852 0.0184622 0.326214 -0.342393
0.00498824 0.315051 -0.595571 0.0102862 0.32162 -0.43315
0.0525634 0.305574 -0.688569 0.00497503 0.315155 -0.536748
0.421827 0.291453 -0.755227 0.0524925 0.305813 -0.635771
0.678063 0.270038 -0.797487 0.421572 0.292019 -0.715155
0.711215 0.235191 -0.822772 0.678019 0.269825 -0.770253
0.708161 0.181 -0.837812 0.711206 0.234886 -0.805155
0.703863 0.101142 -0.846979 0.70815 0.180575 -0.82646
0.697678 -0.00484693 -0.852774 0.703857 0.100592 -0.839504
0.688468 -0.125831 -0.856584 0.697678 -0.00547367 -0.847693
0.674346 -0.241474 -0.85659 0.688468 -0.126436 -0.853012
0.652292 -0.334181 -0.805478 0.674346 -0.241962 -0.85659
0.61564 -0.398526 -0.436317 0.652292 -0.334516 -0.805478
0.558198 -0.439286 -0.179962 0.615655 -0.398731 -0.436317
0.475222 -0.464166 -0.146789 0.558239 -0.439404 -0.179962
0.37105 -0.479399 -0.149667 0.475294 -0.464234 -0.146789
0.262327 -0.488963 -0.153641 0.371148 -0.479439 -0.149667
0.169347 -0.495175 -0.159226 0.262429 -0.488987 -0.153601
0.102714 -0.439615 -0.167341 0.169431 -0.49519 -0.159137
0.0604757 -0.00837712 -0.179432 0.102773 -0.439698 -0.167136
0.0352051 0.290863 -0.19777 0.0605129 -0.00867419 -0.178948
0.0201739 0.32958 -0.227609 0.0352277 0.290812 -0.197953
0.0110127 0.326013 -0.274012 0.0201877 0.32957 -0.22787
0.00522015 0.320994 -0.342393 0.0110215 0.326001 -0.274376
0.00141188 0.313771 -0.43315 0.00522587 0.320987 -0.342864
0.0014064 0.303016 -0.536748 0.00141576 0.313771 -0.433687
0.0524925 0.286523 -0.635771 0.00141018 0.303016 -0.537266
0.421572 0.260768 -0.715155 0.0525222 0.286523 -0.636189
0.678019 0.217964 -0.770253 0.421683 0.260768 -0.715442
0.711206 0.150882 -0.805155 0.678038 0.217982 -0.770428
0.708328 0.0539792 -0.82646 0.711211 0.150929 -0.805256
0.704359 -0.0676757 -0.839504 0.708333 0.0540634 -0.826518
0.698774 -0.194646 -0.847693 0.704359 -0.0675617 -0.839538
0.690659 -0.303232 -0.853012 0.698774 -0.194527 -0.847714
0.678568 -0.381047 -0.805437 0.690659 -0.303133 -0.853025
0.66023 -0.430375 -0.436173 0.678568 -0.380978 -0.805508
0.630391 -0.459886 -0.179937 0.66023 -0.430331 -0.436428
0.583988 -0.47744 -0.146785 0.630391 -0.45986 -0.179981
0.515607 -0.488139 -0.149839 0.583988 -0.477424 -0.146794
0.42485 -0.494904 -0.154137 0.515607 -0.488129 -0.14985
0.321252 -0.499351 -0.160322 0.42485 -0.494897 -0.154143
0.222229 -0.499358 -0.169532 0.321252 -0.499347 -0.160322
0.142845 -0.439698 -0.183654 0.222229 -0.499353 -0.169532
0.0877471 -0.00867419 -0.205708 0.142845 -0.439663 -0.183654
0.0528451 0.290812 -0.24236 0.0877471 -0.00854514 -0.205708
0.0315402 0.32957 -0.299802 0.0528451 0.290835 -0.242345
0.0184964 0.326208 -0.382778 0.0315402 0.329575 -0.299761
0.0103071 0.321573 -0.48695 0.0184964 0.326214 -0.382706
0.00498824 0.315051 -0.595673 0.0103071 0.321573 -0.486852
0.00141018 0.305574 -0.688653 0.00498824 0.315051 -0.595571
0.0525222 0.291453 -0.755286 0.0525634 0.305574 -0.688569
0.421683 0.270038 -0.797524 0.421827 0.291453 -0.755227
0.678038 0.235191 -0.822795 0.678063 0.270038 -0.797487
0.711211 0.181 -0.837826 0.711215 0.235191 -0.822772
0.708333 0.101142 -0.846987 0.708161 0.181 -0.837812
0.704359 -0.00484693 -0.85278 0.703863 0.101142 -0.846979
0.698774 -0.125831 -0.856588 0.697678 -0.00484693 -0.852774
0.690659 -0.241474 -0.856594 0.688468 -0.125831 -0.856584
0.678568 -0.334181 -0.805508 0.674346 -0.241474 -0.85659
0.66023 -0.398526 -0.436428 0.652292 -0.334181 -0.805478
0.630391 -0.439286 -0.179981 0.61564 -0.398526 -0.436317
0.583988 -0.464166 -0.146794 0.558198 -0.439286 -0.179962
0.515607 -0.479399 -0.149672 0.475222 -0.464166 -0.146789
0.42485 -0.488963 -0.153641 0.37105 -0.479399 -0.149667
0.321252 -0.495175 -0.159226 0.262327 -0.488963 -0.153641
0.222229 -0.499353 -0.167341 0.169347 -0.495175 -0.159226
0.142845 -0.439663 -0.179432 0.102714 -0.439615 -0.167341
0.0877471 -0.00854514 -0.19777 0.0604757 -0.00837712 -0.179432
0.0528451 0.290835 -0.227609 0.0352051 0.290863 -0.19777
0.0315402 0.329575 -0.274012 0.0201739 0.32958 -0.227609
0.0184964 0.326214 -0.342393 0.0110127 0.326013 -0.274012
0.0103071 0.321573 -0.43315 0.00522015 0.320994 -0.342393
0.00498824 0.315051 -0.536748 0.00141188 0.313771 -0.43315
0.0525634 0.305574 -0.635771 0.0014064 0.303016 -0.536748
0.421827 0.291453 -0.715155 0.0524925 0.286523 -0.635771
0.678063 0.270038 -0.770253 0.421572 0.260768 -0.715155
0.711215 0.235191 -0.805155 0.678019 0.217964 -0.770253
0.708161 0.181 -0.82646 0.711206 0.150882 -0.805155
0.703863 0.101142 -0.839504 0.708328 0.0539792 -0.82646
0.697678 -0.00484693 -0.847693 0.704359 -0.0676757 -0.839504
0.688468 -0.125831 -0.853012 0.698774 -0.194646 -0.847693
0.674346 -0.241474 -0.85659 0.690659 -0.303232 -0.853012
0.652292 -0.334181 -0.805478 0.678568 -0.381047 -0.805437
0.61564 -0.398526 -0.436317 0.66023 -0.430375 -0.436173
0.558198 -0.439286 -0.179962 0.630391 -0.459886 -0.179937
0.475222 -0.464166 -0.146789 0.583988 -0.47744 -0.146785
0.37105 -0.479399 -0.149667 0.515607 -0.488139 -0.149839
0.262327 -0.488963 -0.153641 0.42485 -0.494904 -0.154137
0.169347 -0.495175 -0.159226 0.321252 -0.499351 -0.160322
0.102714 -0.439615 -0.167341 0.222229 -0.499358 -0.169532
0.0604757 -0.00837712 -0.179432 0.142845 -0.439698 -0.183654
0.0352051 0.290863 -0.19777 0.0877471 -0.00867419 -0.205708
0.0201739 0.32958 -0.227609 0.0528451 0.290812 -0.24236
0.0110127 0.326013 -0.274012 0.0315402 0.32957 -0.299802
0.00522015 0.320994 -0.342393 0.0184964 0.326208 -0.382778
0.00141188 0.313771 -0.43315 0.0103071 0.321573 -0.48695
0.0014064 0.303016 -0.536748 0.00498824 0.315051 -0.595673
0.0524925 0.286523 -0.635771 0.00141018 0.305574 -0.688653
0.421572 0.260768 -0.715155 0.0525222 0.291453 -0.755286
0.678019 0.217964 -0.770253 0.421683 0.270038 -0.797524
0.711206 0.150882 -0.805155 0.678038 0.235191 -0.822795
0.708328 0.0539792 -0.82646 0.711211 0.181 -0.837826
0.704359 -0.0676757 -0.839504 0.708333 0.101142 -0.846987
0.698774 -0.194646 -0.847693 0.704359 -0.00484693 -0.85278
0.690659 -0.303232 -0.853012 0.698774 -0.125831 -0.856588
0.678568 -0.381047 -0.805437 0.690659 -0.241474 -0.856594
0.66023 -0.430375 -0.436173 0.678568 -0.334181 -0.805508
0.630391 -0.459886 -0.179937 0.66023 -0.398526 -0.436428
0.583988 -0.47744 -0.146785 0.630391 -0.439286 -0.179981
0.515607 -0.488139 -0.149839 0.583988 -0.464166 -0.146794
0.42485 -0.494904 -0.154137 0.515607 -0.479399 -0.149672
0.321252 -0.499351 -0.160322 0.42485 -0.488963 -0.153641
0.222229 -0.499358 -0.169532 0.321252 -0.495175 -0.159226
0.142845 -0.439698 -0.183654 0.222229 -0.499353 -0.167341
0.0877471 -0.00867419 -0.205708 0.142845 -0.439663 -0.179432
0.0528451 0.290812 -0.24236 0.0877471 -0.00854514 -0.19777
0.0315402 0.32957 -0.299802 0.0528451 0.290835 -0.227609
0.0184964 0.326208 -0.382778 0.0315402 0.329575 -0.274012
0.0103071 0.321573 -0.48695 0.0184964 0.326214 -0.342393
0.00498824 0.315051 -0.595673 0.0103071 0.321573 -0.43315
0.00141018 0.305574 -0.688653 0.00498824 0.315051 -0.536748
0.0525222 0.291453 -0.755286 0.0525634 0.305574 -0.635771
0.421683 0.270038 -0.797524 0.421827 0.291453 -0.715155
0.678038 0.235191 -0.822795 0.678063 0.270038 -0.770253
0.711211 0.181 -0.837826 0.711215 0.235191 -0.805155
0.708333 0.101142 -0.846987 0.708161 0.181 -0.82646
0.704359 -0.00484693 -0.85278 0.703863 0.101142 -0.839504
0.698774 -0.125831 -0.856588 0.697678 -0.00484693 -0.847693
0.690659 -0.241474 -0.856594 0.688468 -0.125831 -0.853012
0.678568 -0.334181 -0.805508 0.674346 -0.241474 -0.85659
0.66023 -0.398526 -0.436428 0.652292 -0.334181 -0.805478
0.630391 -0.439286 -0.179981 0.61564 -0.398526 -0.436317
0.583988 -0.464166 -0.146794 0.558198 -0.439286 -0.179962
0.515607 -0.479399 -0.149672 0.475222 -0.464166 -0.146789
0.42485 -0.488963 -0.153641 0.37105 -0.479399 -0.149667
0.321252 -0.495175 -0.159226 0.262327 -0.488963 -0.153641
0.222229 -0.499353 -0.167341 0.169347 -0.495175 -0.159226
0.142845 -0.439663 -0.179432 0.102714 -0.439615 -0.167341
0.0877471 -0.00854514 -0.19777 0.0604757 -0.00837712 -0.179432
0.0528451 0.290835 -0.227609 0.0352051 0.290863 -0.19777
0.0315402 0.329575 -0.274012 0.0201739 0.32958 -0.227609
0.0184964 0.326214 -0.342393 0.0110127 0.326013 -0.274012
0.0103071 0.321573 -0.43315 0.00522015 0.320994 -0.342393
0.00498824 0.315051 -0.536748 0.00141188 0.313771 -0.43315
0.0525634 0.305574 -0.635771 0.0014064 0.303016 -0.536748
0.421827 0.291453 -0.715155 0.0524925 0.286523 -0.635771
0.678063 0.270038 -0.770253 0.421572 0.260768 -0.715155
0.711215 0.235191 -0.805155 0.678019 0.217964 -0.770253
0.708161 0.181 -0.82646 0.711206 0.150882 -0.805155
0.703863 0.101142 -0.839504 0.708328 0.0539792 -0.82646
0.697678 -0.00484693 -0.847693 0.704359 -0.0676757 -0.839504
0.688468 -0.125831 -0.853012 0.698774 -0.194646 -0.847693
0.674346 -0.241474 -0.85659 0.690659 -0.303232 -0.853012
0.652292 -0.334181 -0.805478 0.678568 -0.381047 -0.805437
0.61564 -0.398526 -0.436317 0.66023 -0.430375 -0.436173
0.558198 -0.439286 -0.179962 0.630391 -0.459886 -0.179937
0.475222 -0.464166 -0.146789 0.583988 -0.47744 -0.146785
0.37105 -0.479399 -0.149667 0.515607 -0.488139 -0.149839
0.262327 -0.488963 -0.153641 0.42485 -0.494904 -0.154137
0.169347 -0.495175 -0.159226 0.321252 -0.499351 -0.160322
0.102714 -0.439615 -0.167341 0.222229 -0.499358 -0.169532
0.0604757 -0.00837712 -0.179432 0.142845 -0.439698 -0.183654
0.0352051 0.290863 -0.19777 0.0877471 -0.00867419 -0.205708
0.0201739 0.32958 -0.227609 0.0528451 0.290812 -0.24236
0.0110127 0.326013 -0.274012 0.0315402 0.32957 -0.299802
0.00522015 0.320994 -0.342393 0.0184964 0.326208 -0.382778
0.00141188 0.313771 -0.43315 0.0103071 0.321573 -0.48695
0.0014064 0.303016 -0.536748 0.00498824 0.315051 -0.595673
0.0524925 0.286523 -0.635771 0.00141018 0.305574 -0.688653
0.421572 0.260768 -0.715155 0.0525222 0.291453 -0.755286
0.678019 0.217964 -0.770253 0.421683 0.270038 -0.797524
0.711206 0.150882 -0.805155 0.678038 0.235191 -0.822795
0.708328 0.0539792 -0.82646 0.711211 0.181 -0.837826
0.704359 -0.0676757 -0.839504 0.708333 0.101142 -0.846987
0.698774 -0.194646 -0.847693 0.704359 -0.00484693 -0.85278
0.690659 -0.303232 -0.853012 0.698774 -0.125831 -0.856588
0.678568 -0.381047 -0.805437 0.690659 -0.241474 -0.856594
0.66023 -0.430375 -0.436173 0.678568 -0.334181 -0.805508
0.630391 -0.459886 -0.179937 0.66023 -0.398526 -0.436428
0.583988 -0.47744 -0.146785 0.630391 -0.439286 -0.179981
0.515607 -0.488139 -0.149839 0.583988 -0.464166 -0.146794
0.42485 -0.494904 -0.154137 0.515607 -0.479399 -0.149672
0.321252 -0.499351 -0.160322 0.42485 -0.488963 -0.153641
0.222229 -0.499358 -0.169532 0.321252 -0.495175 -0.159226
0.142845 -0.439698 -0.183654 0.222229 -0.499353 -0.167341
0.0877471 -0.00867419 -0.205708 0.142845 -0.439663 -0.179432
0.0528451 0.290812 -0.24236 0.0877471 -0.00854514 -0.19777
0.0315402 0.32957 -0.299802 0.0528451 0.290835 -0.227609
0.0184964 0.326208 -0.382778 0.0315402 0.329575 -0.274012
0.0103071 0.321573 -0.48695 0.0184964 0.326214 -0.342393
0.00498824 0.315051 -0.595673 0.0103071 0.321573 -0.43315
0.00141018 0.305574 -0.688653 0.00498824 0.315051 -0.536748
0.0525222 0.291453 -0.755286 0.0525634 0.305574 -0.635771
0.421683 0.270038 -0.797524 0.421827 0.291453 -0.715155
0.678038 0.235191 -0.822795 0.678063 0.270038 -0.770253
0.711211 0.181 -0.837826 0.711215 0.235191 -0.805155
0.708333 0.101142 -0.846987 0.708161 0.181 -0.82646
0.704359 -0.00484693 -0.85278 0.703863 0.101142 -0.839504
0.698774 -0.125831 -0.856588 0.697678 -0.00484693 -0.847693
0.690659 -0.241474 -0.856594 0.688468 -0.125831 -0.853012
0.678568 -0.334181 -0.805508 0.674346 -0.241474 -0.85659
0.66023 -0.398526 -0.436428 0.652292 -0.334181 -0.805478
0.630391 -0.439286 -0.179981 0.61564 -0.398526 -0.436317
0.583988 -0.464166 -0.146794 0.558198 -0.439286 -0.179962
0.515607 -0.479399 -0.149672 0.475222 -0.464166 -0.146789
0.42485 -0.488963 -0.153641 0.37105 -0.479399 -0.149667
0.321252 -0.495175 -0.159226 0.262327 -0.488963 -0.153641
0.222229 -0.499353 -0.167341 0.169347 -0.495175 -0.159226
0.142845 -0.439663 -0.179432 0.102714 -0.439615 -0.167341
0.0877471 -0.00854514 -0.19777 0.0604757 -0.00837712 -0.179432
0.0528451 0.290835 -0.227609 0.0352051 0.290863 -0.19777
0.0315402 0.329575 -0.274012 0.0201739 0.32958 -0.227609
0.0184964 0.326214 -0.342393 0.0110127 0.326013 -0.274012
0.0103071 0.321573 -0.43315 0.00522015 0.320994 -0.342393
0.00498824 0.315051 -0.536748 0.00141188 0.313771 -0.43315
0.0525634 0.305574 -0.635771 0.0014064 0.303016 -0.536748
0.421827 0.291453 -0.715155 0.0524925 0.286523 -0.635771
0.678063 0.270038 -0.770253 0.421572 0.260768 -0.715155
0.711215 0.235191 -0.805155 0.678019 0.217964 -0.770253
0.708161 0.181 -0.82646 0.711206 0.150882 -0.805155
0.703863 0.101142 -0.839504 0.708328 0.0539792 -0.82646
0.697678 -0.00484693 -0.847693 0.704359 -0.0676757 -0.839504
0.688468 -0.125831 -0.853012 0.698774 -0.194646 -0.847693
0.674346 -0.241474 -0.85659 0.690659 -0.303232 -0.853012
0.652292 -0.334181 -0.805478 0.678568 -0.381047 -0.805437
0.61564 -0.398526 -0.436317 0.66023 -0.430375 -0.436173
0.558198 -0.439286 -0.179962 0.630391 -0.459886 -0.179937
0.475222 -0.464166 -0.146789 0.583988 -0.47744 -0.146785
0.37105 -0.479399 -0.149667 0.515607 -0.488139 -0.149839
0.262327 -0.488963 -0.153641 0.42485 -0.494904 -0.154137
0.169347 -0.495175 -0.159226 0.321252 -0.499351 -0.160322
0.102714 -0.439615 -0.167341 0.222229 -0.499358 -0.169532
0.0604757 -0.00837712 -0.179432 0.142845 -0.439698 -0.183654
0.0352051 0.290863 -0.19777 0.0877471 -0.00867419 -0.205708
0.0201739 0.32958 -0.227609 0.0528451 0.290812 -0.24236
0.0110127 0.326013 -0.274012 0.0315402 0.32957 -0.299802
0.00522015 0.320994 -0.342393 0.0184964 0.326208 -0.382778
0.00141188 0.313771 -0.43315 0.0103071 0.321573 -0.48695
0.0014064 0.303016 -0.536748 0.00498824 0.315051 -0.595673
0.0524925 0.286523 -0.635771 0.00141018 0.305574 -0.688653
0.421572 0.260768 -0.715155 0.0525222 0.291453 -0.755286
0.678019 0.217964 -0.770253 0.421683 0.270038 -0.797524
0.711206 0.150882 -0.805155 0.678038 0.235191 -0.822795
0.708328 0.0539792 -0.82646 0.711211 0.181 -0.837826
0.704359 -0.0676757 -0.839504 0.708333 0.101142 -0.846987
0.698774 -0.194646 -0.847693 0.704359 -0.00484693 -0.85278
0.690659 -0.303232 -0.853012 0.698774 -0.125831 -0.856588
0.678568 -0.381047 -0.805437 0.690659 -0.241474 -0.856594
0.66023 -0.430375 -0.436173 0.678568 -0.334181 -0.805508
0.630391 -0.459886 -0.179937 0.66023 -0.398526 -0.436428
0.583988 -0.47744 -0.146785 0.630391 -0.439286 -0.179981
0.515607 -0.488139 -0.149839 0.583988 -0.464166 -0.146794
0.42485 -0.494904 -0.154137 0.515607 -0.479399 -0.149672
0.321252 -0.499351 -0.160322 0.42485 -0.488963 -0.153641
0.222229 -0.499358 -0.169532 0.321252 -0.495175 -0.159226
0.142845 -0.439698 -0.183654 0.222229 -0.499353 -0.167341
0.0877471 -0.00867419 -0.205708 0.142845 -0.439663 -0.179432
0.0528451 0.290812 -0.24236 0.0877471 -0.00854514 -0.19777
0.0315402 0.32957 -0.299802 0.0528451 0.290835 -0.227609
0.0184964 0.326208 -0.382778 0.0315402 0.329575 -0.274012
0.0103071 0.321573 -0.48695 0.0184964 0.326214 -0.342393
0.00498824 0.315051 -0.595673 0.0103071 0.321573 -0.43315
0.00141018 0.305574 -0.688653 0.00498824 0.315051 -0.536748
0.0525222 0.291453 -0.755286 0.0525634 0.305574 -0.635771
0.421683 0.270038 -0.797524 0.421827 0.291453 -0.715155
0.678038 0.235191 -0.822795 0.678063 0.270038 -0.770253
0.711211 0.181 -0.837826 0.711215 0.235191 -0.805155
0.708333 0.101142 -0.846987 0.708161 0.181 -0.82646
0.704359 -0.00484693 -0.85278 0.703863 0.101142 -0.839504
0.698774 -0.125831 -0.856588 0.697678 -0.00484693 -0.847693
0.690659 -0.241474 -0.856594 0.688468 -0.125831 -0.853012
0.678568 -0.334181 -0.805508 0.674346 -0.241474 -0.85659
0.66023 -0.398526 -0.436428 0.652292 -0.334181 -0.805478
0.630391 -0.439286 -0.179981 0.61564 -0.398526 -0.436317
0.583988 -0.464166 -0.146794 0.558198 -0.439286 -0.179962
0.515607 -0.479399 -0.149672 0.475222 -0.464166 -0.146789
0.42485 -0.488963 -0.153641 0.37105 -0.479399 -0.149667
0.321252 -0.495175 -0.159226 0.262327 -0.488963 -0.153641
0.222229 -0.499353 -0.167341 0.169347 -0.495175 -0.159226
0.142845 -0.439663 -0.179432 0.102714 -0.439615 -0.167341
0.0877471 -0.00854514 -0.19777 0.0604757 -0.00837712 -0.179432
0.0528451 0.290835 -0.227609 0.0352051 0.290863 -0.19777
0.0315402 0.329575 -0.274012 0.0201739 0.32958 -0.227609
0.0184964 0.326214 -0.342393 0.0110127 0.326013 -0.274012
0.0103071 0.321573 -0.43315 0.00522015 0.320994 -0.342393
0.00498824 0.315051 -0.536748 0.00141188 0.313771 -0.43315
0.0525634 0.305574 -0.635771 0.0014064 0.303016 -0.536748
0.421827 0.291453 -0.715155 0.0524925 0.286523 -0.635771
0.678063 0.270038 -0.770253 0.421572 0.260768 -0.715155
0.711215 0.235191 -0.805155 0.678019 0.217964 -0.770253
0.708161 0.181 -0.82646 0.711206 0.150882 -0.805155
0.703863 0.101142 -0.839504 0.708328 0.0539792 -0.82646
0.697678 -0.00484693 -0.847693 0.704359 -0.0676757 -0.839504
0.688468 -0.125831 -0.853012 0.698774 -0.194646 -0.847693
