0.3575 -0.0835 -0.5005 0.3575 -0.0835 -0.5005
0.3575 -0.0835 -0.5005 0.3575 -0.0835 -0.5005
-0.00942046 -0.0835 -0.5005 0.3575 -0.0835 -0.5005
0.724576 -0.0835 -0.5005 0.3575 -0.0835 -0.5005
0.640965 -0.0835 -0.5005 0.3575 -0.0835 -0.5005
0.00138624 -0.0835 -0.5005 0.3575 -0.0835 -0.5005
0.00138624 -0.0835 -0.5005 0.3575 -0.0835 -0.5005
0.00138624 -0.0835 -0.5005 0.3575 -0.0835 -0.5005
0.00138624 -0.0835 -0.5005 0.3575 -0.0835 -0.5005
0.00138624 -0.0835 -0.5005 0.3575 -0.0835 -0.5005
0.00138624 -0.0835 -0.5005 0.3575 -0.0835 -0.5005
0.00138624 -0.0835 -0.5005 0.3575 -0.0835 -0.5005
0.00138624 -0.0835 -0.5005 0.3575 -0.0835 -0.5005
0.00138624 -0.0835 -0.5005 0.3575 -0.0835 -0.5005
0.00138624 -0.0835 -0.5005 0.3575 -0.0835 -0.5005
0.00138624 -0.0835 -0.5005 0.3575 -0.0835 -0.5005
0.00138624 -0.0835 -0.5005 0.3575 -0.0835 -0.5005
0.00138624 -0.0835 -0.5005 0.3575 -0.0835 -0.5005
0.00138624 -0.512002 -0.5005 0.3575 -0.0835 -0.5005
0.00138624 0.345183 -0.5005 0.3575 -0.0835 -0.5005
0.00138624 0.247539 -0.5005 0.3575 -0.0835 -0.5005
0.00138624 -0.499381 -0.5005 0.3575 -0.0835 -0.5005
0.711202 -0.499381 -0.5005 0.3575 -0.0835 -0.5005
0.711202 -0.499381 -0.5005 0.3575 -0.0835 -0.5005
0.711202 -0.499381 -0.5005 0.3575 -0.0835 -0.5005
0.711202 -0.499381 -0.5005 0.3575 -0.0835 -0.5005
0.707949 -0.499381 -0.5005 0.3575 -0.0835 -0.5005
0.703276 -0.499381 -0.5005 0.3575 -0.0835 -0.5005
0.696907 -0.499381 -0.5005 0.3575 -0.0835 -0.5005
0.68643 -0.499381 -0.5005 0.3575 -0.0835 -0.5005
0.669641 -0.499381 -0.5005 0.3575 -0.0835 -0.5005
0.642029 -0.499381 -0.5005 0.3575 -0.0835 -0.5005
0.596653 -0.499381 -0.5005 0.3575 -0.0835 -0.5005
0.525299 -0.499381 -0.5005 0.3575 -0.0835 -0.5005
0.426037 -0.499381 -0.86742 0.3575 -0.0835 -0.5005
0.310915 -0.499381 -0.133424 0.3575 -0.0835 -0.5005
0.203557 -0.499381 -0.217035 0.3575 -0.0835 -0.5005
0.122548 -0.499381 -0.856614 0.3575 -0.0835 -0.5005
0.0705476 0.329565 -0.856614 0.3575 -0.0835 -0.5005
0.0399528 0.329565 -0.856614 0.3575 -0.0835 -0.5005
0.022307 0.329565 -0.856614 0.3575 -0.0835 -0.5005
0.0119063 0.329565 -0.856614 0.3575 -0.0835 -0.5005
0.00552822 0.325766 -0.856614 0.3575 -0.0835 -0.5005
0.00144323 0.320309 -0.856614 0.3575 -0.0835 -0.5005
0.00143633 0.312871 -0.856614 0.3575 -0.0835 -0.5005
0.00142998 0.300635 -0.856614 0.3575 -0.0835 -0.5005
0.00142414 0.281029 -0.856614 0.3575 -0.0835 -0.5005
0.00141877 0.248782 -0.856614 0.3575 -0.0835 -0.5005
0.0525933 0.19579 -0.856614 0.3575 -0.0835 -0.5005
0.421958 0.112461 -0.856614 0.3575 -0.0835 -0.5005
0.678089 -0.00346076 -0.856614 -0.00942046 -0.0835 -0.5005
0.711222 -0.137904 -0.856614 0.724576 -0.0835 -0.5005
0.708646 -0.263279 -0.856614 0.640965 -0.0835 -0.5005
0.705201 -0.357884 -0.856614 0.00138624 -0.0835 -0.5005
0.700506 -0.418612 -0.146798 0.00138624 -0.0835 -0.5005
0.693975 -0.454342 -0.146798 0.00138624 -0.0835 -0.5005
0.684644 -0.474949 -0.146798 0.00138624 -0.0835 -0.5005
0.671045 -0.487095 -0.146798 0.00138624 -0.0835 -0.5005
0.650794 -0.494544 -0.150051 0.00138624 -0.0835 -0.5005
0.619473 -0.499315 -0.154724 0.00138624 -0.0835 -0.5005
0.573077 -0.499323 -0.161093 0.00138624 -0.0835 -0.5005
0.507927 -0.49933 -0.17157 0.00138624 -0.0835 -0.5005
0.424518 -0.499337 -0.188359 0.00138624 -0.0835 -0.5005
0.330433 -0.499343 -0.215971 0.00138624 -0.0835 -0.5005
0.238814 -0.43958 -0.261347 0.00138624 -0.0835 -0.5005
0.161865 -0.00822371 -0.332701 0.00138624 -0.0835 -0.5005
0.104976 0.290895 -0.431963 0.00138624 -0.512002 -0.5005
0.0665459 0.329587 -0.547085 0.00138624 0.345183 -0.5005
0.04179 0.32658 -0.654443 0.00138624 0.247539 -0.5005
0.0260256 0.322556 -0.735452 0.00138624 -0.499381 -0.5005
0.0158649 0.317074 -0.787452 0.711202 -0.499381 -0.5005
0.00915491 0.309447 -0.818047 0.711202 -0.499381 -0.5005
0.00459446 0.298549 -0.835693 0.711202 -0.499381 -0.5005
0.052513 0.282668 -0.846094 0.711202 -0.499381 -0.5005
0.421657 0.259018 -0.852472 0.707949 -0.499381 -0.5005
0.678035 0.222441 -0.856557 0.703276 -0.499381 -0.5005
0.71121 0.168257 -0.856564 0.696907 -0.499381 -0.5005
0.711206 0.0921735 -0.85657 0.68643 -0.499381 -0.5005
0.708486 -0.00523433 -0.856576 0.669641 -0.499381 -0.5005
0.704798 -0.11511 -0.856581 0.642029 -0.499381 -0.5005
0.69971 -0.222105 -0.805407 0.596653 -0.499381 -0.5005
0.692485 -0.311968 -0.436042 0.525299 -0.499381 -0.5005
0.681989 -0.378406 -0.179911 0.426037 -0.499381 -0.86742
0.666495 -0.423286 -0.146778 0.310915 -0.499381 -0.133424
0.64182 -0.452196 -0.149354 0.203557 -0.499381 -0.217035
0.603951 -0.470606 -0.152799 0.122548 -0.499381 -0.856614
0.547759 -0.482472 -0.157494 0.0705476 0.329565 -0.856614
0.470463 -0.490309 -0.164025 0.0399528 0.329565 -0.856614
0.376109 -0.495634 -0.173356 0.022307 0.329565 -0.856614
0.27718 -0.439674 -0.186955 0.0119063 0.329565 -0.856614
0.189169 -0.00857528 -0.207206 0.00552822 0.325766 -0.856614
0.121874 0.290831 -0.238527 0.00144323 0.320309 -0.856614
0.0760152 0.329574 -0.284923 0.00143633 0.312871 -0.856614
0.0467813 0.329569 -0.350073 0.00142998 0.300635 -0.856614
0.0285546 0.326393 -0.433482 0.00142414 0.281029 -0.856614
0.0170929 0.322085 -0.527567 0.00141877 0.248782 -0.856614
0.00970314 0.316144 -0.619186 0.0525933 0.19579 -0.856614
0.00478758 0.307706 -0.696135 0.421958 0.112461 -0.856614
0.00141214 0.295449 -0.753024 0.678089 -0.00346076 -0.856614
0.0313946 0.277354 -0.791454 0.711222 -0.137904 -0.856614
0.220234 0.248538 -0.81621 0.708646 -0.263279 -0.856614
0.581433 0.204314 -0.831974 0.705201 -0.357884 -0.856614
0.690495 0.13869 -0.842135 0.700506 -0.418612 -0.146798
0.708496 0.0484223 -0.848845 0.693975 -0.454342 -0.146798
0.704803 -0.0617679 -0.853406 0.684644 -0.474949 -0.146798
0.699658 -0.177301 -0.805487 0.671045 -0.487095 -0.146798
0.692368 -0.280082 -0.436343 0.650794 -0.494544 -0.150051
0.681718 -0.358671 -0.179965 0.619473 -0.499315 -0.154724
0.665852 -0.412227 -0.14679 0.573077 -0.499323 -0.161093
0.642029 -0.446367 -0.146794 0.507927 -0.49933 -0.17157
0.604231 -0.467653 -0.149514 0.424518 -0.499337 -0.188359
0.548115 -0.481038 -0.153202 0.330433 -0.499343 -0.215971
0.470878 -0.489668 -0.15829 0.238814 -0.43958 -0.261347
0.376531 -0.495409 -0.165515 0.161865 -0.00822371 -0.332701
0.277546 -0.499351 -0.176011 0.104976 0.290895 -0.431963
0.18944 -0.464336 -0.191505 0.0665459 0.329587 -0.547085
0.12205 -0.243803 -0.21618 0.04179 0.32658 -0.654443
0.07612 0.178016 -0.254049 0.0260256 0.322556 -0.735452
0.0468416 0.305383 -0.310241 0.0158649 0.317074 -0.787452
0.0285894 0.326404 -0.387537 0.00915491 0.309447 -0.818047
0.0171134 0.322092 -0.481891 0.00459446 0.298549 -0.835693
0.00971569 0.316083 -0.58082 0.052513 0.282668 -0.846094
0.00479555 0.307569 -0.668831 0.421657 0.259018 -0.852472
0.00141739 0.295133 -0.736126 0.678035 0.222441 -0.856557
0.00141214 0.276603 -0.781985 0.71121 0.168257 -0.856564
0.0525404 0.248782 -0.811219 0.711206 0.0921735 -0.85657
0.42176 0.20464 -0.829445 0.708486 -0.00523433 -0.856576
0.678054 0.139107 -0.840907 0.704798 -0.11511 -0.856581
0.711214 0.0489066 -0.848297 0.69971 -0.222105 -0.805407
0.708637 -0.0612752 -0.853212 0.692485 -0.311968 -0.436042
0.70519 -0.176873 -0.856588 0.681989 -0.378406 -0.179911
0.700518 -0.279766 -0.826605 0.666495 -0.423286 -0.146778
0.694026 -0.358466 -0.637766 0.64182 -0.452196 -0.149354
0.684808 -0.412105 -0.276567 0.603951 -0.470606 -0.152799
0.67153 -0.446297 -0.167505 0.547759 -0.482472 -0.157494
0.650987 -0.467612 -0.149504 0.470463 -0.490309 -0.164025
0.619727 -0.481014 -0.153197 0.376109 -0.495634 -0.173356
0.573402 -0.489654 -0.158342 0.27718 -0.439674 -0.186955
0.508316 -0.4954 -0.165632 0.189169 -0.00857528 -0.207206
0.424937 -0.499345 -0.176282 0.121874 0.290831 -0.238527
0.330826 -0.499351 -0.192148 0.0760152 0.329574 -0.284923
0.239133 -0.439642 -0.215971 0.0467813 0.329569 -0.350073
0.16209 -0.00845557 -0.253769 0.0285546 0.326393 -0.433482
0.105118 0.290853 -0.309885 0.0170929 0.322085 -0.527567
0.0666307 0.329579 -0.387122 0.00970314 0.316144 -0.619186
0.0418395 0.326569 -0.481469 0.00478758 0.307706 -0.696135
0.0260547 0.322543 -0.580454 0.00141214 0.295449 -0.753024
0.0158825 0.317088 -0.66856 0.0313946 0.277354 -0.791454
0.00916584 0.309506 -0.73595 0.220234 0.248538 -0.81621
0.0046015 0.298741 -0.78188 0.581433 0.204314 -0.831974
0.00140868 0.283234 -0.811158 0.690495 0.13869 -0.842135
0.052513 0.259243 -0.829411 0.708496 0.0484223 -0.848845
0.421657 0.222737 -0.840887 0.704803 -0.0617679 -0.853406
0.678035 0.168637 -0.848284 0.699658 -0.177301 -0.805487
0.71121 0.092628 -0.853204 0.692368 -0.280082 -0.436343
0.708633 -0.00474542 -0.856583 0.681718 -0.358671 -0.179965
0.705184 -0.114651 -0.856588 0.665852 -0.412227 -0.14679
0.700506 -0.221733 -0.80546 0.642029 -0.446367 -0.146794
0.693975 -0.311706 -0.43624 0.604231 -0.467653 -0.149514
0.684644 -0.378239 -0.179946 0.548115 -0.481038 -0.153202
0.671045 -0.423187 -0.146786 0.470878 -0.489668 -0.15829
0.650794 -0.452139 -0.149363 0.376531 -0.495409 -0.165515
0.619473 -0.470572 -0.15281 0.277546 -0.499351 -0.176011
0.573077 -0.482452 -0.157482 0.18944 -0.464336 -0.191505
0.507927 -0.490296 -0.163974 0.12205 -0.243803 -0.21618
0.424518 -0.495626 -0.173192 0.07612 0.178016 -0.254049
0.330433 -0.499355 -0.18647 0.0468416 0.305383 -0.310241
0.238814 -0.439674 -0.207013 0.0285894 0.326404 -0.387537
0.161865 -0.00857528 -0.238273 0.0171134 0.322092 -0.481891
0.104976 0.290831 -0.284598 0.00971569 0.316083 -0.58082
0.0665459 0.329574 -0.349684 0.00479555 0.307569 -0.668831
0.04179 0.326564 -0.433063 0.00141739 0.295133 -0.736126
0.0260256 0.322537 -0.527174 0.00141214 0.276603 -0.781985
0.0158649 0.317074 -0.618867 0.0525404 0.248782 -0.811219
0.00915491 0.309447 -0.69591 0.42176 0.20464 -0.829445
0.00459446 0.298549 -0.752882 0.678054 0.139107 -0.840907
0.052513 0.282668 -0.791369 0.711214 0.0489066 -0.848297
0.421657 0.259018 -0.816161 0.708637 -0.0612752 -0.853212
0.678035 0.222441 -0.831945 0.70519 -0.176873 -0.856588
0.71121 0.168257 -0.842118 0.700518 -0.279766 -0.826605
0.711206 0.0921735 -0.848834 0.694026 -0.358466 -0.637766
0.708486 -0.00523433 -0.853398 0.684808 -0.412105 -0.276567
0.704798 -0.11511 -0.856591 0.67153 -0.446297 -0.167505
0.69971 -0.222105 -0.805487 0.650987 -0.467612 -0.149504
0.692485 -0.311968 -0.436343 0.619727 -0.481014 -0.153197
0.681989 -0.378406 -0.179965 0.573402 -0.489654 -0.158342
0.666495 -0.423286 -0.14679 0.508316 -0.4954 -0.165632
0.64182 -0.452196 -0.149367 0.424937 -0.499345 -0.176282
0.603951 -0.470606 -0.152816 0.330826 -0.499351 -0.192148
0.547759 -0.482472 -0.157494 0.239133 -0.439642 -0.215971
0.470463 -0.490309 -0.164025 0.16209 -0.00845557 -0.253769
0.376109 -0.495634 -0.173356 0.105118 0.290853 -0.309885
0.27718 -0.439674 -0.186955 0.0666307 0.329579 -0.387122
0.189169 -0.00857528 -0.207206 0.0418395 0.326569 -0.481469
0.121874 0.290831 -0.238527 0.0260547 0.322543 -0.580454
0.0760152 0.329574 -0.284923 0.0158825 0.317088 -0.66856
0.0467813 0.329569 -0.350073 0.00916584 0.309506 -0.73595
0.0285546 0.326393 -0.433482 0.0046015 0.298741 -0.78188
0.0170929 0.322085 -0.527567 0.00140868 0.283234 -0.811158
0.00970314 0.316144 -0.619186 0.052513 0.259243 -0.829411
0.00478758 0.307706 -0.696135 0.421657 0.222737 -0.840887
0.00141214 0.295449 -0.753024 0.678035 0.168637 -0.848284
0.0313946 0.277354 -0.791454 0.71121 0.092628 -0.853204
0.220234 0.248538 -0.81621 0.708633 -0.00474542 -0.856583
0.581433 0.204314 -0.831974 0.705184 -0.114651 -0.856588
0.690495 0.13869 -0.842135 0.700506 -0.221733 -0.80546
0.708496 0.0484223 -0.848845 0.693975 -0.311706 -0.43624
0.704803 -0.0617679 -0.853406 0.684644 -0.378239 -0.179946
0.699658 -0.177301 -0.805487 0.671045 -0.423187 -0.146786
0.692368 -0.280082 -0.436343 0.650794 -0.452139 -0.149363
0.681718 -0.358671 -0.179965 0.619473 -0.470572 -0.15281
0.665852 -0.412227 -0.14679 0.573077 -0.482452 -0.157482
0.642029 -0.446367 -0.146794 0.507927 -0.490296 -0.163974
0.604231 -0.467653 -0.149514 0.424518 -0.495626 -0.173192
0.548115 -0.481038 -0.153202 0.330433 -0.499355 -0.18647
0.470878 -0.489668 -0.15829 0.238814 -0.439674 -0.207013
0.376531 -0.495409 -0.165515 0.161865 -0.00857528 -0.238273
0.277546 -0.499351 -0.176011 0.104976 0.290831 -0.284598
0.18944 -0.464336 -0.191505 0.0665459 0.329574 -0.349684
0.12205 -0.243803 -0.21618 0.04179 0.326564 -0.433063
0.07612 0.178016 -0.254049 0.0260256 0.322537 -0.527174
0.0468416 0.305383 -0.310241 0.0158649 0.317074 -0.618867
0.0285894 0.326404 -0.387537 0.00915491 0.309447 -0.69591
0.0171134 0.322092 -0.481891 0.00459446 0.298549 -0.752882
0.00971569 0.316083 -0.58082 0.052513 0.282668 -0.791369
0.00479555 0.307569 -0.668831 0.421657 0.259018 -0.816161
0.00141739 0.295133 -0.736126 0.678035 0.222441 -0.831945
0.00141214 0.276603 -0.781985 0.71121 0.168257 -0.842118
0.0525404 0.248782 -0.811219 0.711206 0.0921735 -0.848834
0.42176 0.20464 -0.829445 0.708486 -0.00523433 -0.853398
0.678054 0.139107 -0.840907 0.704798 -0.11511 -0.856591
0.711214 0.0489066 -0.848297 0.69971 -0.222105 -0.805487
0.708637 -0.0612752 -0.853212 0.692485 -0.311968 -0.436343
0.70519 -0.176873 -0.856588 0.681989 -0.378406 -0.179965
0.700518 -0.279766 -0.826605 0.666495 -0.423286 -0.14679
0.694026 -0.358466 -0.637766 0.64182 -0.452196 -0.149367
0.684808 -0.412105 -0.276567 0.603951 -0.470606 -0.152816
0.67153 -0.446297 -0.167505 0.547759 -0.482472 -0.157494
0.650987 -0.467612 -0.149504 0.470463 -0.490309 -0.164025
0.619727 -0.481014 -0.153197 0.376109 -0.495634 -0.173356
0.573402 -0.489654 -0.158342 0.27718 -0.439674 -0.186955
0.508316 -0.4954 -0.165632 0.189169 -0.00857528 -0.207206
0.424937 -0.499345 -0.176282 0.121874 0.290831 -0.238527
0.330826 -0.499351 -0.192148 0.0760152 0.329574 -0.284923
0.239133 -0.439642 -0.215971 0.0467813 0.329569 -0.350073
0.16209 -0.00845557 -0.253769 0.0285546 0.326393 -0.433482
0.105118 0.290853 -0.309885 0.0170929 0.322085 -0.527567
0.0666307 0.329579 -0.387122 0.00970314 0.316144 -0.619186
0.0418395 0.326569 -0.481469 0.00478758 0.307706 -0.696135
0.0260547 0.322543 -0.580454 0.00141214 0.295449 -0.753024
0.0158825 0.317088 -0.66856 0.0313946 0.277354 -0.791454
0.00916584 0.309506 -0.73595 0.220234 0.248538 -0.81621
0.0046015 0.298741 -0.78188 0.581433 0.204314 -0.831974
0.00140868 0.283234 -0.811158 0.690495 0.13869 -0.842135
0.052513 0.259243 -0.829411 0.708496 0.0484223 -0.848845
0.421657 0.222737 -0.840887 0.704803 -0.0617679 -0.853406
0.678035 0.168637 -0.848284 0.699658 -0.177301 -0.805487
0.71121 0.092628 -0.853204 0.692368 -0.280082 -0.436343
0.708633 -0.00474542 -0.856583 0.681718 -0.358671 -0.179965
0.705184 -0.114651 -0.856588 0.665852 -0.412227 -0.14679
0.700506 -0.221733 -0.80546 0.642029 -0.446367 -0.146794
0.693975 -0.311706 -0.43624 0.604231 -0.467653 -0.149514
0.684644 -0.378239 -0.179946 0.548115 -0.481038 -0.153202
0.671045 -0.423187 -0.146786 0.470878 -0.489668 -0.15829
0.650794 -0.452139 -0.149363 0.376531 -0.495409 -0.165515
0.619473 -0.470572 -0.15281 0.277546 -0.499351 -0.176011
0.573077 -0.482452 -0.157482 0.18944 -0.464336 -0.191505
0.507927 -0.490296 -0.163974 0.12205 -0.243803 -0.21618
0.424518 -0.495626 -0.173192 0.07612 0.178016 -0.254049
0.330433 -0.499355 -0.18647 0.0468416 0.305383 -0.310241
0.238814 -0.439674 -0.207013 0.0285894 0.326404 -0.387537
0.161865 -0.00857528 -0.238273 0.0171134 0.322092 -0.481891
0.104976 0.290831 -0.284598 0.00971569 0.316083 -0.58082
0.0665459 0.329574 -0.349684 0.00479555 0.307569 -0.668831
0.04179 0.326564 -0.433063 0.00141739 0.295133 -0.736126
0.0260256 0.322537 -0.527174 0.00141214 0.276603 -0.781985
0.0158649 0.317074 -0.618867 0.0525404 0.248782 -0.811219
0.00915491 0.309447 -0.69591 0.42176 0.20464 -0.829445
0.00459446 0.298549 -0.752882 0.678054 0.139107 -0.840907
0.052513 0.282668 -0.791369 0.711214 0.0489066 -0.848297
0.421657 0.259018 -0.816161 0.708637 -0.0612752 -0.853212
0.678035 0.222441 -0.831945 0.70519 -0.176873 -0.856588
0.71121 0.168257 -0.842118 0.700518 -0.279766 -0.826605
0.711206 0.0921735 -0.848834 0.694026 -0.358466 -0.637766
0.708486 -0.00523433 -0.853398 0.684808 -0.412105 -0.276567
0.704798 -0.11511 -0.856591 0.67153 -0.446297 -0.167505
0.69971 -0.222105 -0.805487 0.650987 -0.467612 -0.149504
0.692485 -0.311968 -0.436343 0.619727 -0.481014 -0.153197
0.681989 -0.378406 -0.179965 0.573402 -0.489654 -0.158342
0.666495 -0.423286 -0.14679 0.508316 -0.4954 -0.165632
0.64182 -0.452196 -0.149367 0.424937 -0.499345 -0.176282
0.603951 -0.470606 -0.152816 0.330826 -0.499351 -0.192148
0.547759 -0.482472 -0.157494 0.239133 -0.439642 -0.215971
0.470463 -0.490309 -0.164025 0.16209 -0.00845557 -0.253769
0.376109 -0.495634 -0.173356 0.105118 0.290853 -0.309885
0.27718 -0.439674 -0.186955 0.0666307 0.329579 -0.387122
0.189169 -0.00857528 -0.207206 0.0418395 0.326569 -0.481469
0.121874 0.290831 -0.238527 0.0260547 0.322543 -0.580454
0.0760152 0.329574 -0.284923 0.0158825 0.317088 -0.66856
0.0467813 0.329569 -0.350073 0.00916584 0.309506 -0.73595
0.0285546 0.326393 -0.433482 0.0046015 0.298741 -0.78188
0.0170929 0.322085 -0.527567 0.00140868 0.283234 -0.811158
0.00970314 0.316144 -0.619186 0.052513 0.259243 -0.829411
0.00478758 0.307706 -0.696135 0.421657 0.222737 -0.840887
0.00141214 0.295449 -0.753024 0.678035 0.168637 -0.848284
0.0313946 0.277354 -0.791454 0.71121 0.092628 -0.853204
0.220234 0.248538 -0.81621 0.708633 -0.00474542 -0.856583
0.581433 0.204314 -0.831974 0.705184 -0.114651 -0.856588
0.690495 0.13869 -0.842135 0.700506 -0.221733 -0.80546
0.708496 0.0484223 -0.848845 0.693975 -0.311706 -0.43624
0.704803 -0.0617679 -0.853406 0.684644 -0.378239 -0.179946
0.699658 -0.177301 -0.805487 0.671045 -0.423187 -0.146786
0.692368 -0.280082 -0.436343 0.650794 -0.452139 -0.149363
0.681718 -0.358671 -0.179965 0.619473 -0.470572 -0.15281
0.665852 -0.412227 -0.14679 0.573077 -0.482452 -0.157482
0.642029 -0.446367 -0.146794 0.507927 -0.490296 -0.163974
0.604231 -0.467653 -0.149514 0.424518 -0.495626 -0.173192
0.548115 -0.481038 -0.153202 0.330433 -0.499355 -0.18647
0.470878 -0.489668 -0.15829 0.238814 -0.439674 -0.207013
0.376531 -0.495409 -0.165515 0.161865 -0.00857528 -0.238273
0.277546 -0.499351 -0.176011 0.104976 0.290831 -0.284598
0.18944 -0.464336 -0.191505 0.0665459 0.329574 -0.349684
0.12205 -0.243803 -0.21618 0.04179 0.326564 -0.433063
0.07612 0.178016 -0.254049 0.0260256 0.322537 -0.527174
0.0468416 0.305383 -0.310241 0.0158649 0.317074 -0.618867
0.0285894 0.326404 -0.387537 0.00915491 0.309447 -0.69591
0.0171134 0.322092 -0.481891 0.00459446 0.298549 -0.752882
0.00971569 0.316083 -0.58082 0.052513 0.282668 -0.791369
0.00479555 0.307569 -0.668831 0.421657 0.259018 -0.816161
0.00141739 0.295133 -0.736126 0.678035 0.222441 -0.831945
0.00141214 0.276603 -0.781985 0.71121 0.168257 -0.842118
0.0525404 0.248782 -0.811219 0.711206 0.0921735 -0.848834
0.42176 0.20464 -0.829445 0.708486 -0.00523433 -0.853398
0.678054 0.139107 -0.840907 0.704798 -0.11511 -0.856591
0.711214 0.0489066 -0.848297 0.69971 -0.222105 -0.805487
0.708637 -0.0612752 -0.853212 0.692485 -0.311968 -0.436343
0.70519 -0.176873 -0.856588 0.681989 -0.378406 -0.179965
0.700518 -0.279766 -0.826605 0.666495 -0.423286 -0.14679
0.694026 -0.358466 -0.637766 0.64182 -0.452196 -0.149367
0.684808 -0.412105 -0.276567 0.603951 -0.470606 -0.152816
0.67153 -0.446297 -0.167505 0.547759 -0.482472 -0.157494
0.650987 -0.467612 -0.149504 0.470463 -0.490309 -0.164025
0.619727 -0.481014 -0.153197 0.376109 -0.495634 -0.173356
0.573402 -0.489654 -0.158342 0.27718 -0.439674 -0.186955
0.508316 -0.4954 -0.165632 0.189169 -0.00857528 -0.207206
0.424937 -0.499345 -0.176282 0.121874 0.290831 -0.238527
0.330826 -0.499351 -0.192148 0.0760152 0.329574 -0.284923
0.239133 -0.439642 -0.215971 0.0467813 0.329569 -0.350073
0.16209 -0.00845557 -0.253769 0.0285546 0.326393 -0.433482
0.105118 0.290853 -0.309885 0.0170929 0.322085 -0.527567
0.0666307 0.329579 -0.387122 0.00970314 0.316144 -0.619186
0.0418395 0.326569 -0.481469 0.00478758 0.307706 -0.696135
0.0260547 0.322543 -0.580454 0.00141214 0.295449 -0.753024
0.0158825 0.317088 -0.66856 0.0313946 0.277354 -0.791454
0.00916584 0.309506 -0.73595 0.220234 0.248538 -0.81621
0.0046015 0.298741 -0.78188 0.581433 0.204314 -0.831974
0.00140868 0.283234 -0.811158 0.690495 0.13869 -0.842135
0.052513 0.259243 -0.829411 0.708496 0.0484223 -0.848845
0.421657 0.222737 -0.840887 0.704803 -0.0617679 -0.853406
0.678035 0.168637 -0.848284 0.699658 -0.177301 -0.805487
0.71121 0.092628 -0.853204 0.692368 -0.280082 -0.436343
0.708633 -0.00474542 -0.856583 0.681718 -0.358671 -0.179965
0.705184 -0.114651 -0.856588 0.665852 -0.412227 -0.14679
0.700506 -0.221733 -0.80546 0.642029 -0.446367 -0.146794
0.693975 -0.311706 -0.43624 0.604231 -0.467653 -0.149514
0.684644 -0.378239 -0.179946 0.548115 -0.481038 -0.153202
0.671045 -0.423187 -0.146786 0.470878 -0.489668 -0.15829
0.650794 -0.452139 -0.149363 0.376531 -0.495409 -0.165515
0.619473 -0.470572 -0.15281 0.277546 -0.499351 -0.176011
0.573077 -0.482452 -0.157482 0.18944 -0.464336 -0.191505
0.507927 -0.490296 -0.163974 0.12205 -0.243803 -0.21618
0.424518 -0.495626 -0.173192 0.07612 0.178016 -0.254049
0.330433 -0.499355 -0.18647 0.0468416 0.305383 -0.310241
0.238814 -0.439674 -0.207013 0.0285894 0.326404 -0.387537
0.161865 -0.00857528 -0.238273 0.0171134 0.322092 -0.481891
0.104976 0.290831 -0.284598 0.00971569 0.316083 -0.58082
0.0665459 0.329574 -0.349684 0.00479555 0.307569 -0.668831
0.04179 0.326564 -0.433063 0.00141739 0.295133 -0.736126
0.0260256 0.322537 -0.527174 0.00141214 0.276603 -0.781985
0.0158649 0.317074 -0.618867 0.0525404 0.248782 -0.811219
0.00915491 0.309447 -0.69591 0.42176 0.20464 -0.829445
0.00459446 0.298549 -0.752882 0.678054 0.139107 -0.840907
0.052513 0.282668 -0.791369 0.711214 0.0489066 -0.848297
0.421657 0.259018 -0.816161 0.708637 -0.0612752 -0.853212
0.678035 0.222441 -0.831945 0.70519 -0.176873 -0.856588
0.71121 0.168257 -0.842118 0.700518 -0.279766 -0.826605
0.711206 0.0921735 -0.848834 0.694026 -0.358466 -0.637766
0.708486 -0.00523433 -0.853398 0.684808 -0.412105 -0.276567
0.704798 -0.11511 -0.856591 0.67153 -0.446297 -0.167505
0.69971 -0.222105 -0.805487 0.650987 -0.467612 -0.149504
0.692485 -0.311968 -0.436343 0.619727 -0.481014 -0.153197
0.681989 -0.378406 -0.179965 0.573402 -0.489654 -0.158342
0.666495 -0.423286 -0.14679 0.508316 -0.4954 -0.165632
0.64182 -0.452196 -0.149367 0.424937 -0.499345 -0.176282
0.603951 -0.470606 -0.152816 0.330826 -0.499351 -0.192148
0.547759 -0.482472 -0.157494 0.239133 -0.439642 -0.215971
0.470463 -0.490309 -0.164025 0.16209 -0.00845557 -0.253769
0.376109 -0.495634 -0.173356 0.105118 0.290853 -0.309885
0.27718 -0.439674 -0.186955 0.0666307 0.329579 -0.387122
0.189169 -0.00857528 -0.207206 0.0418395 0.326569 -0.481469
0.121874 0.290831 -0.238527 0.0260547 0.322543 -0.580454
0.0760152 0.329574 -0.284923 0.0158825 0.317088 -0.66856
0.0467813 0.329569 -0.350073 0.00916584 0.309506 -0.73595
0.0285546 0.326393 -0.433482 0.0046015 0.298741 -0.78188
0.0170929 0.322085 -0.527567 0.00140868 0.283234 -0.811158
0.00970314 0.316144 -0.619186 0.052513 0.259243 -0.829411
0.00478758 0.307706 -0.696135 0.421657 0.222737 -0.840887
0.00141214 0.295449 -0.753024 0.678035 0.168637 -0.848284
0.0313946 0.277354 -0.791454 0.71121 0.092628 -0.853204
0.220234 0.248538 -0.81621 0.708633 -0.00474542 -0.856583
0.581433 0.204314 -0.831974 0.705184 -0.114651 -0.856588
0.690495 0.13869 -0.842135 0.700506 -0.221733 -0.80546
0.708496 0.0484223 -0.848845 0.693975 -0.311706 -0.43624
0.704803 -0.0617679 -0.853406 0.684644 -0.378239 -0.179946
0.699658 -0.177301 -0.805487 0.671045 -0.423187 -0.146786
0.692368 -0.280082 -0.436343 0.650794 -0.452139 -0.149363
0.681718 -0.358671 -0.179965 0.619473 -0.470572 -0.15281
0.665852 -0.412227 -0.14679 0.573077 -0.482452 -0.157482
0.642029 -0.446367 -0.146794 0.507927 -0.490296 -0.163974
0.604231 -0.467653 -0.149514 0.424518 -0.495626 -0.173192
0.548115 -0.481038 -0.153202 0.330433 -0.499355 -0.18647
0.470878 -0.489668 -0.15829 0.238814 -0.439674 -0.207013
0.376531 -0.495409 -0.165515 0.161865 -0.00857528 -0.238273
0.277546 -0.499351 -0.176011 0.104976 0.290831 -0.284598
0.18944 -0.464336 -0.191505 0.0665459 0.329574 -0.349684
0.12205 -0.243803 -0.21618 0.04179 0.326564 -0.433063
0.07612 0.178016 -0.254049 0.0260256 0.322537 -0.527174
0.0468416 0.305383 -0.310241 0.0158649 0.317074 -0.618867
0.0285894 0.326404 -0.387537 0.00915491 0.309447 -0.69591
0.0171134 0.322092 -0.481891 0.00459446 0.298549 -0.752882
0.00971569 0.316083 -0.58082 0.052513 0.282668 -0.791369
0.00479555 0.307569 -0.668831 0.421657 0.259018 -0.816161
0.00141739 0.295133 -0.736126 0.678035 0.222441 -0.831945
0.00141214 0.276603 -0.781985 0.71121 0.168257 -0.842118
0.0525404 0.248782 -0.811219 0.711206 0.0921735 -0.848834
0.42176 0.20464 -0.829445 0.708486 -0.00523433 -0.853398
0.678054 0.139107 -0.840907 0.704798 -0.11511 -0.856591
0.711214 0.0489066 -0.848297 0.69971 -0.222105 -0.805487
0.708637 -0.0612752 -0.853212 0.692485 -0.311968 -0.436343
0.70519 -0.176873 -0.856588 0.681989 -0.378406 -0.179965
0.700518 -0.279766 -0.826605 0.666495 -0.423286 -0.14679
0.694026 -0.358466 -0.637766 0.64182 -0.452196 -0.149367
0.684808 -0.412105 -0.276567 0.603951 -0.470606 -0.152816
0.67153 -0.446297 -0.167505 0.547759 -0.482472 -0.157494
0.650987 -0.467612 -0.149504 0.470463 -0.490309 -0.164025
0.619727 -0.481014 -0.153197 0.376109 -0.495634 -0.173356
0.573402 -0.489654 -0.158342 0.27718 -0.439674 -0.186955
0.508316 -0.4954 -0.165632 0.189169 -0.00857528 -0.207206
0.424937 -0.499345 -0.176282 0.121874 0.290831 -0.238527
0.330826 -0.499351 -0.192148 0.0760152 0.329574 -0.284923
0.239133 -0.439642 -0.215971 0.0467813 0.329569 -0.350073
0.16209 -0.00845557 -0.253769 0.0285546 0.326393 -0.433482
0.105118 0.290853 -0.309885 0.0170929 0.322085 -0.527567
0.0666307 0.329579 -0.387122 0.00970314 0.316144 -0.619186
0.0418395 0.326569 -0.481469 0.00478758 0.307706 -0.696135
0.0260547 0.322543 -0.580454 0.00141214 0.295449 -0.753024
0.0158825 0.317088 -0.66856 0.0313946 0.277354 -0.791454
0.00916584 0.309506 -0.73595 0.220234 0.248538 -0.81621
0.0046015 0.298741 -0.78188 0.581433 0.204314 -0.831974
0.00140868 0.283234 -0.811158 0.690495 0.13869 -0.842135
0.052513 0.259243 -0.829411 0.708496 0.0484223 -0.848845
0.421657 0.222737 -0.840887 0.704803 -0.0617679 -0.853406
0.678035 0.168637 -0.848284 0.699658 -0.177301 -0.805487
0.71121 0.092628 -0.853204 0.692368 -0.280082 -0.436343
0.708633 -0.00474542 -0.856583 0.681718 -0.358671 -0.179965
0.705184 -0.114651 -0.856588 0.665852 -0.412227 -0.14679
0.700506 -0.221733 -0.80546 0.642029 -0.446367 -0.146794
0.693975 -0.311706 -0.43624 0.604231 -0.467653 -0.149514
0.684644 -0.378239 -0.179946 0.548115 -0.481038 -0.153202
0.671045 -0.423187 -0.146786 0.470878 -0.489668 -0.15829
0.650794 -0.452139 -0.149363 0.376531 -0.495409 -0.165515
0.619473 -0.470572 -0.15281 0.277546 -0.499351 -0.176011
0.573077 -0.482452 -0.157482 0.18944 -0.464336 -0.191505
0.507927 -0.490296 -0.163974 0.12205 -0.243803 -0.21618
0.424518 -0.495626 -0.173192 0.07612 0.178016 -0.254049
0.330433 -0.499355 -0.18647 0.0468416 0.305383 -0.310241
0.238814 -0.439674 -0.207013 0.0285894 0.326404 -0.387537
0.161865 -0.00857528 -0.238273 0.0171134 0.322092 -0.481891
0.104976 0.290831 -0.284598 0.00971569 0.316083 -0.58082
0.0665459 0.329574 -0.349684 0.00479555 0.307569 -0.668831
0.04179 0.326564 -0.433063 0.00141739 0.295133 -0.736126
0.0260256 0.322537 -0.527174 0.00141214 0.276603 -0.781985
0.0158649 0.317074 -0.618867 0.0525404 0.248782 -0.811219
0.00915491 0.309447 -0.69591 0.42176 0.20464 -0.829445
0.00459446 0.298549 -0.752882 0.678054 0.139107 -0.840907
0.052513 0.282668 -0.791369 0.711214 0.0489066 -0.848297
0.421657 0.259018 -0.816161 0.708637 -0.0612752 -0.853212
0.678035 0.222441 -0.831945 0.70519 -0.176873 -0.856588
0.71121 0.168257 -0.842118 0.700518 -0.279766 -0.826605
0.711206 0.0921735 -0.848834 0.694026 -0.358466 -0.637766
0.708486 -0.00523433 -0.853398 0.684808 -0.412105 -0.276567
0.704798 -0.11511 -0.856591 0.67153 -0.446297 -0.167505
0.69971 -0.222105 -0.805487 0.650987 -0.467612 -0.149504
0.692485 -0.311968 -0.436343 0.619727 -0.481014 -0.153197
0.681989 -0.378406 -0.179965 0.573402 -0.489654 -0.158342
0.666495 -0.423286 -0.14679 0.508316 -0.4954 -0.165632
0.64182 -0.452196 -0.149367 0.424937 -0.499345 -0.176282
0.603951 -0.470606 -0.152816 0.330826 -0.499351 -0.192148
0.547759 -0.482472 -0.157494 0.239133 -0.439642 -0.215971
0.470463 -0.490309 -0.164025 0.16209 -0.00845557 -0.253769
0.376109 -0.495634 -0.173356 0.105118 0.290853 -0.309885
0.27718 -0.439674 -0.186955 0.0666307 0.329579 -0.387122
0.189169 -0.00857528 -0.207206 0.0418395 0.326569 -0.481469
0.121874 0.290831 -0.238527 0.0260547 0.322543 -0.580454
0.0760152 0.329574 -0.284923 0.0158825 0.317088 -0.66856
0.0467813 0.329569 -0.350073 0.00916584 0.309506 -0.73595
0.0285546 0.326393 -0.433482 0.0046015 0.298741 -0.78188
0.0170929 0.322085 -0.527567 0.00140868 0.283234 -0.811158
0.00970314 0.316144 -0.619186 0.052513 0.259243 -0.829411
0.00478758 0.307706 -0.696135 0.421657 0.222737 -0.840887
0.00141214 0.295449 -0.753024 0.678035 0.168637 -0.848284
0.0313946 0.277354 -0.791454 0.71121 0.092628 -0.853204
0.220234 0.248538 -0.81621 0.708633 -0.00474542 -0.856583
0.581433 0.204314 -0.831974 0.705184 -0.114651 -0.856588
0.690495 0.13869 -0.842135 0.700506 -0.221733 -0.80546
0.708496 0.0484223 -0.848845 0.693975 -0.311706 -0.43624
0.704803 -0.0617679 -0.853406 0.684644 -0.378239 -0.179946
0.699658 -0.177301 -0.805487 0.671045 -0.423187 -0.146786
0.692368 -0.280082 -0.436343 0.650794 -0.452139 -0.149363
0.681718 -0.358671 -0.179965 0.619473 -0.470572 -0.15281
0.665852 -0.412227 -0.14679 0.573077 -0.482452 -0.157482
0.642029 -0.446367 -0.146794 0.507927 -0.490296 -0.163974
0.604231 -0.467653 -0.149514 0.424518 -0.495626 -0.173192
0.548115 -0.481038 -0.153202 0.330433 -0.499355 -0.18647
0.470878 -0.489668 -0.15829 0.238814 -0.439674 -0.207013
0.376531 -0.495409 -0.165515 0.161865 -0.00857528 -0.238273
0.277546 -0.499351 -0.176011 0.104976 0.290831 -0.284598
0.18944 -0.464336 -0.191505 0.0665459 0.329574 -0.349684
0.12205 -0.243803 -0.21618 0.04179 0.326564 -0.433063
0.07612 0.178016 -0.254049 0.0260256 0.322537 -0.527174
0.0468416 0.305383 -0.310241 0.0158649 0.317074 -0.618867
0.0285894 0.326404 -0.387537 0.00915491 0.309447 -0.69591
0.0171134 0.322092 -0.481891 0.00459446 0.298549 -0.752882
0.00971569 0.316083 -0.58082 0.052513 0.282668 -0.791369
0.00479555 0.307569 -0.668831 0.421657 0.259018 -0.816161
0.00141739 0.295133 -0.736126 0.678035 0.222441 -0.831945
0.00141214 0.276603 -0.781985 0.71121 0.168257 -0.842118
0.0525404 0.248782 -0.811219 0.711206 0.0921735 -0.848834
0.42176 0.20464 -0.829445 0.708486 -0.00523433 -0.853398
0.678054 0.139107 -0.840907 0.704798 -0.11511 -0.856591
0.711214 0.0489066 -0.848297 0.69971 -0.222105 -0.805487
0.708637 -0.0612752 -0.853212 0.692485 -0.311968 -0.436343
0.70519 -0.176873 -0.856588 0.681989 -0.378406 -0.179965
0.700518 -0.279766 -0.826605 0.666495 -0.423286 -0.14679
0.694026 -0.358466 -0.637766 0.64182 -0.452196 -0.149367
0.684808 -0.412105 -0.276567 0.603951 -0.470606 -0.152816
0.67153 -0.446297 -0.167505 0.547759 -0.482472 -0.157494
0.650987 -0.467612 -0.149504 0.470463 -0.490309 -0.164025
0.619727 -0.481014 -0.153197 0.376109 -0.495634 -0.173356
0.573402 -0.489654 -0.158342 0.27718 -0.439674 -0.186955
0.508316 -0.4954 -0.165632 0.189169 -0.00857528 -0.207206
0.424937 -0.499345 -0.176282 0.121874 0.290831 -0.238527
0.330826 -0.499351 -0.192148 0.0760152 0.329574 -0.284923
0.239133 -0.439642 -0.215971 0.0467813 0.329569 -0.350073
0.16209 -0.00845557 -0.253769 0.0285546 0.326393 -0.433482
0.105118 0.290853 -0.309885 0.0170929 0.322085 -0.527567
0.0666307 0.329579 -0.387122 0.00970314 0.316144 -0.619186
0.0418395 0.326569 -0.481469 0.00478758 0.307706 -0.696135
0.0260547 0.322543 -0.580454 0.00141214 0.295449 -0.753024
0.0158825 0.317088 -0.66856 0.0313946 0.277354 -0.791454
0.00916584 0.309506 -0.73595 0.220234 0.248538 -0.81621
0.0046015 0.298741 -0.78188 0.581433 0.204314 -0.831974
0.00140868 0.283234 -0.811158 0.690495 0.13869 -0.842135
0.052513 0.259243 -0.829411 0.708496 0.0484223 -0.848845
0.421657 0.222737 -0.840887 0.704803 -0.0617679 -0.853406
0.678035 0.168637 -0.848284 0.699658 -0.177301 -0.805487
0.71121 0.092628 -0.853204 0.692368 -0.280082 -0.436343
0.708633 -0.00474542 -0.856583 0.681718 -0.358671 -0.179965
0.705184 -0.114651 -0.856588 0.665852 -0.412227 -0.14679
0.700506 -0.221733 -0.80546 0.642029 -0.446367 -0.146794
0.693975 -0.311706 -0.43624 0.604231 -0.467653 -0.149514
0.684644 -0.378239 -0.179946 0.548115 -0.481038 -0.153202
0.671045 -0.423187 -0.146786 0.470878 -0.489668 -0.15829
0.650794 -0.452139 -0.149363 0.376531 -0.495409 -0.165515
0.619473 -0.470572 -0.15281 0.277546 -0.499351 -0.176011
0.573077 -0.482452 -0.157482 0.18944 -0.464336 -0.191505
0.507927 -0.490296 -0.163974 0.12205 -0.243803 -0.21618
0.424518 -0.495626 -0.173192 0.07612 0.178016 -0.254049
0.330433 -0.499355 -0.18647 0.0468416 0.305383 -0.310241
0.238814 -0.439674 -0.207013 0.0285894 0.326404 -0.387537
0.161865 -0.00857528 -0.238273 0.0171134 0.322092 -0.481891
0.104976 0.290831 -0.284598 0.00971569 0.316083 -0.58082
0.0665459 0.329574 -0.349684 0.00479555 0.307569 -0.668831
0.04179 0.326564 -0.433063 0.00141739 0.295133 -0.736126
0.0260256 0.322537 -0.527174 0.00141214 0.276603 -0.781985
0.0158649 0.317074 -0.618867 0.0525404 0.248782 -0.811219
0.00915491 0.309447 -0.69591 0.42176 0.20464 -0.829445
0.00459446 0.298549 -0.752882 0.678054 0.139107 -0.840907
0.052513 0.282668 -0.791369 0.711214 0.0489066 -0.848297
0.421657 0.259018 -0.816161 0.708637 -0.0612752 -0.853212
0.678035 0.222441 -0.831945 0.70519 -0.176873 -0.856588
0.71121 0.168257 -0.842118 0.700518 -0.279766 -0.826605
0.711206 0.0921735 -0.848834 0.694026 -0.358466 -0.637766
0.708486 -0.00523433 -0.853398 0.684808 -0.412105 -0.276567
0.704798 -0.11511 -0.856591 0.67153 -0.446297 -0.167505
0.69971 -0.222105 -0.805487 0.650987 -0.467612 -0.149504
0.692485 -0.311968 -0.436343 0.619727 -0.481014 -0.153197
0.681989 -0.378406 -0.179965 0.573402 -0.489654 -0.158342
0.666495 -0.423286 -0.14679 0.508316 -0.4954 -0.165632
0.64182 -0.452196 -0.149367 0.424937 -0.499345 -0.176282
0.603951 -0.470606 -0.152816 0.330826 -0.499351 -0.192148
0.547759 -0.482472 -0.157494 0.239133 -0.439642 -0.215971
0.470463 -0.490309 -0.164025 0.16209 -0.00845557 -0.253769
0.376109 -0.495634 -0.173356 0.105118 0.290853 -0.309885
0.27718 -0.439674 -0.186955 0.0666307 0.329579 -0.387122
0.189169 -0.00857528 -0.207206 0.0418395 0.326569 -0.481469
0.121874 0.290831 -0.238527 0.0260547 0.322543 -0.580454
0.0760152 0.329574 -0.284923 0.0158825 0.317088 -0.66856
0.0467813 0.329569 -0.350073 0.00916584 0.309506 -0.73595
0.0285546 0.326393 -0.433482 0.0046015 0.298741 -0.78188
0.0170929 0.322085 -0.527567 0.00140868 0.283234 -0.811158
0.00970314 0.316144 -0.619186 0.052513 0.259243 -0.829411
0.00478758 0.307706 -0.696135 0.421657 0.222737 -0.840887
0.00141214 0.295449 -0.753024 0.678035 0.168637 -0.848284
0.0313946 0.277354 -0.791454 0.71121 0.092628 -0.853204
0.220234 0.248538 -0.81621 0.708633 -0.00474542 -0.856583
0.581433 0.204314 -0.831974 0.705184 -0.114651 -0.856588
0.690495 0.13869 -0.842135 0.700506 -0.221733 -0.80546
0.708496 0.0484223 -0.848845 0.693975 -0.311706 -0.43624
0.704803 -0.0617679 -0.853406 0.684644 -0.378239 -0.179946
0.699658 -0.177301 -0.805487 0.671045 -0.423187 -0.146786
0.692368 -0.280082 -0.436343 0.650794 -0.452139 -0.149363
0.681718 -0.358671 -0.179965 0.619473 -0.470572 -0.15281
0.665852 -0.412227 -0.14679 0.573077 -0.482452 -0.157482
0.642029 -0.446367 -0.146794 0.507927 -0.490296 -0.163974
0.604231 -0.467653 -0.149514 0.424518 -0.495626 -0.173192
0.548115 -0.481038 -0.153202 0.330433 -0.499355 -0.18647
0.470878 -0.489668 -0.15829 0.238814 -0.439674 -0.207013
0.376531 -0.495409 -0.165515 0.161865 -0.00857528 -0.238273
0.277546 -0.499351 -0.176011 0.104976 0.290831 -0.284598
0.18944 -0.464336 -0.191505 0.0665459 0.329574 -0.349684
0.12205 -0.243803 -0.21618 0.04179 0.326564 -0.433063
0.07612 0.178016 -0.254049 0.0260256 0.322537 -0.527174
0.0468416 0.305383 -0.310241 0.0158649 0.317074 -0.618867
0.0285894 0.326404 -0.387537 0.00915491 0.309447 -0.69591
0.0171134 0.322092 -0.481891 0.00459446 0.298549 -0.752882
0.00971569 0.316083 -0.58082 0.052513 0.282668 -0.791369
0.00479555 0.307569 -0.668831 0.421657 0.259018 -0.816161
0.00141739 0.295133 -0.736126 0.678035 0.222441 -0.831945
0.00141214 0.276603 -0.781985 0.71121 0.168257 -0.842118
0.0525404 0.248782 -0.811219 0.711206 0.0921735 -0.848834
0.42176 0.20464 -0.829445 0.708486 -0.00523433 -0.853398
0.678054 0.139107 -0.840907 0.704798 -0.11511 -0.856591
0.711214 0.0489066 -0.848297 0.69971 -0.222105 -0.805487
0.708637 -0.0612752 -0.853212 0.692485 -0.311968 -0.436343
0.70519 -0.176873 -0.856588 0.681989 -0.378406 -0.179965
0.700518 -0.279766 -0.826605 0.666495 -0.423286 -0.14679
0.694026 -0.358466 -0.637766 0.64182 -0.452196 -0.149367
0.684808 -0.412105 -0.276567 0.603951 -0.470606 -0.152816
0.67153 -0.446297 -0.167505 0.547759 -0.482472 -0.157494
0.650987 -0.467612 -0.149504 0.470463 -0.490309 -0.164025
0.619727 -0.481014 -0.153197 0.376109 -0.495634 -0.173356
0.573402 -0.489654 -0.158342 0.27718 -0.439674 -0.186955
0.508316 -0.4954 -0.165632 0.189169 -0.00857528 -0.207206
0.424937 -0.499345 -0.176282 0.121874 0.290831 -0.238527
0.330826 -0.499351 -0.192148 0.0760152 0.329574 -0.284923
0.239133 -0.439642 -0.215971 0.0467813 0.329569 -0.350073
0.16209 -0.00845557 -0.253769 0.0285546 0.326393 -0.433482
0.105118 0.290853 -0.309885 0.0170929 0.322085 -0.527567
0.0666307 0.329579 -0.387122 0.00970314 0.316144 -0.619186
0.0418395 0.326569 -0.481469 0.00478758 0.307706 -0.696135
0.0260547 0.322543 -0.580454 0.00141214 0.295449 -0.753024
0.0158825 0.317088 -0.66856 0.0313946 0.277354 -0.791454
0.00916584 0.309506 -0.73595 0.220234 0.248538 -0.81621
0.0046015 0.298741 -0.78188 0.581433 0.204314 -0.831974
0.00140868 0.283234 -0.811158 0.690495 0.13869 -0.842135
0.052513 0.259243 -0.829411 0.708496 0.0484223 -0.848845
0.421657 0.222737 -0.840887 0.704803 -0.0617679 -0.853406
0.678035 0.168637 -0.848284 0.699658 -0.177301 -0.805487
0.71121 0.092628 -0.853204 0.692368 -0.280082 -0.436343
0.708633 -0.00474542 -0.856583 0.681718 -0.358671 -0.179965
0.705184 -0.114651 -0.856588 0.665852 -0.412227 -0.14679
0.700506 -0.221733 -0.80546 0.642029 -0.446367 -0.146794
0.693975 -0.311706 -0.43624 0.604231 -0.467653 -0.149514
0.684644 -0.378239 -0.179946 0.548115 -0.481038 -0.153202
0.671045 -0.423187 -0.146786 0.470878 -0.489668 -0.15829
0.650794 -0.452139 -0.149363 0.376531 -0.495409 -0.165515
0.619473 -0.470572 -0.15281 0.277546 -0.499351 -0.176011
0.573077 -0.482452 -0.157482 0.18944 -0.464336 -0.191505
0.507927 -0.490296 -0.163974 0.12205 -0.243803 -0.21618
0.424518 -0.495626 -0.173192 0.07612 0.178016 -0.254049
0.330433 -0.499355 -0.18647 0.0468416 0.305383 -0.310241
0.238814 -0.439674 -0.207013 0.0285894 0.326404 -0.387537
0.161865 -0.00857528 -0.238273 0.0171134 0.322092 -0.481891
0.104976 0.290831 -0.284598 0.00971569 0.316083 -0.58082
0.0665459 0.329574 -0.349684 0.00479555 0.307569 -0.668831
0.04179 0.326564 -0.433063 0.00141739 0.295133 -0.736126
0.0260256 0.322537 -0.527174 0.00141214 0.276603 -0.781985
0.0158649 0.317074 -0.618867 0.0525404 0.248782 -0.811219
0.00915491 0.309447 -0.69591 0.42176 0.20464 -0.829445
0.00459446 0.298549 -0.752882 0.678054 0.139107 -0.840907
0.052513 0.282668 -0.791369 0.711214 0.0489066 -0.848297
0.421657 0.259018 -0.816161 0.708637 -0.0612752 -0.853212
0.678035 0.222441 -0.831945 0.70519 -0.176873 -0.856588
0.71121 0.168257 -0.842118 0.700518 -0.279766 -0.826605
0.711206 0.0921735 -0.848834 0.694026 -0.358466 -0.637766
0.708486 -0.00523433 -0.853398 0.684808 -0.412105 -0.276567
0.704798 -0.11511 -0.856591 0.67153 -0.446297 -0.167505
0.69971 -0.222105 -0.805487 0.650987 -0.467612 -0.149504
0.692485 -0.311968 -0.436343 0.619727 -0.481014 -0.153197
0.681989 -0.378406 -0.179965 0.573402 -0.489654 -0.158342
0.666495 -0.423286 -0.14679 0.508316 -0.4954 -0.165632
0.64182 -0.452196 -0.149367 0.424937 -0.499345 -0.176282
0.603951 -0.470606 -0.152816 0.330826 -0.499351 -0.192148
0.547759 -0.482472 -0.157494 0.239133 -0.439642 -0.215971
0.470463 -0.490309 -0.164025 0.16209 -0.00845557 -0.253769
0.376109 -0.495634 -0.173356 0.105118 0.290853 -0.309885
0.27718 -0.439674 -0.186955 0.0666307 0.329579 -0.387122
0.189169 -0.00857528 -0.207206 0.0418395 0.326569 -0.481469
0.121874 0.290831 -0.238527 0.0260547 0.322543 -0.580454
0.0760152 0.329574 -0.284923 0.0158825 0.317088 -0.66856
0.0467813 0.329569 -0.350073 0.00916584 0.309506 -0.73595
0.0285546 0.326393 -0.433482 0.0046015 0.298741 -0.78188
0.0170929 0.322085 -0.527567 0.00140868 0.283234 -0.811158
0.00970314 0.316144 -0.619186 0.052513 0.259243 -0.829411
0.00478758 0.307706 -0.696135 0.421657 0.222737 -0.840887
0.00141214 0.295449 -0.753024 0.678035 0.168637 -0.848284
0.0313946 0.277354 -0.791454 0.71121 0.092628 -0.853204
0.220234 0.248538 -0.81621 0.708633 -0.00474542 -0.856583
0.581433 0.204314 -0.831974 0.705184 -0.114651 -0.856588
0.690495 0.13869 -0.842135 0.700506 -0.221733 -0.80546
0.708496 0.0484223 -0.848845 0.693975 -0.311706 -0.43624
0.704803 -0.0617679 -0.853406 0.684644 -0.378239 -0.179946
0.699658 -0.177301 -0.805487 0.671045 -0.423187 -0.146786
0.692368 -0.280082 -0.436343 0.650794 -0.452139 -0.149363
0.681718 -0.358671 -0.179965 0.619473 -0.470572 -0.15281
0.665852 -0.412227 -0.14679 0.573077 -0.482452 -0.157482
0.642029 -0.446367 -0.146794 0.507927 -0.490296 -0.163974
0.604231 -0.467653 -0.149514 0.424518 -0.495626 -0.173192
0.548115 -0.481038 -0.153202 0.330433 -0.499355 -0.18647
0.470878 -0.489668 -0.15829 0.238814 -0.439674 -0.207013
0.376531 -0.495409 -0.165515 0.161865 -0.00857528 -0.238273
0.277546 -0.499351 -0.176011 0.104976 0.290831 -0.284598
0.18944 -0.464336 -0.191505 0.0665459 0.329574 -0.349684
0.12205 -0.243803 -0.21618 0.04179 0.326564 -0.433063
0.07612 0.178016 -0.254049 0.0260256 0.322537 -0.527174
0.0468416 0.305383 -0.310241 0.0158649 0.317074 -0.618867
0.0285894 0.326404 -0.387537 0.00915491 0.309447 -0.69591
0.0171134 0.322092 -0.481891 0.00459446 0.298549 -0.752882
0.00971569 0.316083 -0.58082 0.052513 0.282668 -0.791369
0.00479555 0.307569 -0.668831 0.421657 0.259018 -0.816161
0.00141739 0.295133 -0.736126 0.678035 0.222441 -0.831945
0.00141214 0.276603 -0.781985 0.71121 0.168257 -0.842118
0.0525404 0.248782 -0.811219 0.711206 0.0921735 -0.848834
0.42176 0.20464 -0.829445 0.708486 -0.00523433 -0.853398
0.678054 0.139107 -0.840907 0.704798 -0.11511 -0.856591
0.711214 0.0489066 -0.848297 0.69971 -0.222105 -0.805487
0.708637 -0.0612752 -0.853212 0.692485 -0.311968 -0.436343
0.70519 -0.176873 -0.856588 0.681989 -0.378406 -0.179965
0.700518 -0.279766 -0.826605 0.666495 -0.423286 -0.14679
0.694026 -0.358466 -0.637766 0.64182 -0.452196 -0.149367
0.684808 -0.412105 -0.276567 0.603951 -0.470606 -0.152816
0.67153 -0.446297 -0.167505 0.547759 -0.482472 -0.157494
0.650987 -0.467612 -0.149504 0.470463 -0.490309 -0.164025
0.619727 -0.481014 -0.153197 0.376109 -0.495634 -0.173356
0.573402 -0.489654 -0.158342 0.27718 -0.439674 -0.186955
0.508316 -0.4954 -0.165632 0.189169 -0.00857528 -0.207206
0.424937 -0.499345 -0.176282 0.121874 0.290831 -0.238527
0.330826 -0.499351 -0.192148 0.0760152 0.329574 -0.284923
0.239133 -0.439642 -0.215971 0.0467813 0.329569 -0.350073
0.16209 -0.00845557 -0.253769 0.0285546 0.326393 -0.433482
0.105118 0.290853 -0.309885 0.0170929 0.322085 -0.527567
0.0666307 0.329579 -0.387122 0.00970314 0.316144 -0.619186
0.0418395 0.326569 -0.481469 0.00478758 0.307706 -0.696135
0.0260547 0.322543 -0.580454 0.00141214 0.295449 -0.753024
0.0158825 0.317088 -0.66856 0.0313946 0.277354 -0.791454
0.00916584 0.309506 -0.73595 0.220234 0.248538 -0.81621
0.0046015 0.298741 -0.78188 0.581433 0.204314 -0.831974
0.00140868 0.283234 -0.811158 0.690495 0.13869 -0.842135
0.052513 0.259243 -0.829411 0.708496 0.0484223 -0.848845
0.421657 0.222737 -0.840887 0.704803 -0.0617679 -0.853406
0.678035 0.168637 -0.848284 0.699658 -0.177301 -0.805487
0.71121 0.092628 -0.853204 0.692368 -0.280082 -0.436343
0.708633 -0.00474542 -0.856583 0.681718 -0.358671 -0.179965
0.705184 -0.114651 -0.856588 0.665852 -0.412227 -0.14679
0.700506 -0.221733 -0.80546 0.642029 -0.446367 -0.146794
0.693975 -0.311706 -0.43624 0.604231 -0.467653 -0.149514
0.684644 -0.378239 -0.179946 0.548115 -0.481038 -0.153202
0.671045 -0.423187 -0.146786 0.470878 -0.489668 -0.15829
0.650794 -0.452139 -0.149363 0.376531 -0.495409 -0.165515
0.619473 -0.470572 -0.15281 0.277546 -0.499351 -0.176011
0.573077 -0.482452 -0.157482 0.18944 -0.464336 -0.191505
0.507927 -0.490296 -0.163974 0.12205 -0.243803 -0.21618
0.424518 -0.495626 -0.173192 0.07612 0.178016 -0.254049
0.330433 -0.499355 -0.18647 0.0468416 0.305383 -0.310241
0.238814 -0.439674 -0.207013 0.0285894 0.326404 -0.387537
0.161865 -0.00857528 -0.238273 0.0171134 0.322092 -0.481891
0.104976 0.290831 -0.284598 0.00971569 0.316083 -0.58082
0.0665459 0.329574 -0.349684 0.00479555 0.307569 -0.668831
0.04179 0.326564 -0.433063 0.00141739 0.295133 -0.736126
0.0260256 0.322537 -0.527174 0.00141214 0.276603 -0.781985
0.0158649 0.317074 -0.618867 0.0525404 0.248782 -0.811219
0.00915491 0.309447 -0.69591 0.42176 0.20464 -0.829445
0.00459446 0.298549 -0.752882 0.678054 0.139107 -0.840907
0.052513 0.282668 -0.791369 0.711214 0.0489066 -0.848297
0.421657 0.259018 -0.816161 0.708637 -0.0612752 -0.853212
0.678035 0.222441 -0.831945 0.70519 -0.176873 -0.856588
0.71121 0.168257 -0.842118 0.700518 -0.279766 -0.826605
0.711206 0.0921735 -0.848834 0.694026 -0.358466 -0.637766
0.708486 -0.00523433 -0.853398 0.684808 -0.412105 -0.276567
0.704798 -0.11511 -0.856591 0.67153 -0.446297 -0.167505
0.69971 -0.222105 -0.805487 0.650987 -0.467612 -0.149504
0.692485 -0.311968 -0.436343 0.619727 -0.481014 -0.153197
0.681989 -0.378406 -0.179965 0.573402 -0.489654 -0.158342
0.666495 -0.423286 -0.14679 0.508316 -0.4954 -0.165632
0.64182 -0.452196 -0.149367 0.424937 -0.499345 -0.176282
0.603951 -0.470606 -0.152816 0.330826 -0.499351 -0.192148
0.547759 -0.482472 -0.157494 0.239133 -0.439642 -0.215971
0.470463 -0.490309 -0.164025 0.16209 -0.00845557 -0.253769
0.376109 -0.495634 -0.173356 0.105118 0.290853 -0.309885
0.27718 -0.439674 -0.186955 0.0666307 0.329579 -0.387122
0.189169 -0.00857528 -0.207206 0.0418395 0.326569 -0.481469
0.121874 0.290831 -0.238527 0.0260547 0.322543 -0.580454
0.0760152 0.329574 -0.284923 0.0158825 0.317088 -0.66856
0.0467813 0.329569 -0.350073 0.00916584 0.309506 -0.73595
0.0285546 0.326393 -0.433482 0.0046015 0.298741 -0.78188
0.0170929 0.322085 -0.527567 0.00140868 0.283234 -0.811158
0.00970314 0.316144 -0.619186 0.052513 0.259243 -0.829411
0.00478758 0.307706 -0.696135 0.421657 0.222737 -0.840887
0.00141214 0.295449 -0.753024 0.678035 0.168637 -0.848284
0.0313946 0.277354 -0.791454 0.71121 0.092628 -0.853204
0.220234 0.248538 -0.81621 0.708633 -0.00474542 -0.856583
0.581433 0.204314 -0.831974 0.705184 -0.114651 -0.856588
0.690495 0.13869 -0.842135 0.700506 -0.221733 -0.80546
0.708496 0.0484223 -0.848845 0.693975 -0.311706 -0.43624
0.704803 -0.0617679 -0.853406 0.684644 -0.378239 -0.179946
0.699658 -0.177301 -0.805487 0.671045 -0.423187 -0.146786
0.692368 -0.280082 -0.436343 0.650794 -0.452139 -0.149363
0.681718 -0.358671 -0.179965 0.619473 -0.470572 -0.15281
0.665852 -0.412227 -0.14679 0.573077 -0.482452 -0.157482
0.642029 -0.446367 -0.146794 0.507927 -0.490296 -0.163974
0.604231 -0.467653 -0.149514 0.424518 -0.495626 -0.173192
0.548115 -0.481038 -0.153202 0.330433 -0.499355 -0.18647
0.470878 -0.489668 -0.15829 0.238814 -0.439674 -0.207013
0.376531 -0.495409 -0.165515 0.161865 -0.00857528 -0.238273
0.277546 -0.499351 -0.176011 0.104976 0.290831 -0.284598
0.18944 -0.464336 -0.191505 0.0665459 0.329574 -0.349684
0.12205 -0.243803 -0.21618 0.04179 0.326564 -0.433063
0.07612 0.178016 -0.254049 0.0260256 0.322537 -0.527174
0.0468416 0.305383 -0.310241 0.0158649 0.317074 -0.618867
0.0285894 0.326404 -0.387537 0.00915491 0.309447 -0.69591
0.0171134 0.322092 -0.481891 0.00459446 0.298549 -0.752882
0.00971569 0.316083 -0.58082 0.052513 0.282668 -0.791369
0.00479555 0.307569 -0.668831 0.421657 0.259018 -0.816161
0.00141739 0.295133 -0.736126 0.678035 0.222441 -0.831945
0.00141214 0.276603 -0.781985 0.71121 0.168257 -0.842118
0.0525404 0.248782 -0.811219 0.711206 0.0921735 -0.848834
0.42176 0.20464 -0.829445 0.708486 -0.00523433 -0.853398
0.678054 0.139107 -0.840907 0.704798 -0.11511 -0.856591
0.711214 0.0489066 -0.848297 0.69971 -0.222105 -0.805487
0.708637 -0.0612752 -0.853212 0.692485 -0.311968 -0.436343
0.70519 -0.176873 -0.856588 0.681989 -0.378406 -0.179965
0.700518 -0.279766 -0.826605 0.666495 -0.423286 -0.14679
0.694026 -0.358466 -0.637766 0.64182 -0.452196 -0.149367
0.684808 -0.412105 -0.276567 0.603951 -0.470606 -0.152816
0.67153 -0.446297 -0.167505 0.547759 -0.482472 -0.157494
0.650987 -0.467612 -0.149504 0.470463 -0.490309 -0.164025
0.619727 -0.481014 -0.153197 0.376109 -0.495634 -0.173356
0.573402 -0.489654 -0.158342 0.27718 -0.439674 -0.186955
0.508316 -0.4954 -0.165632 0.189169 -0.00857528 -0.207206
0.424937 -0.499345 -0.176282 0.121874 0.290831 -0.238527
0.330826 -0.499351 -0.192148 0.0760152 0.329574 -0.284923
0.239133 -0.439642 -0.215971 0.0467813 0.329569 -0.350073
0.16209 -0.00845557 -0.253769 0.0285546 0.326393 -0.433482
0.105118 0.290853 -0.309885 0.0170929 0.322085 -0.527567
0.0666307 0.329579 -0.387122 0.00970314 0.316144 -0.619186
0.0418395 0.326569 -0.481469 0.00478758 0.307706 -0.696135
0.0260547 0.322543 -0.580454 0.00141214 0.295449 -0.753024
0.0158825 0.317088 -0.66856 0.0313946 0.277354 -0.791454
0.00916584 0.309506 -0.73595 0.220234 0.248538 -0.81621
0.0046015 0.298741 -0.78188 0.581433 0.204314 -0.831974
0.00140868 0.283234 -0.811158 0.690495 0.13869 -0.842135
0.052513 0.259243 -0.829411 0.708496 0.0484223 -0.848845
0.421657 0.222737 -0.840887 0.704803 -0.0617679 -0.853406
0.678035 0.168637 -0.848284 0.699658 -0.177301 -0.805487
0.71121 0.092628 -0.853204 0.692368 -0.280082 -0.436343
0.708633 -0.00474542 -0.856583 0.681718 -0.358671 -0.179965
0.705184 -0.114651 -0.856588 0.665852 -0.412227 -0.14679
0.700506 -0.221733 -0.80546 0.642029 -0.446367 -0.146794
0.693975 -0.311706 -0.43624 0.604231 -0.467653 -0.149514
0.684644 -0.378239 -0.179946 0.548115 -0.481038 -0.153202
0.671045 -0.423187 -0.146786 0.470878 -0.489668 -0.15829
0.650794 -0.452139 -0.149363 0.376531 -0.495409 -0.165515
0.619473 -0.470572 -0.15281 0.277546 -0.499351 -0.176011
0.573077 -0.482452 -0.157482 0.18944 -0.464336 -0.191505
0.507927 -0.490296 -0.163974 0.12205 -0.243803 -0.21618
0.424518 -0.495626 -0.173192 0.07612 0.178016 -0.254049
0.330433 -0.499355 -0.18647 0.0468416 0.305383 -0.310241
0.238814 -0.439674 -0.207013 0.0285894 0.326404 -0.387537
0.161865 -0.00857528 -0.238273 0.0171134 0.322092 -0.481891
0.104976 0.290831 -0.284598 0.00971569 0.316083 -0.58082
0.0665459 0.329574 -0.349684 0.00479555 0.307569 -0.668831
0.04179 0.326564 -0.433063 0.00141739 0.295133 -0.736126
0.0260256 0.322537 -0.527174 0.00141214 0.276603 -0.781985
0.0158649 0.317074 -0.618867 0.0525404 0.248782 -0.811219
0.00915491 0.309447 -0.69591 0.42176 0.20464 -0.829445
0.00459446 0.298549 -0.752882 0.678054 0.139107 -0.840907
0.052513 0.282668 -0.791369 0.711214 0.0489066 -0.848297
0.421657 0.259018 -0.816161 0.708637 -0.0612752 -0.853212
0.678035 0.222441 -0.831945 0.70519 -0.176873 -0.856588
0.71121 0.168257 -0.842118 0.700518 -0.279766 -0.826605
0.711206 0.0921735 -0.848834 0.694026 -0.358466 -0.637766
0.708486 -0.00523433 -0.853398 0.684808 -0.412105 -0.276567
0.704798 -0.11511 -0.856591 0.67153 -0.446297 -0.167505
0.69971 -0.222105 -0.805487 0.650987 -0.467612 -0.149504
0.692485 -0.311968 -0.436343 0.619727 -0.481014 -0.153197
0.681989 -0.378406 -0.179965 0.573402 -0.489654 -0.158342
0.666495 -0.423286 -0.14679 0.508316 -0.4954 -0.165632
0.64182 -0.452196 -0.149367 0.424937 -0.499345 -0.176282
0.603951 -0.470606 -0.152816 0.330826 -0.499351 -0.192148
0.547759 -0.482472 -0.157494 0.239133 -0.439642 -0.215971
0.470463 -0.490309 -0.164025 0.16209 -0.00845557 -0.253769
0.376109 -0.495634 -0.173356 0.105118 0.290853 -0.309885
0.27718 -0.439674 -0.186955 0.0666307 0.329579 -0.387122
0.189169 -0.00857528 -0.207206 0.0418395 0.326569 -0.481469
0.121874 0.290831 -0.238527 0.0260547 0.322543 -0.580454
0.0760152 0.329574 -0.284923 0.0158825 0.317088 -0.66856
0.0467813 0.329569 -0.350073 0.00916584 0.309506 -0.73595
0.0285546 0.326393 -0.433482 0.0046015 0.298741 -0.78188
0.0170929 0.322085 -0.527567 0.00140868 0.283234 -0.811158
0.00970314 0.316144 -0.619186 0.052513 0.259243 -0.829411
0.00478758 0.307706 -0.696135 0.421657 0.222737 -0.840887
0.00141214 0.295449 -0.753024 0.678035 0.168637 -0.848284
0.0313946 0.277354 -0.791454 0.71121 0.092628 -0.853204
0.220234 0.248538 -0.81621 0.708633 -0.00474542 -0.856583
0.581433 0.204314 -0.831974 0.705184 -0.114651 -0.856588
0.690495 0.13869 -0.842135 0.700506 -0.221733 -0.80546
0.708496 0.0484223 -0.848845 0.693975 -0.311706 -0.43624
0.704803 -0.0617679 -0.853406 0.684644 -0.378239 -0.179946
0.699658 -0.177301 -0.805487 0.671045 -0.423187 -0.146786
0.692368 -0.280082 -0.436343 0.650794 -0.452139 -0.149363
0.681718 -0.358671 -0.179965 0.619473 -0.470572 -0.15281
0.665852 -0.412227 -0.14679 0.573077 -0.482452 -0.157482
0.642029 -0.446367 -0.146794 0.507927 -0.490296 -0.163974
0.604231 -0.467653 -0.149514 0.424518 -0.495626 -0.173192
0.548115 -0.481038 -0.153202 0.330433 -0.499355 -0.18647
0.470878 -0.489668 -0.15829 0.238814 -0.439674 -0.207013
0.376531 -0.495409 -0.165515 0.161865 -0.00857528 -0.238273
0.277546 -0.499351 -0.176011 0.104976 0.290831 -0.284598
0.18944 -0.464336 -0.191505 0.0665459 0.329574 -0.349684
0.12205 -0.243803 -0.21618 0.04179 0.326564 -0.433063
0.07612 0.178016 -0.254049 0.0260256 0.322537 -0.527174
0.0468416 0.305383 -0.310241 0.0158649 0.317074 -0.618867
0.0285894 0.326404 -0.387537 0.00915491 0.309447 -0.69591
0.0171134 0.322092 -0.481891 0.00459446 0.298549 -0.752882
0.00971569 0.316083 -0.58082 0.052513 0.282668 -0.791369
0.00479555 0.307569 -0.668831 0.421657 0.259018 -0.816161
0.00141739 0.295133 -0.736126 0.678035 0.222441 -0.831945
0.00141214 0.276603 -0.781985 0.71121 0.168257 -0.842118
0.0525404 0.248782 -0.811219 0.711206 0.0921735 -0.848834
0.42176 0.20464 -0.829445 0.708486 -0.00523433 -0.853398
0.678054 0.139107 -0.840907 0.704798 -0.11511 -0.856591
0.711214 0.0489066 -0.848297 0.69971 -0.222105 -0.805487
0.708637 -0.0612752 -0.853212 0.692485 -0.311968 -0.436343
0.70519 -0.176873 -0.856588 0.681989 -0.378406 -0.179965
0.700518 -0.279766 -0.826605 0.666495 -0.423286 -0.14679
0.694026 -0.358466 -0.637766 0.64182 -0.452196 -0.149367
0.684808 -0.412105 -0.276567 0.603951 -0.470606 -0.152816
0.67153 -0.446297 -0.167505 0.547759 -0.482472 -0.157494
0.650987 -0.467612 -0.149504 0.470463 -0.490309 -0.164025
0.619727 -0.481014 -0.153197 0.376109 -0.495634 -0.173356
0.573402 -0.489654 -0.158342 0.27718 -0.439674 -0.186955
0.508316 -0.4954 -0.165632 0.189169 -0.00857528 -0.207206
0.424937 -0.499345 -0.176282 0.121874 0.290831 -0.238527
0.330826 -0.499351 -0.192148 0.0760152 0.329574 -0.284923
0.239133 -0.439642 -0.215971 0.0467813 0.329569 -0.350073
0.16209 -0.00845557 -0.253769 0.0285546 0.326393 -0.433482
0.105118 0.290853 -0.309885 0.0170929 0.322085 -0.527567
0.0666307 0.329579 -0.387122 0.00970314 0.316144 -0.619186
0.0418395 0.326569 -0.481469 0.00478758 0.307706 -0.696135
0.0260547 0.322543 -0.580454 0.00141214 0.295449 -0.753024
0.0158825 0.317088 -0.66856 0.0313946 0.277354 -0.791454
0.00916584 0.309506 -0.73595 0.220234 0.248538 -0.81621
0.0046015 0.298741 -0.78188 0.581433 0.204314 -0.831974
0.00140868 0.283234 -0.811158 0.690495 0.13869 -0.842135
0.052513 0.259243 -0.829411 0.708496 0.0484223 -0.848845
0.421657 0.222737 -0.840887 0.704803 -0.0617679 -0.853406
0.678035 0.168637 -0.848284 0.699658 -0.177301 -0.805487
0.71121 0.092628 -0.853204 0.692368 -0.280082 -0.436343
0.708633 -0.00474542 -0.856583 0.681718 -0.358671 -0.179965
0.705184 -0.114651 -0.856588 0.665852 -0.412227 -0.14679
0.700506 -0.221733 -0.80546 0.642029 -0.446367 -0.146794
0.693975 -0.311706 -0.43624 0.604231 -0.467653 -0.149514
0.684644 -0.378239 -0.179946 0.548115 -0.481038 -0.153202
0.671045 -0.423187 -0.146786 0.470878 -0.489668 -0.15829
0.650794 -0.452139 -0.149363 0.376531 -0.495409 -0.165515
0.619473 -0.470572 -0.15281 0.277546 -0.499351 -0.176011
0.573077 -0.482452 -0.157482 0.18944 -0.464336 -0.191505
0.507927 -0.490296 -0.163974 0.12205 -0.243803 -0.21618
0.424518 -0.495626 -0.173192 0.07612 0.178016 -0.254049
0.330433 -0.499355 -0.18647 0.0468416 0.305383 -0.310241
0.238814 -0.439674 -0.207013 0.0285894 0.326404 -0.387537
0.161865 -0.00857528 -0.238273 0.0171134 0.322092 -0.481891
0.104976 0.290831 -0.284598 0.00971569 0.316083 -0.58082
0.0665459 0.329574 -0.349684 0.00479555 0.307569 -0.668831
0.04179 0.326564 -0.433063 0.00141739 0.295133 -0.736126
0.0260256 0.322537 -0.527174 0.00141214 0.276603 -0.781985
0.0158649 0.317074 -0.618867 0.0525404 0.248782 -0.811219
0.00915491 0.309447 -0.69591 0.42176 0.20464 -0.829445
0.00459446 0.298549 -0.752882 0.678054 0.139107 -0.840907
0.052513 0.282668 -0.791369 0.711214 0.0489066 -0.848297
0.421657 0.259018 -0.816161 0.708637 -0.0612752 -0.853212
0.678035 0.222441 -0.831945 0.70519 -0.176873 -0.856588
0.71121 0.168257 -0.842118 0.700518 -0.279766 -0.826605
0.711206 0.0921735 -0.848834 0.694026 -0.358466 -0.637766
0.708486 -0.00523433 -0.853398 0.684808 -0.412105 -0.276567
0.704798 -0.11511 -0.856591 0.67153 -0.446297 -0.167505
0.69971 -0.222105 -0.805487 0.650987 -0.467612 -0.149504
0.692485 -0.311968 -0.436343 0.619727 -0.481014 -0.153197
0.681989 -0.378406 -0.179965 0.573402 -0.489654 -0.158342
0.666495 -0.423286 -0.14679 0.508316 -0.4954 -0.165632
0.64182 -0.452196 -0.149367 0.424937 -0.499345 -0.176282
0.603951 -0.470606 -0.152816 0.330826 -0.499351 -0.192148
0.547759 -0.482472 -0.157494 0.239133 -0.439642 -0.215971
0.470463 -0.490309 -0.164025 0.16209 -0.00845557 -0.253769
0.376109 -0.495634 -0.173356 0.105118 0.290853 -0.309885
0.27718 -0.439674 -0.186955 0.0666307 0.329579 -0.387122
0.189169 -0.00857528 -0.207206 0.0418395 0.326569 -0.481469
0.121874 0.290831 -0.238527 0.0260547 0.322543 -0.580454
0.0760152 0.329574 -0.284923 0.0158825 0.317088 -0.66856
0.0467813 0.329569 -0.350073 0.00916584 0.309506 -0.73595
0.0285546 0.326393 -0.433482 0.0046015 0.298741 -0.78188
0.0170929 0.322085 -0.527567 0.00140868 0.283234 -0.811158
0.00970314 0.316144 -0.619186 0.052513 0.259243 -0.829411
0.00478758 0.307706 -0.696135 0.421657 0.222737 -0.840887
0.00141214 0.295449 -0.753024 0.678035 0.168637 -0.848284
0.0313946 0.277354 -0.791454 0.71121 0.092628 -0.853204
0.220234 0.248538 -0.81621 0.708633 -0.00474542 -0.856583
0.581433 0.204314 -0.831974 0.705184 -0.114651 -0.856588
0.690495 0.13869 -0.842135 0.700506 -0.221733 -0.80546
0.708496 0.0484223 -0.848845 0.693975 -0.311706 -0.43624
0.704803 -0.0617679 -0.853406 0.684644 -0.378239 -0.179946
0.699658 -0.177301 -0.805487 0.671045 -0.423187 -0.146786
0.692368 -0.280082 -0.436343 0.650794 -0.452139 -0.149363
0.681718 -0.358671 -0.179965 0.619473 -0.470572 -0.15281
0.665852 -0.412227 -0.14679 0.573077 -0.482452 -0.157482
0.642029 -0.446367 -0.146794 0.507927 -0.490296 -0.163974
0.604231 -0.467653 -0.149514 0.424518 -0.495626 -0.173192
0.548115 -0.481038 -0.153202 0.330433 -0.499355 -0.18647
0.470878 -0.489668 -0.15829 0.238814 -0.439674 -0.207013
0.376531 -0.495409 -0.165515 0.161865 -0.00857528 -0.238273
0.277546 -0.499351 -0.176011 0.104976 0.290831 -0.284598
0.18944 -0.464336 -0.191505 0.0665459 0.329574 -0.349684
0.12205 -0.243803 -0.21618 0.04179 0.326564 -0.433063
0.07612 0.178016 -0.254049 0.0260256 0.322537 -0.527174
0.0468416 0.305383 -0.310241 0.0158649 0.317074 -0.618867
0.0285894 0.326404 -0.387537 0.00915491 0.309447 -0.69591
0.0171134 0.322092 -0.481891 0.00459446 0.298549 -0.752882
0.00971569 0.316083 -0.58082 0.052513 0.282668 -0.791369
0.00479555 0.307569 -0.668831 0.421657 0.259018 -0.816161
0.00141739 0.295133 -0.736126 0.678035 0.222441 -0.831945
0.00141214 0.276603 -0.781985 0.71121 0.168257 -0.842118
0.0525404 0.248782 -0.811219 0.711206 0.0921735 -0.848834
0.42176 0.20464 -0.829445 0.708486 -0.00523433 -0.853398
0.678054 0.139107 -0.840907 0.704798 -0.11511 -0.856591
0.711214 0.0489066 -0.848297 0.69971 -0.222105 -0.805487
0.708637 -0.0612752 -0.853212 0.692485 -0.311968 -0.436343
0.70519 -0.176873 -0.856588 0.681989 -0.378406 -0.179965
0.700518 -0.279766 -0.826605 0.666495 -0.423286 -0.14679
0.694026 -0.358466 -0.637766 0.64182 -0.452196 -0.149367
0.684808 -0.412105 -0.276567 0.603951 -0.470606 -0.152816
0.67153 -0.446297 -0.167505 0.547759 -0.482472 -0.157494
0.650987 -0.467612 -0.149504 0.470463 -0.490309 -0.164025
0.619727 -0.481014 -0.153197 0.376109 -0.495634 -0.173356
0.573402 -0.489654 -0.158342 0.27718 -0.439674 -0.186955
0.508316 -0.4954 -0.165632 0.189169 -0.00857528 -0.207206
0.424937 -0.499345 -0.176282 0.121874 0.290831 -0.238527
0.330826 -0.499351 -0.192148 0.0760152 0.329574 -0.284923
0.239133 -0.439642 -0.215971 0.0467813 0.329569 -0.350073
0.16209 -0.00845557 -0.253769 0.0285546 0.326393 -0.433482
0.105118 0.290853 -0.309885 0.0170929 0.322085 -0.527567
0.0666307 0.329579 -0.387122 0.00970314 0.316144 -0.619186
0.0418395 0.326569 -0.481469 0.00478758 0.307706 -0.696135
0.0260547 0.322543 -0.580454 0.00141214 0.295449 -0.753024
0.0158825 0.317088 -0.66856 0.0313946 0.277354 -0.791454
0.00916584 0.309506 -0.73595 0.220234 0.248538 -0.81621
0.0046015 0.298741 -0.78188 0.581433 0.204314 -0.831974
0.00140868 0.283234 -0.811158 0.690495 0.13869 -0.842135
0.052513 0.259243 -0.829411 0.708496 0.0484223 -0.848845
0.421657 0.222737 -0.840887 0.704803 -0.0617679 -0.853406
0.678035 0.168637 -0.848284 0.699658 -0.177301 -0.805487
0.71121 0.092628 -0.853204 0.692368 -0.280082 -0.436343
0.708633 -0.00474542 -0.856583 0.681718 -0.358671 -0.179965
0.705184 -0.114651 -0.856588 0.665852 -0.412227 -0.14679
0.700506 -0.221733 -0.80546 0.642029 -0.446367 -0.146794
0.693975 -0.311706 -0.43624 0.604231 -0.467653 -0.149514
0.684644 -0.378239 -0.179946 0.548115 -0.481038 -0.153202
0.671045 -0.423187 -0.146786 0.470878 -0.489668 -0.15829
0.650794 -0.452139 -0.149363 0.376531 -0.495409 -0.165515
0.619473 -0.470572 -0.15281 0.277546 -0.499351 -0.176011
0.573077 -0.482452 -0.157482 0.18944 -0.464336 -0.191505
0.507927 -0.490296 -0.163974 0.12205 -0.243803 -0.21618
0.424518 -0.495626 -0.173192 0.07612 0.178016 -0.254049
0.330433 -0.499355 -0.18647 0.0468416 0.305383 -0.310241
0.238814 -0.439674 -0.207013 0.0285894 0.326404 -0.387537
0.161865 -0.00857528 -0.238273 0.0171134 0.322092 -0.481891
0.104976 0.290831 -0.284598 0.00971569 0.316083 -0.58082
0.0665459 0.329574 -0.349684 0.00479555 0.307569 -0.668831
0.04179 0.326564 -0.433063 0.00141739 0.295133 -0.736126
0.0260256 0.322537 -0.527174 0.00141214 0.276603 -0.781985
0.0158649 0.317074 -0.618867 0.0525404 0.248782 -0.811219
0.00915491 0.309447 -0.69591 0.42176 0.20464 -0.829445
0.00459446 0.298549 -0.752882 0.678054 0.139107 -0.840907
0.052513 0.282668 -0.791369 0.711214 0.0489066 -0.848297
0.421657 0.259018 -0.816161 0.708637 -0.0612752 -0.853212
0.678035 0.222441 -0.831945 0.70519 -0.176873 -0.856588
0.71121 0.168257 -0.842118 0.700518 -0.279766 -0.826605
0.711206 0.0921735 -0.848834 0.694026 -0.358466 -0.637766
0.708486 -0.00523433 -0.853398 0.684808 -0.412105 -0.276567
0.704798 -0.11511 -0.856591 0.67153 -0.446297 -0.167505
0.69971 -0.222105 -0.805487 0.650987 -0.467612 -0.149504
0.692485 -0.311968 -0.436343 0.619727 -0.481014 -0.153197
0.681989 -0.378406 -0.179965 0.573402 -0.489654 -0.158342
0.666495 -0.423286 -0.14679 0.508316 -0.4954 -0.165632
0.64182 -0.452196 -0.149367 0.424937 -0.499345 -0.176282
0.603951 -0.470606 -0.152816 0.330826 -0.499351 -0.192148
0.547759 -0.482472 -0.157494 0.239133 -0.439642 -0.215971
0.470463 -0.490309 -0.164025 0.16209 -0.00845557 -0.253769
0.376109 -0.495634 -0.173356 0.105118 0.290853 -0.309885
0.27718 -0.439674 -0.186955 0.0666307 0.329579 -0.387122
0.189169 -0.00857528 -0.207206 0.0418395 0.326569 -0.481469
0.121874 0.290831 -0.238527 0.0260547 0.322543 -0.580454
0.0760152 0.329574 -0.284923 0.0158825 0.317088 -0.66856
0.0467813 0.329569 -0.350073 0.00916584 0.309506 -0.73595
0.0285546 0.326393 -0.433482 0.0046015 0.298741 -0.78188
0.0170929 0.322085 -0.527567 0.00140868 0.283234 -0.811158
0.00970314 0.316144 -0.619186 0.052513 0.259243 -0.829411
0.00478758 0.307706 -0.696135 0.421657 0.222737 -0.840887
0.00141214 0.295449 -0.753024 0.678035 0.168637 -0.848284
0.0313946 0.277354 -0.791454 0.71121 0.092628 -0.853204
0.220234 0.248538 -0.81621 0.708633 -0.00474542 -0.856583
0.581433 0.204314 -0.831974 0.705184 -0.114651 -0.856588
0.690495 0.13869 -0.842135 0.700506 -0.221733 -0.80546
0.708496 0.0484223 -0.848845 0.693975 -0.311706 -0.43624
0.704803 -0.0617679 -0.853406 0.684644 -0.378239 -0.179946
0.699658 -0.177301 -0.805487 0.671045 -0.423187 -0.146786
0.692368 -0.280082 -0.436343 0.650794 -0.452139 -0.149363
0.681718 -0.358671 -0.179965 0.619473 -0.470572 -0.15281
0.665852 -0.412227 -0.14679 0.573077 -0.482452 -0.157482
0.642029 -0.446367 -0.146794 0.507927 -0.490296 -0.163974
0.604231 -0.467653 -0.149514 0.424518 -0.495626 -0.173192
0.548115 -0.481038 -0.153202 0.330433 -0.499355 -0.18647
0.470878 -0.489668 -0.15829 0.238814 -0.439674 -0.207013
0.376531 -0.495409 -0.165515 0.161865 -0.00857528 -0.238273
0.277546 -0.499351 -0.176011 0.104976 0.290831 -0.284598
0.18944 -0.464336 -0.191505 0.0665459 0.329574 -0.349684
0.12205 -0.243803 -0.21618 0.04179 0.326564 -0.433063
0.07612 0.178016 -0.254049 0.0260256 0.322537 -0.527174
0.0468416 0.305383 -0.310241 0.0158649 0.317074 -0.618867
0.0285894 0.326404 -0.387537 0.00915491 0.309447 -0.69591
0.0171134 0.322092 -0.481891 0.00459446 0.298549 -0.752882
0.00971569 0.316083 -0.58082 0.052513 0.282668 -0.791369
0.00479555 0.307569 -0.668831 0.421657 0.259018 -0.816161
0.00141739 0.295133 -0.736126 0.678035 0.222441 -0.831945
0.00141214 0.276603 -0.781985 0.71121 0.168257 -0.842118
0.0525404 0.248782 -0.811219 0.711206 0.0921735 -0.848834
0.42176 0.20464 -0.829445 0.708486 -0.00523433 -0.853398
0.678054 0.139107 -0.840907 0.704798 -0.11511 -0.856591
0.711214 0.0489066 -0.848297 0.69971 -0.222105 -0.805487
0.708637 -0.0612752 -0.853212 0.692485 -0.311968 -0.436343
0.70519 -0.176873 -0.856588 0.681989 -0.378406 -0.179965
0.700518 -0.279766 -0.826605 0.666495 -0.423286 -0.14679
0.694026 -0.358466 -0.637766 0.64182 -0.452196 -0.149367
0.684808 -0.412105 -0.276567 0.603951 -0.470606 -0.152816
0.67153 -0.446297 -0.167505 0.547759 -0.482472 -0.157494
0.650987 -0.467612 -0.149504 0.470463 -0.490309 -0.164025
0.619727 -0.481014 -0.153197 0.376109 -0.495634 -0.173356
0.573402 -0.489654 -0.158342 0.27718 -0.439674 -0.186955
0.508316 -0.4954 -0.165632 0.189169 -0.00857528 -0.207206
0.424937 -0.499345 -0.176282 0.121874 0.290831 -0.238527
0.330826 -0.499351 -0.192148 0.0760152 0.329574 -0.284923
0.239133 -0.439642 -0.215971 0.0467813 0.329569 -0.350073
0.16209 -0.00845557 -0.253769 0.0285546 0.326393 -0.433482
0.105118 0.290853 -0.309885 0.0170929 0.322085 -0.527567
0.0666307 0.329579 -0.387122 0.00970314 0.316144 -0.619186
0.0418395 0.326569 -0.481469 0.00478758 0.307706 -0.696135
0.0260547 0.322543 -0.580454 0.00141214 0.295449 -0.753024
0.0158825 0.317088 -0.66856 0.0313946 0.277354 -0.791454
0.00916584 0.309506 -0.73595 0.220234 0.248538 -0.81621
0.0046015 0.298741 -0.78188 0.581433 0.204314 -0.831974
0.00140868 0.283234 -0.811158 0.690495 0.13869 -0.842135
0.052513 0.259243 -0.829411 0.708496 0.0484223 -0.848845
0.421657 0.222737 -0.840887 0.704803 -0.0617679 -0.853406
0.678035 0.168637 -0.848284 0.699658 -0.177301 -0.805487
0.71121 0.092628 -0.853204 0.692368 -0.280082 -0.436343
0.708633 -0.00474542 -0.856583 0.681718 -0.358671 -0.179965
0.705184 -0.114651 -0.856588 0.665852 -0.412227 -0.14679
0.700506 -0.221733 -0.80546 0.642029 -0.446367 -0.146794
0.693975 -0.311706 -0.43624 0.604231 -0.467653 -0.149514
0.684644 -0.378239 -0.179946 0.548115 -0.481038 -0.153202
0.671045 -0.423187 -0.146786 0.470878 -0.489668 -0.15829
0.650794 -0.452139 -0.149363 0.376531 -0.495409 -0.165515
0.619473 -0.470572 -0.15281 0.277546 -0.499351 -0.176011
0.573077 -0.482452 -0.157482 0.18944 -0.464336 -0.191505
0.507927 -0.490296 -0.163974 0.12205 -0.243803 -0.21618
0.424518 -0.495626 -0.173192 0.07612 0.178016 -0.254049
0.330433 -0.499355 -0.18647 0.0468416 0.305383 -0.310241
0.238814 -0.439674 -0.207013 0.0285894 0.326404 -0.387537
0.161865 -0.00857528 -0.238273 0.0171134 0.322092 -0.481891
0.104976 0.290831 -0.284598 0.00971569 0.316083 -0.58082
0.0665459 0.329574 -0.349684 0.00479555 0.307569 -0.668831
0.04179 0.326564 -0.433063 0.00141739 0.295133 -0.736126
0.0260256 0.322537 -0.527174 0.00141214 0.276603 -0.781985
0.0158649 0.317074 -0.618867 0.0525404 0.248782 -0.811219
0.00915491 0.309447 -0.69591 0.42176 0.20464 -0.829445
0.00459446 0.298549 -0.752882 0.678054 0.139107 -0.840907
0.052513 0.282668 -0.791369 0.711214 0.0489066 -0.848297
0.421657 0.259018 -0.816161 0.708637 -0.0612752 -0.853212
0.678035 0.222441 -0.831945 0.70519 -0.176873 -0.856588
0.71121 0.168257 -0.842118 0.700518 -0.279766 -0.826605
0.711206 0.0921735 -0.848834 0.694026 -0.358466 -0.637766
0.708486 -0.00523433 -0.853398 0.684808 -0.412105 -0.276567
0.704798 -0.11511 -0.856591 0.67153 -0.446297 -0.167505
0.69971 -0.222105 -0.805487 0.650987 -0.467612 -0.149504
0.692485 -0.311968 -0.436343 0.619727 -0.481014 -0.153197
0.681989 -0.378406 -0.179965 0.573402 -0.489654 -0.158342
0.666495 -0.423286 -0.14679 0.508316 -0.4954 -0.165632
0.64182 -0.452196 -0.149367 0.424937 -0.499345 -0.176282
0.603951 -0.470606 -0.152816 0.330826 -0.499351 -0.192148
0.547759 -0.482472 -0.157494 0.239133 -0.439642 -0.215971
0.470463 -0.490309 -0.164025 0.16209 -0.00845557 -0.253769
0.376109 -0.495634 -0.173356 0.105118 0.290853 -0.309885
0.27718 -0.439674 -0.186955 0.0666307 0.329579 -0.387122
0.189169 -0.00857528 -0.207206 0.0418395 0.326569 -0.481469
0.121874 0.290831 -0.238527 0.0260547 0.322543 -0.580454
0.0760152 0.329574 -0.284923 0.0158825 0.317088 -0.66856
0.0467813 0.329569 -0.350073 0.00916584 0.309506 -0.73595
0.0285546 0.326393 -0.433482 0.0046015 0.298741 -0.78188
0.0170929 0.322085 -0.527567 0.00140868 0.283234 -0.811158
0.00970314 0.316144 -0.619186 0.052513 0.259243 -0.829411
0.00478758 0.307706 -0.696135 0.421657 0.222737 -0.840887
0.00141214 0.295449 -0.753024 0.678035 0.168637 -0.848284
0.0313946 0.277354 -0.791454 0.71121 0.092628 -0.853204
0.220234 0.248538 -0.81621 0.708633 -0.00474542 -0.856583
0.581433 0.204314 -0.831974 0.705184 -0.114651 -0.856588
0.690495 0.13869 -0.842135 0.700506 -0.221733 -0.80546
0.708496 0.0484223 -0.848845 0.693975 -0.311706 -0.43624
0.704803 -0.0617679 -0.853406 0.684644 -0.378239 -0.179946
0.699658 -0.177301 -0.805487 0.671045 -0.423187 -0.146786
0.692368 -0.280082 -0.436343 0.650794 -0.452139 -0.149363
0.681718 -0.358671 -0.179965 0.619473 -0.470572 -0.15281
0.665852 -0.412227 -0.14679 0.573077 -0.482452 -0.157482
0.642029 -0.446367 -0.146794 0.507927 -0.490296 -0.163974
0.604231 -0.467653 -0.149514 0.424518 -0.495626 -0.173192
0.548115 -0.481038 -0.153202 0.330433 -0.499355 -0.18647
0.470878 -0.489668 -0.15829 0.238814 -0.439674 -0.207013
0.376531 -0.495409 -0.165515 0.161865 -0.00857528 -0.238273
0.277546 -0.499351 -0.176011 0.104976 0.290831 -0.284598
0.18944 -0.464336 -0.191505 0.0665459 0.329574 -0.349684
0.12205 -0.243803 -0.21618 0.04179 0.326564 -0.433063
0.07612 0.178016 -0.254049 0.0260256 0.322537 -0.527174
0.0468416 0.305383 -0.310241 0.0158649 0.317074 -0.618867
0.0285894 0.326404 -0.387537 0.00915491 0.309447 -0.69591
0.0171134 0.322092 -0.481891 0.00459446 0.298549 -0.752882
0.00971569 0.316083 -0.58082 0.052513 0.282668 -0.791369
0.00479555 0.307569 -0.668831 0.421657 0.259018 -0.816161
0.00141739 0.295133 -0.736126 0.678035 0.222441 -0.831945
0.00141214 0.276603 -0.781985 0.71121 0.168257 -0.842118
0.0525404 0.248782 -0.811219 0.711206 0.0921735 -0.848834
0.42176 0.20464 -0.829445 0.708486 -0.00523433 -0.853398
0.678054 0.139107 -0.840907 0.704798 -0.11511 -0.856591
0.711214 0.0489066 -0.848297 0.69971 -0.222105 -0.805487
0.708637 -0.0612752 -0.853212 0.692485 -0.311968 -0.436343
0.70519 -0.176873 -0.856588 0.681989 -0.378406 -0.179965
0.700518 -0.279766 -0.826605 0.666495 -0.423286 -0.14679
0.694026 -0.358466 -0.637766 0.64182 -0.452196 -0.149367
0.684808 -0.412105 -0.276567 0.603951 -0.470606 -0.152816
0.67153 -0.446297 -0.167505 0.547759 -0.482472 -0.157494
0.650987 -0.467612 -0.149504 0.470463 -0.490309 -0.164025
0.619727 -0.481014 -0.153197 0.376109 -0.495634 -0.173356
0.573402 -0.489654 -0.158342 0.27718 -0.439674 -0.186955
0.508316 -0.4954 -0.165632 0.189169 -0.00857528 -0.207206
0.424937 -0.499345 -0.176282 0.121874 0.290831 -0.238527
0.330826 -0.499351 -0.192148 0.0760152 0.329574 -0.284923
0.239133 -0.439642 -0.215971 0.0467813 0.329569 -0.350073
0.16209 -0.00845557 -0.253769 0.0285546 0.326393 -0.433482
0.105118 0.290853 -0.309885 0.0170929 0.322085 -0.527567
0.0666307 0.329579 -0.387122 0.00970314 0.316144 -0.619186
0.0418395 0.326569 -0.481469 0.00478758 0.307706 -0.696135
0.0260547 0.322543 -0.580454 0.00141214 0.295449 -0.753024
0.0158825 0.317088 -0.66856 0.0313946 0.277354 -0.791454
0.00916584 0.309506 -0.73595 0.220234 0.248538 -0.81621
0.0046015 0.298741 -0.78188 0.581433 0.204314 -0.831974
0.00140868 0.283234 -0.811158 0.690495 0.13869 -0.842135
0.052513 0.259243 -0.829411 0.708496 0.0484223 -0.848845
0.421657 0.222737 -0.840887 0.704803 -0.0617679 -0.853406
0.678035 0.168637 -0.848284 0.699658 -0.177301 -0.805487
0.71121 0.092628 -0.853204 0.692368 -0.280082 -0.436343
0.708633 -0.00474542 -0.856583 0.681718 -0.358671 -0.179965
0.705184 -0.114651 -0.856588 0.665852 -0.412227 -0.14679
0.700506 -0.221733 -0.80546 0.642029 -0.446367 -0.146794
0.693975 -0.311706 -0.43624 0.604231 -0.467653 -0.149514
0.684644 -0.378239 -0.179946 0.548115 -0.481038 -0.153202
0.671045 -0.423187 -0.146786 0.470878 -0.489668 -0.15829
0.650794 -0.452139 -0.149363 0.376531 -0.495409 -0.165515
0.619473 -0.470572 -0.15281 0.277546 -0.499351 -0.176011
0.573077 -0.482452 -0.157482 0.18944 -0.464336 -0.191505
0.507927 -0.490296 -0.163974 0.12205 -0.243803 -0.21618
0.424518 -0.495626 -0.173192 0.07612 0.178016 -0.254049
0.330433 -0.499355 -0.18647 0.0468416 0.305383 -0.310241
0.238814 -0.439674 -0.207013 0.0285894 0.326404 -0.387537
0.161865 -0.00857528 -0.238273 0.0171134 0.322092 -0.481891
0.104976 0.290831 -0.284598 0.00971569 0.316083 -0.58082
0.0665459 0.329574 -0.349684 0.00479555 0.307569 -0.668831
0.04179 0.326564 -0.433063 0.00141739 0.295133 -0.736126
