0.3575 -0.0835 -0.5005 0.3575 -0.0835 -0.5005
0.3575 -0.0835 -0.5005 0.3575 -0.0835 -0.5005
-0.00942046 -0.0835 -0.5005 0.3575 -0.0835 -0.5005
0.724576 -0.0835 -0.5005 0.3575 -0.0835 -0.5005
0.640965 -0.0835 -0.5005 0.3575 -0.0835 -0.5005
0.00138624 -0.0835 -0.5005 0.3575 -0.0835 -0.5005
0.00138624 -0.0835 -0.5005 0.3575 -0.0835 -0.5005
0.00138624 -0.0835 -0.5005 0.3575 -0.0835 -0.5005
0.00138624 -0.0835 -0.5005 0.3575 -0.0835 -0.5005
0.00138624 -0.0835 -0.5005 0.3575 -0.0835 -0.5005
0.00138624 -0.0835 -0.5005 0.3575 -0.0835 -0.5005
0.00138624 -0.0835 -0.5005 0.3575 -0.0835 -0.5005
0.00138624 -0.0835 -0.5005 0.3575 -0.0835 -0.5005
0.00138624 -0.0835 -0.5005 0.3575 -0.0835 -0.5005
0.00138624 -0.0835 -0.5005 0.3575 -0.0835 -0.5005
0.00138624 -0.0835 -0.5005 0.3575 -0.0835 -0.5005
0.00138624 -0.0835 -0.5005 0.3575 -0.0835 -0.5005
0.00138624 -0.0835 -0.5005 0.3575 -0.0835 -0.5005
0.00138624 -0.512002 -0.5005 0.3575 -0.0835 -0.5005
0.00138624 0.345183 -0.5005 0.3575 -0.0835 -0.5005
0.00138624 0.247539 -0.5005 0.3575 -0.0835 -0.5005
0.711202 -0.499381 -0.5005 0.3575 -0.0835 -0.5005
0.711202 -0.499381 -0.5005 0.3575 -0.0835 -0.5005
0.711202 -0.499381 -0.5005 0.3575 -0.0835 -0.5005
0.711202 -0.499381 -0.5005 0.3575 -0.0835 -0.5005
0.70772 -0.499381 -0.5005 0.3575 -0.0835 -0.5005
0.702598 -0.499381 -0.5005 0.3575 -0.0835 -0.5005
0.695383 -0.499381 -0.5005 0.3575 -0.0835 -0.5005
0.683177 -0.499381 -0.5005 0.3575 -0.0835 -0.5005
0.662908 -0.499381 -0.5005 0.3575 -0.0835 -0.5005
0.628464 -0.499381 -0.5005 0.3575 -0.0835 -0.5005
0.570533 -0.499381 -0.5005 0.3575 -0.0835 -0.5005
0.481447 -0.499381 -0.5005 0.3575 -0.0835 -0.5005
0.365397 -0.499381 -0.5005 0.3575 -0.0835 -0.5005
0.245083 -0.499381 -0.86742 0.3575 -0.0835 -0.5005
0.147495 -0.499381 -0.133424 0.3575 -0.0835 -0.5005
0.0831237 -0.499381 -0.217035 0.3575 -0.0835 -0.5005
0.0456735 0.329565 -0.856614 0.3575 -0.0835 -0.5005
0.0247506 0.329565 -0.856614 0.3575 -0.0835 -0.5005
0.0128656 0.329565 -0.856614 0.3575 -0.0835 -0.5005
0.00582207 0.329565 -0.856614 0.3575 -0.0835 -0.5005
0.00143986 0.325498 -0.856614 0.3575 -0.0835 -0.5005
0.00143295 0.319517 -0.856614 0.3575 -0.0835 -0.5005
0.00142662 0.31109 -0.856614 0.3575 -0.0835 -0.5005
0.00142082 0.296836 -0.856614 0.3575 -0.0835 -0.5005
0.0526069 0.273165 -0.856614 0.3575 -0.0835 -0.5005
0.422 0.23294 -0.856614 0.3575 -0.0835 -0.5005
0.678095 0.165286 -0.856614 0.3575 -0.0835 -0.5005
0.711223 0.0612492 -0.856614 0.3575 -0.0835 -0.5005
0.708348 -0.0742771 -0.856614 0.3575 -0.0835 -0.5005
0.704377 -0.214784 -0.856614 -0.00942046 -0.0835 -0.5005
0.698774 -0.328751 -0.856614 0.724576 -0.0835 -0.5005
0.690659 -0.403925 -0.856614 0.640965 -0.0835 -0.5005
0.678568 -0.447661 -0.146798 0.00138624 -0.0835 -0.5005
0.66023 -0.472095 -0.146798 0.00138624 -0.0835 -0.5005
0.630391 -0.485975 -0.146798 0.00138624 -0.0835 -0.5005
0.583988 -0.494201 -0.146798 0.00138624 -0.0835 -0.5005
0.515607 -0.499318 -0.15028 0.00138624 -0.0835 -0.5005
0.42485 -0.499327 -0.155402 0.00138624 -0.0835 -0.5005
0.321252 -0.499334 -0.162617 0.00138624 -0.0835 -0.5005
0.222229 -0.499341 -0.174823 0.00138624 -0.0835 -0.5005
0.142845 -0.439564 -0.195092 0.00138624 -0.0835 -0.5005
0.0877471 -0.00817443 -0.229536 0.00138624 -0.0835 -0.5005
0.0528451 0.290902 -0.287467 0.00138624 -0.0835 -0.5005
0.0315402 0.329589 -0.376553 0.00138624 -0.0835 -0.5005
0.0184964 0.326231 -0.492603 0.00138624 -0.0835 -0.5005
0.0103071 0.321595 -0.612917 0.00138624 -0.512002 -0.5005
0.00498824 0.315051 -0.710505 0.00138624 0.345183 -0.5005
0.00141018 0.305574 -0.774876 0.00138624 0.247539 -0.5005
0.00140512 0.291453 -0.812327 0.711202 -0.499381 -0.5005
0.0524849 0.270038 -0.833249 0.711202 -0.499381 -0.5005
0.421553 0.235191 -0.845134 0.711202 -0.499381 -0.5005
0.678017 0.181 -0.852178 0.711202 -0.499381 -0.5005
0.711206 0.101142 -0.85656 0.70772 -0.499381 -0.5005
0.708486 -0.00484693 -0.856567 0.702598 -0.499381 -0.5005
0.704798 -0.125831 -0.856573 0.695383 -0.499381 -0.5005
0.69971 -0.241474 -0.856579 0.683177 -0.499381 -0.5005
0.692485 -0.334181 -0.805393 0.662908 -0.499381 -0.5005
0.681989 -0.398526 -0.436 0.628464 -0.499381 -0.5005
0.666495 -0.439286 -0.179905 0.570533 -0.499381 -0.5005
0.641811 -0.464166 -0.146777 0.481447 -0.499381 -0.5005
0.603926 -0.479399 -0.149652 0.365397 -0.499381 -0.5005
0.54771 -0.488963 -0.153623 0.245083 -0.499381 -0.86742
0.470389 -0.495175 -0.159226 0.147495 -0.499381 -0.133424
0.376014 -0.499353 -0.167341 0.0831237 -0.499381 -0.217035
0.277081 -0.499359 -0.179432 0.0456735 0.329565 -0.856614
0.189084 -0.439706 -0.19777 0.0247506 0.329565 -0.856614
0.121811 -0.0086972 -0.227609 0.0128656 0.329565 -0.856614
0.0759731 0.29081 -0.274012 0.00582207 0.329565 -0.856614
0.0467545 0.32957 -0.342393 0.00143986 0.325498 -0.856614
0.0285377 0.326393 -0.43315 0.00143295 0.319517 -0.856614
0.017082 0.322085 -0.536748 0.00142662 0.31109 -0.856614
0.00969592 0.316144 -0.635771 0.00142082 0.296836 -0.856614
0.00478266 0.307706 -0.715155 0.0526069 0.273165 -0.856614
0.0525512 0.295449 -0.770253 0.422 0.23294 -0.856614
0.421791 0.277354 -0.805155 0.678095 0.165286 -0.856614
0.678058 0.248527 -0.82646 0.711223 0.0612492 -0.856614
0.711215 0.204284 -0.839504 0.708348 -0.0742771 -0.856614
0.708338 0.138634 -0.847693 0.704377 -0.214784 -0.856614
0.704365 0.0483349 -0.853012 0.698774 -0.328751 -0.856614
0.698774 -0.0618787 -0.85659 0.690659 -0.403925 -0.856614
0.690659 -0.177416 -0.856595 0.678568 -0.447661 -0.146798
0.678568 -0.280182 -0.805515 0.66023 -0.472095 -0.146798
0.66023 -0.358745 -0.436447 0.630391 -0.485975 -0.146798
0.630391 -0.412276 -0.179983 0.583988 -0.494201 -0.146798
0.583988 -0.446399 -0.146794 0.515607 -0.499318 -0.15028
0.515607 -0.467673 -0.149514 0.42485 -0.499327 -0.155402
0.42485 -0.481051 -0.153202 0.321252 -0.499334 -0.162617
0.321252 -0.489677 -0.15829 0.222229 -0.499341 -0.174823
0.222229 -0.495415 -0.165515 0.142845 -0.439564 -0.195092
0.142845 -0.439629 -0.176011 0.0877471 -0.00817443 -0.229536
0.0877471 -0.00841865 -0.191505 0.0528451 0.290902 -0.287467
0.0528451 0.290858 -0.216189 0.0315402 0.329589 -0.376553
0.0315402 0.329579 -0.254074 0.0184964 0.326231 -0.492603
0.0184964 0.32622 -0.31029 0.0103071 0.321595 -0.612917
0.0103071 0.32158 -0.387611 0.00498824 0.315051 -0.710505
0.00498824 0.315051 -0.481986 0.00141018 0.305574 -0.774876
0.00141018 0.305574 -0.580919 0.00140512 0.291453 -0.812327
0.0525222 0.291453 -0.668916 0.0524849 0.270038 -0.833249
0.421683 0.270038 -0.736189 0.421553 0.235191 -0.845134
0.678038 0.235191 -0.782027 0.678017 0.181 -0.852178
0.711211 0.181 -0.811245 0.711206 0.101142 -0.85656
0.708333 0.101142 -0.829462 0.708486 -0.00484693 -0.856567
0.704359 -0.00484693 -0.840918 0.704798 -0.125831 -0.856573
0.698774 -0.125831 -0.848304 0.69971 -0.241474 -0.856579
0.690659 -0.241474 -0.853217 0.692485 -0.334181 -0.805393
0.678568 -0.334181 -0.805449 0.681989 -0.398526 -0.436
0.66023 -0.398526 -0.436209 0.666495 -0.439286 -0.179905
0.630391 -0.439286 -0.179942 0.641811 -0.464166 -0.146777
0.583988 -0.464166 -0.146785 0.603926 -0.479399 -0.149652
0.515607 -0.479399 -0.149662 0.54771 -0.488963 -0.153623
0.42485 -0.488963 -0.153635 0.470389 -0.495175 -0.159226
0.321252 -0.495175 -0.159226 0.376014 -0.499353 -0.167341
0.222229 -0.499353 -0.167341 0.277081 -0.499359 -0.179432
0.142845 -0.439663 -0.179432 0.189084 -0.439706 -0.19777
0.0877471 -0.00854514 -0.19777 0.121811 -0.0086972 -0.227609
0.0528451 0.290835 -0.227609 0.0759731 0.29081 -0.274012
0.0315402 0.329575 -0.274012 0.0467545 0.32957 -0.342393
0.0184964 0.326214 -0.342393 0.0285377 0.326393 -0.43315
0.0103071 0.321573 -0.43315 0.017082 0.322085 -0.536748
0.00498824 0.315051 -0.536748 0.00969592 0.316144 -0.635771
0.00141018 0.305574 -0.635771 0.00478266 0.307706 -0.715155
0.0525222 0.291453 -0.715155 0.0525512 0.295449 -0.770253
0.421683 0.270038 -0.770253 0.421791 0.277354 -0.805155
0.678038 0.235191 -0.805155 0.678058 0.248527 -0.82646
0.711211 0.181 -0.82646 0.711215 0.204284 -0.839504
0.711206 0.101142 -0.839504 0.708338 0.138634 -0.847693
0.708328 -0.00484693 -0.847693 0.704365 0.0483349 -0.853012
0.704359 -0.125831 -0.853012 0.698774 -0.0618787 -0.85659
0.698774 -0.241474 -0.85659 0.690659 -0.177416 -0.856595
0.690659 -0.334181 -0.805478 0.678568 -0.280182 -0.805515
0.678568 -0.398526 -0.436317 0.66023 -0.358745 -0.436447
0.66023 -0.439286 -0.179962 0.630391 -0.412276 -0.179983
0.630403 -0.464166 -0.146789 0.583988 -0.446399 -0.146794
0.58402 -0.479399 -0.149667 0.515607 -0.467673 -0.149514
0.515666 -0.488963 -0.153641 0.42485 -0.481051 -0.153202
0.424937 -0.495175 -0.159226 0.321252 -0.489677 -0.15829
0.321354 -0.499353 -0.167341 0.222229 -0.495415 -0.165515
0.222323 -0.439663 -0.179432 0.142845 -0.439629 -0.176011
0.142918 -0.00854514 -0.19777 0.0877471 -0.00841865 -0.191505
0.0877969 0.290835 -0.227609 0.0528451 0.290858 -0.216189
0.0528765 0.329575 -0.274012 0.0315402 0.329579 -0.254074
0.0315597 0.32957 -0.342393 0.0184964 0.32622 -0.31029
0.0185086 0.326208 -0.43315 0.0103071 0.32158 -0.387611
0.010315 0.321573 -0.536748 0.00498824 0.315051 -0.481986
0.00499353 0.315051 -0.635771 0.00141018 0.305574 -0.580919
0.00141384 0.305574 -0.715155 0.0525222 0.291453 -0.668916
0.0314013 0.291453 -0.770253 0.421683 0.270038 -0.736189
0.220262 0.270038 -0.805155 0.678038 0.235191 -0.782027
0.581447 0.235205 -0.82646 0.711211 0.181 -0.811245
0.690497 0.181037 -0.839504 0.708333 0.101142 -0.829462
0.708338 0.101211 -0.847693 0.704359 -0.00484693 -0.840918
0.704365 -0.00474542 -0.853012 0.698774 -0.125831 -0.848304
0.698774 -0.125713 -0.85659 0.690659 -0.241474 -0.853217
0.690659 -0.241364 -0.805478 0.678568 -0.334181 -0.805449
0.678568 -0.334096 -0.436317 0.66023 -0.398526 -0.436209
0.66023 -0.398468 -0.179962 0.630391 -0.439286 -0.179942
0.630391 -0.439249 -0.146789 0.583988 -0.464166 -0.146785
0.583988 -0.464144 -0.146794 0.515607 -0.479399 -0.149662
0.515607 -0.479385 -0.149672 0.42485 -0.488963 -0.153635
0.42485 -0.488954 -0.153641 0.321252 -0.495175 -0.159226
0.321252 -0.495168 -0.159226 0.222229 -0.499353 -0.167341
0.222229 -0.499349 -0.167341 0.142845 -0.439663 -0.179432
0.142845 -0.464329 -0.179432 0.0877471 -0.00854514 -0.19777
0.0877471 -0.243771 -0.19777 0.0528451 0.290835 -0.227609
0.0528451 0.178032 -0.227597 0.0315402 0.329575 -0.274012
0.0315402 0.305385 -0.27398 0.0184964 0.326214 -0.342393
0.0184964 0.32622 -0.342334 0.0103071 0.321573 -0.43315
0.0103071 0.32158 -0.433063 0.00498824 0.315051 -0.536748
0.00498824 0.315051 -0.536646 0.00141018 0.305574 -0.635771
0.00141018 0.305574 -0.635677 0.0525222 0.291453 -0.715155
0.0525222 0.291453 -0.715082 0.421683 0.270038 -0.770253
0.421683 0.270038 -0.770203 0.678038 0.235191 -0.805155
0.678038 0.235191 -0.805124 0.711211 0.181 -0.82646
0.711211 0.181 -0.82644 0.711206 0.101142 -0.839504
0.708333 0.101142 -0.839491 0.708328 -0.00484693 -0.847693
0.704359 -0.00484693 -0.847685 0.704359 -0.125831 -0.853012
0.698774 -0.125831 -0.853006 0.698774 -0.241474 -0.85659
0.690659 -0.241474 -0.856586 0.690659 -0.334181 -0.805478
0.678568 -0.334181 -0.826599 0.678568 -0.398526 -0.436317
0.66023 -0.398526 -0.637738 0.66023 -0.439286 -0.179962
0.630391 -0.439286 -0.276553 0.630403 -0.464166 -0.146789
0.583988 -0.464166 -0.167503 0.58402 -0.479399 -0.149667
0.515607 -0.479399 -0.149662 0.515666 -0.488963 -0.153641
0.42485 -0.488963 -0.153635 0.424937 -0.495175 -0.159226
0.321252 -0.495175 -0.159226 0.321354 -0.499353 -0.167341
0.222229 -0.499353 -0.167341 0.222323 -0.439663 -0.179432
0.142845 -0.439663 -0.179432 0.142918 -0.00854514 -0.19777
0.0877471 -0.00854514 -0.19777 0.0877969 0.290835 -0.227609
0.0528451 0.290835 -0.227609 0.0528765 0.329575 -0.274012
0.0315402 0.329575 -0.274012 0.0315597 0.32957 -0.342393
0.0184964 0.326214 -0.342393 0.0185086 0.326208 -0.43315
0.0103071 0.321573 -0.43315 0.010315 0.321573 -0.536748
0.00498824 0.315051 -0.536748 0.00499353 0.315051 -0.635771
0.00141018 0.305574 -0.635771 0.00141384 0.305574 -0.715155
0.0525222 0.291453 -0.715155 0.0314013 0.291453 -0.770253
0.421683 0.270038 -0.770253 0.220262 0.270038 -0.805155
0.678038 0.235191 -0.805155 0.581447 0.235205 -0.82646
0.711211 0.181 -0.82646 0.690497 0.181037 -0.839504
0.708333 0.101142 -0.839504 0.708338 0.101211 -0.847693
0.704359 -0.00484693 -0.847693 0.704365 -0.00474542 -0.853012
0.698774 -0.125831 -0.853012 0.698774 -0.125713 -0.85659
0.690659 -0.241474 -0.85659 0.690659 -0.241364 -0.805478
0.678568 -0.334181 -0.805478 0.678568 -0.334096 -0.436317
0.66023 -0.398526 -0.436317 0.66023 -0.398468 -0.179962
0.630653 -0.439286 -0.179962 0.630391 -0.439249 -0.146789
0.584337 -0.464166 -0.146789 0.583988 -0.464144 -0.146794
0.51604 -0.479399 -0.149667 0.515607 -0.479385 -0.149672
0.425325 -0.488963 -0.153641 0.42485 -0.488954 -0.153641
0.321695 -0.495175 -0.159226 0.321252 -0.495168 -0.159226
0.222573 -0.499353 -0.167341 0.222229 -0.499349 -0.167341
0.143073 -0.439663 -0.179432 0.142845 -0.464329 -0.179432
0.0878819 -0.00854514 -0.19777 0.0877471 -0.243771 -0.19777
0.0529206 0.290835 -0.227609 0.0528451 0.178032 -0.227597
0.0315822 0.329575 -0.274012 0.0315402 0.305385 -0.27398
0.0185203 0.326214 -0.342393 0.0184964 0.32622 -0.342334
0.0103212 0.321573 -0.43315 0.0103071 0.32158 -0.433063
0.00499696 0.315051 -0.536748 0.00498824 0.315051 -0.536646
0.00141576 0.305574 -0.635771 0.00141018 0.305574 -0.635677
0.00141018 0.291453 -0.715155 0.0525222 0.291453 -0.715082
0.0525222 0.270038 -0.770253 0.421683 0.270038 -0.770203
0.421683 0.235497 -0.805155 0.678038 0.235191 -0.805124
0.678038 0.181408 -0.82646 0.711211 0.181 -0.82644
0.711211 0.101648 -0.839504 0.708333 0.101142 -0.839491
0.708491 -0.00429189 -0.847693 0.704359 -0.00484693 -0.847685
0.704798 -0.125315 -0.853012 0.698774 -0.125831 -0.853006
0.699698 -0.241073 -0.85659 0.690659 -0.241474 -0.856586
0.692431 -0.333915 -0.805478 0.678568 -0.334181 -0.826599
0.681811 -0.398369 -0.436317 0.66023 -0.398526 -0.637738
0.665957 -0.439198 -0.179962 0.630391 -0.439286 -0.276553
0.6418 -0.464117 -0.146789 0.583988 -0.464166 -0.167503
0.603898 -0.479371 -0.149667 0.515607 -0.479399 -0.149662
0.547658 -0.488947 -0.153641 0.42485 -0.488963 -0.153635
0.470308 -0.495164 -0.159226 0.321252 -0.495175 -0.159226
0.375912 -0.499347 -0.167341 0.222229 -0.499353 -0.167341
0.276976 -0.499353 -0.179432 0.142845 -0.439663 -0.179432
0.188994 -0.439663 -0.19777 0.0877471 -0.00854514 -0.19777
0.121745 -0.00854514 -0.227347 0.0528451 0.290835 -0.227609
0.0759287 0.290835 -0.273663 0.0315402 0.329575 -0.274012
0.0467263 0.329575 -0.34196 0.0184964 0.326214 -0.342393
0.0285199 0.326399 -0.432675 0.0103071 0.321573 -0.43315
0.0170707 0.322085 -0.536305 0.00498824 0.315051 -0.536748
0.00968844 0.316129 -0.635427 0.00141018 0.305574 -0.635771
0.00477758 0.307643 -0.714927 0.0525222 0.291453 -0.715155
0.0525222 0.295241 -0.770118 0.421683 0.270038 -0.770253
0.421683 0.276725 -0.805079 0.678038 0.235191 -0.805155
0.678038 0.248515 -0.826418 0.711211 0.181 -0.82646
0.711211 0.204252 -0.83948 0.708333 0.101142 -0.839504
0.708333 0.138572 -0.847679 0.704359 -0.00484693 -0.847693
0.704359 0.0482405 -0.853003 0.698774 -0.125831 -0.853012
0.698774 -0.061998 -0.856584 0.690659 -0.241474 -0.85659
0.690659 -0.177539 -0.85659 0.678568 -0.334181 -0.805478
0.678568 -0.280287 -0.805478 0.66023 -0.398526 -0.436317
0.66023 -0.358823 -0.436317 0.630653 -0.439286 -0.179962
0.630391 -0.412328 -0.179962 0.584337 -0.464166 -0.146789
0.583988 -0.446431 -0.146789 0.51604 -0.479399 -0.149667
0.515607 -0.467694 -0.149509 0.425325 -0.488963 -0.153641
0.42485 -0.481064 -0.153202 0.321695 -0.495175 -0.159226
0.321252 -0.489686 -0.158302 0.222573 -0.499353 -0.167341
0.222229 -0.495421 -0.165569 0.143073 -0.439663 -0.179432
0.142845 -0.439663 -0.176189 0.0878819 -0.00854514 -0.19777
0.0877471 -0.00854514 -0.192043 0.0529206 0.290835 -0.227609
0.0528451 0.290835 -0.2162 0.0315822 0.329575 -0.274012
0.0315402 0.329575 -0.254102 0.0185203 0.326214 -0.342393
0.0184964 0.326214 -0.310342 0.0103212 0.321573 -0.43315
0.0103071 0.321573 -0.387692 0.00499696 0.315051 -0.536748
0.00498824 0.315051 -0.482088 0.00141576 0.305574 -0.635771
0.00141018 0.305574 -0.581024 0.00141018 0.291453 -0.715155
0.0525222 0.291453 -0.669006 0.0525222 0.270038 -0.770253
0.421683 0.270038 -0.736255 0.421683 0.235497 -0.805155
0.678038 0.235191 -0.782071 0.678038 0.181408 -0.82646
0.711211 0.181 -0.811274 0.711211 0.101648 -0.839504
0.708333 0.101142 -0.82948 0.708491 -0.00429189 -0.847693
0.704359 -0.00484693 -0.840929 0.704798 -0.125315 -0.853012
0.698774 -0.125831 -0.848312 0.699698 -0.241073 -0.85659
0.690659 -0.241474 -0.853222 0.692431 -0.333915 -0.805478
0.678568 -0.334181 -0.805478 0.681811 -0.398369 -0.436317
0.66023 -0.398526 -0.436317 0.665957 -0.439198 -0.179962
0.630391 -0.439286 -0.179962 0.6418 -0.464117 -0.146789
0.583988 -0.464166 -0.146789 0.603898 -0.479371 -0.149667
0.515607 -0.479399 -0.149667 0.547658 -0.488947 -0.153641
0.42485 -0.488963 -0.153641 0.470308 -0.495164 -0.159226
0.321252 -0.495175 -0.159226 0.375912 -0.499347 -0.167341
0.222229 -0.499353 -0.167341 0.276976 -0.499353 -0.179432
0.142845 -0.439663 -0.179432 0.188994 -0.439663 -0.19777
0.0877471 -0.00854514 -0.19777 0.121745 -0.00854514 -0.227347
0.0528451 0.290835 -0.227609 0.0759287 0.290835 -0.273663
0.0315402 0.329575 -0.274012 0.0467263 0.329575 -0.34196
0.0184964 0.326214 -0.342393 0.0285199 0.326399 -0.432675
0.0103071 0.321573 -0.43315 0.0170707 0.322085 -0.536305
0.00498824 0.315051 -0.536748 0.00968844 0.316129 -0.635427
0.00141018 0.305574 -0.635771 0.00477758 0.307643 -0.714927
0.00140512 0.291453 -0.715155 0.0525222 0.295241 -0.770118
0.0524849 0.270038 -0.770253 0.421683 0.276725 -0.805079
0.421553 0.235191 -0.805155 0.678038 0.248515 -0.826418
0.678017 0.181 -0.82646 0.711211 0.204252 -0.83948
0.711206 0.101142 -0.839504 0.708333 0.138572 -0.847679
0.708486 -0.00484693 -0.847693 0.704359 0.0482405 -0.853003
0.704798 -0.125831 -0.853012 0.698774 -0.061998 -0.856584
0.69971 -0.241474 -0.85659 0.690659 -0.177539 -0.85659
0.692485 -0.334181 -0.805478 0.678568 -0.280287 -0.805478
0.681989 -0.398526 -0.436317 0.66023 -0.358823 -0.436317
0.666495 -0.439286 -0.179962 0.630391 -0.412328 -0.179962
0.641811 -0.464166 -0.146789 0.583988 -0.446431 -0.146789
0.603926 -0.479399 -0.149667 0.515607 -0.467694 -0.149509
0.54771 -0.488963 -0.153641 0.42485 -0.481064 -0.153202
0.470389 -0.495175 -0.159226 0.321252 -0.489686 -0.158302
0.376014 -0.499353 -0.167341 0.222229 -0.495421 -0.165569
0.277081 -0.499359 -0.179432 0.142845 -0.439663 -0.176189
0.189084 -0.439706 -0.19777 0.0877471 -0.00854514 -0.192043
0.121811 -0.0086972 -0.227609 0.0528451 0.290835 -0.2162
0.0759731 0.29081 -0.274012 0.0315402 0.329575 -0.254102
0.0467545 0.32957 -0.342393 0.0184964 0.326214 -0.310342
0.0285377 0.326393 -0.43315 0.0103071 0.321573 -0.387692
0.017082 0.322085 -0.536748 0.00498824 0.315051 -0.482088
0.00969592 0.316144 -0.635771 0.00141018 0.305574 -0.581024
0.00478266 0.307706 -0.715155 0.0525222 0.291453 -0.669006
0.0525512 0.295449 -0.770253 0.421683 0.270038 -0.736255
0.421791 0.277354 -0.805155 0.678038 0.235191 -0.782071
0.678058 0.248527 -0.82646 0.711211 0.181 -0.811274
0.711215 0.204284 -0.839504 0.708333 0.101142 -0.82948
0.708338 0.138634 -0.847693 0.704359 -0.00484693 -0.840929
0.704365 0.0483349 -0.853012 0.698774 -0.125831 -0.848312
0.698774 -0.0618787 -0.85659 0.690659 -0.241474 -0.853222
0.690659 -0.177416 -0.856595 0.678568 -0.334181 -0.805478
0.678568 -0.280182 -0.805515 0.66023 -0.398526 -0.436317
0.66023 -0.358745 -0.436447 0.630391 -0.439286 -0.179962
0.630391 -0.412276 -0.179983 0.583988 -0.464166 -0.146789
0.583988 -0.446399 -0.146794 0.515607 -0.479399 -0.149667
0.515607 -0.467673 -0.149514 0.42485 -0.488963 -0.153641
0.42485 -0.481051 -0.153202 0.321252 -0.495175 -0.159226
0.321252 -0.489677 -0.15829 0.222229 -0.499353 -0.167341
0.222229 -0.495415 -0.165515 0.142845 -0.439663 -0.179432
0.142845 -0.439629 -0.176011 0.0877471 -0.00854514 -0.19777
0.0877471 -0.00841865 -0.191505 0.0528451 0.290835 -0.227609
0.0528451 0.290858 -0.216189 0.0315402 0.329575 -0.274012
0.0315402 0.329579 -0.254074 0.0184964 0.326214 -0.342393
0.0184964 0.32622 -0.31029 0.0103071 0.321573 -0.43315
0.0103071 0.32158 -0.387611 0.00498824 0.315051 -0.536748
0.00498824 0.315051 -0.481986 0.00141018 0.305574 -0.635771
0.00141018 0.305574 -0.580919 0.00140512 0.291453 -0.715155
0.0525222 0.291453 -0.668916 0.0524849 0.270038 -0.770253
0.421683 0.270038 -0.736189 0.421553 0.235191 -0.805155
0.678038 0.235191 -0.782027 0.678017 0.181 -0.82646
0.711211 0.181 -0.811245 0.711206 0.101142 -0.839504
0.708333 0.101142 -0.829462 0.708486 -0.00484693 -0.847693
0.704359 -0.00484693 -0.840918 0.704798 -0.125831 -0.853012
0.698774 -0.125831 -0.848304 0.69971 -0.241474 -0.85659
0.690659 -0.241474 -0.853217 0.692485 -0.334181 -0.805478
0.678568 -0.334181 -0.805449 0.681989 -0.398526 -0.436317
0.66023 -0.398526 -0.436209 0.666495 -0.439286 -0.179962
0.630391 -0.439286 -0.179942 0.641811 -0.464166 -0.146789
0.583988 -0.464166 -0.146785 0.603926 -0.479399 -0.149667
0.515607 -0.479399 -0.149662 0.54771 -0.488963 -0.153641
0.42485 -0.488963 -0.153635 0.470389 -0.495175 -0.159226
0.321252 -0.495175 -0.159226 0.376014 -0.499353 -0.167341
0.222229 -0.499353 -0.167341 0.277081 -0.499359 -0.179432
0.142845 -0.439663 -0.179432 0.189084 -0.439706 -0.19777
0.0877471 -0.00854514 -0.19777 0.121811 -0.0086972 -0.227609
0.0528451 0.290835 -0.227609 0.0759731 0.29081 -0.274012
0.0315402 0.329575 -0.274012 0.0467545 0.32957 -0.342393
0.0184964 0.326214 -0.342393 0.0285377 0.326393 -0.43315
0.0103071 0.321573 -0.43315 0.017082 0.322085 -0.536748
0.00498824 0.315051 -0.536748 0.00969592 0.316144 -0.635771
0.00141018 0.305574 -0.635771 0.00478266 0.307706 -0.715155
0.0525222 0.291453 -0.715155 0.0525512 0.295449 -0.770253
0.421683 0.270038 -0.770253 0.421791 0.277354 -0.805155
0.678038 0.235191 -0.805155 0.678058 0.248527 -0.82646
0.711211 0.181 -0.82646 0.711215 0.204284 -0.839504
0.711206 0.101142 -0.839504 0.708338 0.138634 -0.847693
0.708328 -0.00484693 -0.847693 0.704365 0.0483349 -0.853012
0.704359 -0.125831 -0.853012 0.698774 -0.0618787 -0.85659
0.698774 -0.241474 -0.85659 0.690659 -0.177416 -0.856595
0.690659 -0.334181 -0.805478 0.678568 -0.280182 -0.805515
0.678568 -0.398526 -0.436317 0.66023 -0.358745 -0.436447
0.66023 -0.439286 -0.179962 0.630391 -0.412276 -0.179983
0.630403 -0.464166 -0.146789 0.583988 -0.446399 -0.146794
0.58402 -0.479399 -0.149667 0.515607 -0.467673 -0.149514
0.515666 -0.488963 -0.153641 0.42485 -0.481051 -0.153202
0.424937 -0.495175 -0.159226 0.321252 -0.489677 -0.15829
0.321354 -0.499353 -0.167341 0.222229 -0.495415 -0.165515
0.222323 -0.439663 -0.179432 0.142845 -0.439629 -0.176011
0.142918 -0.00854514 -0.19777 0.0877471 -0.00841865 -0.191505
0.0877969 0.290835 -0.227609 0.0528451 0.290858 -0.216189
0.0528765 0.329575 -0.274012 0.0315402 0.329579 -0.254074
0.0315597 0.32957 -0.342393 0.0184964 0.32622 -0.31029
0.0185086 0.326208 -0.43315 0.0103071 0.32158 -0.387611
0.010315 0.321573 -0.536748 0.00498824 0.315051 -0.481986
0.00499353 0.315051 -0.635771 0.00141018 0.305574 -0.580919
0.00141384 0.305574 -0.715155 0.0525222 0.291453 -0.668916
0.0314013 0.291453 -0.770253 0.421683 0.270038 -0.736189
0.220262 0.270038 -0.805155 0.678038 0.235191 -0.782027
0.581447 0.235205 -0.82646 0.711211 0.181 -0.811245
0.690497 0.181037 -0.839504 0.708333 0.101142 -0.829462
0.708338 0.101211 -0.847693 0.704359 -0.00484693 -0.840918
0.704365 -0.00474542 -0.853012 0.698774 -0.125831 -0.848304
0.698774 -0.125713 -0.85659 0.690659 -0.241474 -0.853217
0.690659 -0.241364 -0.805478 0.678568 -0.334181 -0.805449
0.678568 -0.334096 -0.436317 0.66023 -0.398526 -0.436209
0.66023 -0.398468 -0.179962 0.630391 -0.439286 -0.179942
0.630391 -0.439249 -0.146789 0.583988 -0.464166 -0.146785
0.583988 -0.464144 -0.146794 0.515607 -0.479399 -0.149662
0.515607 -0.479385 -0.149672 0.42485 -0.488963 -0.153635
0.42485 -0.488954 -0.153641 0.321252 -0.495175 -0.159226
0.321252 -0.495168 -0.159226 0.222229 -0.499353 -0.167341
0.222229 -0.499349 -0.167341 0.142845 -0.439663 -0.179432
0.142845 -0.464329 -0.179432 0.0877471 -0.00854514 -0.19777
0.0877471 -0.243771 -0.19777 0.0528451 0.290835 -0.227609
0.0528451 0.178032 -0.227597 0.0315402 0.329575 -0.274012
0.0315402 0.305385 -0.27398 0.0184964 0.326214 -0.342393
0.0184964 0.32622 -0.342334 0.0103071 0.321573 -0.43315
0.0103071 0.32158 -0.433063 0.00498824 0.315051 -0.536748
0.00498824 0.315051 -0.536646 0.00141018 0.305574 -0.635771
0.00141018 0.305574 -0.635677 0.0525222 0.291453 -0.715155
0.0525222 0.291453 -0.715082 0.421683 0.270038 -0.770253
0.421683 0.270038 -0.770203 0.678038 0.235191 -0.805155
0.678038 0.235191 -0.805124 0.711211 0.181 -0.82646
0.711211 0.181 -0.82644 0.711206 0.101142 -0.839504
0.708333 0.101142 -0.839491 0.708328 -0.00484693 -0.847693
0.704359 -0.00484693 -0.847685 0.704359 -0.125831 -0.853012
0.698774 -0.125831 -0.853006 0.698774 -0.241474 -0.85659
0.690659 -0.241474 -0.856586 0.690659 -0.334181 -0.805478
0.678568 -0.334181 -0.826599 0.678568 -0.398526 -0.436317
0.66023 -0.398526 -0.637738 0.66023 -0.439286 -0.179962
0.630391 -0.439286 -0.276553 0.630403 -0.464166 -0.146789
0.583988 -0.464166 -0.167503 0.58402 -0.479399 -0.149667
0.515607 -0.479399 -0.149662 0.515666 -0.488963 -0.153641
0.42485 -0.488963 -0.153635 0.424937 -0.495175 -0.159226
0.321252 -0.495175 -0.159226 0.321354 -0.499353 -0.167341
0.222229 -0.499353 -0.167341 0.222323 -0.439663 -0.179432
0.142845 -0.439663 -0.179432 0.142918 -0.00854514 -0.19777
0.0877471 -0.00854514 -0.19777 0.0877969 0.290835 -0.227609
0.0528451 0.290835 -0.227609 0.0528765 0.329575 -0.274012
0.0315402 0.329575 -0.274012 0.0315597 0.32957 -0.342393
0.0184964 0.326214 -0.342393 0.0185086 0.326208 -0.43315
0.0103071 0.321573 -0.43315 0.010315 0.321573 -0.536748
0.00498824 0.315051 -0.536748 0.00499353 0.315051 -0.635771
0.00141018 0.305574 -0.635771 0.00141384 0.305574 -0.715155
0.0525222 0.291453 -0.715155 0.0314013 0.291453 -0.770253
0.421683 0.270038 -0.770253 0.220262 0.270038 -0.805155
0.678038 0.235191 -0.805155 0.581447 0.235205 -0.82646
0.711211 0.181 -0.82646 0.690497 0.181037 -0.839504
0.711206 0.101142 -0.839504 0.708338 0.101211 -0.847693
0.708328 -0.00484693 -0.847693 0.704365 -0.00474542 -0.853012
0.704399 -0.125831 -0.853012 0.698774 -0.125713 -0.85659
0.698863 -0.241474 -0.85659 0.690659 -0.241364 -0.805478
0.690864 -0.334181 -0.805478 0.678568 -0.334096 -0.436317
0.679052 -0.398526 -0.436317 0.66023 -0.398468 -0.179962
0.66023 -0.439286 -0.179962 0.630391 -0.439249 -0.146789
0.630391 -0.464166 -0.146789 0.583988 -0.464144 -0.146794
0.583988 -0.479399 -0.149667 0.515607 -0.479385 -0.149672
0.515607 -0.488963 -0.153641 0.42485 -0.488954 -0.153641
0.42485 -0.495175 -0.159226 0.321252 -0.495168 -0.159226
0.321252 -0.499353 -0.167341 0.222229 -0.499349 -0.167341
0.222229 -0.439663 -0.179432 0.142845 -0.464329 -0.179432
0.142845 -0.00854514 -0.19777 0.0877471 -0.243771 -0.19777
0.0877471 0.290835 -0.227609 0.0528451 0.178032 -0.227597
0.0528451 0.329575 -0.274012 0.0315402 0.305385 -0.27398
0.0315402 0.32957 -0.342393 0.0184964 0.32622 -0.342334
0.0184964 0.326208 -0.43315 0.0103071 0.32158 -0.433063
0.0103071 0.32162 -0.536748 0.00498824 0.315051 -0.536646
0.00498824 0.315155 -0.635771 0.00141018 0.305574 -0.635677
0.00141018 0.305813 -0.715155 0.0525222 0.291453 -0.715082
0.0313834 0.292019 -0.770253 0.421683 0.270038 -0.770203
0.220167 0.270038 -0.805155 0.678038 0.235191 -0.805124
0.581383 0.235191 -0.82646 0.711211 0.181 -0.82644
0.690485 0.181 -0.839504 0.708333 0.101142 -0.839491
0.708333 0.101142 -0.847693 0.704359 -0.00484693 -0.847685
0.704359 -0.00484693 -0.853012 0.698774 -0.125831 -0.853006
0.698761 -0.125831 -0.85659 0.690659 -0.241474 -0.856586
0.690602 -0.241474 -0.805478 0.678568 -0.334181 -0.826599
0.678372 -0.334181 -0.436317 0.66023 -0.398526 -0.637738
0.659625 -0.398526 -0.179962 0.630391 -0.439286 -0.276553
0.630391 -0.439286 -0.146789 0.583988 -0.464166 -0.167503
0.583988 -0.464166 -0.146794 0.515607 -0.479399 -0.149662
0.515607 -0.479399 -0.149672 0.42485 -0.488963 -0.153635
0.42485 -0.488963 -0.153601 0.321252 -0.495175 -0.159226
0.321252 -0.495175 -0.159137 0.222229 -0.499353 -0.167341
0.222229 -0.499353 -0.167136 0.142845 -0.439663 -0.179432
0.142845 -0.464349 -0.178948 0.0877471 -0.00854514 -0.19777
0.0877471 -0.243882 -0.19777 0.0528451 0.290835 -0.227609
0.0528451 0.177958 -0.227609 0.0315402 0.329575 -0.274012
0.0315402 0.30537 -0.274012 0.0184964 0.326214 -0.342393
0.0184964 0.326214 -0.342393 0.0103071 0.321573 -0.43315
0.0103071 0.321573 -0.43315 0.00498824 0.315051 -0.536748
0.00498824 0.315035 -0.536748 0.00141018 0.305574 -0.635771
0.00141018 0.305507 -0.635771 0.0525222 0.291453 -0.715155
0.0525222 0.291225 -0.715155 0.421683 0.270038 -0.770253
0.421683 0.269332 -0.770253 0.678038 0.235191 -0.805155
0.678038 0.235191 -0.805155 0.711211 0.181 -0.82646
0.711211 0.181 -0.82646 0.711206 0.101142 -0.839504
0.708333 0.101142 -0.839504 0.708328 -0.00484693 -0.847693
0.704359 -0.00484693 -0.847693 0.704399 -0.125831 -0.853012
0.698774 -0.125831 -0.853012 0.698863 -0.241474 -0.85659
0.690659 -0.241474 -0.85659 0.690864 -0.334181 -0.805478
0.678568 -0.334181 -0.826617 0.679052 -0.398526 -0.436317
0.66023 -0.398526 -0.637833 0.66023 -0.439286 -0.179962
0.630391 -0.439286 -0.276617 0.630391 -0.464166 -0.146789
0.583988 -0.464166 -0.167515 0.583988 -0.479399 -0.149667
0.515607 -0.479399 -0.149667 0.515607 -0.488963 -0.153641
0.42485 -0.488963 -0.153641 0.42485 -0.495175 -0.159226
0.321252 -0.495175 -0.159239 0.321252 -0.499353 -0.167341
0.222229 -0.499353 -0.167398 0.222229 -0.439663 -0.179432
0.142845 -0.439663 -0.179628 0.142845 -0.00854514 -0.19777
0.0877471 -0.00854514 -0.198375 0.0877471 0.290835 -0.227609
0.0528451 0.290835 -0.227609 0.0528451 0.329575 -0.274012
0.0315402 0.329575 -0.274012 0.0315402 0.32957 -0.342393
0.0184964 0.326214 -0.342393 0.0184964 0.326208 -0.43315
0.0103071 0.321573 -0.43315 0.0103071 0.32162 -0.536748
0.00498824 0.315051 -0.536748 0.00498824 0.315155 -0.635771
0.00141018 0.305574 -0.635771 0.00141018 0.305813 -0.715155
0.0525222 0.291453 -0.715155 0.0313834 0.292019 -0.770253
0.421683 0.270038 -0.770253 0.220167 0.270038 -0.805155
0.678038 0.235191 -0.805155 0.581383 0.235191 -0.82646
0.711211 0.181 -0.82646 0.690485 0.181 -0.839504
0.708333 0.101142 -0.839504 0.708333 0.101142 -0.847693
0.704359 -0.00484693 -0.847693 0.704359 -0.00484693 -0.853012
0.698774 -0.125831 -0.853012 0.698761 -0.125831 -0.85659
0.690659 -0.241474 -0.85659 0.690602 -0.241474 -0.805478
0.678568 -0.334181 -0.805478 0.678372 -0.334181 -0.436317
0.66023 -0.398526 -0.436317 0.659625 -0.398526 -0.179962
0.630653 -0.439286 -0.179962 0.630391 -0.439286 -0.146789
0.584337 -0.464166 -0.146789 0.583988 -0.464166 -0.146794
0.51604 -0.479399 -0.149667 0.515607 -0.479399 -0.149672
0.425325 -0.488963 -0.153641 0.42485 -0.488963 -0.153601
0.321695 -0.495175 -0.159226 0.321252 -0.495175 -0.159137
0.222573 -0.499353 -0.167341 0.222229 -0.499353 -0.167136
0.143073 -0.439663 -0.179432 0.142845 -0.464349 -0.178948
0.0878819 -0.00854514 -0.19777 0.0877471 -0.243882 -0.19777
0.0529206 0.290835 -0.227609 0.0528451 0.177958 -0.227609
0.0315822 0.329575 -0.274012 0.0315402 0.30537 -0.274012
0.0185203 0.326214 -0.342393 0.0184964 0.326214 -0.342393
0.0103212 0.321573 -0.43315 0.0103071 0.321573 -0.43315
0.00499696 0.315051 -0.536748 0.00498824 0.315035 -0.536748
0.00141576 0.305574 -0.635771 0.00141018 0.305507 -0.635771
0.00141018 0.291453 -0.715155 0.0525222 0.291225 -0.715155
0.0525222 0.270038 -0.770253 0.421683 0.269332 -0.770253
0.421683 0.235497 -0.805155 0.678038 0.235191 -0.805155
0.678038 0.181408 -0.82646 0.711211 0.181 -0.82646
0.711211 0.101648 -0.839504 0.708333 0.101142 -0.839504
0.708491 -0.00429189 -0.847693 0.704359 -0.00484693 -0.847693
0.704798 -0.125315 -0.853012 0.698774 -0.125831 -0.853012
0.699698 -0.241073 -0.85659 0.690659 -0.241474 -0.85659
0.692431 -0.333915 -0.805478 0.678568 -0.334181 -0.826617
0.681811 -0.398369 -0.436317 0.66023 -0.398526 -0.637833
0.665957 -0.439198 -0.179962 0.630391 -0.439286 -0.276617
0.6418 -0.464117 -0.146789 0.583988 -0.464166 -0.167515
0.603898 -0.479371 -0.149667 0.515607 -0.479399 -0.149667
0.547658 -0.488947 -0.153641 0.42485 -0.488963 -0.153641
0.470308 -0.495164 -0.159226 0.321252 -0.495175 -0.159239
0.375912 -0.499347 -0.167341 0.222229 -0.499353 -0.167398
0.276976 -0.499353 -0.179432 0.142845 -0.439663 -0.179628
0.188994 -0.439663 -0.19777 0.0877471 -0.00854514 -0.198375
0.121745 -0.00854514 -0.227347 0.0528451 0.290835 -0.227609
0.0759287 0.290835 -0.273663 0.0315402 0.329575 -0.274012
0.0467263 0.329575 -0.34196 0.0184964 0.326214 -0.342393
0.0285199 0.326399 -0.432675 0.0103071 0.321573 -0.43315
0.0170707 0.322085 -0.536305 0.00498824 0.315051 -0.536748
0.00968844 0.316129 -0.635427 0.00141018 0.305574 -0.635771
0.00477758 0.307643 -0.714927 0.0525222 0.291453 -0.715155
0.0525222 0.295241 -0.770118 0.421683 0.270038 -0.770253
0.421683 0.276725 -0.805079 0.678038 0.235191 -0.805155
0.678038 0.248515 -0.826418 0.711211 0.181 -0.82646
0.711211 0.204252 -0.83948 0.708333 0.101142 -0.839504
0.708333 0.138572 -0.847679 0.704359 -0.00484693 -0.847693
0.704359 0.0482405 -0.853003 0.698774 -0.125831 -0.853012
0.698774 -0.061998 -0.856584 0.690659 -0.241474 -0.85659
0.690659 -0.177539 -0.85659 0.678568 -0.334181 -0.805478
0.678568 -0.280287 -0.805478 0.66023 -0.398526 -0.436317
0.66023 -0.358823 -0.436317 0.630653 -0.439286 -0.179962
0.630391 -0.412328 -0.179962 0.584337 -0.464166 -0.146789
0.583988 -0.446431 -0.146789 0.51604 -0.479399 -0.149667
0.515607 -0.467694 -0.149509 0.425325 -0.488963 -0.153641
0.42485 -0.481064 -0.153202 0.321695 -0.495175 -0.159226
0.321252 -0.489686 -0.158302 0.222573 -0.499353 -0.167341
0.222229 -0.495421 -0.165569 0.143073 -0.439663 -0.179432
0.142845 -0.439663 -0.176189 0.0878819 -0.00854514 -0.19777
0.0877471 -0.00854514 -0.192043 0.0529206 0.290835 -0.227609
0.0528451 0.290835 -0.2162 0.0315822 0.329575 -0.274012
0.0315402 0.329575 -0.254102 0.0185203 0.326214 -0.342393
0.0184964 0.326214 -0.310342 0.0103212 0.321573 -0.43315
0.0103071 0.321573 -0.387692 0.00499696 0.315051 -0.536748
0.00498824 0.315051 -0.482088 0.00141576 0.305574 -0.635771
0.00141018 0.305574 -0.581024 0.00141018 0.291453 -0.715155
0.0525222 0.291453 -0.669006 0.0525222 0.270038 -0.770253
0.421683 0.270038 -0.736255 0.421683 0.235497 -0.805155
0.678038 0.235191 -0.782071 0.678038 0.181408 -0.82646
0.711211 0.181 -0.811274 0.711211 0.101648 -0.839504
0.708333 0.101142 -0.82948 0.708491 -0.00429189 -0.847693
0.704359 -0.00484693 -0.840929 0.704798 -0.125315 -0.853012
0.698774 -0.125831 -0.848312 0.699698 -0.241073 -0.85659
0.690659 -0.241474 -0.853222 0.692431 -0.333915 -0.805478
0.678568 -0.334181 -0.805478 0.681811 -0.398369 -0.436317
0.66023 -0.398526 -0.436317 0.665957 -0.439198 -0.179962
0.630391 -0.439286 -0.179962 0.6418 -0.464117 -0.146789
0.583988 -0.464166 -0.146789 0.603898 -0.479371 -0.149667
0.515607 -0.479399 -0.149667 0.547658 -0.488947 -0.153641
0.42485 -0.488963 -0.153641 0.470308 -0.495164 -0.159226
0.321252 -0.495175 -0.159226 0.375912 -0.499347 -0.167341
0.222229 -0.499353 -0.167341 0.276976 -0.499353 -0.179432
0.142845 -0.439663 -0.179432 0.188994 -0.439663 -0.19777
0.0877471 -0.00854514 -0.19777 0.121745 -0.00854514 -0.227347
0.0528451 0.290835 -0.227609 0.0759287 0.290835 -0.273663
0.0315402 0.329575 -0.274012 0.0467263 0.329575 -0.34196
0.0184964 0.326214 -0.342393 0.0285199 0.326399 -0.432675
0.0103071 0.321573 -0.43315 0.0170707 0.322085 -0.536305
0.00498824 0.315051 -0.536748 0.00968844 0.316129 -0.635427
0.00141018 0.305574 -0.635771 0.00477758 0.307643 -0.714927
0.00140512 0.291453 -0.715155 0.0525222 0.295241 -0.770118
0.0524849 0.270038 -0.770253 0.421683 0.276725 -0.805079
0.421553 0.235191 -0.805155 0.678038 0.248515 -0.826418
0.678017 0.181 -0.82646 0.711211 0.204252 -0.83948
0.711206 0.101142 -0.839504 0.708333 0.138572 -0.847679
0.708486 -0.00484693 -0.847693 0.704359 0.0482405 -0.853003
0.704798 -0.125831 -0.853012 0.698774 -0.061998 -0.856584
0.69971 -0.241474 -0.85659 0.690659 -0.177539 -0.85659
0.692485 -0.334181 -0.805478 0.678568 -0.280287 -0.805478
0.681989 -0.398526 -0.436317 0.66023 -0.358823 -0.436317
0.666495 -0.439286 -0.179962 0.630391 -0.412328 -0.179962
0.641811 -0.464166 -0.146789 0.583988 -0.446431 -0.146789
0.603926 -0.479399 -0.149667 0.515607 -0.467694 -0.149509
0.54771 -0.488963 -0.153641 0.42485 -0.481064 -0.153202
0.470389 -0.495175 -0.159226 0.321252 -0.489686 -0.158302
0.376014 -0.499353 -0.167341 0.222229 -0.495421 -0.165569
0.277081 -0.499359 -0.179432 0.142845 -0.439663 -0.176189
0.189084 -0.439706 -0.19777 0.0877471 -0.00854514 -0.192043
0.121811 -0.0086972 -0.227609 0.0528451 0.290835 -0.2162
0.0759731 0.29081 -0.274012 0.0315402 0.329575 -0.254102
0.0467545 0.32957 -0.342393 0.0184964 0.326214 -0.310342
0.0285377 0.326393 -0.43315 0.0103071 0.321573 -0.387692
0.017082 0.322085 -0.536748 0.00498824 0.315051 -0.482088
0.00969592 0.316144 -0.635771 0.00141018 0.305574 -0.581024
0.00478266 0.307706 -0.715155 0.0525222 0.291453 -0.669006
0.0525512 0.295449 -0.770253 0.421683 0.270038 -0.736255
0.421791 0.277354 -0.805155 0.678038 0.235191 -0.782071
0.678058 0.248527 -0.82646 0.711211 0.181 -0.811274
0.711215 0.204284 -0.839504 0.708333 0.101142 -0.82948
0.708338 0.138634 -0.847693 0.704359 -0.00484693 -0.840929
0.704365 0.0483349 -0.853012 0.698774 -0.125831 -0.848312
0.698774 -0.0618787 -0.85659 0.690659 -0.241474 -0.853222
0.690659 -0.177416 -0.856595 0.678568 -0.334181 -0.805478
0.678568 -0.280182 -0.805515 0.66023 -0.398526 -0.436317
0.66023 -0.358745 -0.436447 0.630391 -0.439286 -0.179962
0.630391 -0.412276 -0.179983 0.583988 -0.464166 -0.146789
0.583988 -0.446399 -0.146794 0.515607 -0.479399 -0.149667
0.515607 -0.467673 -0.149514 0.42485 -0.488963 -0.153641
0.42485 -0.481051 -0.153202 0.321252 -0.495175 -0.159226
0.321252 -0.489677 -0.15829 0.222229 -0.499353 -0.167341
0.222229 -0.495415 -0.165515 0.142845 -0.439663 -0.179432
0.142845 -0.439629 -0.176011 0.0877471 -0.00854514 -0.19777
0.0877471 -0.00841865 -0.191505 0.0528451 0.290835 -0.227609
0.0528451 0.290858 -0.216189 0.0315402 0.329575 -0.274012
0.0315402 0.329579 -0.254074 0.0184964 0.326214 -0.342393
0.0184964 0.32622 -0.31029 0.0103071 0.321573 -0.43315
0.0103071 0.32158 -0.387611 0.00498824 0.315051 -0.536748
0.00498824 0.315051 -0.481986 0.00141018 0.305574 -0.635771
0.00141018 0.305574 -0.580919 0.00140512 0.291453 -0.715155
0.0525222 0.291453 -0.668916 0.0524849 0.270038 -0.770253
0.421683 0.270038 -0.736189 0.421553 0.235191 -0.805155
0.678038 0.235191 -0.782027 0.678017 0.181 -0.82646
0.711211 0.181 -0.811245 0.711206 0.101142 -0.839504
0.708333 0.101142 -0.829462 0.708486 -0.00484693 -0.847693
0.704359 -0.00484693 -0.840918 0.704798 -0.125831 -0.853012
0.698774 -0.125831 -0.848304 0.69971 -0.241474 -0.85659
0.690659 -0.241474 -0.853217 0.692485 -0.334181 -0.805478
0.678568 -0.334181 -0.805449 0.681989 -0.398526 -0.436317
0.66023 -0.398526 -0.436209 0.666495 -0.439286 -0.179962
0.630391 -0.439286 -0.179942 0.641811 -0.464166 -0.146789
0.583988 -0.464166 -0.146785 0.603926 -0.479399 -0.149667
0.515607 -0.479399 -0.149662 0.54771 -0.488963 -0.153641
0.42485 -0.488963 -0.153635 0.470389 -0.495175 -0.159226
0.321252 -0.495175 -0.159226 0.376014 -0.499353 -0.167341
0.222229 -0.499353 -0.167341 0.277081 -0.499359 -0.179432
0.142845 -0.439663 -0.179432 0.189084 -0.439706 -0.19777
0.0877471 -0.00854514 -0.19777 0.121811 -0.0086972 -0.227609
0.0528451 0.290835 -0.227609 0.0759731 0.29081 -0.274012
0.0315402 0.329575 -0.274012 0.0467545 0.32957 -0.342393
0.0184964 0.326214 -0.342393 0.0285377 0.326393 -0.43315
0.0103071 0.321573 -0.43315 0.017082 0.322085 -0.536748
0.00498824 0.315051 -0.536748 0.00969592 0.316144 -0.635771
0.00141018 0.305574 -0.635771 0.00478266 0.307706 -0.715155
0.0525222 0.291453 -0.715155 0.0525512 0.295449 -0.770253
0.421683 0.270038 -0.770253 0.421791 0.277354 -0.805155
0.678038 0.235191 -0.805155 0.678058 0.248527 -0.82646
0.711211 0.181 -0.82646 0.711215 0.204284 -0.839504
0.711206 0.101142 -0.839504 0.708338 0.138634 -0.847693
0.708328 -0.00484693 -0.847693 0.704365 0.0483349 -0.853012
0.704359 -0.125831 -0.853012 0.698774 -0.0618787 -0.85659
0.698774 -0.241474 -0.85659 0.690659 -0.177416 -0.856595
0.690659 -0.334181 -0.805478 0.678568 -0.280182 -0.805515
0.678568 -0.398526 -0.436317 0.66023 -0.358745 -0.436447
0.66023 -0.439286 -0.179962 0.630391 -0.412276 -0.179983
0.630403 -0.464166 -0.146789 0.583988 -0.446399 -0.146794
0.58402 -0.479399 -0.149667 0.515607 -0.467673 -0.149514
0.515666 -0.488963 -0.153641 0.42485 -0.481051 -0.153202
0.424937 -0.495175 -0.159226 0.321252 -0.489677 -0.15829
0.321354 -0.499353 -0.167341 0.222229 -0.495415 -0.165515
0.222323 -0.439663 -0.179432 0.142845 -0.439629 -0.176011
0.142918 -0.00854514 -0.19777 0.0877471 -0.00841865 -0.191505
0.0877969 0.290835 -0.227609 0.0528451 0.290858 -0.216189
0.0528765 0.329575 -0.274012 0.0315402 0.329579 -0.254074
0.0315597 0.32957 -0.342393 0.0184964 0.32622 -0.31029
0.0185086 0.326208 -0.43315 0.0103071 0.32158 -0.387611
0.010315 0.321573 -0.536748 0.00498824 0.315051 -0.481986
0.00499353 0.315051 -0.635771 0.00141018 0.305574 -0.580919
0.00141384 0.305574 -0.715155 0.0525222 0.291453 -0.668916
0.0314013 0.291453 -0.770253 0.421683 0.270038 -0.736189
0.220262 0.270038 -0.805155 0.678038 0.235191 -0.782027
0.581447 0.235205 -0.82646 0.711211 0.181 -0.811245
0.690497 0.181037 -0.839504 0.708333 0.101142 -0.829462
0.708338 0.101211 -0.847693 0.704359 -0.00484693 -0.840918
0.704365 -0.00474542 -0.853012 0.698774 -0.125831 -0.848304
0.698774 -0.125713 -0.85659 0.690659 -0.241474 -0.853217
0.690659 -0.241364 -0.805478 0.678568 -0.334181 -0.805449
0.678568 -0.334096 -0.436317 0.66023 -0.398526 -0.436209
0.66023 -0.398468 -0.179962 0.630391 -0.439286 -0.179942
0.630391 -0.439249 -0.146789 0.583988 -0.464166 -0.146785
0.583988 -0.464144 -0.146794 0.515607 -0.479399 -0.149662
0.515607 -0.479385 -0.149672 0.42485 -0.488963 -0.153635
0.42485 -0.488954 -0.153641 0.321252 -0.495175 -0.159226
0.321252 -0.495168 -0.159226 0.222229 -0.499353 -0.167341
0.222229 -0.499349 -0.167341 0.142845 -0.439663 -0.179432
0.142845 -0.464329 -0.179432 0.0877471 -0.00854514 -0.19777
0.0877471 -0.243771 -0.19777 0.0528451 0.290835 -0.227609
0.0528451 0.178032 -0.227597 0.0315402 0.329575 -0.274012
0.0315402 0.305385 -0.27398 0.0184964 0.326214 -0.342393
0.0184964 0.32622 -0.342334 0.0103071 0.321573 -0.43315
0.0103071 0.32158 -0.433063 0.00498824 0.315051 -0.536748
0.00498824 0.315051 -0.536646 0.00141018 0.305574 -0.635771
0.00141018 0.305574 -0.635677 0.0525222 0.291453 -0.715155
0.0525222 0.291453 -0.715082 0.421683 0.270038 -0.770253
0.421683 0.270038 -0.770203 0.678038 0.235191 -0.805155
0.678038 0.235191 -0.805124 0.711211 0.181 -0.82646
0.711211 0.181 -0.82644 0.711206 0.101142 -0.839504
0.708333 0.101142 -0.839491 0.708328 -0.00484693 -0.847693
0.704359 -0.00484693 -0.847685 0.704359 -0.125831 -0.853012
0.698774 -0.125831 -0.853006 0.698774 -0.241474 -0.85659
0.690659 -0.241474 -0.856586 0.690659 -0.334181 -0.805478
0.678568 -0.334181 -0.826599 0.678568 -0.398526 -0.436317
0.66023 -0.398526 -0.637738 0.66023 -0.439286 -0.179962
0.630391 -0.439286 -0.276553 0.630403 -0.464166 -0.146789
0.583988 -0.464166 -0.167503 0.58402 -0.479399 -0.149667
0.515607 -0.479399 -0.149662 0.515666 -0.488963 -0.153641
0.42485 -0.488963 -0.153635 0.424937 -0.495175 -0.159226
0.321252 -0.495175 -0.159226 0.321354 -0.499353 -0.167341
0.222229 -0.499353 -0.167341 0.222323 -0.439663 -0.179432
0.142845 -0.439663 -0.179432 0.142918 -0.00854514 -0.19777
0.0877471 -0.00854514 -0.19777 0.0877969 0.290835 -0.227609
0.0528451 0.290835 -0.227609 0.0528765 0.329575 -0.274012
0.0315402 0.329575 -0.274012 0.0315597 0.32957 -0.342393
0.0184964 0.326214 -0.342393 0.0185086 0.326208 -0.43315
0.0103071 0.321573 -0.43315 0.010315 0.321573 -0.536748
0.00498824 0.315051 -0.536748 0.00499353 0.315051 -0.635771
0.00141018 0.305574 -0.635771 0.00141384 0.305574 -0.715155
0.0525222 0.291453 -0.715155 0.0314013 0.291453 -0.770253
0.421683 0.270038 -0.770253 0.220262 0.270038 -0.805155
0.678038 0.235191 -0.805155 0.581447 0.235205 -0.82646
0.711211 0.181 -0.82646 0.690497 0.181037 -0.839504
0.708333 0.101142 -0.839504 0.708338 0.101211 -0.847693
0.704359 -0.00484693 -0.847693 0.704365 -0.00474542 -0.853012
0.698774 -0.125831 -0.853012 0.698774 -0.125713 -0.85659
0.690659 -0.241474 -0.85659 0.690659 -0.241364 -0.805478
0.678568 -0.334181 -0.805478 0.678568 -0.334096 -0.436317
0.66023 -0.398526 -0.436317 0.66023 -0.398468 -0.179962
0.630653 -0.439286 -0.179962 0.630391 -0.439249 -0.146789
0.584337 -0.464166 -0.146789 0.583988 -0.464144 -0.146794
0.51604 -0.479399 -0.149667 0.515607 -0.479385 -0.149672
0.425325 -0.488963 -0.153641 0.42485 -0.488954 -0.153641
0.321695 -0.495175 -0.159226 0.321252 -0.495168 -0.159226
0.222573 -0.499353 -0.167341 0.222229 -0.499349 -0.167341
0.143073 -0.439663 -0.179432 0.142845 -0.464329 -0.179432
0.0878819 -0.00854514 -0.19777 0.0877471 -0.243771 -0.19777
0.0529206 0.290835 -0.227609 0.0528451 0.178032 -0.227597
0.0315822 0.329575 -0.274012 0.0315402 0.305385 -0.27398
0.0185203 0.326214 -0.342393 0.0184964 0.32622 -0.342334
0.0103212 0.321573 -0.43315 0.0103071 0.32158 -0.433063
0.00499696 0.315051 -0.536748 0.00498824 0.315051 -0.536646
0.00141576 0.305574 -0.635771 0.00141018 0.305574 -0.635677
0.00141018 0.291453 -0.715155 0.0525222 0.291453 -0.715082
0.0525222 0.270038 -0.770253 0.421683 0.270038 -0.770203
0.421683 0.235497 -0.805155 0.678038 0.235191 -0.805124
0.678038 0.181408 -0.82646 0.711211 0.181 -0.82644
0.711211 0.101648 -0.839504 0.708333 0.101142 -0.839491
0.708491 -0.00429189 -0.847693 0.704359 -0.00484693 -0.847685
0.704798 -0.125315 -0.853012 0.698774 -0.125831 -0.853006
0.699698 -0.241073 -0.85659 0.690659 -0.241474 -0.856586
0.692431 -0.333915 -0.805478 0.678568 -0.334181 -0.826599
0.681811 -0.398369 -0.436317 0.66023 -0.398526 -0.637738
0.665957 -0.439198 -0.179962 0.630391 -0.439286 -0.276553
0.6418 -0.464117 -0.146789 0.583988 -0.464166 -0.167503
0.603898 -0.479371 -0.149667 0.515607 -0.479399 -0.149662
0.547658 -0.488947 -0.153641 0.42485 -0.488963 -0.153635
0.470308 -0.495164 -0.159226 0.321252 -0.495175 -0.159226
0.375912 -0.499347 -0.167341 0.222229 -0.499353 -0.167341
0.276976 -0.499353 -0.179432 0.142845 -0.439663 -0.179432
0.188994 -0.439663 -0.19777 0.0877471 -0.00854514 -0.19777
0.121745 -0.00854514 -0.227347 0.0528451 0.290835 -0.227609
0.0759287 0.290835 -0.273663 0.0315402 0.329575 -0.274012
0.0467263 0.329575 -0.34196 0.0184964 0.326214 -0.342393
0.0285199 0.326399 -0.432675 0.0103071 0.321573 -0.43315
0.0170707 0.322085 -0.536305 0.00498824 0.315051 -0.536748
0.00968844 0.316129 -0.635427 0.00141018 0.305574 -0.635771
0.00477758 0.307643 -0.714927 0.0525222 0.291453 -0.715155
0.0525222 0.295241 -0.770118 0.421683 0.270038 -0.770253
0.421683 0.276725 -0.805079 0.678038 0.235191 -0.805155
0.678038 0.248515 -0.826418 0.711211 0.181 -0.82646
0.711211 0.204252 -0.83948 0.708333 0.101142 -0.839504
0.708333 0.138572 -0.847679 0.704359 -0.00484693 -0.847693
0.704359 0.0482405 -0.853003 0.698774 -0.125831 -0.853012
0.698774 -0.061998 -0.856584 0.690659 -0.241474 -0.85659
0.690659 -0.177539 -0.85659 0.678568 -0.334181 -0.805478
0.678568 -0.280287 -0.805478 0.66023 -0.398526 -0.436317
0.66023 -0.358823 -0.436317 0.630653 -0.439286 -0.179962
0.630391 -0.412328 -0.179962 0.584337 -0.464166 -0.146789
0.583988 -0.446431 -0.146789 0.51604 -0.479399 -0.149667
0.515607 -0.467694 -0.149509 0.425325 -0.488963 -0.153641
0.42485 -0.481064 -0.153202 0.321695 -0.495175 -0.159226
0.321252 -0.489686 -0.158302 0.222573 -0.499353 -0.167341
0.222229 -0.495421 -0.165569 0.143073 -0.439663 -0.179432
0.142845 -0.439663 -0.176189 0.0878819 -0.00854514 -0.19777
0.0877471 -0.00854514 -0.192043 0.0529206 0.290835 -0.227609
0.0528451 0.290835 -0.2162 0.0315822 0.329575 -0.274012
0.0315402 0.329575 -0.254102 0.0185203 0.326214 -0.342393
0.0184964 0.326214 -0.310342 0.0103212 0.321573 -0.43315
0.0103071 0.321573 -0.387692 0.00499696 0.315051 -0.536748
0.00498824 0.315051 -0.482088 0.00141576 0.305574 -0.635771
0.00141018 0.305574 -0.581024 0.00141018 0.291453 -0.715155
0.0525222 0.291453 -0.669006 0.0525222 0.270038 -0.770253
0.421683 0.270038 -0.736255 0.421683 0.235497 -0.805155
0.678038 0.235191 -0.782071 0.678038 0.181408 -0.82646
0.711211 0.181 -0.811274 0.711211 0.101648 -0.839504
0.708333 0.101142 -0.82948 0.708491 -0.00429189 -0.847693
0.704359 -0.00484693 -0.840929 0.704798 -0.125315 -0.853012
0.698774 -0.125831 -0.848312 0.699698 -0.241073 -0.85659
0.690659 -0.241474 -0.853222 0.692431 -0.333915 -0.805478
0.678568 -0.334181 -0.805478 0.681811 -0.398369 -0.436317
0.66023 -0.398526 -0.436317 0.665957 -0.439198 -0.179962
0.630391 -0.439286 -0.179962 0.6418 -0.464117 -0.146789
0.583988 -0.464166 -0.146789 0.603898 -0.479371 -0.149667
0.515607 -0.479399 -0.149667 0.547658 -0.488947 -0.153641
0.42485 -0.488963 -0.153641 0.470308 -0.495164 -0.159226
0.321252 -0.495175 -0.159226 0.375912 -0.499347 -0.167341
0.222229 -0.499353 -0.167341 0.276976 -0.499353 -0.179432
0.142845 -0.439663 -0.179432 0.188994 -0.439663 -0.19777
0.0877471 -0.00854514 -0.19777 0.121745 -0.00854514 -0.227347
0.0528451 0.290835 -0.227609 0.0759287 0.290835 -0.273663
0.0315402 0.329575 -0.274012 0.0467263 0.329575 -0.34196
0.0184964 0.326214 -0.342393 0.0285199 0.326399 -0.432675
0.0103071 0.321573 -0.43315 0.0170707 0.322085 -0.536305
0.00498824 0.315051 -0.536748 0.00968844 0.316129 -0.635427
0.00141018 0.305574 -0.635771 0.00477758 0.307643 -0.714927
0.00140512 0.291453 -0.715155 0.0525222 0.295241 -0.770118
0.0524849 0.270038 -0.770253 0.421683 0.276725 -0.805079
0.421553 0.235191 -0.805155 0.678038 0.248515 -0.826418
0.678017 0.181 -0.82646 0.711211 0.204252 -0.83948
0.711206 0.101142 -0.839504 0.708333 0.138572 -0.847679
0.708486 -0.00484693 -0.847693 0.704359 0.0482405 -0.853003
0.704798 -0.125831 -0.853012 0.698774 -0.061998 -0.856584
0.69971 -0.241474 -0.85659 0.690659 -0.177539 -0.85659
0.692485 -0.334181 -0.805478 0.678568 -0.280287 -0.805478
0.681989 -0.398526 -0.436317 0.66023 -0.358823 -0.436317
0.666495 -0.439286 -0.179962 0.630391 -0.412328 -0.179962
0.641811 -0.464166 -0.146789 0.583988 -0.446431 -0.146789
0.603926 -0.479399 -0.149667 0.515607 -0.467694 -0.149509
0.54771 -0.488963 -0.153641 0.42485 -0.481064 -0.153202
0.470389 -0.495175 -0.159226 0.321252 -0.489686 -0.158302
0.376014 -0.499353 -0.167341 0.222229 -0.495421 -0.165569
0.277081 -0.499359 -0.179432 0.142845 -0.439663 -0.176189
0.189084 -0.439706 -0.19777 0.0877471 -0.00854514 -0.192043
0.121811 -0.0086972 -0.227609 0.0528451 0.290835 -0.2162
0.0759731 0.29081 -0.274012 0.0315402 0.329575 -0.254102
0.0467545 0.32957 -0.342393 0.0184964 0.326214 -0.310342
0.0285377 0.326393 -0.43315 0.0103071 0.321573 -0.387692
0.017082 0.322085 -0.536748 0.00498824 0.315051 -0.482088
0.00969592 0.316144 -0.635771 0.00141018 0.305574 -0.581024
0.00478266 0.307706 -0.715155 0.0525222 0.291453 -0.669006
0.0525512 0.295449 -0.770253 0.421683 0.270038 -0.736255
0.421791 0.277354 -0.805155 0.678038 0.235191 -0.782071
0.678058 0.248527 -0.82646 0.711211 0.181 -0.811274
0.711215 0.204284 -0.839504 0.708333 0.101142 -0.82948
0.708338 0.138634 -0.847693 0.704359 -0.00484693 -0.840929
0.704365 0.0483349 -0.853012 0.698774 -0.125831 -0.848312
0.698774 -0.0618787 -0.85659 0.690659 -0.241474 -0.853222
0.690659 -0.177416 -0.856595 0.678568 -0.334181 -0.805478
0.678568 -0.280182 -0.805515 0.66023 -0.398526 -0.436317
0.66023 -0.358745 -0.436447 0.630391 -0.439286 -0.179962
0.630391 -0.412276 -0.179983 0.583988 -0.464166 -0.146789
0.583988 -0.446399 -0.146794 0.515607 -0.479399 -0.149667
0.515607 -0.467673 -0.149514 0.42485 -0.488963 -0.153641
0.42485 -0.481051 -0.153202 0.321252 -0.495175 -0.159226
0.321252 -0.489677 -0.15829 0.222229 -0.499353 -0.167341
0.222229 -0.495415 -0.165515 0.142845 -0.439663 -0.179432
0.142845 -0.439629 -0.176011 0.0877471 -0.00854514 -0.19777
0.0877471 -0.00841865 -0.191505 0.0528451 0.290835 -0.227609
0.0528451 0.290858 -0.216189 0.0315402 0.329575 -0.274012
0.0315402 0.329579 -0.254074 0.0184964 0.326214 -0.342393
0.0184964 0.32622 -0.31029 0.0103071 0.321573 -0.43315
0.0103071 0.32158 -0.387611 0.00498824 0.315051 -0.536748
0.00498824 0.315051 -0.481986 0.00141018 0.305574 -0.635771
0.00141018 0.305574 -0.580919 0.00140512 0.291453 -0.715155
0.0525222 0.291453 -0.668916 0.0524849 0.270038 -0.770253
0.421683 0.270038 -0.736189 0.421553 0.235191 -0.805155
0.678038 0.235191 -0.782027 0.678017 0.181 -0.82646
0.711211 0.181 -0.811245 0.711206 0.101142 -0.839504
0.708333 0.101142 -0.829462 0.708486 -0.00484693 -0.847693
0.704359 -0.00484693 -0.840918 0.704798 -0.125831 -0.853012
0.698774 -0.125831 -0.848304 0.69971 -0.241474 -0.85659
0.690659 -0.241474 -0.853217 0.692485 -0.334181 -0.805478
0.678568 -0.334181 -0.805449 0.681989 -0.398526 -0.436317
0.66023 -0.398526 -0.436209 0.666495 -0.439286 -0.179962
0.630391 -0.439286 -0.179942 0.641811 -0.464166 -0.146789
0.583988 -0.464166 -0.146785 0.603926 -0.479399 -0.149667
0.515607 -0.479399 -0.149662 0.54771 -0.488963 -0.153641
0.42485 -0.488963 -0.153635 0.470389 -0.495175 -0.159226
0.321252 -0.495175 -0.159226 0.376014 -0.499353 -0.167341
0.222229 -0.499353 -0.167341 0.277081 -0.499359 -0.179432
0.142845 -0.439663 -0.179432 0.189084 -0.439706 -0.19777
0.0877471 -0.00854514 -0.19777 0.121811 -0.0086972 -0.227609
0.0528451 0.290835 -0.227609 0.0759731 0.29081 -0.274012
0.0315402 0.329575 -0.274012 0.0467545 0.32957 -0.342393
0.0184964 0.326214 -0.342393 0.0285377 0.326393 -0.43315
0.0103071 0.321573 -0.43315 0.017082 0.322085 -0.536748
0.00498824 0.315051 -0.536748 0.00969592 0.316144 -0.635771
0.00141018 0.305574 -0.635771 0.00478266 0.307706 -0.715155
0.00140512 0.291453 -0.715155 0.0525512 0.295449 -0.770253
0.0524849 0.270038 -0.770253 0.421791 0.277354 -0.805155
0.421553 0.235191 -0.805155 0.678058 0.248527 -0.82646
0.678017 0.181 -0.82646 0.711215 0.204284 -0.839504
0.711206 0.101142 -0.839504 0.708338 0.138634 -0.847693
0.708486 -0.00484693 -0.847693 0.704365 0.0483349 -0.853012
0.704798 -0.125831 -0.853012 0.698774 -0.0618787 -0.85659
0.69971 -0.241474 -0.85659 0.690659 -0.177416 -0.856595
0.692485 -0.334181 -0.805478 0.678568 -0.280182 -0.805515
0.681989 -0.398526 -0.436317 0.66023 -0.358745 -0.436447
0.666495 -0.439286 -0.179962 0.630391 -0.412276 -0.179983
0.641811 -0.464166 -0.146789 0.583988 -0.446399 -0.146794
0.603926 -0.479399 -0.149667 0.515607 -0.467673 -0.149514
0.54771 -0.488963 -0.153641 0.42485 -0.481051 -0.153202
0.470389 -0.495175 -0.159226 0.321252 -0.489677 -0.15829
0.376014 -0.499353 -0.167341 0.222229 -0.495415 -0.165515
0.277081 -0.499359 -0.179432 0.142845 -0.439629 -0.176011
0.189084 -0.439706 -0.19777 0.0877471 -0.00841865 -0.191505
0.121811 -0.0086972 -0.227609 0.0528451 0.290858 -0.216189
0.0759731 0.29081 -0.274012 0.0315402 0.329579 -0.254074
0.0467545 0.32957 -0.342393 0.0184964 0.32622 -0.31029
0.0285377 0.326393 -0.43315 0.0103071 0.32158 -0.387611
0.017082 0.322085 -0.536748 0.00498824 0.315051 -0.481986
0.00969592 0.316144 -0.635771 0.00141018 0.305574 -0.580919
0.00478266 0.307706 -0.715155 0.0525222 0.291453 -0.668916
0.0525512 0.295449 -0.770253 0.421683 0.270038 -0.736189
0.421791 0.277354 -0.805155 0.678038 0.235191 -0.782027
0.678058 0.248527 -0.82646 0.711211 0.181 -0.811245
0.711215 0.204284 -0.839504 0.708333 0.101142 -0.829462
0.708338 0.138634 -0.847693 0.704359 -0.00484693 -0.840918
0.704365 0.0483349 -0.853012 0.698774 -0.125831 -0.848304
0.698774 -0.0618787 -0.85659 0.690659 -0.241474 -0.853217
0.690659 -0.177416 -0.856595 0.678568 -0.334181 -0.805449
0.678568 -0.280182 -0.805515 0.66023 -0.398526 -0.436209
0.66023 -0.358745 -0.436447 0.630391 -0.439286 -0.179942
0.630391 -0.412276 -0.179983 0.583988 -0.464166 -0.146785
0.583988 -0.446399 -0.146794 0.515607 -0.479399 -0.149662
0.515607 -0.467673 -0.149514 0.42485 -0.488963 -0.153635
0.42485 -0.481051 -0.153202 0.321252 -0.495175 -0.159226
0.321252 -0.489677 -0.15829 0.222229 -0.499353 -0.167341
0.222229 -0.495415 -0.165515 0.142845 -0.439663 -0.179432
0.142845 -0.439629 -0.176011 0.0877471 -0.00854514 -0.19777
0.0877471 -0.00841865 -0.191505 0.0528451 0.290835 -0.227609
0.0528451 0.290858 -0.216189 0.0315402 0.329575 -0.274012
0.0315402 0.329579 -0.254074 0.0184964 0.326214 -0.342393
0.0184964 0.32622 -0.31029 0.0103071 0.321573 -0.43315
0.0103071 0.32158 -0.387611 0.00498824 0.315051 -0.536748
0.00498824 0.315051 -0.481986 0.00141018 0.305574 -0.635771
0.00141018 0.305574 -0.580919 0.00140512 0.291453 -0.715155
0.0525222 0.291453 -0.668916 0.0524849 0.270038 -0.770253
0.421683 0.270038 -0.736189 0.421553 0.235191 -0.805155
0.678038 0.235191 -0.782027 0.678017 0.181 -0.82646
0.711211 0.181 -0.811245 0.711206 0.101142 -0.839504
0.708333 0.101142 -0.829462 0.708486 -0.00484693 -0.847693
0.704359 -0.00484693 -0.840918 0.704798 -0.125831 -0.853012
0.698774 -0.125831 -0.848304 0.69971 -0.241474 -0.85659
0.690659 -0.241474 -0.853217 0.692485 -0.334181 -0.805478
0.678568 -0.334181 -0.805449 0.681989 -0.398526 -0.436317
0.66023 -0.398526 -0.436209 0.666495 -0.439286 -0.179962
0.630391 -0.439286 -0.179942 0.641811 -0.464166 -0.146789
0.583988 -0.464166 -0.146785 0.603926 -0.479399 -0.149667
0.515607 -0.479399 -0.149662 0.54771 -0.488963 -0.153641
0.42485 -0.488963 -0.153635 0.470389 -0.495175 -0.159226
0.321252 -0.495175 -0.159226 0.376014 -0.499353 -0.167341
0.222229 -0.499353 -0.167341 0.277081 -0.499359 -0.179432
0.142845 -0.439663 -0.179432 0.189084 -0.439706 -0.19777
0.0877471 -0.00854514 -0.19777 0.121811 -0.0086972 -0.227609
0.0528451 0.290835 -0.227609 0.0759731 0.29081 -0.274012
0.0315402 0.329575 -0.274012 0.0467545 0.32957 -0.342393
0.0184964 0.326214 -0.342393 0.0285377 0.326393 -0.43315
0.0103071 0.321573 -0.43315 0.017082 0.322085 -0.536748
0.00498824 0.315051 -0.536748 0.00969592 0.316144 -0.635771
0.00141018 0.305574 -0.635771 0.00478266 0.307706 -0.715155
0.0525222 0.291453 -0.715155 0.0525512 0.295449 -0.770253
0.421683 0.270038 -0.770253 0.421791 0.277354 -0.805155
0.678038 0.235191 -0.805155 0.678058 0.248527 -0.82646
0.711211 0.181 -0.82646 0.711215 0.204284 -0.839504
0.711206 0.101142 -0.839504 0.708338 0.138634 -0.847693
0.708328 -0.00484693 -0.847693 0.704365 0.0483349 -0.853012
0.704359 -0.125831 -0.853012 0.698774 -0.0618787 -0.85659
0.698774 -0.241474 -0.85659 0.690659 -0.177416 -0.856595
0.690659 -0.334181 -0.805478 0.678568 -0.280182 -0.805515
0.678568 -0.398526 -0.436317 0.66023 -0.358745 -0.436447
0.66023 -0.439286 -0.179962 0.630391 -0.412276 -0.179983
0.630403 -0.464166 -0.146789 0.583988 -0.446399 -0.146794
0.58402 -0.479399 -0.149667 0.515607 -0.467673 -0.149514
0.515666 -0.488963 -0.153641 0.42485 -0.481051 -0.153202
0.424937 -0.495175 -0.159226 0.321252 -0.489677 -0.15829
0.321354 -0.499353 -0.167341 0.222229 -0.495415 -0.165515
0.222323 -0.439663 -0.179432 0.142845 -0.439629 -0.176011
0.142918 -0.00854514 -0.19777 0.0877471 -0.00841865 -0.191505
0.0877969 0.290835 -0.227609 0.0528451 0.290858 -0.216189
0.0528765 0.329575 -0.274012 0.0315402 0.329579 -0.254074
0.0315597 0.32957 -0.342393 0.0184964 0.32622 -0.31029
0.0185086 0.326208 -0.43315 0.0103071 0.32158 -0.387611
0.010315 0.321573 -0.536748 0.00498824 0.315051 -0.481986
0.00499353 0.315051 -0.635771 0.00141018 0.305574 -0.580919
0.00141384 0.305574 -0.715155 0.0525222 0.291453 -0.668916
0.0314013 0.291453 -0.770253 0.421683 0.270038 -0.736189
0.220262 0.270038 -0.805155 0.678038 0.235191 -0.782027
0.581447 0.235205 -0.82646 0.711211 0.181 -0.811245
0.690497 0.181037 -0.839504 0.708333 0.101142 -0.829462
0.708338 0.101211 -0.847693 0.704359 -0.00484693 -0.840918
0.704365 -0.00474542 -0.853012 0.698774 -0.125831 -0.848304
0.698774 -0.125713 -0.85659 0.690659 -0.241474 -0.853217
0.690659 -0.241364 -0.805478 0.678568 -0.334181 -0.805449
0.678568 -0.334096 -0.436317 0.66023 -0.398526 -0.436209
0.66023 -0.398468 -0.179962 0.630391 -0.439286 -0.179942
0.630391 -0.439249 -0.146789 0.583988 -0.464166 -0.146785
0.583988 -0.464144 -0.146794 0.515607 -0.479399 -0.149662
0.515607 -0.479385 -0.149672 0.42485 -0.488963 -0.153635
0.42485 -0.488954 -0.153641 0.321252 -0.495175 -0.159226
0.321252 -0.495168 -0.159226 0.222229 -0.499353 -0.167341
0.222229 -0.499349 -0.167341 0.142845 -0.439663 -0.179432
0.142845 -0.464329 -0.179432 0.0877471 -0.00854514 -0.19777
0.0877471 -0.243771 -0.19777 0.0528451 0.290835 -0.227609
0.0528451 0.178032 -0.227597 0.0315402 0.329575 -0.274012
0.0315402 0.305385 -0.27398 0.0184964 0.326214 -0.342393
0.0184964 0.32622 -0.342334 0.0103071 0.321573 -0.43315
0.0103071 0.32158 -0.433063 0.00498824 0.315051 -0.536748
0.00498824 0.315051 -0.536646 0.00141018 0.305574 -0.635771
0.00141018 0.305574 -0.635677 0.0525222 0.291453 -0.715155
0.0525222 0.291453 -0.715082 0.421683 0.270038 -0.770253
0.421683 0.270038 -0.770203 0.678038 0.235191 -0.805155
0.678038 0.235191 -0.805124 0.711211 0.181 -0.82646
0.711211 0.181 -0.82644 0.711206 0.101142 -0.839504
0.708333 0.101142 -0.839491 0.708328 -0.00484693 -0.847693
0.704359 -0.00484693 -0.847685 0.704359 -0.125831 -0.853012
0.698774 -0.125831 -0.853006 0.698774 -0.241474 -0.85659
0.690659 -0.241474 -0.856586 0.690659 -0.334181 -0.805478
0.678568 -0.334181 -0.826599 0.678568 -0.398526 -0.436317
0.66023 -0.398526 -0.637738 0.66023 -0.439286 -0.179962
0.630391 -0.439286 -0.276553 0.630403 -0.464166 -0.146789
0.583988 -0.464166 -0.167503 0.58402 -0.479399 -0.149667
0.515607 -0.479399 -0.149662 0.515666 -0.488963 -0.153641
0.42485 -0.488963 -0.153635 0.424937 -0.495175 -0.159226
0.321252 -0.495175 -0.159226 0.321354 -0.499353 -0.167341
0.222229 -0.499353 -0.167341 0.222323 -0.439663 -0.179432
0.142845 -0.439663 -0.179432 0.142918 -0.00854514 -0.19777
0.0877471 -0.00854514 -0.19777 0.0877969 0.290835 -0.227609
0.0528451 0.290835 -0.227609 0.0528765 0.329575 -0.274012
0.0315402 0.329575 -0.274012 0.0315597 0.32957 -0.342393
0.0184964 0.326214 -0.342393 0.0185086 0.326208 -0.43315
0.0103071 0.321573 -0.43315 0.010315 0.321573 -0.536748
0.00498824 0.315051 -0.536748 0.00499353 0.315051 -0.635771
0.00141018 0.305574 -0.635771 0.00141384 0.305574 -0.715155
0.0525222 0.291453 -0.715155 0.0314013 0.291453 -0.770253
0.421683 0.270038 -0.770253 0.220262 0.270038 -0.805155
0.678038 0.235191 -0.805155 0.581447 0.235205 -0.82646
0.711211 0.181 -0.82646 0.690497 0.181037 -0.839504
0.708333 0.101142 -0.839504 0.708338 0.101211 -0.847693
0.704359 -0.00484693 -0.847693 0.704365 -0.00474542 -0.853012
0.698774 -0.125831 -0.853012 0.698774 -0.125713 -0.85659
0.690659 -0.241474 -0.85659 0.690659 -0.241364 -0.805478
0.678568 -0.334181 -0.805478 0.678568 -0.334096 -0.436317
0.66023 -0.398526 -0.436317 0.66023 -0.398468 -0.179962
0.630653 -0.439286 -0.179962 0.630391 -0.439249 -0.146789
0.584337 -0.464166 -0.146789 0.583988 -0.464144 -0.146794
0.51604 -0.479399 -0.149667 0.515607 -0.479385 -0.149672
0.425325 -0.488963 -0.153641 0.42485 -0.488954 -0.153641
0.321695 -0.495175 -0.159226 0.321252 -0.495168 -0.159226
0.222573 -0.499353 -0.167341 0.222229 -0.499349 -0.167341
0.143073 -0.439663 -0.179432 0.142845 -0.464329 -0.179432
0.0878819 -0.00854514 -0.19777 0.0877471 -0.243771 -0.19777
0.0529206 0.290835 -0.227609 0.0528451 0.178032 -0.227597
0.0315822 0.329575 -0.274012 0.0315402 0.305385 -0.27398
0.0185203 0.326214 -0.342393 0.0184964 0.32622 -0.342334
0.0103212 0.321573 -0.43315 0.0103071 0.32158 -0.433063
0.00499696 0.315051 -0.536748 0.00498824 0.315051 -0.536646
0.00141576 0.305574 -0.635771 0.00141018 0.305574 -0.635677
0.00141018 0.291453 -0.715155 0.0525222 0.291453 -0.715082
0.0525222 0.270038 -0.770253 0.421683 0.270038 -0.770203
0.421683 0.235497 -0.805155 0.678038 0.235191 -0.805124
0.678038 0.181408 -0.82646 0.711211 0.181 -0.82644
0.711211 0.101648 -0.839504 0.708333 0.101142 -0.839491
0.708491 -0.00429189 -0.847693 0.704359 -0.00484693 -0.847685
0.704798 -0.125315 -0.853012 0.698774 -0.125831 -0.853006
0.699698 -0.241073 -0.85659 0.690659 -0.241474 -0.856586
0.692431 -0.333915 -0.805478 0.678568 -0.334181 -0.826599
0.681811 -0.398369 -0.436317 0.66023 -0.398526 -0.637738
0.665957 -0.439198 -0.179962 0.630391 -0.439286 -0.276553
0.6418 -0.464117 -0.146789 0.583988 -0.464166 -0.167503
0.603898 -0.479371 -0.149667 0.515607 -0.479399 -0.149662
0.547658 -0.488947 -0.153641 0.42485 -0.488963 -0.153635
0.470308 -0.495164 -0.159226 0.321252 -0.495175 -0.159226
0.375912 -0.499347 -0.167341 0.222229 -0.499353 -0.167341
0.276976 -0.499353 -0.179432 0.142845 -0.439663 -0.179432
0.188994 -0.439663 -0.19777 0.0877471 -0.00854514 -0.19777
0.121745 -0.00854514 -0.227347 0.0528451 0.290835 -0.227609
0.0759287 0.290835 -0.273663 0.0315402 0.329575 -0.274012
0.0467263 0.329575 -0.34196 0.0184964 0.326214 -0.342393
0.0285199 0.326399 -0.432675 0.0103071 0.321573 -0.43315
0.0170707 0.322085 -0.536305 0.00498824 0.315051 -0.536748
0.00968844 0.316129 -0.635427 0.00141018 0.305574 -0.635771
0.00477758 0.307643 -0.714927 0.0525222 0.291453 -0.715155
0.0525222 0.295241 -0.770118 0.421683 0.270038 -0.770253
0.421683 0.276725 -0.805079 0.678038 0.235191 -0.805155
0.678038 0.248515 -0.826418 0.711211 0.181 -0.82646
0.711211 0.204252 -0.83948 0.708333 0.101142 -0.839504
0.708333 0.138572 -0.847679 0.704359 -0.00484693 -0.847693
0.704359 0.0482405 -0.853003 0.698774 -0.125831 -0.853012
0.698774 -0.061998 -0.856584 0.690659 -0.241474 -0.85659
0.690659 -0.177539 -0.85659 0.678568 -0.334181 -0.805478
0.678568 -0.280287 -0.805478 0.66023 -0.398526 -0.436317
0.66023 -0.358823 -0.436317 0.630653 -0.439286 -0.179962
0.630391 -0.412328 -0.179962 0.584337 -0.464166 -0.146789
0.583988 -0.446431 -0.146789 0.51604 -0.479399 -0.149667
0.515607 -0.467694 -0.149509 0.425325 -0.488963 -0.153641
0.42485 -0.481064 -0.153202 0.321695 -0.495175 -0.159226
0.321252 -0.489686 -0.158302 0.222573 -0.499353 -0.167341
0.222229 -0.495421 -0.165569 0.143073 -0.439663 -0.179432
0.142845 -0.439663 -0.176189 0.0878819 -0.00854514 -0.19777
0.0877471 -0.00854514 -0.192043 0.0529206 0.290835 -0.227609
0.0528451 0.290835 -0.2162 0.0315822 0.329575 -0.274012
0.0315402 0.329575 -0.254102 0.0185203 0.326214 -0.342393
0.0184964 0.326214 -0.310342 0.0103212 0.321573 -0.43315
0.0103071 0.321573 -0.387692 0.00499696 0.315051 -0.536748
0.00498824 0.315051 -0.482088 0.00141576 0.305574 -0.635771
0.00141018 0.305574 -0.581024 0.00141018 0.291453 -0.715155
0.0525222 0.291453 -0.669006 0.0525222 0.270038 -0.770253
0.421683 0.270038 -0.736255 0.421683 0.235497 -0.805155
0.678038 0.235191 -0.782071 0.678038 0.181408 -0.82646
0.711211 0.181 -0.811274 0.711211 0.101648 -0.839504
0.708333 0.101142 -0.82948 0.708491 -0.00429189 -0.847693
0.704359 -0.00484693 -0.840929 0.704798 -0.125315 -0.853012
0.698774 -0.125831 -0.848312 0.699698 -0.241073 -0.85659
0.690659 -0.241474 -0.853222 0.692431 -0.333915 -0.805478
0.678568 -0.334181 -0.805478 0.681811 -0.398369 -0.436317
0.66023 -0.398526 -0.436317 0.665957 -0.439198 -0.179962
