0.3575 -0.0835 -0.5005 0.3575 -0.0835 -0.5005
0.3575 -0.0835 -0.5005 0.3575 -0.0835 -0.5005
-0.00942046 -0.0835 -0.5005 0.3575 -0.0835 -0.5005
0.724576 -0.0835 -0.5005 0.3575 -0.0835 -0.5005
0.640965 -0.0835 -0.5005 0.3575 -0.0835 -0.5005
0.00138624 -0.0835 -0.5005 0.3575 -0.0835 -0.5005
0.00138624 -0.0835 -0.5005 0.3575 -0.0835 -0.5005
0.00138624 -0.0835 -0.5005 0.3575 -0.0835 -0.5005
0.00138624 -0.0835 -0.5005 0.3575 -0.0835 -0.5005
0.00138624 -0.0835 -0.5005 0.3575 -0.0835 -0.5005
0.00138624 -0.0835 -0.5005 0.3575 -0.0835 -0.5005
0.00138624 -0.0835 -0.5005 0.3575 -0.0835 -0.5005
0.00138624 -0.0835 -0.5005 0.3575 -0.0835 -0.5005
0.00138624 -0.0835 -0.5005 0.3575 -0.0835 -0.5005
0.00138624 -0.0835 -0.5005 0.3575 -0.0835 -0.5005
0.00138624 -0.0835 -0.5005 0.3575 -0.0835 -0.5005
0.00138624 -0.0835 -0.5005 0.3575 -0.0835 -0.5005
0.00138624 -0.0835 -0.5005 0.3575 -0.0835 -0.5005
0.00138624 -0.512002 -0.5005 0.3575 -0.0835 -0.5005
0.00138624 0.345183 -0.5005 0.3575 -0.0835 -0.5005
0.00138624 0.247539 -0.5005 0.3575 -0.0835 -0.5005
0.00138624 -0.499381 -0.5005 0.3575 -0.0835 -0.5005
0.00138624 -0.499381 -0.5005 0.3575 -0.0835 -0.5005
0.00138624 -0.499381 -0.5005 0.3575 -0.0835 -0.5005
0.00138624 -0.499381 -0.5005 0.3575 -0.0835 -0.5005
0.00138624 -0.499381 -0.5005 0.3575 -0.0835 -0.5005
0.00138624 -0.499381 -0.5005 0.3575 -0.0835 -0.5005
0.00138624 -0.499381 -0.5005 0.3575 -0.0835 -0.5005
0.00138624 -0.499381 -0.5005 0.3575 -0.0835 -0.5005
0.00138624 -0.499381 -0.5005 0.3575 -0.0835 -0.5005
0.00138624 -0.499381 -0.5005 0.3575 -0.0835 -0.5005
0.00138624 -0.499381 -0.5005 0.3575 -0.0835 -0.5005
0.711202 -0.499381 -0.5005 0.3575 -0.0835 -0.5005
0.711202 -0.499381 -0.5005 0.3575 -0.0835 -0.5005
0.711202 -0.499381 -0.86742 0.3575 -0.0835 -0.5005
0.711202 -0.499381 -0.133424 0.3575 -0.0835 -0.5005
0.711202 -0.499381 -0.217035 0.3575 -0.0835 -0.5005
0.711202 -0.499381 -0.856614 0.3575 -0.0835 -0.5005
0.711202 -0.499381 -0.856614 0.3575 -0.0835 -0.5005
0.709242 -0.499381 -0.856614 0.3575 -0.0835 -0.5005
0.706788 -0.499381 -0.856614 0.3575 -0.0835 -0.5005
0.703673 -0.499381 -0.856614 0.3575 -0.0835 -0.5005
0.699658 -0.499381 -0.856614 0.3575 -0.0835 -0.5005
0.69504 -0.499381 -0.856614 0.3575 -0.0835 -0.5005
0.688235 -0.499381 -0.856614 0.3575 -0.0835 -0.5005
0.679052 -0.499381 -0.856614 0.3575 -0.0835 -0.5005
0.666495 -0.499381 -0.856614 0.3575 -0.0835 -0.5005
0.649169 -0.499381 -0.856614 0.3575 -0.0835 -0.5005
0.625235 0.329565 -0.856614 0.3575 -0.0835 -0.5005
0.592322 0.329565 -0.856614 0.3575 -0.0835 -0.5005
0.548453 0.329565 -0.856614 -0.00942046 -0.0835 -0.5005
0.49257 0.329565 -0.856614 0.724576 -0.0835 -0.5005
0.425822 0.329565 -0.856614 0.640965 -0.0835 -0.5005
0.352255 0.329565 -0.856614 0.00138624 -0.0835 -0.5005
0.278213 0.329565 -0.856614 0.00138624 -0.0835 -0.5005
0.210356 0.327276 -0.856614 0.00138624 -0.0835 -0.5005
0.15342 0.32441 -0.856614 0.00138624 -0.0835 -0.5005
0.109083 0.320772 -0.856614 0.00138624 -0.0835 -0.5005
0.076409 0.316083 -0.856614 0.00138624 -0.0835 -0.5005
0.0531321 0.310691 -0.856614 0.00138624 -0.0835 -0.5005
0.0367913 0.302743 -0.856614 0.00138624 -0.0835 -0.5005
0.0253204 0.292019 -0.856614 0.00138624 -0.0835 -0.5005
0.0171906 0.277354 -0.856614 0.00138624 -0.0835 -0.5005
0.0113413 0.257121 -0.856614 0.00138624 -0.0835 -0.5005
0.00705859 0.22917 -0.146798 0.00138624 -0.0835 -0.5005
0.00386556 0.190733 -0.146798 0.00138624 -0.0835 -0.5005
0.00144268 0.139501 -0.146798 0.00138624 -0.512002 -0.5005
0.00143839 0.0742396 -0.146798 0.00138624 0.345183 -0.5005
0.00143432 -0.00371189 -0.146798 0.00138624 0.247539 -0.5005
0.00143045 -0.089625 -0.146798 0.00138624 -0.499381 -0.5005
0.00142678 -0.176094 -0.146798 0.00138624 -0.499381 -0.5005
0.00142329 -0.25534 -0.148758 0.00138624 -0.499381 -0.5005
0.00141997 -0.321831 -0.151212 0.00138624 -0.499381 -0.5005
0.00141683 -0.37361 -0.154327 0.00138624 -0.499381 -0.5005
0.0170466 -0.411767 -0.158342 0.00138624 -0.499381 -0.5005
0.0755405 -0.438951 -0.16296 0.00138624 -0.499381 -0.5005
0.274915 -0.458034 -0.169765 0.00138624 -0.499381 -0.5005
0.545106 -0.47143 -0.178948 0.00138624 -0.499381 -0.5005
0.665203 -0.480924 -0.191505 0.00138624 -0.499381 -0.5005
0.699699 -0.487755 -0.208831 0.00138624 -0.499381 -0.5005
0.711218 -0.492757 -0.232765 0.711202 -0.499381 -0.5005
0.709685 -0.496486 -0.265678 0.711202 -0.499381 -0.5005
0.707853 -0.499315 -0.309547 0.711202 -0.499381 -0.86742
0.705646 -0.49932 -0.36543 0.711202 -0.499381 -0.133424
0.702962 -0.499325 -0.432178 0.711202 -0.499381 -0.217035
0.69969 -0.499329 -0.505745 0.711202 -0.499381 -0.856614
0.695666 -0.499334 -0.579787 0.711202 -0.499381 -0.856614
0.690659 -0.499338 -0.647644 0.709242 -0.499381 -0.856614
0.684386 -0.499342 -0.70458 0.706788 -0.499381 -0.856614
0.676481 -0.499345 -0.748917 0.703673 -0.499381 -0.856614
0.666495 -0.481092 -0.781591 0.699658 -0.499381 -0.856614
0.652987 -0.412781 -0.804868 0.69504 -0.499381 -0.856614
0.635464 -0.179945 -0.821209 0.688235 -0.499381 -0.856614
0.612826 0.135592 -0.83268 0.679052 -0.499381 -0.856614
0.583915 0.275845 -0.840809 0.666495 -0.499381 -0.856614
0.54774 0.316131 -0.846659 0.649169 -0.499381 -0.856614
0.50383 0.329584 -0.850941 0.625235 0.329565 -0.856614
0.452636 0.327793 -0.854134 0.592322 0.329565 -0.856614
0.395808 0.325653 -0.856557 0.548453 0.329565 -0.856614
0.336148 0.323076 -0.856562 0.49257 0.329565 -0.856614
0.277141 0.319942 -0.856566 0.425822 0.329565 -0.856614
0.222192 0.31612 -0.85657 0.352255 0.329565 -0.856614
0.173875 0.311421 -0.856573 0.278213 0.329565 -0.856614
0.1335 0.305574 -0.856577 0.210356 0.327276 -0.856614
0.101142 0.298248 -0.85658 0.15342 0.32441 -0.856614
0.0759986 0.289016 -0.856583 0.109083 0.320772 -0.856614
0.0568471 0.277354 -0.840953 0.076409 0.316083 -0.856614
0.0424061 0.261579 -0.782459 0.0531321 0.310691 -0.856614
0.0315402 0.241116 -0.583085 0.0367913 0.302743 -0.856614
0.0233339 0.214678 -0.312894 0.0253204 0.292019 -0.856614
0.0170886 0.180915 -0.192797 0.0171906 0.277354 -0.856614
0.0122881 0.138668 -0.158301 0.0113413 0.257121 -0.856614
0.00855667 0.0873889 -0.146782 0.00705859 0.22917 -0.146798
0.00562235 0.027603 -0.148315 0.00386556 0.190733 -0.146798
0.0032882 -0.0387622 -0.150147 0.00144268 0.139501 -0.146798
0.00141077 -0.108435 -0.152354 0.00143839 0.0742396 -0.146798
0.0170288 -0.177346 -0.155038 0.00143432 -0.00371189 -0.146798
0.0754728 -0.241516 -0.15831 0.00143045 -0.089625 -0.146798
0.274737 -0.297943 -0.162334 0.00142678 -0.176094 -0.146798
0.544974 -0.345094 -0.167341 0.00142329 -0.25534 -0.148758
0.665159 -0.382883 -0.173614 0.00141997 -0.321831 -0.151212
0.699684 -0.412246 -0.181519 0.00141683 -0.37361 -0.154327
0.711212 -0.434612 -0.191505 0.0170466 -0.411767 -0.158342
0.709677 -0.451477 -0.205013 0.0755405 -0.438951 -0.16296
0.707844 -0.464166 -0.222536 0.274915 -0.458034 -0.169765
0.705636 -0.47375 -0.245174 0.545106 -0.47143 -0.178948
0.702951 -0.481043 -0.274085 0.665203 -0.480924 -0.191505
0.69969 -0.48665 -0.31026 0.699699 -0.487755 -0.208831
0.695666 -0.491007 -0.35417 0.711218 -0.492757 -0.232765
0.690659 -0.494434 -0.405364 0.709685 -0.496486 -0.265678
0.684386 -0.49716 -0.462192 0.707853 -0.499315 -0.309547
0.676481 -0.499352 -0.521852 0.705646 -0.49932 -0.36543
0.666495 -0.481113 -0.580859 0.702962 -0.499325 -0.432178
0.652987 -0.41286 -0.635808 0.69969 -0.499329 -0.505745
0.635464 -0.180153 -0.684125 0.695666 -0.499334 -0.579787
0.612826 0.135439 -0.7245 0.690659 -0.499338 -0.647644
0.583915 0.275795 -0.756858 0.684386 -0.499342 -0.70458
0.54774 0.316113 -0.782001 0.676481 -0.499345 -0.748917
0.50383 0.329576 -0.801153 0.666495 -0.481092 -0.781591
0.452636 0.327784 -0.815594 0.652987 -0.412781 -0.804868
0.395808 0.325643 -0.82646 0.635464 -0.179945 -0.821209
0.336148 0.323065 -0.834666 0.612826 0.135592 -0.83268
0.277141 0.319929 -0.840911 0.583915 0.275845 -0.840809
0.222192 0.31612 -0.845712 0.54774 0.316131 -0.846659
0.173875 0.311421 -0.849443 0.50383 0.329584 -0.850941
0.1335 0.305574 -0.852378 0.452636 0.327793 -0.854134
0.101142 0.298248 -0.854712 0.395808 0.325653 -0.856557
0.0759986 0.289016 -0.856589 0.336148 0.323076 -0.856562
0.0568471 0.277354 -0.840971 0.277141 0.319942 -0.856566
0.0424061 0.261579 -0.782527 0.222192 0.31612 -0.85657
0.0315402 0.241116 -0.583263 0.173875 0.311421 -0.856573
0.0233339 0.214678 -0.313026 0.1335 0.305574 -0.856577
0.0170886 0.180915 -0.192841 0.101142 0.298248 -0.85658
0.0122881 0.138668 -0.158316 0.0759986 0.289016 -0.856583
0.00855667 0.0873889 -0.146788 0.0568471 0.277354 -0.840953
0.00562235 0.027603 -0.148323 0.0424061 0.261579 -0.782459
0.0032882 -0.0387622 -0.150156 0.0315402 0.241116 -0.583085
0.00141077 -0.108435 -0.152364 0.0233339 0.214678 -0.312894
0.0170288 -0.177346 -0.155049 0.0170886 0.180915 -0.192797
0.0754728 -0.241516 -0.15831 0.0122881 0.138668 -0.158301
0.274737 -0.297943 -0.162334 0.00855667 0.0873889 -0.146782
0.544974 -0.345094 -0.167341 0.00562235 0.027603 -0.148315
0.665159 -0.382883 -0.173614 0.0032882 -0.0387622 -0.150147
0.699684 -0.412246 -0.181519 0.00141077 -0.108435 -0.152354
0.711212 -0.434612 -0.191505 0.0170288 -0.177346 -0.155038
0.709677 -0.451477 -0.205013 0.0754728 -0.241516 -0.15831
0.707844 -0.464166 -0.222536 0.274737 -0.297943 -0.162334
0.705636 -0.47375 -0.245174 0.544974 -0.345094 -0.167341
0.702978 -0.481043 -0.274085 0.665159 -0.382883 -0.173614
0.699734 -0.48665 -0.31026 0.699684 -0.412246 -0.181519
0.69574 -0.491007 -0.35417 0.711212 -0.434612 -0.191505
0.690784 -0.494434 -0.405364 0.709677 -0.451477 -0.205013
0.684599 -0.49716 -0.462192 0.707844 -0.464166 -0.222536
0.676849 -0.499352 -0.521852 0.705636 -0.47375 -0.245174
0.666495 -0.481113 -0.580859 0.702951 -0.481043 -0.274085
0.652984 -0.41286 -0.635808 0.69969 -0.48665 -0.31026
0.635457 -0.180153 -0.684125 0.695666 -0.491007 -0.35417
0.612813 0.135439 -0.7245 0.690659 -0.494434 -0.405364
0.583894 0.275795 -0.756858 0.684386 -0.49716 -0.462192
0.54771 0.316113 -0.782001 0.676481 -0.499352 -0.521852
0.503791 0.329576 -0.801153 0.666495 -0.481113 -0.580859
0.452588 0.327784 -0.815594 0.652987 -0.41286 -0.635808
0.395752 0.325643 -0.82646 0.635464 -0.180153 -0.684125
0.336088 0.323065 -0.834666 0.612826 0.135439 -0.7245
0.277081 0.31996 -0.840911 0.583915 0.275795 -0.756858
0.222137 0.316172 -0.845712 0.54774 0.316113 -0.782001
0.173826 0.311507 -0.849443 0.50383 0.329576 -0.801153
0.133459 0.30572 -0.852378 0.452636 0.327784 -0.815594
0.101109 0.298497 -0.854712 0.395808 0.325643 -0.82646
0.0759731 0.289446 -0.856589 0.336148 0.323065 -0.834666
0.0568276 0.277354 -0.840971 0.277141 0.319929 -0.840911
0.0423913 0.261576 -0.782527 0.222192 0.31612 -0.845712
0.031529 0.241107 -0.583263 0.173875 0.311421 -0.849443
0.0233253 0.214663 -0.313026 0.1335 0.305574 -0.852378
0.017082 0.180891 -0.192841 0.101142 0.298248 -0.854712
0.012283 0.138634 -0.158316 0.0759986 0.289016 -0.856589
0.00855265 0.0873431 -0.146788 0.0568471 0.277354 -0.840971
0.00561915 0.0275463 -0.148323 0.0424061 0.261579 -0.782527
0.00328563 -0.0388276 -0.150156 0.0315402 0.241116 -0.583263
0.00140868 -0.108505 -0.152364 0.0233339 0.214678 -0.313026
0.0170227 -0.177416 -0.155022 0.0170886 0.180915 -0.192841
0.0754496 -0.241582 -0.158266 0.0122881 0.138668 -0.158316
0.274677 -0.298 -0.16226 0.00855667 0.0873889 -0.146788
0.544929 -0.345142 -0.167216 0.00562235 0.027603 -0.148323
0.665145 -0.382921 -0.173401 0.0032882 -0.0387622 -0.150156
0.699679 -0.412276 -0.181151 0.00141077 -0.108435 -0.152364
0.709677 -0.434635 -0.191505 0.0170288 -0.177346 -0.155049
0.707845 -0.451494 -0.205016 0.0754728 -0.241516 -0.15831
0.705636 -0.464179 -0.222543 0.274737 -0.297943 -0.162334
0.702951 -0.47376 -0.245187 0.544974 -0.345094 -0.167341
0.699685 -0.481051 -0.274106 0.665159 -0.382883 -0.173614
0.695649 -0.486656 -0.31029 0.699684 -0.412246 -0.181519
0.690617 -0.491012 -0.354209 0.711212 -0.434612 -0.191505
0.684292 -0.494438 -0.405412 0.709677 -0.451477 -0.205013
0.676282 -0.497163 -0.462248 0.707844 -0.464166 -0.222536
0.66609 -0.499355 -0.521912 0.705636 -0.47375 -0.245174
0.653098 -0.48112 -0.580919 0.702978 -0.481043 -0.274085
0.635593 -0.412887 -0.635863 0.699734 -0.48665 -0.31026
0.612975 -0.180224 -0.684174 0.69574 -0.491007 -0.35417
0.584084 0.135386 -0.724541 0.690784 -0.494434 -0.405364
0.547928 0.275777 -0.756891 0.684599 -0.49716 -0.462192
0.504032 0.316107 -0.782027 0.676849 -0.499352 -0.521852
0.452843 0.327784 -0.801172 0.666495 -0.481113 -0.580859
0.39601 0.325644 -0.815609 0.652984 -0.41286 -0.635808
0.336334 0.323065 -0.826471 0.635457 -0.180153 -0.684125
0.277302 0.319929 -0.834675 0.612813 0.135439 -0.7245
0.222323 0.316114 -0.840918 0.583894 0.275795 -0.756858
0.173976 0.311401 -0.845717 0.54771 0.316113 -0.782001
0.133575 0.305525 -0.849447 0.503791 0.329576 -0.801153
0.101195 0.298138 -0.852381 0.452588 0.327784 -0.815594
0.0760354 0.288784 -0.854714 0.395752 0.325643 -0.82646
0.0568722 0.276881 -0.856591 0.336088 0.323065 -0.834666
0.0424232 0.261709 -0.840977 0.277081 0.31996 -0.840911
0.0315518 0.241266 -0.78255 0.222137 0.316172 -0.845712
0.0233418 0.214852 -0.583323 0.173826 0.311507 -0.849443
0.017094 0.181112 -0.313071 0.133459 0.30572 -0.852378
0.0122919 0.138888 -0.192855 0.101109 0.298497 -0.854712
0.00855931 0.0876245 -0.158321 0.0759731 0.289446 -0.856589
0.00562421 0.0278448 -0.148323 0.0568276 0.277354 -0.840971
0.00328953 -0.0385268 -0.150155 0.0423913 0.261576 -0.782527
0.00141172 -0.108219 -0.152364 0.031529 0.241107 -0.583263
0.00140868 -0.177158 -0.155049 0.0233253 0.214663 -0.313026
0.0220788 -0.241364 -0.158315 0.017082 0.180891 -0.192841
0.120848 -0.297825 -0.162351 0.012283 0.138634 -0.158316
0.421683 -0.345007 -0.167383 0.00855265 0.0873431 -0.146788
0.640063 -0.382821 -0.173708 0.00561915 0.0275463 -0.148323
0.69635 -0.412203 -0.181718 0.00328563 -0.0388276 -0.150156
0.711212 -0.434583 -0.19191 0.00140868 -0.108505 -0.152364
0.709724 -0.451457 -0.204902 0.0170227 -0.177416 -0.155022
0.707955 -0.464153 -0.222407 0.0754496 -0.241582 -0.158266
0.705837 -0.473741 -0.245025 0.274677 -0.298 -0.16226
0.703276 -0.481037 -0.273916 0.544929 -0.345142 -0.167216
0.700184 -0.486645 -0.310072 0.665145 -0.382921 -0.173401
0.696391 -0.491004 -0.353968 0.699679 -0.412276 -0.181151
0.691701 -0.494432 -0.405157 0.709677 -0.434635 -0.191505
0.685854 -0.497158 -0.46199 0.707845 -0.451494 -0.205016
0.678516 -0.499351 -0.521666 0.705636 -0.464179 -0.222543
0.669261 -0.499355 -0.580698 0.702951 -0.47376 -0.245187
0.657566 -0.475216 -0.635677 0.699685 -0.481051 -0.274106
0.641896 -0.35987 -0.684024 0.695649 -0.486656 -0.31029
0.62175 -0.00854514 -0.724425 0.690617 -0.491012 -0.354209
0.596065 0.246486 -0.756805 0.684292 -0.494438 -0.405412
0.563836 0.31222 -0.781965 0.676282 -0.497163 -0.462248
0.524389 0.329576 -0.801128 0.66609 -0.499355 -0.521912
0.477729 0.327838 -0.815577 0.653098 -0.48112 -0.580919
0.42485 0.325773 -0.826448 0.635593 -0.412887 -0.635863
0.367843 0.323299 -0.834658 0.612975 -0.180224 -0.684174
0.309671 0.320309 -0.840906 0.584084 0.135386 -0.724541
0.253605 0.316697 -0.845708 0.547928 0.275777 -0.756891
0.202525 0.312268 -0.849441 0.504032 0.316107 -0.782027
0.158354 0.30679 -0.852376 0.452843 0.327784 -0.801172
0.121846 0.299962 -0.85471 0.39601 0.325644 -0.815609
0.0927389 0.291393 -0.856588 0.336334 0.323065 -0.826471
0.0701254 0.280585 -0.856591 0.277302 0.319929 -0.834675
0.0528349 0.266927 -0.835921 0.222323 0.316114 -0.840918
0.0397108 0.248626 -0.737152 0.173976 0.311401 -0.845717
0.0297543 0.2251 -0.436317 0.133575 0.305525 -0.849447
0.0221671 0.195104 -0.217937 0.101195 0.298138 -0.852381
0.0163405 0.157465 -0.16165 0.0760354 0.288784 -0.854714
0.0118224 0.111399 -0.146788 0.0568722 0.276881 -0.856591
0.00828142 0.0569077 -0.148276 0.0424232 0.261709 -0.840977
0.00547557 -0.00484693 -0.150045 0.0315518 0.241266 -0.78255
0.003228 -0.0714212 -0.152163 0.0233418 0.214852 -0.583323
0.00140868 -0.139356 -0.154724 0.017094 0.181112 -0.313071
0.0220788 -0.204831 -0.157816 0.0122919 0.138888 -0.192855
0.120848 -0.264485 -0.161609 0.00855931 0.0876245 -0.158321
0.421683 -0.316069 -0.166299 0.00562421 0.0278448 -0.148323
0.640063 -0.358705 -0.172146 0.00328953 -0.0385268 -0.150155
0.69635 -0.392697 -0.179484 0.00141172 -0.108219 -0.152364
0.711212 -0.419105 -0.188739 0.00140868 -0.177158 -0.155049
0.709724 -0.439298 -0.200434 0.0220788 -0.241364 -0.158315
0.707955 -0.454624 -0.216104 0.120848 -0.297825 -0.162351
0.705837 -0.466252 -0.23625 0.421683 -0.345007 -0.167383
0.703276 -0.475113 -0.261935 0.640063 -0.382821 -0.173708
0.700184 -0.481917 -0.294164 0.69635 -0.412203 -0.181718
0.696391 -0.487193 -0.333611 0.711212 -0.434583 -0.19191
0.691701 -0.491329 -0.380271 0.709724 -0.451457 -0.204902
0.685854 -0.494605 -0.43315 0.707955 -0.464153 -0.222407
0.678516 -0.49723 -0.490157 0.705837 -0.473741 -0.245025
0.669261 -0.499355 -0.548329 0.703276 -0.481037 -0.273916
0.657566 -0.475216 -0.604395 0.700184 -0.486645 -0.310072
0.641896 -0.35987 -0.655475 0.696391 -0.491004 -0.353968
0.62175 -0.00854514 -0.699646 0.691701 -0.494432 -0.405157
0.596065 0.246486 -0.736154 0.685854 -0.497158 -0.46199
0.563836 0.31222 -0.765261 0.678516 -0.499351 -0.521666
0.524389 0.329576 -0.787875 0.669261 -0.499355 -0.580698
0.477729 0.327838 -0.805165 0.657566 -0.475216 -0.635677
0.42485 0.325773 -0.818289 0.641896 -0.35987 -0.684024
0.367843 0.323299 -0.828246 0.62175 -0.00854514 -0.724425
0.309671 0.320309 -0.835833 0.596065 0.246486 -0.756805
0.253605 0.316697 -0.841659 0.563836 0.31222 -0.781965
0.202525 0.312268 -0.846178 0.524389 0.329576 -0.801128
0.158354 0.30679 -0.849719 0.477729 0.327838 -0.815577
0.121846 0.299962 -0.852524 0.42485 0.325773 -0.826448
0.0927389 0.291393 -0.854772 0.367843 0.323299 -0.834658
0.0701254 0.280585 -0.856591 0.309671 0.320309 -0.840906
0.0528349 0.266927 -0.835921 0.253605 0.316697 -0.845708
0.0397108 0.248626 -0.737152 0.202525 0.312268 -0.849441
0.0297543 0.2251 -0.436317 0.158354 0.30679 -0.852376
0.0221671 0.195104 -0.217937 0.121846 0.299962 -0.85471
0.0163405 0.157465 -0.16165 0.0927389 0.291393 -0.856588
0.0118224 0.111399 -0.146788 0.0701254 0.280585 -0.856591
0.00828142 0.0569077 -0.148276 0.0528349 0.266927 -0.835921
0.00547557 -0.00484693 -0.150045 0.0397108 0.248626 -0.737152
0.003228 -0.0714212 -0.152163 0.0297543 0.2251 -0.436317
0.0220894 -0.139356 -0.154724 0.0221671 0.195104 -0.217937
0.120895 -0.204831 -0.157816 0.0163405 0.157465 -0.16165
0.421763 -0.264485 -0.161609 0.0118224 0.111399 -0.146788
0.64009 -0.316069 -0.166299 0.00828142 0.0569077 -0.148276
0.696358 -0.358705 -0.172146 0.00547557 -0.00484693 -0.150045
0.711215 -0.392697 -0.179484 0.003228 -0.0714212 -0.152163
0.711212 -0.419105 -0.188739 0.00140868 -0.139356 -0.154724
0.709677 -0.439298 -0.200434 0.0220788 -0.204831 -0.157816
0.707845 -0.454624 -0.216104 0.120848 -0.264485 -0.161609
0.705636 -0.466252 -0.23625 0.421683 -0.316069 -0.166299
0.702951 -0.475113 -0.261935 0.640063 -0.358705 -0.172146
0.699685 -0.481917 -0.294164 0.69635 -0.392697 -0.179484
0.695649 -0.487193 -0.333611 0.711212 -0.419105 -0.188739
0.690617 -0.491329 -0.380271 0.709724 -0.439298 -0.200434
0.684292 -0.494605 -0.43315 0.707955 -0.454624 -0.216104
0.676282 -0.49723 -0.490157 0.705837 -0.466252 -0.23625
0.66609 -0.475203 -0.548329 0.703276 -0.475113 -0.261935
0.653098 -0.359815 -0.604395 0.700184 -0.481917 -0.294164
0.635593 -0.00845118 -0.655475 0.696391 -0.487193 -0.333611
0.612975 0.246518 -0.699646 0.691701 -0.491329 -0.380271
0.584084 0.312229 -0.736154 0.685854 -0.494605 -0.43315
0.547928 0.329579 -0.765261 0.678516 -0.49723 -0.490157
0.504032 0.329576 -0.787875 0.669261 -0.499355 -0.548329
0.452843 0.327784 -0.805165 0.657566 -0.475216 -0.604395
0.39601 0.325644 -0.818289 0.641896 -0.35987 -0.655475
0.336334 0.323065 -0.828246 0.62175 -0.00854514 -0.699646
0.277302 0.319929 -0.835833 0.596065 0.246486 -0.736154
0.222323 0.316114 -0.841659 0.563836 0.31222 -0.765261
0.173976 0.311401 -0.846178 0.524389 0.329576 -0.787875
0.133575 0.305525 -0.849719 0.477729 0.327838 -0.805165
0.101195 0.298138 -0.852524 0.42485 0.325773 -0.818289
0.0760354 0.288784 -0.854772 0.367843 0.323299 -0.828246
0.0568722 0.276881 -0.835911 0.309671 0.320309 -0.835833
0.0424232 0.261709 -0.737105 0.253605 0.316697 -0.841659
0.0315518 0.241266 -0.436237 0.202525 0.312268 -0.846178
0.0233418 0.214852 -0.21791 0.158354 0.30679 -0.849719
0.017094 0.181112 -0.161642 0.121846 0.299962 -0.852524
0.0122919 0.138888 -0.146785 0.0927389 0.291393 -0.854772
0.00855931 0.0876245 -0.146788 0.0701254 0.280585 -0.856591
0.00562421 0.0278448 -0.148323 0.0528349 0.266927 -0.835921
0.00328953 -0.0385268 -0.150155 0.0397108 0.248626 -0.737152
0.00141172 -0.108219 -0.152364 0.0297543 0.2251 -0.436317
0.0170312 -0.177158 -0.155049 0.0221671 0.195104 -0.217937
0.0754808 -0.241364 -0.158315 0.0163405 0.157465 -0.16165
0.274755 -0.297825 -0.162351 0.0118224 0.111399 -0.146788
0.544985 -0.345007 -0.167383 0.00828142 0.0569077 -0.148276
0.665162 -0.382821 -0.173708 0.00547557 -0.00484693 -0.150045
0.699685 -0.412203 -0.181718 0.003228 -0.0714212 -0.152163
0.711212 -0.434583 -0.19191 0.0220894 -0.139356 -0.154724
0.709677 -0.451457 -0.204902 0.120895 -0.204831 -0.157816
0.707845 -0.464153 -0.222407 0.421763 -0.264485 -0.161609
0.705636 -0.473741 -0.245025 0.64009 -0.316069 -0.166299
0.702951 -0.481037 -0.273916 0.696358 -0.358705 -0.172146
0.699685 -0.486645 -0.310072 0.711215 -0.392697 -0.179484
0.695649 -0.491004 -0.353968 0.711212 -0.419105 -0.188739
0.690617 -0.494432 -0.405157 0.709677 -0.439298 -0.200434
0.684292 -0.497158 -0.46199 0.707845 -0.454624 -0.216104
0.676282 -0.499351 -0.521666 0.705636 -0.466252 -0.23625
0.66609 -0.48111 -0.580698 0.702951 -0.475113 -0.261935
0.652984 -0.412851 -0.635677 0.699685 -0.481917 -0.294164
0.635457 -0.180132 -0.684024 0.695649 -0.487193 -0.333611
0.612813 0.135452 -0.724425 0.690617 -0.491329 -0.380271
0.583894 0.275798 -0.756805 0.684292 -0.494605 -0.43315
0.54771 0.316114 -0.781965 0.676282 -0.49723 -0.490157
0.503791 0.329576 -0.801128 0.66609 -0.475203 -0.548329
0.452588 0.327784 -0.815577 0.653098 -0.359815 -0.604395
0.395752 0.325644 -0.826448 0.635593 -0.00845118 -0.655475
0.336088 0.323065 -0.834658 0.612975 0.246518 -0.699646
0.277081 0.319929 -0.840906 0.584084 0.312229 -0.736154
0.222137 0.316114 -0.845708 0.547928 0.329579 -0.765261
0.173826 0.311401 -0.849441 0.504032 0.329576 -0.787875
0.133459 0.305525 -0.852376 0.452843 0.327784 -0.805165
0.101109 0.298138 -0.85471 0.39601 0.325644 -0.818289
0.0759731 0.288784 -0.856588 0.336334 0.323065 -0.828246
0.0568276 0.276881 -0.840969 0.277302 0.319929 -0.835833
0.0423913 0.261576 -0.782519 0.222323 0.316114 -0.841659
0.031529 0.241107 -0.583245 0.173976 0.311401 -0.846178
0.0233253 0.214663 -0.313015 0.133575 0.305525 -0.849719
0.017082 0.180891 -0.192838 0.101195 0.298138 -0.852524
0.012283 0.138634 -0.158315 0.0760354 0.288784 -0.854772
0.00855265 0.0873431 -0.146788 0.0568722 0.276881 -0.835911
0.00561915 0.0275463 -0.148323 0.0424232 0.261709 -0.737105
0.00328563 -0.0388276 -0.150155 0.0315518 0.241266 -0.436237
0.00140868 -0.108505 -0.152364 0.0233418 0.214852 -0.21791
0.0170227 -0.177416 -0.155049 0.017094 0.181112 -0.161642
0.0754496 -0.241582 -0.158315 0.0122919 0.138888 -0.146785
0.274677 -0.298 -0.162351 0.00855931 0.0876245 -0.146788
0.544929 -0.345142 -0.167383 0.00562421 0.0278448 -0.148323
0.665145 -0.382921 -0.173708 0.00328953 -0.0385268 -0.150155
0.699679 -0.412276 -0.181718 0.00141172 -0.108219 -0.152364
0.711209 -0.434635 -0.19191 0.0170312 -0.177158 -0.155049
0.709675 -0.451494 -0.205016 0.0754808 -0.241364 -0.158315
0.707842 -0.464179 -0.222543 0.274755 -0.297825 -0.162351
0.705633 -0.47376 -0.245187 0.544985 -0.345007 -0.167383
0.702951 -0.481051 -0.274106 0.665162 -0.382821 -0.173708
0.69969 -0.486656 -0.31029 0.699685 -0.412203 -0.181718
0.695666 -0.491012 -0.354209 0.711212 -0.434583 -0.19191
0.690659 -0.494438 -0.405412 0.709677 -0.451457 -0.204902
0.684386 -0.497163 -0.462248 0.707845 -0.464153 -0.222407
0.676481 -0.499355 -0.521912 0.705636 -0.473741 -0.245025
0.666495 -0.48112 -0.580919 0.702951 -0.481037 -0.273916
0.652987 -0.412887 -0.635863 0.699685 -0.486645 -0.310072
0.635464 -0.180224 -0.684174 0.695649 -0.491004 -0.353968
0.612826 0.135386 -0.724541 0.690617 -0.494432 -0.405157
0.583915 0.275777 -0.756891 0.684292 -0.497158 -0.46199
0.54774 0.316107 -0.782027 0.676282 -0.499351 -0.521666
0.50383 0.329573 -0.801172 0.66609 -0.48111 -0.580698
0.452636 0.327781 -0.815609 0.652984 -0.412851 -0.635677
0.395808 0.32564 -0.826471 0.635457 -0.180132 -0.684024
0.336148 0.323061 -0.834675 0.612813 0.135452 -0.724425
0.277141 0.319929 -0.840918 0.583894 0.275798 -0.756805
0.222192 0.31612 -0.845717 0.54771 0.316114 -0.781965
0.173875 0.311421 -0.849447 0.503791 0.329576 -0.801128
0.1335 0.305574 -0.852381 0.452588 0.327784 -0.815577
0.101142 0.298248 -0.854714 0.395752 0.325644 -0.826448
0.0759986 0.289016 -0.856591 0.336088 0.323065 -0.834658
0.0568471 0.277354 -0.840977 0.277081 0.319929 -0.840906
0.0424061 0.261579 -0.78255 0.222137 0.316114 -0.845708
0.0315402 0.241116 -0.583323 0.173826 0.311401 -0.849441
0.0233339 0.214678 -0.313071 0.133459 0.305525 -0.852376
0.0170886 0.180915 -0.192855 0.101109 0.298138 -0.85471
0.0122881 0.138668 -0.158321 0.0759731 0.288784 -0.856588
0.00855667 0.0873889 -0.146791 0.0568276 0.276881 -0.840969
0.00562235 0.027603 -0.148325 0.0423913 0.261576 -0.782519
0.0032882 -0.0387622 -0.150158 0.031529 0.241107 -0.583245
0.00141077 -0.108435 -0.152367 0.0233253 0.214663 -0.313015
0.0170288 -0.177346 -0.155049 0.017082 0.180891 -0.192838
0.0754728 -0.241516 -0.15831 0.012283 0.138634 -0.158315
0.274737 -0.297943 -0.162334 0.00855265 0.0873431 -0.146788
0.544974 -0.345094 -0.167341 0.00561915 0.0275463 -0.148323
0.665159 -0.382883 -0.173614 0.00328563 -0.0388276 -0.150155
0.699684 -0.412246 -0.181519 0.00140868 -0.108505 -0.152364
0.711212 -0.434612 -0.191505 0.0170227 -0.177416 -0.155049
0.709677 -0.451477 -0.205013 0.0754496 -0.241582 -0.158315
0.707844 -0.464166 -0.222536 0.274677 -0.298 -0.162351
0.705636 -0.47375 -0.245174 0.544929 -0.345142 -0.167383
0.702951 -0.481043 -0.274085 0.665145 -0.382921 -0.173708
0.69969 -0.48665 -0.31026 0.699679 -0.412276 -0.181718
0.695666 -0.491007 -0.35417 0.711209 -0.434635 -0.19191
0.690659 -0.494434 -0.405364 0.709675 -0.451494 -0.205016
0.684386 -0.49716 -0.462192 0.707842 -0.464179 -0.222543
0.676481 -0.499352 -0.521852 0.705633 -0.47376 -0.245187
0.666495 -0.481113 -0.580859 0.702951 -0.481051 -0.274106
0.652987 -0.41286 -0.635808 0.69969 -0.486656 -0.31029
0.635464 -0.180153 -0.684125 0.695666 -0.491012 -0.354209
0.612826 0.135439 -0.7245 0.690659 -0.494438 -0.405412
0.583915 0.275795 -0.756858 0.684386 -0.497163 -0.462248
0.54774 0.316113 -0.782001 0.676481 -0.499355 -0.521912
0.50383 0.329576 -0.801153 0.666495 -0.48112 -0.580919
0.452636 0.327784 -0.815594 0.652987 -0.412887 -0.635863
0.395808 0.325643 -0.82646 0.635464 -0.180224 -0.684174
0.336148 0.323065 -0.834666 0.612826 0.135386 -0.724541
0.277141 0.319929 -0.840911 0.583915 0.275777 -0.756891
0.222192 0.31612 -0.845712 0.54774 0.316107 -0.782027
0.173875 0.311421 -0.849443 0.50383 0.329573 -0.801172
0.1335 0.305574 -0.852378 0.452636 0.327781 -0.815609
0.101142 0.298248 -0.854712 0.395808 0.32564 -0.826471
0.0759986 0.289016 -0.856589 0.336148 0.323061 -0.834675
0.0568471 0.277354 -0.840971 0.277141 0.319929 -0.840918
0.0424061 0.261579 -0.782527 0.222192 0.31612 -0.845717
0.0315402 0.241116 -0.583263 0.173875 0.311421 -0.849447
0.0233339 0.214678 -0.313026 0.1335 0.305574 -0.852381
0.0170886 0.180915 -0.192841 0.101142 0.298248 -0.854714
0.0122881 0.138668 -0.158316 0.0759986 0.289016 -0.856591
0.00855667 0.0873889 -0.146788 0.0568471 0.277354 -0.840977
0.00562235 0.027603 -0.148323 0.0424061 0.261579 -0.78255
0.0032882 -0.0387622 -0.150156 0.0315402 0.241116 -0.583323
0.00141077 -0.108435 -0.152364 0.0233339 0.214678 -0.313071
0.0170288 -0.177346 -0.155049 0.0170886 0.180915 -0.192855
0.0754728 -0.241516 -0.15831 0.0122881 0.138668 -0.158321
0.274737 -0.297943 -0.162334 0.00855667 0.0873889 -0.146791
0.544974 -0.345094 -0.167341 0.00562235 0.027603 -0.148325
0.665159 -0.382883 -0.173614 0.0032882 -0.0387622 -0.150158
0.699684 -0.412246 -0.181519 0.00141077 -0.108435 -0.152367
0.711212 -0.434612 -0.191505 0.0170288 -0.177346 -0.155049
0.709677 -0.451477 -0.205013 0.0754728 -0.241516 -0.15831
0.707844 -0.464166 -0.222536 0.274737 -0.297943 -0.162334
0.705636 -0.47375 -0.245174 0.544974 -0.345094 -0.167341
0.702978 -0.481043 -0.274085 0.665159 -0.382883 -0.173614
0.699734 -0.48665 -0.31026 0.699684 -0.412246 -0.181519
0.69574 -0.491007 -0.35417 0.711212 -0.434612 -0.191505
0.690784 -0.494434 -0.405364 0.709677 -0.451477 -0.205013
0.684599 -0.49716 -0.462192 0.707844 -0.464166 -0.222536
0.676849 -0.499352 -0.521852 0.705636 -0.47375 -0.245174
0.666495 -0.481113 -0.580859 0.702951 -0.481043 -0.274085
0.652984 -0.41286 -0.635808 0.69969 -0.48665 -0.31026
0.635457 -0.180153 -0.684125 0.695666 -0.491007 -0.35417
0.612813 0.135439 -0.7245 0.690659 -0.494434 -0.405364
0.583894 0.275795 -0.756858 0.684386 -0.49716 -0.462192
0.54771 0.316113 -0.782001 0.676481 -0.499352 -0.521852
0.503791 0.329576 -0.801153 0.666495 -0.481113 -0.580859
0.452588 0.327784 -0.815594 0.652987 -0.41286 -0.635808
0.395752 0.325643 -0.82646 0.635464 -0.180153 -0.684125
0.336088 0.323065 -0.834666 0.612826 0.135439 -0.7245
0.277081 0.31996 -0.840911 0.583915 0.275795 -0.756858
0.222137 0.316172 -0.845712 0.54774 0.316113 -0.782001
0.173826 0.311507 -0.849443 0.50383 0.329576 -0.801153
0.133459 0.30572 -0.852378 0.452636 0.327784 -0.815594
0.101109 0.298497 -0.854712 0.395808 0.325643 -0.82646
0.0759731 0.289446 -0.856589 0.336148 0.323065 -0.834666
0.0568276 0.277354 -0.840971 0.277141 0.319929 -0.840911
0.0423913 0.261576 -0.782527 0.222192 0.31612 -0.845712
0.031529 0.241107 -0.583263 0.173875 0.311421 -0.849443
0.0233253 0.214663 -0.313026 0.1335 0.305574 -0.852378
0.017082 0.180891 -0.192841 0.101142 0.298248 -0.854712
0.012283 0.138634 -0.158316 0.0759986 0.289016 -0.856589
0.00855265 0.0873431 -0.146788 0.0568471 0.277354 -0.840971
0.00561915 0.0275463 -0.148323 0.0424061 0.261579 -0.782527
0.00328563 -0.0388276 -0.150156 0.0315402 0.241116 -0.583263
0.00140868 -0.108505 -0.152364 0.0233339 0.214678 -0.313026
0.0170227 -0.177416 -0.155022 0.0170886 0.180915 -0.192841
0.0754496 -0.241582 -0.158266 0.0122881 0.138668 -0.158316
0.274677 -0.298 -0.16226 0.00855667 0.0873889 -0.146788
0.544929 -0.345142 -0.167216 0.00562235 0.027603 -0.148323
0.665145 -0.382921 -0.173401 0.0032882 -0.0387622 -0.150156
0.699679 -0.412276 -0.181151 0.00141077 -0.108435 -0.152364
0.709677 -0.434635 -0.191505 0.0170288 -0.177346 -0.155049
0.707845 -0.451494 -0.205016 0.0754728 -0.241516 -0.15831
0.705636 -0.464179 -0.222543 0.274737 -0.297943 -0.162334
0.702951 -0.47376 -0.245187 0.544974 -0.345094 -0.167341
0.699685 -0.481051 -0.274106 0.665159 -0.382883 -0.173614
0.695649 -0.486656 -0.31029 0.699684 -0.412246 -0.181519
0.690617 -0.491012 -0.354209 0.711212 -0.434612 -0.191505
0.684292 -0.494438 -0.405412 0.709677 -0.451477 -0.205013
0.676282 -0.497163 -0.462248 0.707844 -0.464166 -0.222536
0.66609 -0.499355 -0.521912 0.705636 -0.47375 -0.245174
0.653098 -0.48112 -0.580919 0.702978 -0.481043 -0.274085
0.635593 -0.412887 -0.635863 0.699734 -0.48665 -0.31026
0.612975 -0.180224 -0.684174 0.69574 -0.491007 -0.35417
0.584084 0.135386 -0.724541 0.690784 -0.494434 -0.405364
0.547928 0.275777 -0.756891 0.684599 -0.49716 -0.462192
0.504032 0.316107 -0.782027 0.676849 -0.499352 -0.521852
0.452843 0.327784 -0.801172 0.666495 -0.481113 -0.580859
0.39601 0.325644 -0.815609 0.652984 -0.41286 -0.635808
0.336334 0.323065 -0.826471 0.635457 -0.180153 -0.684125
0.277302 0.319929 -0.834675 0.612813 0.135439 -0.7245
0.222323 0.316114 -0.840918 0.583894 0.275795 -0.756858
0.173976 0.311401 -0.845717 0.54771 0.316113 -0.782001
0.133575 0.305525 -0.849447 0.503791 0.329576 -0.801153
0.101195 0.298138 -0.852381 0.452588 0.327784 -0.815594
0.0760354 0.288784 -0.854714 0.395752 0.325643 -0.82646
0.0568722 0.276881 -0.856591 0.336088 0.323065 -0.834666
0.0424232 0.261709 -0.840977 0.277081 0.31996 -0.840911
0.0315518 0.241266 -0.78255 0.222137 0.316172 -0.845712
0.0233418 0.214852 -0.583323 0.173826 0.311507 -0.849443
0.017094 0.181112 -0.313071 0.133459 0.30572 -0.852378
0.0122919 0.138888 -0.192855 0.101109 0.298497 -0.854712
0.00855931 0.0876245 -0.158321 0.0759731 0.289446 -0.856589
0.00562421 0.0278448 -0.148323 0.0568276 0.277354 -0.840971
0.00328953 -0.0385268 -0.150155 0.0423913 0.261576 -0.782527
0.00141172 -0.108219 -0.152364 0.031529 0.241107 -0.583263
0.00140868 -0.177158 -0.155049 0.0233253 0.214663 -0.313026
0.0220788 -0.241364 -0.158315 0.017082 0.180891 -0.192841
0.120848 -0.297825 -0.162351 0.012283 0.138634 -0.158316
0.421683 -0.345007 -0.167383 0.00855265 0.0873431 -0.146788
0.640063 -0.382821 -0.173708 0.00561915 0.0275463 -0.148323
0.69635 -0.412203 -0.181718 0.00328563 -0.0388276 -0.150156
0.711212 -0.434583 -0.19191 0.00140868 -0.108505 -0.152364
0.709724 -0.451457 -0.204902 0.0170227 -0.177416 -0.155022
0.707955 -0.464153 -0.222407 0.0754496 -0.241582 -0.158266
0.705837 -0.473741 -0.245025 0.274677 -0.298 -0.16226
0.703276 -0.481037 -0.273916 0.544929 -0.345142 -0.167216
0.700184 -0.486645 -0.310072 0.665145 -0.382921 -0.173401
0.696391 -0.491004 -0.353968 0.699679 -0.412276 -0.181151
0.691701 -0.494432 -0.405157 0.709677 -0.434635 -0.191505
0.685854 -0.497158 -0.46199 0.707845 -0.451494 -0.205016
0.678516 -0.499351 -0.521666 0.705636 -0.464179 -0.222543
0.669261 -0.499355 -0.580698 0.702951 -0.47376 -0.245187
0.657566 -0.475216 -0.635677 0.699685 -0.481051 -0.274106
0.641896 -0.35987 -0.684024 0.695649 -0.486656 -0.31029
0.62175 -0.00854514 -0.724425 0.690617 -0.491012 -0.354209
0.596065 0.246486 -0.756805 0.684292 -0.494438 -0.405412
0.563836 0.31222 -0.781965 0.676282 -0.497163 -0.462248
0.524389 0.329576 -0.801128 0.66609 -0.499355 -0.521912
0.477729 0.327838 -0.815577 0.653098 -0.48112 -0.580919
0.42485 0.325773 -0.826448 0.635593 -0.412887 -0.635863
0.367843 0.323299 -0.834658 0.612975 -0.180224 -0.684174
0.309671 0.320309 -0.840906 0.584084 0.135386 -0.724541
0.253605 0.316697 -0.845708 0.547928 0.275777 -0.756891
0.202525 0.312268 -0.849441 0.504032 0.316107 -0.782027
0.158354 0.30679 -0.852376 0.452843 0.327784 -0.801172
0.121846 0.299962 -0.85471 0.39601 0.325644 -0.815609
0.0927389 0.291393 -0.856588 0.336334 0.323065 -0.826471
0.0701254 0.280585 -0.856591 0.277302 0.319929 -0.834675
0.0528349 0.266927 -0.835921 0.222323 0.316114 -0.840918
0.0397108 0.248626 -0.737152 0.173976 0.311401 -0.845717
0.0297543 0.2251 -0.436317 0.133575 0.305525 -0.849447
0.0221671 0.195104 -0.217937 0.101195 0.298138 -0.852381
0.0163405 0.157465 -0.16165 0.0760354 0.288784 -0.854714
0.0118224 0.111399 -0.146788 0.0568722 0.276881 -0.856591
0.00828142 0.0569077 -0.148276 0.0424232 0.261709 -0.840977
0.00547557 -0.00484693 -0.150045 0.0315518 0.241266 -0.78255
0.003228 -0.0714212 -0.152163 0.0233418 0.214852 -0.583323
0.00140868 -0.139356 -0.154724 0.017094 0.181112 -0.313071
0.0220788 -0.204831 -0.157816 0.0122919 0.138888 -0.192855
0.120848 -0.264485 -0.161609 0.00855931 0.0876245 -0.158321
0.421683 -0.316069 -0.166299 0.00562421 0.0278448 -0.148323
0.640063 -0.358705 -0.172146 0.00328953 -0.0385268 -0.150155
0.69635 -0.392697 -0.179484 0.00141172 -0.108219 -0.152364
0.711212 -0.419105 -0.188739 0.00140868 -0.177158 -0.155049
0.709724 -0.439298 -0.200434 0.0220788 -0.241364 -0.158315
0.707955 -0.454624 -0.216104 0.120848 -0.297825 -0.162351
0.705837 -0.466252 -0.23625 0.421683 -0.345007 -0.167383
0.703276 -0.475113 -0.261935 0.640063 -0.382821 -0.173708
0.700184 -0.481917 -0.294164 0.69635 -0.412203 -0.181718
0.696391 -0.487193 -0.333611 0.711212 -0.434583 -0.19191
0.691701 -0.491329 -0.380271 0.709724 -0.451457 -0.204902
0.685854 -0.494605 -0.43315 0.707955 -0.464153 -0.222407
0.678516 -0.49723 -0.490157 0.705837 -0.473741 -0.245025
0.669261 -0.499355 -0.548329 0.703276 -0.481037 -0.273916
0.657566 -0.475216 -0.604395 0.700184 -0.486645 -0.310072
0.641896 -0.35987 -0.655475 0.696391 -0.491004 -0.353968
0.62175 -0.00854514 -0.699646 0.691701 -0.494432 -0.405157
0.596065 0.246486 -0.736154 0.685854 -0.497158 -0.46199
0.563836 0.31222 -0.765261 0.678516 -0.499351 -0.521666
0.524389 0.329576 -0.787875 0.669261 -0.499355 -0.580698
0.477729 0.327838 -0.805165 0.657566 -0.475216 -0.635677
0.42485 0.325773 -0.818289 0.641896 -0.35987 -0.684024
0.367843 0.323299 -0.828246 0.62175 -0.00854514 -0.724425
0.309671 0.320309 -0.835833 0.596065 0.246486 -0.756805
0.253605 0.316697 -0.841659 0.563836 0.31222 -0.781965
0.202525 0.312268 -0.846178 0.524389 0.329576 -0.801128
0.158354 0.30679 -0.849719 0.477729 0.327838 -0.815577
0.121846 0.299962 -0.852524 0.42485 0.325773 -0.826448
0.0927389 0.291393 -0.854772 0.367843 0.323299 -0.834658
0.0701254 0.280585 -0.856591 0.309671 0.320309 -0.840906
0.0528349 0.266927 -0.835921 0.253605 0.316697 -0.845708
0.0397108 0.248626 -0.737152 0.202525 0.312268 -0.849441
0.0297543 0.2251 -0.436317 0.158354 0.30679 -0.852376
0.0221671 0.195104 -0.217937 0.121846 0.299962 -0.85471
0.0163405 0.157465 -0.16165 0.0927389 0.291393 -0.856588
0.0118224 0.111399 -0.146788 0.0701254 0.280585 -0.856591
0.00828142 0.0569077 -0.148276 0.0528349 0.266927 -0.835921
0.00547557 -0.00484693 -0.150045 0.0397108 0.248626 -0.737152
0.003228 -0.0714212 -0.152163 0.0297543 0.2251 -0.436317
0.0220894 -0.139356 -0.154724 0.0221671 0.195104 -0.217937
0.120895 -0.204831 -0.157816 0.0163405 0.157465 -0.16165
0.421763 -0.264485 -0.161609 0.0118224 0.111399 -0.146788
0.64009 -0.316069 -0.166299 0.00828142 0.0569077 -0.148276
0.696358 -0.358705 -0.172146 0.00547557 -0.00484693 -0.150045
0.711215 -0.392697 -0.179484 0.003228 -0.0714212 -0.152163
0.711212 -0.419105 -0.188739 0.00140868 -0.139356 -0.154724
0.709677 -0.439298 -0.200434 0.0220788 -0.204831 -0.157816
0.707845 -0.454624 -0.216104 0.120848 -0.264485 -0.161609
0.705636 -0.466252 -0.23625 0.421683 -0.316069 -0.166299
0.702951 -0.475113 -0.261935 0.640063 -0.358705 -0.172146
0.699685 -0.481917 -0.294164 0.69635 -0.392697 -0.179484
0.695649 -0.487193 -0.333611 0.711212 -0.419105 -0.188739
0.690617 -0.491329 -0.380271 0.709724 -0.439298 -0.200434
0.684292 -0.494605 -0.43315 0.707955 -0.454624 -0.216104
0.676282 -0.49723 -0.490157 0.705837 -0.466252 -0.23625
0.66609 -0.475203 -0.548329 0.703276 -0.475113 -0.261935
0.653098 -0.359815 -0.604395 0.700184 -0.481917 -0.294164
0.635593 -0.00845118 -0.655475 0.696391 -0.487193 -0.333611
0.612975 0.246518 -0.699646 0.691701 -0.491329 -0.380271
0.584084 0.312229 -0.736154 0.685854 -0.494605 -0.43315
0.547928 0.329579 -0.765261 0.678516 -0.49723 -0.490157
0.504032 0.329576 -0.787875 0.669261 -0.499355 -0.548329
0.452843 0.327784 -0.805165 0.657566 -0.475216 -0.604395
0.39601 0.325644 -0.818289 0.641896 -0.35987 -0.655475
0.336334 0.323065 -0.828246 0.62175 -0.00854514 -0.699646
0.277302 0.319929 -0.835833 0.596065 0.246486 -0.736154
0.222323 0.316114 -0.841659 0.563836 0.31222 -0.765261
0.173976 0.311401 -0.846178 0.524389 0.329576 -0.787875
0.133575 0.305525 -0.849719 0.477729 0.327838 -0.805165
0.101195 0.298138 -0.852524 0.42485 0.325773 -0.818289
0.0760354 0.288784 -0.854772 0.367843 0.323299 -0.828246
0.0568722 0.276881 -0.835911 0.309671 0.320309 -0.835833
0.0424232 0.261709 -0.737105 0.253605 0.316697 -0.841659
0.0315518 0.241266 -0.436237 0.202525 0.312268 -0.846178
0.0233418 0.214852 -0.21791 0.158354 0.30679 -0.849719
0.017094 0.181112 -0.161642 0.121846 0.299962 -0.852524
0.0122919 0.138888 -0.146785 0.0927389 0.291393 -0.854772
0.00855931 0.0876245 -0.146788 0.0701254 0.280585 -0.856591
0.00562421 0.0278448 -0.148323 0.0528349 0.266927 -0.835921
0.00328953 -0.0385268 -0.150155 0.0397108 0.248626 -0.737152
0.00141172 -0.108219 -0.152364 0.0297543 0.2251 -0.436317
0.0170312 -0.177158 -0.155049 0.0221671 0.195104 -0.217937
0.0754808 -0.241364 -0.158315 0.0163405 0.157465 -0.16165
0.274755 -0.297825 -0.162351 0.0118224 0.111399 -0.146788
0.544985 -0.345007 -0.167383 0.00828142 0.0569077 -0.148276
0.665162 -0.382821 -0.173708 0.00547557 -0.00484693 -0.150045
0.699685 -0.412203 -0.181718 0.003228 -0.0714212 -0.152163
0.711212 -0.434583 -0.19191 0.0220894 -0.139356 -0.154724
0.709677 -0.451457 -0.204902 0.120895 -0.204831 -0.157816
0.707845 -0.464153 -0.222407 0.421763 -0.264485 -0.161609
0.705636 -0.473741 -0.245025 0.64009 -0.316069 -0.166299
0.702951 -0.481037 -0.273916 0.696358 -0.358705 -0.172146
0.699685 -0.486645 -0.310072 0.711215 -0.392697 -0.179484
0.695649 -0.491004 -0.353968 0.711212 -0.419105 -0.188739
0.690617 -0.494432 -0.405157 0.709677 -0.439298 -0.200434
0.684292 -0.497158 -0.46199 0.707845 -0.454624 -0.216104
0.676282 -0.499351 -0.521666 0.705636 -0.466252 -0.23625
0.66609 -0.48111 -0.580698 0.702951 -0.475113 -0.261935
0.652984 -0.412851 -0.635677 0.699685 -0.481917 -0.294164
0.635457 -0.180132 -0.684024 0.695649 -0.487193 -0.333611
0.612813 0.135452 -0.724425 0.690617 -0.491329 -0.380271
0.583894 0.275798 -0.756805 0.684292 -0.494605 -0.43315
0.54771 0.316114 -0.781965 0.676282 -0.49723 -0.490157
0.503791 0.329576 -0.801128 0.66609 -0.475203 -0.548329
0.452588 0.327784 -0.815577 0.653098 -0.359815 -0.604395
0.395752 0.325644 -0.826448 0.635593 -0.00845118 -0.655475
0.336088 0.323065 -0.834658 0.612975 0.246518 -0.699646
0.277081 0.319929 -0.840906 0.584084 0.312229 -0.736154
0.222137 0.316114 -0.845708 0.547928 0.329579 -0.765261
0.173826 0.311401 -0.849441 0.504032 0.329576 -0.787875
0.133459 0.305525 -0.852376 0.452843 0.327784 -0.805165
0.101109 0.298138 -0.85471 0.39601 0.325644 -0.818289
0.0759731 0.288784 -0.856588 0.336334 0.323065 -0.828246
0.0568276 0.276881 -0.840969 0.277302 0.319929 -0.835833
0.0423913 0.261576 -0.782519 0.222323 0.316114 -0.841659
0.031529 0.241107 -0.583245 0.173976 0.311401 -0.846178
0.0233253 0.214663 -0.313015 0.133575 0.305525 -0.849719
0.017082 0.180891 -0.192838 0.101195 0.298138 -0.852524
0.012283 0.138634 -0.158315 0.0760354 0.288784 -0.854772
0.00855265 0.0873431 -0.146788 0.0568722 0.276881 -0.835911
0.00561915 0.0275463 -0.148323 0.0424232 0.261709 -0.737105
0.00328563 -0.0388276 -0.150155 0.0315518 0.241266 -0.436237
0.00140868 -0.108505 -0.152364 0.0233418 0.214852 -0.21791
0.0170227 -0.177416 -0.155049 0.017094 0.181112 -0.161642
0.0754496 -0.241582 -0.158315 0.0122919 0.138888 -0.146785
0.274677 -0.298 -0.162351 0.00855931 0.0876245 -0.146788
0.544929 -0.345142 -0.167383 0.00562421 0.0278448 -0.148323
0.665145 -0.382921 -0.173708 0.00328953 -0.0385268 -0.150155
0.699679 -0.412276 -0.181718 0.00141172 -0.108219 -0.152364
0.711209 -0.434635 -0.19191 0.0170312 -0.177158 -0.155049
0.709675 -0.451494 -0.205016 0.0754808 -0.241364 -0.158315
0.707842 -0.464179 -0.222543 0.274755 -0.297825 -0.162351
0.705633 -0.47376 -0.245187 0.544985 -0.345007 -0.167383
0.702951 -0.481051 -0.274106 0.665162 -0.382821 -0.173708
0.69969 -0.486656 -0.31029 0.699685 -0.412203 -0.181718
0.695666 -0.491012 -0.354209 0.711212 -0.434583 -0.19191
0.690659 -0.494438 -0.405412 0.709677 -0.451457 -0.204902
0.684386 -0.497163 -0.462248 0.707845 -0.464153 -0.222407
0.676481 -0.499355 -0.521912 0.705636 -0.473741 -0.245025
0.666495 -0.48112 -0.580919 0.702951 -0.481037 -0.273916
0.652987 -0.412887 -0.635863 0.699685 -0.486645 -0.310072
0.635464 -0.180224 -0.684174 0.695649 -0.491004 -0.353968
0.612826 0.135386 -0.724541 0.690617 -0.494432 -0.405157
0.583915 0.275777 -0.756891 0.684292 -0.497158 -0.46199
0.54774 0.316107 -0.782027 0.676282 -0.499351 -0.521666
0.50383 0.329573 -0.801172 0.66609 -0.48111 -0.580698
0.452636 0.327781 -0.815609 0.652984 -0.412851 -0.635677
0.395808 0.32564 -0.826471 0.635457 -0.180132 -0.684024
0.336148 0.323061 -0.834675 0.612813 0.135452 -0.724425
0.277141 0.319929 -0.840918 0.583894 0.275798 -0.756805
0.222192 0.31612 -0.845717 0.54771 0.316114 -0.781965
0.173875 0.311421 -0.849447 0.503791 0.329576 -0.801128
0.1335 0.305574 -0.852381 0.452588 0.327784 -0.815577
0.101142 0.298248 -0.854714 0.395752 0.325644 -0.826448
0.0759986 0.289016 -0.856591 0.336088 0.323065 -0.834658
0.0568471 0.277354 -0.840977 0.277081 0.319929 -0.840906
0.0424061 0.261579 -0.78255 0.222137 0.316114 -0.845708
0.0315402 0.241116 -0.583323 0.173826 0.311401 -0.849441
0.0233339 0.214678 -0.313071 0.133459 0.305525 -0.852376
0.0170886 0.180915 -0.192855 0.101109 0.298138 -0.85471
0.0122881 0.138668 -0.158321 0.0759731 0.288784 -0.856588
0.00855667 0.0873889 -0.146791 0.0568276 0.276881 -0.840969
0.00562235 0.027603 -0.148325 0.0423913 0.261576 -0.782519
0.0032882 -0.0387622 -0.150158 0.031529 0.241107 -0.583245
0.00141077 -0.108435 -0.152367 0.0233253 0.214663 -0.313015
0.0170288 -0.177346 -0.155049 0.017082 0.180891 -0.192838
0.0754728 -0.241516 -0.15831 0.012283 0.138634 -0.158315
0.274737 -0.297943 -0.162334 0.00855265 0.0873431 -0.146788
0.544974 -0.345094 -0.167341 0.00561915 0.0275463 -0.148323
0.665159 -0.382883 -0.173614 0.00328563 -0.0388276 -0.150155
0.699684 -0.412246 -0.181519 0.00140868 -0.108505 -0.152364
0.711212 -0.434612 -0.191505 0.0170227 -0.177416 -0.155049
0.709677 -0.451477 -0.205013 0.0754496 -0.241582 -0.158315
0.707844 -0.464166 -0.222536 0.274677 -0.298 -0.162351
0.705636 -0.47375 -0.245174 0.544929 -0.345142 -0.167383
0.702951 -0.481043 -0.274085 0.665145 -0.382921 -0.173708
0.69969 -0.48665 -0.31026 0.699679 -0.412276 -0.181718
0.695666 -0.491007 -0.35417 0.711209 -0.434635 -0.19191
0.690659 -0.494434 -0.405364 0.709675 -0.451494 -0.205016
0.684386 -0.49716 -0.462192 0.707842 -0.464179 -0.222543
0.676481 -0.499352 -0.521852 0.705633 -0.47376 -0.245187
0.666495 -0.481113 -0.580859 0.702951 -0.481051 -0.274106
0.652987 -0.41286 -0.635808 0.69969 -0.486656 -0.31029
0.635464 -0.180153 -0.684125 0.695666 -0.491012 -0.354209
0.612826 0.135439 -0.7245 0.690659 -0.494438 -0.405412
0.583915 0.275795 -0.756858 0.684386 -0.497163 -0.462248
0.54774 0.316113 -0.782001 0.676481 -0.499355 -0.521912
0.50383 0.329576 -0.801153 0.666495 -0.48112 -0.580919
0.452636 0.327784 -0.815594 0.652987 -0.412887 -0.635863
0.395808 0.325643 -0.82646 0.635464 -0.180224 -0.684174
0.336148 0.323065 -0.834666 0.612826 0.135386 -0.724541
0.277141 0.319929 -0.840911 0.583915 0.275777 -0.756891
0.222192 0.31612 -0.845712 0.54774 0.316107 -0.782027
0.173875 0.311421 -0.849443 0.50383 0.329573 -0.801172
0.1335 0.305574 -0.852378 0.452636 0.327781 -0.815609
0.101142 0.298248 -0.854712 0.395808 0.32564 -0.826471
0.0759986 0.289016 -0.856589 0.336148 0.323061 -0.834675
0.0568471 0.277354 -0.840971 0.277141 0.319929 -0.840918
0.0424061 0.261579 -0.782527 0.222192 0.31612 -0.845717
0.0315402 0.241116 -0.583263 0.173875 0.311421 -0.849447
0.0233339 0.214678 -0.313026 0.1335 0.305574 -0.852381
0.0170886 0.180915 -0.192841 0.101142 0.298248 -0.854714
0.0122881 0.138668 -0.158316 0.0759986 0.289016 -0.856591
0.00855667 0.0873889 -0.146788 0.0568471 0.277354 -0.840977
0.00562235 0.027603 -0.148323 0.0424061 0.261579 -0.78255
0.0032882 -0.0387622 -0.150156 0.0315402 0.241116 -0.583323
0.00141077 -0.108435 -0.152364 0.0233339 0.214678 -0.313071
0.0170288 -0.177346 -0.155049 0.0170886 0.180915 -0.192855
0.0754728 -0.241516 -0.15831 0.0122881 0.138668 -0.158321
0.274737 -0.297943 -0.162334 0.00855667 0.0873889 -0.146791
0.544974 -0.345094 -0.167341 0.00562235 0.027603 -0.148325
0.665159 -0.382883 -0.173614 0.0032882 -0.0387622 -0.150158
0.699684 -0.412246 -0.181519 0.00141077 -0.108435 -0.152367
0.711212 -0.434612 -0.191505 0.0170288 -0.177346 -0.155049
0.709677 -0.451477 -0.205013 0.0754728 -0.241516 -0.15831
0.707844 -0.464166 -0.222536 0.274737 -0.297943 -0.162334
0.705636 -0.47375 -0.245174 0.544974 -0.345094 -0.167341
0.702978 -0.481043 -0.274085 0.665159 -0.382883 -0.173614
0.699734 -0.48665 -0.31026 0.699684 -0.412246 -0.181519
0.69574 -0.491007 -0.35417 0.711212 -0.434612 -0.191505
0.690784 -0.494434 -0.405364 0.709677 -0.451477 -0.205013
0.684599 -0.49716 -0.462192 0.707844 -0.464166 -0.222536
0.676849 -0.499352 -0.521852 0.705636 -0.47375 -0.245174
0.666495 -0.481113 -0.580859 0.702951 -0.481043 -0.274085
0.652984 -0.41286 -0.635808 0.69969 -0.48665 -0.31026
0.635457 -0.180153 -0.684125 0.695666 -0.491007 -0.35417
0.612813 0.135439 -0.7245 0.690659 -0.494434 -0.405364
0.583894 0.275795 -0.756858 0.684386 -0.49716 -0.462192
0.54771 0.316113 -0.782001 0.676481 -0.499352 -0.521852
0.503791 0.329576 -0.801153 0.666495 -0.481113 -0.580859
0.452588 0.327784 -0.815594 0.652987 -0.41286 -0.635808
0.395752 0.325643 -0.82646 0.635464 -0.180153 -0.684125
0.336088 0.323065 -0.834666 0.612826 0.135439 -0.7245
0.277081 0.31996 -0.840911 0.583915 0.275795 -0.756858
0.222137 0.316172 -0.845712 0.54774 0.316113 -0.782001
0.173826 0.311507 -0.849443 0.50383 0.329576 -0.801153
0.133459 0.30572 -0.852378 0.452636 0.327784 -0.815594
0.101109 0.298497 -0.854712 0.395808 0.325643 -0.82646
0.0759731 0.289446 -0.856589 0.336148 0.323065 -0.834666
0.0568276 0.277354 -0.840971 0.277141 0.319929 -0.840911
0.0423913 0.261576 -0.782527 0.222192 0.31612 -0.845712
0.031529 0.241107 -0.583263 0.173875 0.311421 -0.849443
0.0233253 0.214663 -0.313026 0.1335 0.305574 -0.852378
0.017082 0.180891 -0.192841 0.101142 0.298248 -0.854712
0.012283 0.138634 -0.158316 0.0759986 0.289016 -0.856589
0.00855265 0.0873431 -0.146788 0.0568471 0.277354 -0.840971
0.00561915 0.0275463 -0.148323 0.0424061 0.261579 -0.782527
0.00328563 -0.0388276 -0.150156 0.0315402 0.241116 -0.583263
0.00140868 -0.108505 -0.152364 0.0233339 0.214678 -0.313026
0.0170227 -0.177416 -0.155022 0.0170886 0.180915 -0.192841
0.0754496 -0.241582 -0.158266 0.0122881 0.138668 -0.158316
0.274677 -0.298 -0.16226 0.00855667 0.0873889 -0.146788
0.544929 -0.345142 -0.167216 0.00562235 0.027603 -0.148323
0.665145 -0.382921 -0.173401 0.0032882 -0.0387622 -0.150156
0.699679 -0.412276 -0.181151 0.00141077 -0.108435 -0.152364
0.709677 -0.434635 -0.191505 0.0170288 -0.177346 -0.155049
0.707845 -0.451494 -0.205016 0.0754728 -0.241516 -0.15831
0.705636 -0.464179 -0.222543 0.274737 -0.297943 -0.162334
0.702951 -0.47376 -0.245187 0.544974 -0.345094 -0.167341
0.699685 -0.481051 -0.274106 0.665159 -0.382883 -0.173614
0.695649 -0.486656 -0.31029 0.699684 -0.412246 -0.181519
0.690617 -0.491012 -0.354209 0.711212 -0.434612 -0.191505
0.684292 -0.494438 -0.405412 0.709677 -0.451477 -0.205013
0.676282 -0.497163 -0.462248 0.707844 -0.464166 -0.222536
0.66609 -0.499355 -0.521912 0.705636 -0.47375 -0.245174
0.653098 -0.48112 -0.580919 0.702978 -0.481043 -0.274085
0.635593 -0.412887 -0.635863 0.699734 -0.48665 -0.31026
0.612975 -0.180224 -0.684174 0.69574 -0.491007 -0.35417
0.584084 0.135386 -0.724541 0.690784 -0.494434 -0.405364
0.547928 0.275777 -0.756891 0.684599 -0.49716 -0.462192
0.504032 0.316107 -0.782027 0.676849 -0.499352 -0.521852
0.452843 0.327784 -0.801172 0.666495 -0.481113 -0.580859
0.39601 0.325644 -0.815609 0.652984 -0.41286 -0.635808
0.336334 0.323065 -0.826471 0.635457 -0.180153 -0.684125
0.277302 0.319929 -0.834675 0.612813 0.135439 -0.7245
0.222323 0.316114 -0.840918 0.583894 0.275795 -0.756858
0.173976 0.311401 -0.845717 0.54771 0.316113 -0.782001
0.133575 0.305525 -0.849447 0.503791 0.329576 -0.801153
0.101195 0.298138 -0.852381 0.452588 0.327784 -0.815594
0.0760354 0.288784 -0.854714 0.395752 0.325643 -0.82646
0.0568722 0.276881 -0.856591 0.336088 0.323065 -0.834666
0.0424232 0.261709 -0.840977 0.277081 0.31996 -0.840911
0.0315518 0.241266 -0.78255 0.222137 0.316172 -0.845712
0.0233418 0.214852 -0.583323 0.173826 0.311507 -0.849443
0.017094 0.181112 -0.313071 0.133459 0.30572 -0.852378
0.0122919 0.138888 -0.192855 0.101109 0.298497 -0.854712
0.00855931 0.0876245 -0.158321 0.0759731 0.289446 -0.856589
0.00562421 0.0278448 -0.148323 0.0568276 0.277354 -0.840971
0.00328953 -0.0385268 -0.150155 0.0423913 0.261576 -0.782527
0.00141172 -0.108219 -0.152364 0.031529 0.241107 -0.583263
0.00140868 -0.177158 -0.155049 0.0233253 0.214663 -0.313026
0.0220788 -0.241364 -0.158315 0.017082 0.180891 -0.192841
0.120848 -0.297825 -0.162351 0.012283 0.138634 -0.158316
0.421683 -0.345007 -0.167383 0.00855265 0.0873431 -0.146788
0.640063 -0.382821 -0.173708 0.00561915 0.0275463 -0.148323
0.69635 -0.412203 -0.181718 0.00328563 -0.0388276 -0.150156
0.711212 -0.434583 -0.19191 0.00140868 -0.108505 -0.152364
0.709724 -0.451457 -0.204902 0.0170227 -0.177416 -0.155022
0.707955 -0.464153 -0.222407 0.0754496 -0.241582 -0.158266
0.705837 -0.473741 -0.245025 0.274677 -0.298 -0.16226
0.703276 -0.481037 -0.273916 0.544929 -0.345142 -0.167216
0.700184 -0.486645 -0.310072 0.665145 -0.382921 -0.173401
0.696391 -0.491004 -0.353968 0.699679 -0.412276 -0.181151
0.691701 -0.494432 -0.405157 0.709677 -0.434635 -0.191505
0.685854 -0.497158 -0.46199 0.707845 -0.451494 -0.205016
0.678516 -0.499351 -0.521666 0.705636 -0.464179 -0.222543
0.669261 -0.499355 -0.580698 0.702951 -0.47376 -0.245187
0.657566 -0.475216 -0.635677 0.699685 -0.481051 -0.274106
0.641896 -0.35987 -0.684024 0.695649 -0.486656 -0.31029
0.62175 -0.00854514 -0.724425 0.690617 -0.491012 -0.354209
0.596065 0.246486 -0.756805 0.684292 -0.494438 -0.405412
0.563836 0.31222 -0.781965 0.676282 -0.497163 -0.462248
0.524389 0.329576 -0.801128 0.66609 -0.499355 -0.521912
0.477729 0.327838 -0.815577 0.653098 -0.48112 -0.580919
0.42485 0.325773 -0.826448 0.635593 -0.412887 -0.635863
0.367843 0.323299 -0.834658 0.612975 -0.180224 -0.684174
0.309671 0.320309 -0.840906 0.584084 0.135386 -0.724541
0.253605 0.316697 -0.845708 0.547928 0.275777 -0.756891
0.202525 0.312268 -0.849441 0.504032 0.316107 -0.782027
0.158354 0.30679 -0.852376 0.452843 0.327784 -0.801172
0.121846 0.299962 -0.85471 0.39601 0.325644 -0.815609
0.0927389 0.291393 -0.856588 0.336334 0.323065 -0.826471
0.0701254 0.280585 -0.856591 0.277302 0.319929 -0.834675
0.0528349 0.266927 -0.835921 0.222323 0.316114 -0.840918
0.0397108 0.248626 -0.737152 0.173976 0.311401 -0.845717
0.0297543 0.2251 -0.436317 0.133575 0.305525 -0.849447
0.0221671 0.195104 -0.217937 0.101195 0.298138 -0.852381
0.0163405 0.157465 -0.16165 0.0760354 0.288784 -0.854714
0.0118224 0.111399 -0.146788 0.0568722 0.276881 -0.856591
0.00828142 0.0569077 -0.148276 0.0424232 0.261709 -0.840977
0.00547557 -0.00484693 -0.150045 0.0315518 0.241266 -0.78255
0.003228 -0.0714212 -0.152163 0.0233418 0.214852 -0.583323
0.00140868 -0.139356 -0.154724 0.017094 0.181112 -0.313071
0.0220788 -0.204831 -0.157816 0.0122919 0.138888 -0.192855
0.120848 -0.264485 -0.161609 0.00855931 0.0876245 -0.158321
0.421683 -0.316069 -0.166299 0.00562421 0.0278448 -0.148323
0.640063 -0.358705 -0.172146 0.00328953 -0.0385268 -0.150155
0.69635 -0.392697 -0.179484 0.00141172 -0.108219 -0.152364
0.711212 -0.419105 -0.188739 0.00140868 -0.177158 -0.155049
0.709724 -0.439298 -0.200434 0.0220788 -0.241364 -0.158315
0.707955 -0.454624 -0.216104 0.120848 -0.297825 -0.162351
0.705837 -0.466252 -0.23625 0.421683 -0.345007 -0.167383
0.703276 -0.475113 -0.261935 0.640063 -0.382821 -0.173708
0.700184 -0.481917 -0.294164 0.69635 -0.412203 -0.181718
0.696391 -0.487193 -0.333611 0.711212 -0.434583 -0.19191
0.691701 -0.491329 -0.380271 0.709724 -0.451457 -0.204902
0.685854 -0.494605 -0.43315 0.707955 -0.464153 -0.222407
0.678516 -0.49723 -0.490157 0.705837 -0.473741 -0.245025
0.669261 -0.499355 -0.548329 0.703276 -0.481037 -0.273916
0.657566 -0.475216 -0.604395 0.700184 -0.486645 -0.310072
0.641896 -0.35987 -0.655475 0.696391 -0.491004 -0.353968
0.62175 -0.00854514 -0.699646 0.691701 -0.494432 -0.405157
0.596065 0.246486 -0.736154 0.685854 -0.497158 -0.46199
0.563836 0.31222 -0.765261 0.678516 -0.499351 -0.521666
0.524389 0.329576 -0.787875 0.669261 -0.499355 -0.580698
0.477729 0.327838 -0.805165 0.657566 -0.475216 -0.635677
0.42485 0.325773 -0.818289 0.641896 -0.35987 -0.684024
0.367843 0.323299 -0.828246 0.62175 -0.00854514 -0.724425
0.309671 0.320309 -0.835833 0.596065 0.246486 -0.756805
0.253605 0.316697 -0.841659 0.563836 0.31222 -0.781965
0.202525 0.312268 -0.846178 0.524389 0.329576 -0.801128
0.158354 0.30679 -0.849719 0.477729 0.327838 -0.815577
0.121846 0.299962 -0.852524 0.42485 0.325773 -0.826448
0.0927389 0.291393 -0.854772 0.367843 0.323299 -0.834658
0.0701254 0.280585 -0.856591 0.309671 0.320309 -0.840906
0.0528349 0.266927 -0.835921 0.253605 0.316697 -0.845708
0.0397108 0.248626 -0.737152 0.202525 0.312268 -0.849441
0.0297543 0.2251 -0.436317 0.158354 0.30679 -0.852376
0.0221671 0.195104 -0.217937 0.121846 0.299962 -0.85471
0.0163405 0.157465 -0.16165 0.0927389 0.291393 -0.856588
0.0118224 0.111399 -0.146788 0.0701254 0.280585 -0.856591
0.00828142 0.0569077 -0.148276 0.0528349 0.266927 -0.835921
0.00547557 -0.00484693 -0.150045 0.0397108 0.248626 -0.737152
0.003228 -0.0714212 -0.152163 0.0297543 0.2251 -0.436317
0.0220894 -0.139356 -0.154724 0.0221671 0.195104 -0.217937
0.120895 -0.204831 -0.157816 0.0163405 0.157465 -0.16165
0.421763 -0.264485 -0.161609 0.0118224 0.111399 -0.146788
0.64009 -0.316069 -0.166299 0.00828142 0.0569077 -0.148276
0.696358 -0.358705 -0.172146 0.00547557 -0.00484693 -0.150045
0.711215 -0.392697 -0.179484 0.003228 -0.0714212 -0.152163
0.711212 -0.419105 -0.188739 0.00140868 -0.139356 -0.154724
0.709677 -0.439298 -0.200434 0.0220788 -0.204831 -0.157816
0.707845 -0.454624 -0.216104 0.120848 -0.264485 -0.161609
0.705636 -0.466252 -0.23625 0.421683 -0.316069 -0.166299
0.702951 -0.475113 -0.261935 0.640063 -0.358705 -0.172146
0.699685 -0.481917 -0.294164 0.69635 -0.392697 -0.179484
0.695649 -0.487193 -0.333611 0.711212 -0.419105 -0.188739
0.690617 -0.491329 -0.380271 0.709724 -0.439298 -0.200434
0.684292 -0.494605 -0.43315 0.707955 -0.454624 -0.216104
0.676282 -0.49723 -0.490157 0.705837 -0.466252 -0.23625
0.66609 -0.475203 -0.548329 0.703276 -0.475113 -0.261935
0.653098 -0.359815 -0.604395 0.700184 -0.481917 -0.294164
0.635593 -0.00845118 -0.655475 0.696391 -0.487193 -0.333611
0.612975 0.246518 -0.699646 0.691701 -0.491329 -0.380271
0.584084 0.312229 -0.736154 0.685854 -0.494605 -0.43315
0.547928 0.329579 -0.765261 0.678516 -0.49723 -0.490157
0.504032 0.329576 -0.787875 0.669261 -0.499355 -0.548329
0.452843 0.327784 -0.805165 0.657566 -0.475216 -0.604395
0.39601 0.325644 -0.818289 0.641896 -0.35987 -0.655475
0.336334 0.323065 -0.828246 0.62175 -0.00854514 -0.699646
0.277302 0.319929 -0.835833 0.596065 0.246486 -0.736154
0.222323 0.316114 -0.841659 0.563836 0.31222 -0.765261
0.173976 0.311401 -0.846178 0.524389 0.329576 -0.787875
0.133575 0.305525 -0.849719 0.477729 0.327838 -0.805165
0.101195 0.298138 -0.852524 0.42485 0.325773 -0.818289
0.0760354 0.288784 -0.854772 0.367843 0.323299 -0.828246
0.0568722 0.276881 -0.835911 0.309671 0.320309 -0.835833
0.0424232 0.261709 -0.737105 0.253605 0.316697 -0.841659
0.0315518 0.241266 -0.436237 0.202525 0.312268 -0.846178
0.0233418 0.214852 -0.21791 0.158354 0.30679 -0.849719
0.017094 0.181112 -0.161642 0.121846 0.299962 -0.852524
0.0122919 0.138888 -0.146785 0.0927389 0.291393 -0.854772
0.00855931 0.0876245 -0.146788 0.0701254 0.280585 -0.856591
0.00562421 0.0278448 -0.148323 0.0528349 0.266927 -0.835921
0.00328953 -0.0385268 -0.150155 0.0397108 0.248626 -0.737152
0.00141172 -0.108219 -0.152364 0.0297543 0.2251 -0.436317
0.0170312 -0.177158 -0.155049 0.0221671 0.195104 -0.217937
0.0754808 -0.241364 -0.158315 0.0163405 0.157465 -0.16165
0.274755 -0.297825 -0.162351 0.0118224 0.111399 -0.146788
0.544985 -0.345007 -0.167383 0.00828142 0.0569077 -0.148276
0.665162 -0.382821 -0.173708 0.00547557 -0.00484693 -0.150045
0.699685 -0.412203 -0.181718 0.003228 -0.0714212 -0.152163
0.711212 -0.434583 -0.19191 0.0220894 -0.139356 -0.154724
0.709677 -0.451457 -0.204902 0.120895 -0.204831 -0.157816
0.707845 -0.464153 -0.222407 0.421763 -0.264485 -0.161609
0.705636 -0.473741 -0.245025 0.64009 -0.316069 -0.166299
0.702951 -0.481037 -0.273916 0.696358 -0.358705 -0.172146
0.699685 -0.486645 -0.310072 0.711215 -0.392697 -0.179484
0.695649 -0.491004 -0.353968 0.711212 -0.419105 -0.188739
0.690617 -0.494432 -0.405157 0.709677 -0.439298 -0.200434
0.684292 -0.497158 -0.46199 0.707845 -0.454624 -0.216104
0.676282 -0.499351 -0.521666 0.705636 -0.466252 -0.23625
0.66609 -0.48111 -0.580698 0.702951 -0.475113 -0.261935
0.652984 -0.412851 -0.635677 0.699685 -0.481917 -0.294164
0.635457 -0.180132 -0.684024 0.695649 -0.487193 -0.333611
0.612813 0.135452 -0.724425 0.690617 -0.491329 -0.380271
0.583894 0.275798 -0.756805 0.684292 -0.494605 -0.43315
0.54771 0.316114 -0.781965 0.676282 -0.49723 -0.490157
0.503791 0.329576 -0.801128 0.66609 -0.475203 -0.548329
0.452588 0.327784 -0.815577 0.653098 -0.359815 -0.604395
0.395752 0.325644 -0.826448 0.635593 -0.00845118 -0.655475
0.336088 0.323065 -0.834658 0.612975 0.246518 -0.699646
0.277081 0.319929 -0.840906 0.584084 0.312229 -0.736154
0.222137 0.316114 -0.845708 0.547928 0.329579 -0.765261
0.173826 0.311401 -0.849441 0.504032 0.329576 -0.787875
0.133459 0.305525 -0.852376 0.452843 0.327784 -0.805165
0.101109 0.298138 -0.85471 0.39601 0.325644 -0.818289
0.0759731 0.288784 -0.856588 0.336334 0.323065 -0.828246
0.0568276 0.276881 -0.840969 0.277302 0.319929 -0.835833
0.0423913 0.261576 -0.782519 0.222323 0.316114 -0.841659
0.031529 0.241107 -0.583245 0.173976 0.311401 -0.846178
0.0233253 0.214663 -0.313015 0.133575 0.305525 -0.849719
0.017082 0.180891 -0.192838 0.101195 0.298138 -0.852524
0.012283 0.138634 -0.158315 0.0760354 0.288784 -0.854772
0.00855265 0.0873431 -0.146788 0.0568722 0.276881 -0.835911
0.00561915 0.0275463 -0.148323 0.0424232 0.261709 -0.737105
0.00328563 -0.0388276 -0.150155 0.0315518 0.241266 -0.436237
0.00140868 -0.108505 -0.152364 0.0233418 0.214852 -0.21791
0.0170227 -0.177416 -0.155049 0.017094 0.181112 -0.161642
0.0754496 -0.241582 -0.158315 0.0122919 0.138888 -0.146785
0.274677 -0.298 -0.162351 0.00855931 0.0876245 -0.146788
0.544929 -0.345142 -0.167383 0.00562421 0.0278448 -0.148323
0.665145 -0.382921 -0.173708 0.00328953 -0.0385268 -0.150155
0.699679 -0.412276 -0.181718 0.00141172 -0.108219 -0.152364
0.711209 -0.434635 -0.19191 0.0170312 -0.177158 -0.155049
0.709675 -0.451494 -0.205016 0.0754808 -0.241364 -0.158315
0.707842 -0.464179 -0.222543 0.274755 -0.297825 -0.162351
0.705633 -0.47376 -0.245187 0.544985 -0.345007 -0.167383
0.702951 -0.481051 -0.274106 0.665162 -0.382821 -0.173708
0.69969 -0.486656 -0.31029 0.699685 -0.412203 -0.181718
0.695666 -0.491012 -0.354209 0.711212 -0.434583 -0.19191
0.690659 -0.494438 -0.405412 0.709677 -0.451457 -0.204902
0.684386 -0.497163 -0.462248 0.707845 -0.464153 -0.222407
0.676481 -0.499355 -0.521912 0.705636 -0.473741 -0.245025
0.666495 -0.48112 -0.580919 0.702951 -0.481037 -0.273916
0.652987 -0.412887 -0.635863 0.699685 -0.486645 -0.310072
0.635464 -0.180224 -0.684174 0.695649 -0.491004 -0.353968
0.612826 0.135386 -0.724541 0.690617 -0.494432 -0.405157
0.583915 0.275777 -0.756891 0.684292 -0.497158 -0.46199
0.54774 0.316107 -0.782027 0.676282 -0.499351 -0.521666
0.50383 0.329573 -0.801172 0.66609 -0.48111 -0.580698
0.452636 0.327781 -0.815609 0.652984 -0.412851 -0.635677
0.395808 0.32564 -0.826471 0.635457 -0.180132 -0.684024
0.336148 0.323061 -0.834675 0.612813 0.135452 -0.724425
0.277141 0.319929 -0.840918 0.583894 0.275798 -0.756805
0.222192 0.31612 -0.845717 0.54771 0.316114 -0.781965
0.173875 0.311421 -0.849447 0.503791 0.329576 -0.801128
0.1335 0.305574 -0.852381 0.452588 0.327784 -0.815577
0.101142 0.298248 -0.854714 0.395752 0.325644 -0.826448
0.0759986 0.289016 -0.856591 0.336088 0.323065 -0.834658
0.0568471 0.277354 -0.840977 0.277081 0.319929 -0.840906
0.0424061 0.261579 -0.78255 0.222137 0.316114 -0.845708
0.0315402 0.241116 -0.583323 0.173826 0.311401 -0.849441
0.0233339 0.214678 -0.313071 0.133459 0.305525 -0.852376
0.0170886 0.180915 -0.192855 0.101109 0.298138 -0.85471
0.0122881 0.138668 -0.158321 0.0759731 0.288784 -0.856588
0.00855667 0.0873889 -0.146791 0.0568276 0.276881 -0.840969
0.00562235 0.027603 -0.148325 0.0423913 0.261576 -0.782519
0.0032882 -0.0387622 -0.150158 0.031529 0.241107 -0.583245
0.00141077 -0.108435 -0.152367 0.0233253 0.214663 -0.313015
0.0170288 -0.177346 -0.155049 0.017082 0.180891 -0.192838
0.0754728 -0.241516 -0.15831 0.012283 0.138634 -0.158315
0.274737 -0.297943 -0.162334 0.00855265 0.0873431 -0.146788
0.544974 -0.345094 -0.167341 0.00561915 0.0275463 -0.148323
0.665159 -0.382883 -0.173614 0.00328563 -0.0388276 -0.150155
0.699684 -0.412246 -0.181519 0.00140868 -0.108505 -0.152364
0.711212 -0.434612 -0.191505 0.0170227 -0.177416 -0.155049
0.709677 -0.451477 -0.205013 0.0754496 -0.241582 -0.158315
0.707844 -0.464166 -0.222536 0.274677 -0.298 -0.162351
0.705636 -0.47375 -0.245174 0.544929 -0.345142 -0.167383
0.702951 -0.481043 -0.274085 0.665145 -0.382921 -0.173708
0.69969 -0.48665 -0.31026 0.699679 -0.412276 -0.181718
0.695666 -0.491007 -0.35417 0.711209 -0.434635 -0.19191
0.690659 -0.494434 -0.405364 0.709675 -0.451494 -0.205016
0.684386 -0.49716 -0.462192 0.707842 -0.464179 -0.222543
0.676481 -0.499352 -0.521852 0.705633 -0.47376 -0.245187
0.666495 -0.481113 -0.580859 0.702951 -0.481051 -0.274106
0.652987 -0.41286 -0.635808 0.69969 -0.486656 -0.31029
0.635464 -0.180153 -0.684125 0.695666 -0.491012 -0.354209
0.612826 0.135439 -0.7245 0.690659 -0.494438 -0.405412
0.583915 0.275795 -0.756858 0.684386 -0.497163 -0.462248
0.54774 0.316113 -0.782001 0.676481 -0.499355 -0.521912
0.50383 0.329576 -0.801153 0.666495 -0.48112 -0.580919
0.452636 0.327784 -0.815594 0.652987 -0.412887 -0.635863
0.395808 0.325643 -0.82646 0.635464 -0.180224 -0.684174
0.336148 0.323065 -0.834666 0.612826 0.135386 -0.724541
0.277141 0.319929 -0.840911 0.583915 0.275777 -0.756891
0.222192 0.31612 -0.845712 0.54774 0.316107 -0.782027
0.173875 0.311421 -0.849443 0.50383 0.329573 -0.801172
0.1335 0.305574 -0.852378 0.452636 0.327781 -0.815609
0.101142 0.298248 -0.854712 0.395808 0.32564 -0.826471
0.0759986 0.289016 -0.856589 0.336148 0.323061 -0.834675
0.0568471 0.277354 -0.840971 0.277141 0.319929 -0.840918
0.0424061 0.261579 -0.782527 0.222192 0.31612 -0.845717
0.0315402 0.241116 -0.583263 0.173875 0.311421 -0.849447
0.0233339 0.214678 -0.313026 0.1335 0.305574 -0.852381
0.0170886 0.180915 -0.192841 0.101142 0.298248 -0.854714
0.0122881 0.138668 -0.158316 0.0759986 0.289016 -0.856591
0.00855667 0.0873889 -0.146788 0.0568471 0.277354 -0.840977
0.00562235 0.027603 -0.148323 0.0424061 0.261579 -0.78255
0.0032882 -0.0387622 -0.150156 0.0315402 0.241116 -0.583323
0.00141077 -0.108435 -0.152364 0.0233339 0.214678 -0.313071
0.0170288 -0.177346 -0.155049 0.0170886 0.180915 -0.192855
0.0754728 -0.241516 -0.15831 0.0122881 0.138668 -0.158321
0.274737 -0.297943 -0.162334 0.00855667 0.0873889 -0.146791
0.544974 -0.345094 -0.167341 0.00562235 0.027603 -0.148325
0.665159 -0.382883 -0.173614 0.0032882 -0.0387622 -0.150158
0.699684 -0.412246 -0.181519 0.00141077 -0.108435 -0.152367
0.711212 -0.434612 -0.191505 0.0170288 -0.177346 -0.155049
0.709677 -0.451477 -0.205013 0.0754728 -0.241516 -0.15831
0.707844 -0.464166 -0.222536 0.274737 -0.297943 -0.162334
0.705636 -0.47375 -0.245174 0.544974 -0.345094 -0.167341
0.702978 -0.481043 -0.274085 0.665159 -0.382883 -0.173614
0.699734 -0.48665 -0.31026 0.699684 -0.412246 -0.181519
0.69574 -0.491007 -0.35417 0.711212 -0.434612 -0.191505
0.690784 -0.494434 -0.405364 0.709677 -0.451477 -0.205013
0.684599 -0.49716 -0.462192 0.707844 -0.464166 -0.222536
0.676849 -0.499352 -0.521852 0.705636 -0.47375 -0.245174
0.666495 -0.481113 -0.580859 0.702951 -0.481043 -0.274085
0.652984 -0.41286 -0.635808 0.69969 -0.48665 -0.31026
0.635457 -0.180153 -0.684125 0.695666 -0.491007 -0.35417
0.612813 0.135439 -0.7245 0.690659 -0.494434 -0.405364
0.583894 0.275795 -0.756858 0.684386 -0.49716 -0.462192
0.54771 0.316113 -0.782001 0.676481 -0.499352 -0.521852
0.503791 0.329576 -0.801153 0.666495 -0.481113 -0.580859
0.452588 0.327784 -0.815594 0.652987 -0.41286 -0.635808
