0.3575 -0.0835 -0.5005 0.3575 -0.0835 -0.5005
0.3575 -0.0835 -0.5005 0.3575 -0.0835 -0.5005
-0.00942046 -0.0835 -0.5005 0.3575 -0.0835 -0.5005
0.724576 -0.0835 -0.5005 0.3575 -0.0835 -0.5005
0.640965 -0.0835 -0.5005 0.3575 -0.0835 -0.5005
0.00138624 -0.0835 -0.5005 0.3575 -0.0835 -0.5005
0.00138624 -0.0835 -0.5005 0.3575 -0.0835 -0.5005
0.00138624 -0.0835 -0.5005 0.3575 -0.0835 -0.5005
0.00138624 -0.0835 -0.5005 0.3575 -0.0835 -0.5005
0.00138624 -0.0835 -0.5005 0.3575 -0.0835 -0.5005
0.00138624 -0.0835 -0.5005 0.3575 -0.0835 -0.5005
0.00138624 -0.0835 -0.5005 0.3575 -0.0835 -0.5005
0.00138624 -0.0835 -0.5005 0.3575 -0.0835 -0.5005
0.00138624 -0.0835 -0.5005 0.3575 -0.0835 -0.5005
0.00138624 -0.0835 -0.5005 0.3575 -0.0835 -0.5005
0.00138624 -0.0835 -0.5005 0.3575 -0.0835 -0.5005
0.00138624 -0.0835 -0.5005 0.3575 -0.0835 -0.5005
0.00138624 -0.0835 -0.5005 0.3575 -0.0835 -0.5005
0.00138624 -0.512002 -0.5005 0.3575 -0.0835 -0.5005
0.711202 0.345183 -0.5005 0.3575 -0.0835 -0.5005
0.711202 0.247539 -0.5005 0.3575 -0.0835 -0.5005
0.711202 -0.499381 -0.5005 0.3575 -0.0835 -0.5005
0.711202 -0.499381 -0.5005 0.3575 -0.0835 -0.5005
0.707149 -0.499381 -0.5005 0.3575 -0.0835 -0.5005
0.701308 -0.499381 -0.5005 0.3575 -0.0835 -0.5005
0.691198 -0.499381 -0.5005 0.3575 -0.0835 -0.5005
0.673687 -0.499381 -0.5005 0.3575 -0.0835 -0.5005
0.642029 -0.499381 -0.5005 0.3575 -0.0835 -0.5005
0.584337 -0.499381 -0.5005 0.3575 -0.0835 -0.5005
0.488214 -0.499381 -0.5005 0.3575 -0.0835 -0.5005
0.357002 -0.499381 -0.5005 0.3575 -0.0835 -0.5005
0.222953 -0.499381 -0.5005 0.3575 -0.0835 -0.5005
0.122346 -0.499381 -0.5005 0.3575 -0.0835 -0.5005
0.0629165 -0.499381 -0.5005 0.3575 -0.0835 -0.5005
0.0316802 -0.499381 -0.86742 0.3575 -0.0835 -0.5005
0.0154236 0.329565 -0.133424 0.3575 -0.0835 -0.5005
0.00656761 0.329565 -0.217035 0.3575 -0.0835 -0.5005
0.00143633 0.329565 -0.856614 0.3575 -0.0835 -0.5005
0.00142877 0.329565 -0.856614 0.3575 -0.0835 -0.5005
0.00142194 0.324832 -0.856614 0.3575 -0.0835 -0.5005
0.052609 0.31801 -0.856614 0.3575 -0.0835 -0.5005
0.421986 0.306203 -0.856614 0.3575 -0.0835 -0.5005
0.678089 0.285753 -0.856614 0.3575 -0.0835 -0.5005
0.711221 0.248782 -0.856614 0.3575 -0.0835 -0.5005
0.707737 0.181408 -0.856614 0.3575 -0.0835 -0.5005
0.702614 0.0691526 -0.856614 0.3575 -0.0835 -0.5005
0.69482 -0.0840815 -0.856614 0.3575 -0.0835 -0.5005
0.682479 -0.240628 -0.856614 0.3575 -0.0835 -0.5005
0.66222 -0.35812 -0.856614 0.3575 -0.0835 -0.5005
0.628168 -0.427524 -0.856614 0.3575 -0.0835 -0.5005
0.570022 -0.464003 -0.856614 -0.00942046 -0.0835 -0.5005
0.480688 -0.482988 -0.146798 0.724576 -0.0835 -0.5005
0.364493 -0.49333 -0.146798 0.640965 -0.0835 -0.5005
0.244252 -0.499323 -0.146798 0.00138624 -0.0835 -0.5005
0.146896 -0.499331 -0.146798 0.00138624 -0.0835 -0.5005
0.082761 -0.499339 -0.150851 0.00138624 -0.0835 -0.5005
0.0454698 -0.439562 -0.156692 0.00138624 -0.0835 -0.5005
0.0246365 -0.00819147 -0.166802 0.00138624 -0.0835 -0.5005
0.0127994 0.290895 -0.184313 0.00138624 -0.0835 -0.5005
0.00578158 0.329586 -0.215971 0.00138624 -0.0835 -0.5005
0.00141384 0.325518 -0.273663 0.00138624 -0.0835 -0.5005
0.00140787 0.319535 -0.369786 0.00138624 -0.0835 -0.5005
0.052501 0.310433 -0.500998 0.00138624 -0.0835 -0.5005
0.421595 0.296021 -0.635047 0.00138624 -0.0835 -0.5005
0.678021 0.272361 -0.735654 0.00138624 -0.0835 -0.5005
0.707955 0.232594 -0.795084 0.00138624 -0.0835 -0.5005
0.703276 0.16469 -0.82632 0.00138624 -0.512002 -0.5005
0.696408 0.0603632 -0.842576 0.711202 0.345183 -0.5005
0.685944 -0.0753334 -0.851432 0.711202 0.247539 -0.5005
0.669641 -0.215755 -0.856564 0.711202 -0.499381 -0.5005
0.642029 -0.32945 -0.856571 0.711202 -0.499381 -0.5005
0.596261 -0.404349 -0.856578 0.707149 -0.499381 -0.5005
0.524655 -0.447899 -0.805391 0.701308 -0.499381 -0.5005
0.425161 -0.472229 -0.436014 0.691198 -0.499381 -0.5005
0.309968 -0.486053 -0.179911 0.673687 -0.499381 -0.5005
0.202752 -0.494248 -0.146779 0.642029 -0.499381 -0.5005
0.12199 -0.499349 -0.150263 0.584337 -0.499381 -0.5005
0.0702065 -0.499356 -0.155386 0.488214 -0.499381 -0.5005
0.0397547 -0.439688 -0.16318 0.357002 -0.499381 -0.5005
0.0221911 -0.00864819 -0.175521 0.222953 -0.499381 -0.5005
0.0118361 0.290815 -0.19578 0.122346 -0.499381 -0.5005
0.00548378 0.325773 -0.229832 0.0629165 -0.499381 -0.5005
0.00141384 0.320309 -0.287978 0.0316802 -0.499381 -0.86742
0.120932 0.312288 -0.377312 0.0154236 0.329565 -0.133424
0.640113 0.300067 -0.493507 0.00656761 0.329565 -0.217035
0.711217 0.281029 -0.613748 0.00143633 0.329565 -0.856614
0.711212 0.248782 -0.711104 0.00142877 0.329565 -0.856614
0.707955 0.195332 -0.775239 0.00142194 0.324832 -0.856614
0.703319 0.111709 -0.81253 0.052609 0.31801 -0.856614
0.696479 -0.00448306 -0.833363 0.421986 0.306203 -0.856614
0.686037 -0.139009 -0.845201 0.678089 0.285753 -0.856614
0.669641 -0.264219 -0.852218 0.711221 0.248782 -0.856614
0.641762 -0.358537 -0.856586 0.707737 0.181408 -0.856614
0.59587 -0.419011 -0.856592 0.702614 0.0691526 -0.856614
0.524125 -0.454573 -0.805499 0.69482 -0.0840815 -0.856614
0.424541 -0.475085 -0.436405 0.682479 -0.240628 -0.856614
0.309378 -0.487177 -0.179979 0.66222 -0.35812 -0.856614
0.202302 -0.494596 -0.150045 0.628168 -0.427524 -0.856614
0.121705 -0.499349 -0.154724 0.570022 -0.464003 -0.856614
0.0700464 -0.359772 -0.161592 0.480688 -0.482988 -0.146798
0.0396683 0.246545 -0.172056 0.364493 -0.49333 -0.146798
0.0221438 0.329582 -0.188359 0.244252 -0.499323 -0.146798
0.0118092 0.329576 -0.215971 0.146896 -0.499331 -0.146798
0.00546767 0.325773 -0.261739 0.082761 -0.499339 -0.150851
0.0525109 0.320359 -0.333345 0.0454698 -0.439562 -0.156692
0.42162 0.312371 -0.432839 0.0246365 -0.00819147 -0.166802
0.678024 0.300176 -0.548032 0.0127994 0.290895 -0.184313
0.711207 0.281029 -0.655248 0.00578158 0.329586 -0.215971
0.70772 0.248471 -0.73601 0.00141384 0.325518 -0.273663
0.702598 0.194876 -0.787793 0.00140787 0.319535 -0.369786
0.69482 0.11109 -0.818245 0.052501 0.310433 -0.500998
0.682479 -0.00520684 -0.835809 0.421595 0.296021 -0.635047
0.66222 -0.139698 -0.846164 0.678021 0.272361 -0.735654
0.628464 -0.264746 -0.852516 0.707955 0.232594 -0.795084
0.570436 -0.358869 -0.856586 0.703276 0.16469 -0.82632
0.481204 -0.419198 -0.737068 0.696408 0.0603632 -0.842576
0.365021 -0.454674 -0.217887 0.685944 -0.0753334 -0.851432
0.244675 -0.47514 -0.146783 0.669641 -0.215755 -0.856564
0.147166 -0.487209 -0.146788 0.642029 -0.32945 -0.856571
0.0829069 -0.494615 -0.150045 0.596261 -0.404349 -0.856578
0.0455438 -0.439676 -0.154681 0.524655 -0.447899 -0.805391
0.0246742 -0.00861859 -0.161521 0.425161 -0.472229 -0.436014
0.0128194 0.290818 -0.171963 0.309968 -0.486053 -0.179911
0.00579282 0.32957 -0.188359 0.202752 -0.494248 -0.146779
0.00142051 0.325498 -0.216238 0.12199 -0.499349 -0.150263
0.00141384 0.319517 -0.26213 0.0702065 -0.499356 -0.155386
0.0525446 0.310433 -0.333875 0.0397547 -0.439688 -0.16318
0.421745 0.296021 -0.433459 0.0221911 -0.00864819 -0.175521
0.678046 0.272361 -0.548622 0.0118361 0.290815 -0.19578
0.711212 0.23294 -0.655698 0.00548378 0.325773 -0.229832
0.707955 0.165174 -0.736295 0.00141384 0.320309 -0.287978
0.703319 0.0609659 -0.787954 0.120932 0.312288 -0.377312
0.696479 -0.0747173 -0.818332 0.640113 0.300067 -0.493507
0.686037 -0.215261 -0.835856 0.711217 0.281029 -0.613748
0.669641 -0.329135 -0.846191 0.711212 0.248782 -0.711104
0.641762 -0.404179 -0.852532 0.707955 0.195332 -0.775239
0.59587 -0.447813 -0.805489 0.703319 0.111709 -0.81253
0.524125 -0.472185 -0.43638 0.696479 -0.00448306 -0.833363
0.424541 -0.486029 -0.179976 0.686037 -0.139009 -0.845201
0.309378 -0.494235 -0.146793 0.669641 -0.264219 -0.852218
0.202302 -0.499341 -0.15028 0.641762 -0.358537 -0.856586
0.121705 -0.499349 -0.155402 0.59587 -0.419011 -0.856592
0.0700464 -0.439637 -0.16318 0.524125 -0.454573 -0.805499
0.0396683 -0.00847253 -0.175521 0.424541 -0.475085 -0.436405
0.0221438 0.290844 -0.19578 0.309378 -0.487177 -0.179979
0.0118092 0.329576 -0.229536 0.202302 -0.494596 -0.150045
0.00546767 0.325773 -0.287564 0.121705 -0.499349 -0.154724
0.0525109 0.320359 -0.376796 0.0700464 -0.359772 -0.161592
0.42162 0.312371 -0.492979 0.0396683 0.246545 -0.172056
0.678024 0.300176 -0.613325 0.0221438 0.329582 -0.188359
0.711207 0.281029 -0.710834 0.0118092 0.329576 -0.215971
0.70772 0.248471 -0.775093 0.00546767 0.325773 -0.261739
0.702598 0.194876 -0.812456 0.0525109 0.320359 -0.333345
0.69482 0.11109 -0.833326 0.42162 0.312371 -0.432839
0.682479 -0.00520684 -0.845181 0.678024 0.300176 -0.548032
0.66222 -0.139698 -0.852207 0.711207 0.281029 -0.655248
0.628168 -0.264746 -0.856579 0.70772 0.248471 -0.73601
0.570022 -0.358869 -0.856586 0.702598 0.194876 -0.787793
0.480688 -0.419198 -0.805455 0.69482 0.11109 -0.818245
0.364493 -0.454674 -0.436255 0.682479 -0.00520684 -0.835809
0.244252 -0.47514 -0.179954 0.66222 -0.139698 -0.846164
0.146896 -0.487209 -0.146788 0.628464 -0.264746 -0.852516
0.082761 -0.494615 -0.150045 0.570436 -0.358869 -0.856586
0.0454698 -0.439676 -0.154681 0.481204 -0.419198 -0.737068
0.0246365 -0.00861859 -0.161521 0.365021 -0.454674 -0.217887
0.0127994 0.290818 -0.171963 0.244675 -0.47514 -0.146783
0.00578158 0.32957 -0.188359 0.147166 -0.487209 -0.146788
0.00141384 0.325498 -0.216238 0.0829069 -0.494615 -0.150045
0.00140787 0.319517 -0.26213 0.0455438 -0.439676 -0.154681
0.052501 0.310433 -0.333875 0.0246742 -0.00861859 -0.161521
0.421595 0.296021 -0.433459 0.0128194 0.290818 -0.171963
0.678021 0.272361 -0.548622 0.00579282 0.32957 -0.188359
0.707955 0.232594 -0.655698 0.00142051 0.325498 -0.216238
0.703276 0.16469 -0.736295 0.00141384 0.319517 -0.26213
0.696408 0.0603632 -0.787954 0.0525446 0.310433 -0.333875
0.685944 -0.0753334 -0.818332 0.421745 0.296021 -0.433459
0.669641 -0.215755 -0.835856 0.678046 0.272361 -0.548622
0.642029 -0.32945 -0.846191 0.711212 0.23294 -0.655698
0.596261 -0.404349 -0.852532 0.707955 0.165174 -0.736295
0.524655 -0.447899 -0.805489 0.703319 0.0609659 -0.787954
0.425161 -0.472229 -0.43638 0.696479 -0.0747173 -0.818332
0.309968 -0.486053 -0.179976 0.686037 -0.215261 -0.835856
0.202752 -0.494248 -0.146793 0.669641 -0.329135 -0.846191
0.12199 -0.499349 -0.15028 0.641762 -0.404179 -0.852532
0.0702065 -0.499356 -0.155402 0.59587 -0.447813 -0.805489
0.0397547 -0.439688 -0.16318 0.524125 -0.472185 -0.43638
0.0221911 -0.00864819 -0.175521 0.424541 -0.486029 -0.179976
0.0118361 0.290815 -0.19578 0.309378 -0.494235 -0.146793
0.00548378 0.325773 -0.229832 0.202302 -0.499341 -0.15028
0.00141384 0.320309 -0.287978 0.121705 -0.499349 -0.155402
0.120932 0.312288 -0.377312 0.0700464 -0.439637 -0.16318
0.640113 0.300067 -0.493507 0.0396683 -0.00847253 -0.175521
0.711217 0.281029 -0.613748 0.0221438 0.290844 -0.19578
0.711212 0.248782 -0.711104 0.0118092 0.329576 -0.229536
0.707955 0.195332 -0.775239 0.00546767 0.325773 -0.287564
0.703319 0.111709 -0.81253 0.0525109 0.320359 -0.376796
0.696479 -0.00448306 -0.833363 0.42162 0.312371 -0.492979
0.686037 -0.139009 -0.845201 0.678024 0.300176 -0.613325
0.669641 -0.264219 -0.852218 0.711207 0.281029 -0.710834
0.641762 -0.358537 -0.856586 0.70772 0.248471 -0.775093
0.59587 -0.419011 -0.856592 0.702598 0.194876 -0.812456
0.524125 -0.454573 -0.805499 0.69482 0.11109 -0.833326
0.424541 -0.475085 -0.436405 0.682479 -0.00520684 -0.845181
0.309378 -0.487177 -0.179979 0.66222 -0.139698 -0.852207
0.202302 -0.494596 -0.150045 0.628168 -0.264746 -0.856579
0.121705 -0.499349 -0.154724 0.570022 -0.358869 -0.856586
0.0700464 -0.359772 -0.161592 0.480688 -0.419198 -0.805455
0.0396683 0.246545 -0.172056 0.364493 -0.454674 -0.436255
0.0221438 0.329582 -0.188359 0.244252 -0.47514 -0.179954
0.0118092 0.329576 -0.215971 0.146896 -0.487209 -0.146788
0.00546767 0.325773 -0.261739 0.082761 -0.494615 -0.150045
0.0525109 0.320359 -0.333345 0.0454698 -0.439676 -0.154681
0.42162 0.312371 -0.432839 0.0246365 -0.00861859 -0.161521
0.678024 0.300176 -0.548032 0.0127994 0.290818 -0.171963
0.711207 0.281029 -0.655248 0.00578158 0.32957 -0.188359
0.70772 0.248471 -0.73601 0.00141384 0.325498 -0.216238
0.702598 0.194876 -0.787793 0.00140787 0.319517 -0.26213
0.69482 0.11109 -0.818245 0.052501 0.310433 -0.333875
0.682479 -0.00520684 -0.835809 0.421595 0.296021 -0.433459
0.66222 -0.139698 -0.846164 0.678021 0.272361 -0.548622
0.628464 -0.264746 -0.852516 0.707955 0.232594 -0.655698
0.570436 -0.358869 -0.856586 0.703276 0.16469 -0.736295
0.481204 -0.419198 -0.737068 0.696408 0.0603632 -0.787954
0.365021 -0.454674 -0.217887 0.685944 -0.0753334 -0.818332
0.244675 -0.47514 -0.146783 0.669641 -0.215755 -0.835856
0.147166 -0.487209 -0.146788 0.642029 -0.32945 -0.846191
0.0829069 -0.494615 -0.150045 0.596261 -0.404349 -0.852532
0.0455438 -0.439676 -0.154681 0.524655 -0.447899 -0.805489
0.0246742 -0.00861859 -0.161521 0.425161 -0.472229 -0.43638
0.0128194 0.290818 -0.171963 0.309968 -0.486053 -0.179976
0.00579282 0.32957 -0.188359 0.202752 -0.494248 -0.146793
0.00142051 0.325498 -0.216238 0.12199 -0.499349 -0.15028
0.00141384 0.319517 -0.26213 0.0702065 -0.499356 -0.155402
0.0525446 0.310433 -0.333875 0.0397547 -0.439688 -0.16318
0.421745 0.296021 -0.433459 0.0221911 -0.00864819 -0.175521
0.678046 0.272361 -0.548622 0.0118361 0.290815 -0.19578
0.711212 0.23294 -0.655698 0.00548378 0.325773 -0.229832
0.707955 0.165174 -0.736295 0.00141384 0.320309 -0.287978
0.703319 0.0609659 -0.787954 0.120932 0.312288 -0.377312
0.696479 -0.0747173 -0.818332 0.640113 0.300067 -0.493507
0.686037 -0.215261 -0.835856 0.711217 0.281029 -0.613748
0.669641 -0.329135 -0.846191 0.711212 0.248782 -0.711104
0.641762 -0.404179 -0.852532 0.707955 0.195332 -0.775239
0.59587 -0.447813 -0.805489 0.703319 0.111709 -0.81253
0.524125 -0.472185 -0.43638 0.696479 -0.00448306 -0.833363
0.424541 -0.486029 -0.179976 0.686037 -0.139009 -0.845201
0.309378 -0.494235 -0.146793 0.669641 -0.264219 -0.852218
0.202302 -0.499341 -0.15028 0.641762 -0.358537 -0.856586
0.121705 -0.499349 -0.155402 0.59587 -0.419011 -0.856592
0.0700464 -0.439637 -0.16318 0.524125 -0.454573 -0.805499
0.0396683 -0.00847253 -0.175521 0.424541 -0.475085 -0.436405
0.0221438 0.290844 -0.19578 0.309378 -0.487177 -0.179979
0.0118092 0.329576 -0.229536 0.202302 -0.494596 -0.150045
0.00546767 0.325773 -0.287564 0.121705 -0.499349 -0.154724
0.0525109 0.320359 -0.376796 0.0700464 -0.359772 -0.161592
0.42162 0.312371 -0.492979 0.0396683 0.246545 -0.172056
0.678024 0.300176 -0.613325 0.0221438 0.329582 -0.188359
0.711207 0.281029 -0.710834 0.0118092 0.329576 -0.215971
0.70772 0.248471 -0.775093 0.00546767 0.325773 -0.261739
0.702598 0.194876 -0.812456 0.0525109 0.320359 -0.333345
0.69482 0.11109 -0.833326 0.42162 0.312371 -0.432839
0.682479 -0.00520684 -0.845181 0.678024 0.300176 -0.548032
0.66222 -0.139698 -0.852207 0.711207 0.281029 -0.655248
0.628168 -0.264746 -0.856579 0.70772 0.248471 -0.73601
0.570022 -0.358869 -0.856586 0.702598 0.194876 -0.787793
0.480688 -0.419198 -0.805455 0.69482 0.11109 -0.818245
0.364493 -0.454674 -0.436255 0.682479 -0.00520684 -0.835809
0.244252 -0.47514 -0.179954 0.66222 -0.139698 -0.846164
0.146896 -0.487209 -0.146788 0.628464 -0.264746 -0.852516
0.082761 -0.494615 -0.150045 0.570436 -0.358869 -0.856586
0.0454698 -0.439676 -0.154681 0.481204 -0.419198 -0.737068
0.0246365 -0.00861859 -0.161521 0.365021 -0.454674 -0.217887
0.0127994 0.290818 -0.171963 0.244675 -0.47514 -0.146783
0.00578158 0.32957 -0.188359 0.147166 -0.487209 -0.146788
0.00141384 0.325498 -0.216238 0.0829069 -0.494615 -0.150045
0.00140787 0.319517 -0.26213 0.0455438 -0.439676 -0.154681
0.052501 0.310433 -0.333875 0.0246742 -0.00861859 -0.161521
0.421595 0.296021 -0.433459 0.0128194 0.290818 -0.171963
0.678021 0.272361 -0.548622 0.00579282 0.32957 -0.188359
0.707955 0.232594 -0.655698 0.00142051 0.325498 -0.216238
0.703276 0.16469 -0.736295 0.00141384 0.319517 -0.26213
0.696408 0.0603632 -0.787954 0.0525446 0.310433 -0.333875
0.685944 -0.0753334 -0.818332 0.421745 0.296021 -0.433459
0.669641 -0.215755 -0.835856 0.678046 0.272361 -0.548622
0.642029 -0.32945 -0.846191 0.711212 0.23294 -0.655698
0.596261 -0.404349 -0.852532 0.707955 0.165174 -0.736295
0.524655 -0.447899 -0.805489 0.703319 0.0609659 -0.787954
0.425161 -0.472229 -0.43638 0.696479 -0.0747173 -0.818332
0.309968 -0.486053 -0.179976 0.686037 -0.215261 -0.835856
0.202752 -0.494248 -0.146793 0.669641 -0.329135 -0.846191
0.12199 -0.499349 -0.15028 0.641762 -0.404179 -0.852532
0.0702065 -0.499356 -0.155402 0.59587 -0.447813 -0.805489
0.0397547 -0.439688 -0.16318 0.524125 -0.472185 -0.43638
0.0221911 -0.00864819 -0.175521 0.424541 -0.486029 -0.179976
0.0118361 0.290815 -0.19578 0.309378 -0.494235 -0.146793
0.00548378 0.325773 -0.229832 0.202302 -0.499341 -0.15028
0.00141384 0.320309 -0.287978 0.121705 -0.499349 -0.155402
0.120932 0.312288 -0.377312 0.0700464 -0.439637 -0.16318
0.640113 0.300067 -0.493507 0.0396683 -0.00847253 -0.175521
0.711217 0.281029 -0.613748 0.0221438 0.290844 -0.19578
0.711212 0.248782 -0.711104 0.0118092 0.329576 -0.229536
0.707955 0.195332 -0.775239 0.00546767 0.325773 -0.287564
0.703319 0.111709 -0.81253 0.0525109 0.320359 -0.376796
0.696479 -0.00448306 -0.833363 0.42162 0.312371 -0.492979
0.686037 -0.139009 -0.845201 0.678024 0.300176 -0.613325
0.669641 -0.264219 -0.852218 0.711207 0.281029 -0.710834
0.641762 -0.358537 -0.856586 0.70772 0.248471 -0.775093
0.59587 -0.419011 -0.856592 0.702598 0.194876 -0.812456
0.524125 -0.454573 -0.805499 0.69482 0.11109 -0.833326
0.424541 -0.475085 -0.436405 0.682479 -0.00520684 -0.845181
0.309378 -0.487177 -0.179979 0.66222 -0.139698 -0.852207
0.202302 -0.494596 -0.150045 0.628168 -0.264746 -0.856579
0.121705 -0.499349 -0.154724 0.570022 -0.358869 -0.856586
0.0700464 -0.359772 -0.161592 0.480688 -0.419198 -0.805455
0.0396683 0.246545 -0.172056 0.364493 -0.454674 -0.436255
0.0221438 0.329582 -0.188359 0.244252 -0.47514 -0.179954
0.0118092 0.329576 -0.215971 0.146896 -0.487209 -0.146788
0.00546767 0.325773 -0.261739 0.082761 -0.494615 -0.150045
0.0525109 0.320359 -0.333345 0.0454698 -0.439676 -0.154681
0.42162 0.312371 -0.432839 0.0246365 -0.00861859 -0.161521
0.678024 0.300176 -0.548032 0.0127994 0.290818 -0.171963
0.711207 0.281029 -0.655248 0.00578158 0.32957 -0.188359
0.70772 0.248471 -0.73601 0.00141384 0.325498 -0.216238
0.702598 0.194876 -0.787793 0.00140787 0.319517 -0.26213
0.69482 0.11109 -0.818245 0.052501 0.310433 -0.333875
0.682479 -0.00520684 -0.835809 0.421595 0.296021 -0.433459
0.66222 -0.139698 -0.846164 0.678021 0.272361 -0.548622
0.628168 -0.264746 -0.852516 0.707955 0.232594 -0.655698
0.570022 -0.358869 -0.856586 0.703276 0.16469 -0.736295
0.480688 -0.419198 -0.737068 0.696408 0.0603632 -0.787954
0.364493 -0.454674 -0.217887 0.685944 -0.0753334 -0.818332
0.244252 -0.47514 -0.146783 0.669641 -0.215755 -0.835856
0.146896 -0.487209 -0.146788 0.642029 -0.32945 -0.846191
0.082761 -0.494615 -0.150045 0.596261 -0.404349 -0.852532
0.0454698 -0.439676 -0.154681 0.524655 -0.447899 -0.805489
0.0246365 -0.00861859 -0.161521 0.425161 -0.472229 -0.43638
0.0127994 0.290818 -0.171963 0.309968 -0.486053 -0.179976
0.00578158 0.32957 -0.188359 0.202752 -0.494248 -0.146793
0.00141384 0.325498 -0.216238 0.12199 -0.499349 -0.15028
0.00140787 0.319517 -0.26213 0.0702065 -0.499356 -0.155402
0.052501 0.310433 -0.333875 0.0397547 -0.439688 -0.16318
0.421595 0.296021 -0.433459 0.0221911 -0.00864819 -0.175521
0.678021 0.272361 -0.548622 0.0118361 0.290815 -0.19578
0.707955 0.232594 -0.655698 0.00548378 0.325773 -0.229832
0.703276 0.16469 -0.736295 0.00141384 0.320309 -0.287978
0.696408 0.0603632 -0.787954 0.120932 0.312288 -0.377312
0.685944 -0.0753334 -0.818332 0.640113 0.300067 -0.493507
0.669641 -0.215755 -0.835856 0.711217 0.281029 -0.613748
0.642029 -0.32945 -0.846191 0.711212 0.248782 -0.711104
0.596261 -0.404349 -0.852532 0.707955 0.195332 -0.775239
0.524655 -0.447899 -0.805489 0.703319 0.111709 -0.81253
0.425161 -0.472229 -0.43638 0.696479 -0.00448306 -0.833363
0.309968 -0.486053 -0.179976 0.686037 -0.139009 -0.845201
0.202752 -0.494248 -0.146793 0.669641 -0.264219 -0.852218
0.12199 -0.499349 -0.15028 0.641762 -0.358537 -0.856586
0.0702065 -0.499356 -0.155402 0.59587 -0.419011 -0.856592
0.0397547 -0.439688 -0.16318 0.524125 -0.454573 -0.805499
0.0221911 -0.00864819 -0.175521 0.424541 -0.475085 -0.436405
0.0118361 0.290815 -0.19578 0.309378 -0.487177 -0.179979
0.00548378 0.325773 -0.229832 0.202302 -0.494596 -0.150045
0.00141384 0.320309 -0.287978 0.121705 -0.499349 -0.154724
0.120932 0.312288 -0.377312 0.0700464 -0.359772 -0.161592
0.640113 0.300067 -0.493507 0.0396683 0.246545 -0.172056
0.711217 0.281029 -0.613748 0.0221438 0.329582 -0.188359
0.711212 0.248782 -0.711104 0.0118092 0.329576 -0.215971
0.707955 0.195332 -0.775239 0.00546767 0.325773 -0.261739
0.703319 0.111709 -0.81253 0.0525109 0.320359 -0.333345
0.696479 -0.00448306 -0.833363 0.42162 0.312371 -0.432839
0.686037 -0.139009 -0.845201 0.678024 0.300176 -0.548032
0.669641 -0.264219 -0.852218 0.711207 0.281029 -0.655248
0.641762 -0.358537 -0.856586 0.70772 0.248471 -0.73601
0.59587 -0.419011 -0.856592 0.702598 0.194876 -0.787793
0.524125 -0.454573 -0.805499 0.69482 0.11109 -0.818245
0.424541 -0.475085 -0.436405 0.682479 -0.00520684 -0.835809
0.309378 -0.487177 -0.179979 0.66222 -0.139698 -0.846164
0.202302 -0.494596 -0.150045 0.628168 -0.264746 -0.852516
0.121705 -0.499349 -0.154724 0.570022 -0.358869 -0.856586
0.0700464 -0.359772 -0.161592 0.480688 -0.419198 -0.737068
0.0396683 0.246545 -0.172056 0.364493 -0.454674 -0.217887
0.0221438 0.329582 -0.188359 0.244252 -0.47514 -0.146783
0.0118092 0.329576 -0.215971 0.146896 -0.487209 -0.146788
0.00546767 0.325773 -0.261739 0.082761 -0.494615 -0.150045
0.00140373 0.320359 -0.333345 0.0454698 -0.439676 -0.154681
0.0524687 0.312371 -0.432839 0.0246365 -0.00861859 -0.161521
0.421475 0.300176 -0.548032 0.0127994 0.290818 -0.171963
0.678 0.281029 -0.655248 0.00578158 0.32957 -0.188359
0.707949 0.248471 -0.73601 0.00141384 0.325498 -0.216238
0.703276 0.194876 -0.787793 0.00140787 0.319517 -0.26213
0.69638 0.11109 -0.818245 0.052501 0.310433 -0.333875
0.685797 -0.00520684 -0.835809 0.421595 0.296021 -0.433459
0.669038 -0.139698 -0.846164 0.678021 0.272361 -0.548622
0.642029 -0.264746 -0.852516 0.707955 0.232594 -0.655698
0.596261 -0.358869 -0.856586 0.703276 0.16469 -0.736295
0.524655 -0.419198 -0.737068 0.696408 0.0603632 -0.787954
0.425161 -0.454674 -0.217887 0.685944 -0.0753334 -0.818332
0.309968 -0.47514 -0.146783 0.669641 -0.215755 -0.835856
0.202752 -0.487209 -0.146788 0.642029 -0.32945 -0.846191
0.12199 -0.494615 -0.150045 0.596261 -0.404349 -0.852532
0.0702065 -0.499361 -0.154681 0.524655 -0.447899 -0.805489
0.0397547 -0.439725 -0.161521 0.425161 -0.472229 -0.43638
0.0221911 -0.00878781 -0.171963 0.309968 -0.486053 -0.179976
0.0118361 0.29079 -0.188359 0.202752 -0.494248 -0.146793
0.00548378 0.325766 -0.216238 0.12199 -0.499349 -0.15028
0.00141384 0.320309 -0.26213 0.0702065 -0.499356 -0.155402
0.120932 0.312255 -0.333875 0.0397547 -0.439688 -0.16318
0.640113 0.299895 -0.433459 0.0221911 -0.00864819 -0.175521
0.711217 0.280324 -0.548622 0.0118361 0.290815 -0.19578
0.711212 0.248782 -0.655698 0.00548378 0.325773 -0.229832
0.707955 0.195332 -0.736295 0.00141384 0.320309 -0.287978
0.703319 0.111709 -0.787954 0.120932 0.312288 -0.377312
0.696479 -0.00448306 -0.818332 0.640113 0.300067 -0.493507
0.686037 -0.139009 -0.835856 0.711217 0.281029 -0.613748
0.669641 -0.264219 -0.846191 0.711212 0.248782 -0.711104
0.641762 -0.358537 -0.852532 0.707955 0.195332 -0.775239
0.59587 -0.419011 -0.856596 0.703319 0.111709 -0.81253
0.524125 -0.454573 -0.805531 0.696479 -0.00448306 -0.833363
0.424541 -0.475085 -0.436525 0.686037 -0.139009 -0.845201
0.309378 -0.487177 -0.18 0.669641 -0.264219 -0.852218
0.202302 -0.494596 -0.150051 0.641762 -0.358537 -0.856586
0.121705 -0.499349 -0.154724 0.59587 -0.419011 -0.856592
0.0700464 -0.359772 -0.16162 0.524125 -0.454573 -0.805499
0.0396683 0.246545 -0.172203 0.424541 -0.475085 -0.436405
0.0221438 0.329582 -0.188962 0.309378 -0.487177 -0.179979
0.0118092 0.329576 -0.215971 0.202302 -0.494596 -0.150045
0.00546767 0.325773 -0.261739 0.121705 -0.499349 -0.154724
0.0525109 0.320359 -0.333345 0.0700464 -0.359772 -0.161592
0.42162 0.312371 -0.432839 0.0396683 0.246545 -0.172056
0.678024 0.300176 -0.548032 0.0221438 0.329582 -0.188359
0.711207 0.281029 -0.655248 0.0118092 0.329576 -0.215971
0.70772 0.248471 -0.73601 0.00546767 0.325773 -0.261739
0.702598 0.194876 -0.787793 0.00140373 0.320359 -0.333345
0.69482 0.11109 -0.818245 0.0524687 0.312371 -0.432839
0.682479 -0.00520684 -0.835809 0.421475 0.300176 -0.548032
0.66222 -0.139698 -0.846164 0.678 0.281029 -0.655248
0.628168 -0.264746 -0.852516 0.707949 0.248471 -0.73601
0.570022 -0.358869 -0.856586 0.703276 0.194876 -0.787793
0.480688 -0.419198 -0.737068 0.69638 0.11109 -0.818245
0.364493 -0.454674 -0.217887 0.685797 -0.00520684 -0.835809
0.244252 -0.47514 -0.146783 0.669038 -0.139698 -0.846164
0.146896 -0.487209 -0.146788 0.642029 -0.264746 -0.852516
0.082761 -0.494615 -0.150045 0.596261 -0.358869 -0.856586
0.0454698 -0.439676 -0.154681 0.524655 -0.419198 -0.737068
0.0246365 -0.00861859 -0.161521 0.425161 -0.454674 -0.217887
0.0127994 0.290818 -0.171963 0.309968 -0.47514 -0.146783
0.00578158 0.32957 -0.188359 0.202752 -0.487209 -0.146788
0.00141384 0.325498 -0.216238 0.12199 -0.494615 -0.150045
0.00140787 0.319517 -0.26213 0.0702065 -0.499361 -0.154681
0.052501 0.310433 -0.333875 0.0397547 -0.439725 -0.161521
0.421595 0.296021 -0.433459 0.0221911 -0.00878781 -0.171963
0.678021 0.272361 -0.548622 0.0118361 0.29079 -0.188359
0.707955 0.232594 -0.655698 0.00548378 0.325766 -0.216238
0.703276 0.16469 -0.736295 0.00141384 0.320309 -0.26213
0.696408 0.0603632 -0.787954 0.120932 0.312255 -0.333875
0.685944 -0.0753334 -0.818332 0.640113 0.299895 -0.433459
0.669641 -0.215755 -0.835856 0.711217 0.280324 -0.548622
0.642029 -0.32945 -0.846191 0.711212 0.248782 -0.655698
0.596261 -0.404349 -0.852532 0.707955 0.195332 -0.736295
0.524655 -0.447899 -0.805489 0.703319 0.111709 -0.787954
0.425161 -0.472229 -0.43638 0.696479 -0.00448306 -0.818332
0.309968 -0.486053 -0.179976 0.686037 -0.139009 -0.835856
0.202752 -0.494248 -0.146793 0.669641 -0.264219 -0.846191
0.12199 -0.499349 -0.15028 0.641762 -0.358537 -0.852532
0.0702065 -0.499356 -0.155402 0.59587 -0.419011 -0.856596
0.0397547 -0.439688 -0.16318 0.524125 -0.454573 -0.805531
0.0221911 -0.00864819 -0.175521 0.424541 -0.475085 -0.436525
0.0118361 0.290815 -0.19578 0.309378 -0.487177 -0.18
0.00548378 0.325773 -0.229832 0.202302 -0.494596 -0.150051
0.00141384 0.320309 -0.287978 0.121705 -0.499349 -0.154724
0.120932 0.312288 -0.377312 0.0700464 -0.359772 -0.16162
0.640113 0.300067 -0.493507 0.0396683 0.246545 -0.172203
0.711217 0.281029 -0.613748 0.0221438 0.329582 -0.188962
0.711212 0.248782 -0.711104 0.0118092 0.329576 -0.215971
0.707955 0.195332 -0.775239 0.00546767 0.325773 -0.261739
0.703319 0.111709 -0.81253 0.0525109 0.320359 -0.333345
0.696479 -0.00448306 -0.833363 0.42162 0.312371 -0.432839
0.686037 -0.139009 -0.845201 0.678024 0.300176 -0.548032
0.669641 -0.264219 -0.852218 0.711207 0.281029 -0.655248
0.641762 -0.358537 -0.856586 0.70772 0.248471 -0.73601
0.59587 -0.419011 -0.856592 0.702598 0.194876 -0.787793
0.524125 -0.454573 -0.805499 0.69482 0.11109 -0.818245
0.424541 -0.475085 -0.436405 0.682479 -0.00520684 -0.835809
0.309378 -0.487177 -0.179979 0.66222 -0.139698 -0.846164
0.202302 -0.494596 -0.150045 0.628168 -0.264746 -0.852516
0.121705 -0.499349 -0.154724 0.570022 -0.358869 -0.856586
0.0700464 -0.359772 -0.161592 0.480688 -0.419198 -0.737068
0.0396683 0.246545 -0.172056 0.364493 -0.454674 -0.217887
0.0221438 0.329582 -0.188359 0.244252 -0.47514 -0.146783
0.0118092 0.329576 -0.215971 0.146896 -0.487209 -0.146788
0.00546767 0.325773 -0.261739 0.082761 -0.494615 -0.150045
0.0525109 0.320359 -0.333345 0.0454698 -0.439676 -0.154681
0.42162 0.312371 -0.432839 0.0246365 -0.00861859 -0.161521
0.678024 0.300176 -0.548032 0.0127994 0.290818 -0.171963
0.711207 0.281029 -0.655248 0.00578158 0.32957 -0.188359
0.70772 0.248471 -0.73601 0.00141384 0.325498 -0.216238
0.702598 0.194876 -0.787793 0.00140787 0.319517 -0.26213
0.69482 0.11109 -0.818245 0.052501 0.310433 -0.333875
0.682479 -0.00520684 -0.835809 0.421595 0.296021 -0.433459
0.66222 -0.139698 -0.846164 0.678021 0.272361 -0.548622
0.628464 -0.264746 -0.852516 0.707955 0.232594 -0.655698
0.570436 -0.358869 -0.856586 0.703276 0.16469 -0.736295
0.481204 -0.419198 -0.737068 0.696408 0.0603632 -0.787954
0.365021 -0.454674 -0.217887 0.685944 -0.0753334 -0.818332
0.244675 -0.47514 -0.146783 0.669641 -0.215755 -0.835856
0.147166 -0.487209 -0.146788 0.642029 -0.32945 -0.846191
0.0829069 -0.494615 -0.150045 0.596261 -0.404349 -0.852532
0.0455438 -0.439676 -0.154681 0.524655 -0.447899 -0.805489
0.0246742 -0.00861859 -0.161521 0.425161 -0.472229 -0.43638
0.0128194 0.290818 -0.171963 0.309968 -0.486053 -0.179976
0.00579282 0.32957 -0.188359 0.202752 -0.494248 -0.146793
0.00142051 0.325498 -0.216238 0.12199 -0.499349 -0.15028
0.00141384 0.319517 -0.26213 0.0702065 -0.499356 -0.155402
0.0525446 0.310433 -0.333875 0.0397547 -0.439688 -0.16318
0.421745 0.296021 -0.433459 0.0221911 -0.00864819 -0.175521
0.678046 0.272361 -0.548622 0.0118361 0.290815 -0.19578
0.711212 0.23294 -0.655698 0.00548378 0.325773 -0.229832
0.707955 0.165174 -0.736295 0.00141384 0.320309 -0.287978
0.703319 0.0609659 -0.787954 0.120932 0.312288 -0.377312
0.696479 -0.0747173 -0.818332 0.640113 0.300067 -0.493507
0.686037 -0.215261 -0.835856 0.711217 0.281029 -0.613748
0.669641 -0.329135 -0.846191 0.711212 0.248782 -0.711104
0.641762 -0.404179 -0.852532 0.707955 0.195332 -0.775239
0.59587 -0.447813 -0.805489 0.703319 0.111709 -0.81253
0.524125 -0.472185 -0.43638 0.696479 -0.00448306 -0.833363
0.424541 -0.486029 -0.179976 0.686037 -0.139009 -0.845201
0.309378 -0.494235 -0.146793 0.669641 -0.264219 -0.852218
0.202302 -0.499341 -0.15028 0.641762 -0.358537 -0.856586
0.121705 -0.499349 -0.155402 0.59587 -0.419011 -0.856592
0.0700464 -0.439637 -0.16318 0.524125 -0.454573 -0.805499
0.0396683 -0.00847253 -0.175521 0.424541 -0.475085 -0.436405
0.0221438 0.290844 -0.19578 0.309378 -0.487177 -0.179979
0.0118092 0.329576 -0.229536 0.202302 -0.494596 -0.150045
0.00546767 0.325773 -0.287564 0.121705 -0.499349 -0.154724
0.0525109 0.320359 -0.376796 0.0700464 -0.359772 -0.161592
0.42162 0.312371 -0.492979 0.0396683 0.246545 -0.172056
0.678024 0.300176 -0.613325 0.0221438 0.329582 -0.188359
0.711207 0.281029 -0.710834 0.0118092 0.329576 -0.215971
0.70772 0.248471 -0.775093 0.00546767 0.325773 -0.261739
0.702598 0.194876 -0.812456 0.0525109 0.320359 -0.333345
0.69482 0.11109 -0.833326 0.42162 0.312371 -0.432839
0.682479 -0.00520684 -0.845181 0.678024 0.300176 -0.548032
0.66222 -0.139698 -0.852207 0.711207 0.281029 -0.655248
0.628168 -0.264746 -0.856579 0.70772 0.248471 -0.73601
0.570022 -0.358869 -0.856586 0.702598 0.194876 -0.787793
0.480688 -0.419198 -0.805455 0.69482 0.11109 -0.818245
0.364493 -0.454674 -0.436255 0.682479 -0.00520684 -0.835809
0.244252 -0.47514 -0.179954 0.66222 -0.139698 -0.846164
0.146896 -0.487209 -0.146788 0.628464 -0.264746 -0.852516
0.082761 -0.494615 -0.150045 0.570436 -0.358869 -0.856586
0.0454698 -0.439676 -0.154681 0.481204 -0.419198 -0.737068
0.0246365 -0.00861859 -0.161521 0.365021 -0.454674 -0.217887
0.0127994 0.290818 -0.171963 0.244675 -0.47514 -0.146783
0.00578158 0.32957 -0.188359 0.147166 -0.487209 -0.146788
0.00141384 0.325498 -0.216238 0.0829069 -0.494615 -0.150045
0.00140787 0.319517 -0.26213 0.0455438 -0.439676 -0.154681
0.052501 0.310433 -0.333875 0.0246742 -0.00861859 -0.161521
0.421595 0.296021 -0.433459 0.0128194 0.290818 -0.171963
0.678021 0.272361 -0.548622 0.00579282 0.32957 -0.188359
0.707955 0.232594 -0.655698 0.00142051 0.325498 -0.216238
0.703276 0.16469 -0.736295 0.00141384 0.319517 -0.26213
0.696408 0.0603632 -0.787954 0.0525446 0.310433 -0.333875
0.685944 -0.0753334 -0.818332 0.421745 0.296021 -0.433459
0.669641 -0.215755 -0.835856 0.678046 0.272361 -0.548622
0.642029 -0.32945 -0.846191 0.711212 0.23294 -0.655698
0.596261 -0.404349 -0.852532 0.707955 0.165174 -0.736295
0.524655 -0.447899 -0.805489 0.703319 0.0609659 -0.787954
0.425161 -0.472229 -0.43638 0.696479 -0.0747173 -0.818332
0.309968 -0.486053 -0.179976 0.686037 -0.215261 -0.835856
0.202752 -0.494248 -0.146793 0.669641 -0.329135 -0.846191
0.12199 -0.499349 -0.15028 0.641762 -0.404179 -0.852532
0.0702065 -0.499356 -0.155402 0.59587 -0.447813 -0.805489
0.0397547 -0.439688 -0.16318 0.524125 -0.472185 -0.43638
0.0221911 -0.00864819 -0.175521 0.424541 -0.486029 -0.179976
0.0118361 0.290815 -0.19578 0.309378 -0.494235 -0.146793
0.00548378 0.325773 -0.229832 0.202302 -0.499341 -0.15028
0.00141384 0.320309 -0.287978 0.121705 -0.499349 -0.155402
0.120932 0.312288 -0.377312 0.0700464 -0.439637 -0.16318
0.640113 0.300067 -0.493507 0.0396683 -0.00847253 -0.175521
0.711217 0.281029 -0.613748 0.0221438 0.290844 -0.19578
0.711212 0.248782 -0.711104 0.0118092 0.329576 -0.229536
0.707955 0.195332 -0.775239 0.00546767 0.325773 -0.287564
0.703319 0.111709 -0.81253 0.0525109 0.320359 -0.376796
0.696479 -0.00448306 -0.833363 0.42162 0.312371 -0.492979
0.686037 -0.139009 -0.845201 0.678024 0.300176 -0.613325
0.669641 -0.264219 -0.852218 0.711207 0.281029 -0.710834
0.641762 -0.358537 -0.856586 0.70772 0.248471 -0.775093
0.59587 -0.419011 -0.856592 0.702598 0.194876 -0.812456
0.524125 -0.454573 -0.805499 0.69482 0.11109 -0.833326
0.424541 -0.475085 -0.436405 0.682479 -0.00520684 -0.845181
0.309378 -0.487177 -0.179979 0.66222 -0.139698 -0.852207
0.202302 -0.494596 -0.150045 0.628168 -0.264746 -0.856579
0.121705 -0.499349 -0.154724 0.570022 -0.358869 -0.856586
0.0700464 -0.359772 -0.161592 0.480688 -0.419198 -0.805455
0.0396683 0.246545 -0.172056 0.364493 -0.454674 -0.436255
0.0221438 0.329582 -0.188359 0.244252 -0.47514 -0.179954
0.0118092 0.329576 -0.215971 0.146896 -0.487209 -0.146788
0.00546767 0.325773 -0.261739 0.082761 -0.494615 -0.150045
0.0525109 0.320359 -0.333345 0.0454698 -0.439676 -0.154681
0.42162 0.312371 -0.432839 0.0246365 -0.00861859 -0.161521
0.678024 0.300176 -0.548032 0.0127994 0.290818 -0.171963
0.711207 0.281029 -0.655248 0.00578158 0.32957 -0.188359
0.70772 0.248471 -0.73601 0.00141384 0.325498 -0.216238
0.702598 0.194876 -0.787793 0.00140787 0.319517 -0.26213
0.69482 0.11109 -0.818245 0.052501 0.310433 -0.333875
0.682479 -0.00520684 -0.835809 0.421595 0.296021 -0.433459
0.66222 -0.139698 -0.846164 0.678021 0.272361 -0.548622
0.628464 -0.264746 -0.852516 0.707955 0.232594 -0.655698
0.570436 -0.358869 -0.856586 0.703276 0.16469 -0.736295
0.481204 -0.419198 -0.737068 0.696408 0.0603632 -0.787954
0.365021 -0.454674 -0.217887 0.685944 -0.0753334 -0.818332
0.244675 -0.47514 -0.146783 0.669641 -0.215755 -0.835856
0.147166 -0.487209 -0.146788 0.642029 -0.32945 -0.846191
0.0829069 -0.494615 -0.150045 0.596261 -0.404349 -0.852532
0.0455438 -0.439676 -0.154681 0.524655 -0.447899 -0.805489
0.0246742 -0.00861859 -0.161521 0.425161 -0.472229 -0.43638
0.0128194 0.290818 -0.171963 0.309968 -0.486053 -0.179976
0.00579282 0.32957 -0.188359 0.202752 -0.494248 -0.146793
0.00142051 0.325498 -0.216238 0.12199 -0.499349 -0.15028
0.00141384 0.319517 -0.26213 0.0702065 -0.499356 -0.155402
0.0525446 0.310433 -0.333875 0.0397547 -0.439688 -0.16318
0.421745 0.296021 -0.433459 0.0221911 -0.00864819 -0.175521
0.678046 0.272361 -0.548622 0.0118361 0.290815 -0.19578
0.711212 0.23294 -0.655698 0.00548378 0.325773 -0.229832
0.707955 0.165174 -0.736295 0.00141384 0.320309 -0.287978
0.703319 0.0609659 -0.787954 0.120932 0.312288 -0.377312
0.696479 -0.0747173 -0.818332 0.640113 0.300067 -0.493507
0.686037 -0.215261 -0.835856 0.711217 0.281029 -0.613748
0.669641 -0.329135 -0.846191 0.711212 0.248782 -0.711104
0.641762 -0.404179 -0.852532 0.707955 0.195332 -0.775239
0.59587 -0.447813 -0.805489 0.703319 0.111709 -0.81253
0.524125 -0.472185 -0.43638 0.696479 -0.00448306 -0.833363
0.424541 -0.486029 -0.179976 0.686037 -0.139009 -0.845201
0.309378 -0.494235 -0.146793 0.669641 -0.264219 -0.852218
0.202302 -0.499341 -0.15028 0.641762 -0.358537 -0.856586
0.121705 -0.499349 -0.155402 0.59587 -0.419011 -0.856592
0.0700464 -0.439637 -0.16318 0.524125 -0.454573 -0.805499
0.0396683 -0.00847253 -0.175521 0.424541 -0.475085 -0.436405
0.0221438 0.290844 -0.19578 0.309378 -0.487177 -0.179979
0.0118092 0.329576 -0.229536 0.202302 -0.494596 -0.150045
0.00546767 0.325773 -0.287564 0.121705 -0.499349 -0.154724
0.0525109 0.320359 -0.376796 0.0700464 -0.359772 -0.161592
0.42162 0.312371 -0.492979 0.0396683 0.246545 -0.172056
0.678024 0.300176 -0.613325 0.0221438 0.329582 -0.188359
0.711207 0.281029 -0.710834 0.0118092 0.329576 -0.215971
0.70772 0.248471 -0.775093 0.00546767 0.325773 -0.261739
0.702598 0.194876 -0.812456 0.0525109 0.320359 -0.333345
0.69482 0.11109 -0.833326 0.42162 0.312371 -0.432839
0.682479 -0.00520684 -0.845181 0.678024 0.300176 -0.548032
0.66222 -0.139698 -0.852207 0.711207 0.281029 -0.655248
0.628168 -0.264746 -0.856579 0.70772 0.248471 -0.73601
0.570022 -0.358869 -0.856586 0.702598 0.194876 -0.787793
0.480688 -0.419198 -0.805455 0.69482 0.11109 -0.818245
0.364493 -0.454674 -0.436255 0.682479 -0.00520684 -0.835809
0.244252 -0.47514 -0.179954 0.66222 -0.139698 -0.846164
0.146896 -0.487209 -0.146788 0.628464 -0.264746 -0.852516
0.082761 -0.494615 -0.150045 0.570436 -0.358869 -0.856586
0.0454698 -0.439676 -0.154681 0.481204 -0.419198 -0.737068
0.0246365 -0.00861859 -0.161521 0.365021 -0.454674 -0.217887
0.0127994 0.290818 -0.171963 0.244675 -0.47514 -0.146783
0.00578158 0.32957 -0.188359 0.147166 -0.487209 -0.146788
0.00141384 0.325498 -0.216238 0.0829069 -0.494615 -0.150045
0.00140787 0.319517 -0.26213 0.0455438 -0.439676 -0.154681
0.052501 0.310433 -0.333875 0.0246742 -0.00861859 -0.161521
0.421595 0.296021 -0.433459 0.0128194 0.290818 -0.171963
0.678021 0.272361 -0.548622 0.00579282 0.32957 -0.188359
0.707955 0.232594 -0.655698 0.00142051 0.325498 -0.216238
0.703276 0.16469 -0.736295 0.00141384 0.319517 -0.26213
0.696408 0.0603632 -0.787954 0.0525446 0.310433 -0.333875
0.685944 -0.0753334 -0.818332 0.421745 0.296021 -0.433459
0.669641 -0.215755 -0.835856 0.678046 0.272361 -0.548622
0.642029 -0.32945 -0.846191 0.711212 0.23294 -0.655698
0.596261 -0.404349 -0.852532 0.707955 0.165174 -0.736295
0.524655 -0.447899 -0.805489 0.703319 0.0609659 -0.787954
0.425161 -0.472229 -0.43638 0.696479 -0.0747173 -0.818332
0.309968 -0.486053 -0.179976 0.686037 -0.215261 -0.835856
0.202752 -0.494248 -0.146793 0.669641 -0.329135 -0.846191
0.12199 -0.499349 -0.15028 0.641762 -0.404179 -0.852532
0.0702065 -0.499356 -0.155402 0.59587 -0.447813 -0.805489
0.0397547 -0.439688 -0.16318 0.524125 -0.472185 -0.43638
0.0221911 -0.00864819 -0.175521 0.424541 -0.486029 -0.179976
0.0118361 0.290815 -0.19578 0.309378 -0.494235 -0.146793
0.00548378 0.325773 -0.229832 0.202302 -0.499341 -0.15028
0.00141384 0.320309 -0.287978 0.121705 -0.499349 -0.155402
0.120932 0.312288 -0.377312 0.0700464 -0.439637 -0.16318
0.640113 0.300067 -0.493507 0.0396683 -0.00847253 -0.175521
0.711217 0.281029 -0.613748 0.0221438 0.290844 -0.19578
0.711212 0.248782 -0.711104 0.0118092 0.329576 -0.229536
0.707955 0.195332 -0.775239 0.00546767 0.325773 -0.287564
0.703319 0.111709 -0.81253 0.0525109 0.320359 -0.376796
0.696479 -0.00448306 -0.833363 0.42162 0.312371 -0.492979
0.686037 -0.139009 -0.845201 0.678024 0.300176 -0.613325
0.669641 -0.264219 -0.852218 0.711207 0.281029 -0.710834
0.641762 -0.358537 -0.856586 0.70772 0.248471 -0.775093
0.59587 -0.419011 -0.856592 0.702598 0.194876 -0.812456
0.524125 -0.454573 -0.805499 0.69482 0.11109 -0.833326
0.424541 -0.475085 -0.436405 0.682479 -0.00520684 -0.845181
0.309378 -0.487177 -0.179979 0.66222 -0.139698 -0.852207
0.202302 -0.494596 -0.150045 0.628168 -0.264746 -0.856579
0.121705 -0.499349 -0.154724 0.570022 -0.358869 -0.856586
0.0700464 -0.359772 -0.161592 0.480688 -0.419198 -0.805455
0.0396683 0.246545 -0.172056 0.364493 -0.454674 -0.436255
0.0221438 0.329582 -0.188359 0.244252 -0.47514 -0.179954
0.0118092 0.329576 -0.215971 0.146896 -0.487209 -0.146788
0.00546767 0.325773 -0.261739 0.082761 -0.494615 -0.150045
0.0525109 0.320359 -0.333345 0.0454698 -0.439676 -0.154681
0.42162 0.312371 -0.432839 0.0246365 -0.00861859 -0.161521
0.678024 0.300176 -0.548032 0.0127994 0.290818 -0.171963
0.711207 0.281029 -0.655248 0.00578158 0.32957 -0.188359
0.70772 0.248471 -0.73601 0.00141384 0.325498 -0.216238
0.702598 0.194876 -0.787793 0.00140787 0.319517 -0.26213
0.69482 0.11109 -0.818245 0.052501 0.310433 -0.333875
0.682479 -0.00520684 -0.835809 0.421595 0.296021 -0.433459
0.66222 -0.139698 -0.846164 0.678021 0.272361 -0.548622
0.628168 -0.264746 -0.852516 0.707955 0.232594 -0.655698
0.570022 -0.358869 -0.856586 0.703276 0.16469 -0.736295
0.480688 -0.419198 -0.737068 0.696408 0.0603632 -0.787954
0.364493 -0.454674 -0.217887 0.685944 -0.0753334 -0.818332
0.244252 -0.47514 -0.146783 0.669641 -0.215755 -0.835856
0.146896 -0.487209 -0.146788 0.642029 -0.32945 -0.846191
0.082761 -0.494615 -0.150045 0.596261 -0.404349 -0.852532
0.0454698 -0.439676 -0.154681 0.524655 -0.447899 -0.805489
0.0246365 -0.00861859 -0.161521 0.425161 -0.472229 -0.43638
0.0127994 0.290818 -0.171963 0.309968 -0.486053 -0.179976
0.00578158 0.32957 -0.188359 0.202752 -0.494248 -0.146793
0.00141384 0.325498 -0.216238 0.12199 -0.499349 -0.15028
0.00140787 0.319517 -0.26213 0.0702065 -0.499356 -0.155402
0.052501 0.310433 -0.333875 0.0397547 -0.439688 -0.16318
0.421595 0.296021 -0.433459 0.0221911 -0.00864819 -0.175521
0.678021 0.272361 -0.548622 0.0118361 0.290815 -0.19578
0.707955 0.232594 -0.655698 0.00548378 0.325773 -0.229832
0.703276 0.16469 -0.736295 0.00141384 0.320309 -0.287978
0.696408 0.0603632 -0.787954 0.120932 0.312288 -0.377312
0.685944 -0.0753334 -0.818332 0.640113 0.300067 -0.493507
0.669641 -0.215755 -0.835856 0.711217 0.281029 -0.613748
0.642029 -0.32945 -0.846191 0.711212 0.248782 -0.711104
0.596261 -0.404349 -0.852532 0.707955 0.195332 -0.775239
0.524655 -0.447899 -0.805489 0.703319 0.111709 -0.81253
0.425161 -0.472229 -0.43638 0.696479 -0.00448306 -0.833363
0.309968 -0.486053 -0.179976 0.686037 -0.139009 -0.845201
0.202752 -0.494248 -0.146793 0.669641 -0.264219 -0.852218
0.12199 -0.499349 -0.15028 0.641762 -0.358537 -0.856586
0.0702065 -0.499356 -0.155402 0.59587 -0.419011 -0.856592
0.0397547 -0.439688 -0.16318 0.524125 -0.454573 -0.805499
0.0221911 -0.00864819 -0.175521 0.424541 -0.475085 -0.436405
0.0118361 0.290815 -0.19578 0.309378 -0.487177 -0.179979
0.00548378 0.325773 -0.229832 0.202302 -0.494596 -0.150045
0.00141384 0.320309 -0.287978 0.121705 -0.499349 -0.154724
0.120932 0.312288 -0.377312 0.0700464 -0.359772 -0.161592
0.640113 0.300067 -0.493507 0.0396683 0.246545 -0.172056
0.711217 0.281029 -0.613748 0.0221438 0.329582 -0.188359
0.711212 0.248782 -0.711104 0.0118092 0.329576 -0.215971
0.707955 0.195332 -0.775239 0.00546767 0.325773 -0.261739
0.703319 0.111709 -0.81253 0.0525109 0.320359 -0.333345
0.696479 -0.00448306 -0.833363 0.42162 0.312371 -0.432839
0.686037 -0.139009 -0.845201 0.678024 0.300176 -0.548032
0.669641 -0.264219 -0.852218 0.711207 0.281029 -0.655248
0.641762 -0.358537 -0.856586 0.70772 0.248471 -0.73601
0.59587 -0.419011 -0.856592 0.702598 0.194876 -0.787793
0.524125 -0.454573 -0.805499 0.69482 0.11109 -0.818245
0.424541 -0.475085 -0.436405 0.682479 -0.00520684 -0.835809
0.309378 -0.487177 -0.179979 0.66222 -0.139698 -0.846164
0.202302 -0.494596 -0.150045 0.628168 -0.264746 -0.852516
0.121705 -0.499349 -0.154724 0.570022 -0.358869 -0.856586
0.0700464 -0.359772 -0.161592 0.480688 -0.419198 -0.737068
0.0396683 0.246545 -0.172056 0.364493 -0.454674 -0.217887
0.0221438 0.329582 -0.188359 0.244252 -0.47514 -0.146783
0.0118092 0.329576 -0.215971 0.146896 -0.487209 -0.146788
0.00546767 0.325773 -0.261739 0.082761 -0.494615 -0.150045
0.00140373 0.320359 -0.333345 0.0454698 -0.439676 -0.154681
0.0524687 0.312371 -0.432839 0.0246365 -0.00861859 -0.161521
0.421475 0.300176 -0.548032 0.0127994 0.290818 -0.171963
0.678 0.281029 -0.655248 0.00578158 0.32957 -0.188359
0.707949 0.248471 -0.73601 0.00141384 0.325498 -0.216238
0.703276 0.194876 -0.787793 0.00140787 0.319517 -0.26213
0.69638 0.11109 -0.818245 0.052501 0.310433 -0.333875
0.685797 -0.00520684 -0.835809 0.421595 0.296021 -0.433459
0.669038 -0.139698 -0.846164 0.678021 0.272361 -0.548622
0.642029 -0.264746 -0.852516 0.707955 0.232594 -0.655698
0.596261 -0.358869 -0.856586 0.703276 0.16469 -0.736295
0.524655 -0.419198 -0.737068 0.696408 0.0603632 -0.787954
0.425161 -0.454674 -0.217887 0.685944 -0.0753334 -0.818332
0.309968 -0.47514 -0.146783 0.669641 -0.215755 -0.835856
0.202752 -0.487209 -0.146788 0.642029 -0.32945 -0.846191
0.12199 -0.494615 -0.150045 0.596261 -0.404349 -0.852532
0.0702065 -0.499361 -0.154681 0.524655 -0.447899 -0.805489
0.0397547 -0.439725 -0.161521 0.425161 -0.472229 -0.43638
0.0221911 -0.00878781 -0.171963 0.309968 -0.486053 -0.179976
0.0118361 0.29079 -0.188359 0.202752 -0.494248 -0.146793
0.00548378 0.325766 -0.216238 0.12199 -0.499349 -0.15028
0.00141384 0.320309 -0.26213 0.0702065 -0.499356 -0.155402
0.120932 0.312255 -0.333875 0.0397547 -0.439688 -0.16318
0.640113 0.299895 -0.433459 0.0221911 -0.00864819 -0.175521
0.711217 0.280324 -0.548622 0.0118361 0.290815 -0.19578
0.711212 0.248782 -0.655698 0.00548378 0.325773 -0.229832
0.707955 0.195332 -0.736295 0.00141384 0.320309 -0.287978
0.703319 0.111709 -0.787954 0.120932 0.312288 -0.377312
0.696479 -0.00448306 -0.818332 0.640113 0.300067 -0.493507
0.686037 -0.139009 -0.835856 0.711217 0.281029 -0.613748
0.669641 -0.264219 -0.846191 0.711212 0.248782 -0.711104
0.641762 -0.358537 -0.852532 0.707955 0.195332 -0.775239
0.59587 -0.419011 -0.856596 0.703319 0.111709 -0.81253
0.524125 -0.454573 -0.805531 0.696479 -0.00448306 -0.833363
0.424541 -0.475085 -0.436525 0.686037 -0.139009 -0.845201
0.309378 -0.487177 -0.18 0.669641 -0.264219 -0.852218
0.202302 -0.494596 -0.150051 0.641762 -0.358537 -0.856586
0.121705 -0.499349 -0.154724 0.59587 -0.419011 -0.856592
0.0700464 -0.359772 -0.16162 0.524125 -0.454573 -0.805499
0.0396683 0.246545 -0.172203 0.424541 -0.475085 -0.436405
0.0221438 0.329582 -0.188962 0.309378 -0.487177 -0.179979
0.0118092 0.329576 -0.215971 0.202302 -0.494596 -0.150045
0.00546767 0.325773 -0.261739 0.121705 -0.499349 -0.154724
0.0525109 0.320359 -0.333345 0.0700464 -0.359772 -0.161592
0.42162 0.312371 -0.432839 0.0396683 0.246545 -0.172056
0.678024 0.300176 -0.548032 0.0221438 0.329582 -0.188359
0.711207 0.281029 -0.655248 0.0118092 0.329576 -0.215971
0.70772 0.248471 -0.73601 0.00546767 0.325773 -0.261739
0.702598 0.194876 -0.787793 0.00140373 0.320359 -0.333345
0.69482 0.11109 -0.818245 0.0524687 0.312371 -0.432839
0.682479 -0.00520684 -0.835809 0.421475 0.300176 -0.548032
0.66222 -0.139698 -0.846164 0.678 0.281029 -0.655248
0.628168 -0.264746 -0.852516 0.707949 0.248471 -0.73601
0.570022 -0.358869 -0.856586 0.703276 0.194876 -0.787793
0.480688 -0.419198 -0.737068 0.69638 0.11109 -0.818245
0.364493 -0.454674 -0.217887 0.685797 -0.00520684 -0.835809
0.244252 -0.47514 -0.146783 0.669038 -0.139698 -0.846164
0.146896 -0.487209 -0.146788 0.642029 -0.264746 -0.852516
0.082761 -0.494615 -0.150045 0.596261 -0.358869 -0.856586
0.0454698 -0.439676 -0.154681 0.524655 -0.419198 -0.737068
0.0246365 -0.00861859 -0.161521 0.425161 -0.454674 -0.217887
0.0127994 0.290818 -0.171963 0.309968 -0.47514 -0.146783
0.00578158 0.32957 -0.188359 0.202752 -0.487209 -0.146788
0.00141384 0.325498 -0.216238 0.12199 -0.494615 -0.150045
0.00140787 0.319517 -0.26213 0.0702065 -0.499361 -0.154681
0.052501 0.310433 -0.333875 0.0397547 -0.439725 -0.161521
0.421595 0.296021 -0.433459 0.0221911 -0.00878781 -0.171963
0.678021 0.272361 -0.548622 0.0118361 0.29079 -0.188359
0.707955 0.232594 -0.655698 0.00548378 0.325766 -0.216238
0.703276 0.16469 -0.736295 0.00141384 0.320309 -0.26213
0.696408 0.0603632 -0.787954 0.120932 0.312255 -0.333875
0.685944 -0.0753334 -0.818332 0.640113 0.299895 -0.433459
0.669641 -0.215755 -0.835856 0.711217 0.280324 -0.548622
0.642029 -0.32945 -0.846191 0.711212 0.248782 -0.655698
0.596261 -0.404349 -0.852532 0.707955 0.195332 -0.736295
0.524655 -0.447899 -0.805489 0.703319 0.111709 -0.787954
0.425161 -0.472229 -0.43638 0.696479 -0.00448306 -0.818332
0.309968 -0.486053 -0.179976 0.686037 -0.139009 -0.835856
0.202752 -0.494248 -0.146793 0.669641 -0.264219 -0.846191
0.12199 -0.499349 -0.15028 0.641762 -0.358537 -0.852532
0.0702065 -0.499356 -0.155402 0.59587 -0.419011 -0.856596
0.0397547 -0.439688 -0.16318 0.524125 -0.454573 -0.805531
0.0221911 -0.00864819 -0.175521 0.424541 -0.475085 -0.436525
0.0118361 0.290815 -0.19578 0.309378 -0.487177 -0.18
0.00548378 0.325773 -0.229832 0.202302 -0.494596 -0.150051
0.00141384 0.320309 -0.287978 0.121705 -0.499349 -0.154724
0.120932 0.312288 -0.377312 0.0700464 -0.359772 -0.16162
0.640113 0.300067 -0.493507 0.0396683 0.246545 -0.172203
0.711217 0.281029 -0.613748 0.0221438 0.329582 -0.188962
0.711212 0.248782 -0.711104 0.0118092 0.329576 -0.215971
0.707955 0.195332 -0.775239 0.00546767 0.325773 -0.261739
0.703319 0.111709 -0.81253 0.0525109 0.320359 -0.333345
0.696479 -0.00448306 -0.833363 0.42162 0.312371 -0.432839
0.686037 -0.139009 -0.845201 0.678024 0.300176 -0.548032
0.669641 -0.264219 -0.852218 0.711207 0.281029 -0.655248
0.641762 -0.358537 -0.856586 0.70772 0.248471 -0.73601
0.59587 -0.419011 -0.856592 0.702598 0.194876 -0.787793
0.524125 -0.454573 -0.805499 0.69482 0.11109 -0.818245
0.424541 -0.475085 -0.436405 0.682479 -0.00520684 -0.835809
0.309378 -0.487177 -0.179979 0.66222 -0.139698 -0.846164
0.202302 -0.494596 -0.150045 0.628168 -0.264746 -0.852516
0.121705 -0.499349 -0.154724 0.570022 -0.358869 -0.856586
0.0700464 -0.359772 -0.161592 0.480688 -0.419198 -0.737068
0.0396683 0.246545 -0.172056 0.364493 -0.454674 -0.217887
0.0221438 0.329582 -0.188359 0.244252 -0.47514 -0.146783
0.0118092 0.329576 -0.215971 0.146896 -0.487209 -0.146788
0.00546767 0.325773 -0.261739 0.082761 -0.494615 -0.150045
0.0525109 0.320359 -0.333345 0.0454698 -0.439676 -0.154681
0.42162 0.312371 -0.432839 0.0246365 -0.00861859 -0.161521
0.678024 0.300176 -0.548032 0.0127994 0.290818 -0.171963
0.711207 0.281029 -0.655248 0.00578158 0.32957 -0.188359
0.70772 0.248471 -0.73601 0.00141384 0.325498 -0.216238
0.702598 0.194876 -0.787793 0.00140787 0.319517 -0.26213
0.69482 0.11109 -0.818245 0.052501 0.310433 -0.333875
0.682479 -0.00520684 -0.835809 0.421595 0.296021 -0.433459
0.66222 -0.139698 -0.846164 0.678021 0.272361 -0.548622
0.628464 -0.264746 -0.852516 0.707955 0.232594 -0.655698
0.570436 -0.358869 -0.856586 0.703276 0.16469 -0.736295
0.481204 -0.419198 -0.737068 0.696408 0.0603632 -0.787954
0.365021 -0.454674 -0.217887 0.685944 -0.0753334 -0.818332
0.244675 -0.47514 -0.146783 0.669641 -0.215755 -0.835856
0.147166 -0.487209 -0.146788 0.642029 -0.32945 -0.846191
0.0829069 -0.494615 -0.150045 0.596261 -0.404349 -0.852532
0.0455438 -0.439676 -0.154681 0.524655 -0.447899 -0.805489
0.0246742 -0.00861859 -0.161521 0.425161 -0.472229 -0.43638
0.0128194 0.290818 -0.171963 0.309968 -0.486053 -0.179976
0.00579282 0.32957 -0.188359 0.202752 -0.494248 -0.146793
0.00142051 0.325498 -0.216238 0.12199 -0.499349 -0.15028
0.00141384 0.319517 -0.26213 0.0702065 -0.499356 -0.155402
0.0525446 0.310433 -0.333875 0.0397547 -0.439688 -0.16318
0.421745 0.296021 -0.433459 0.0221911 -0.00864819 -0.175521
0.678046 0.272361 -0.548622 0.0118361 0.290815 -0.19578
0.711212 0.23294 -0.655698 0.00548378 0.325773 -0.229832
0.707955 0.165174 -0.736295 0.00141384 0.320309 -0.287978
0.703319 0.0609659 -0.787954 0.120932 0.312288 -0.377312
0.696479 -0.0747173 -0.818332 0.640113 0.300067 -0.493507
0.686037 -0.215261 -0.835856 0.711217 0.281029 -0.613748
0.669641 -0.329135 -0.846191 0.711212 0.248782 -0.711104
0.641762 -0.404179 -0.852532 0.707955 0.195332 -0.775239
0.59587 -0.447813 -0.805489 0.703319 0.111709 -0.81253
0.524125 -0.472185 -0.43638 0.696479 -0.00448306 -0.833363
0.424541 -0.486029 -0.179976 0.686037 -0.139009 -0.845201
0.309378 -0.494235 -0.146793 0.669641 -0.264219 -0.852218
0.202302 -0.499341 -0.15028 0.641762 -0.358537 -0.856586
0.121705 -0.499349 -0.155402 0.59587 -0.419011 -0.856592
0.0700464 -0.439637 -0.16318 0.524125 -0.454573 -0.805499
0.0396683 -0.00847253 -0.175521 0.424541 -0.475085 -0.436405
0.0221438 0.290844 -0.19578 0.309378 -0.487177 -0.179979
0.0118092 0.329576 -0.229536 0.202302 -0.494596 -0.150045
0.00546767 0.325773 -0.287564 0.121705 -0.499349 -0.154724
0.0525109 0.320359 -0.376796 0.0700464 -0.359772 -0.161592
0.42162 0.312371 -0.492979 0.0396683 0.246545 -0.172056
0.678024 0.300176 -0.613325 0.0221438 0.329582 -0.188359
0.711207 0.281029 -0.710834 0.0118092 0.329576 -0.215971
0.70772 0.248471 -0.775093 0.00546767 0.325773 -0.261739
0.702598 0.194876 -0.812456 0.0525109 0.320359 -0.333345
0.69482 0.11109 -0.833326 0.42162 0.312371 -0.432839
0.682479 -0.00520684 -0.845181 0.678024 0.300176 -0.548032
0.66222 -0.139698 -0.852207 0.711207 0.281029 -0.655248
0.628168 -0.264746 -0.856579 0.70772 0.248471 -0.73601
0.570022 -0.358869 -0.856586 0.702598 0.194876 -0.787793
0.480688 -0.419198 -0.805455 0.69482 0.11109 -0.818245
0.364493 -0.454674 -0.436255 0.682479 -0.00520684 -0.835809
0.244252 -0.47514 -0.179954 0.66222 -0.139698 -0.846164
0.146896 -0.487209 -0.146788 0.628464 -0.264746 -0.852516
0.082761 -0.494615 -0.150045 0.570436 -0.358869 -0.856586
0.0454698 -0.439676 -0.154681 0.481204 -0.419198 -0.737068
0.0246365 -0.00861859 -0.161521 0.365021 -0.454674 -0.217887
0.0127994 0.290818 -0.171963 0.244675 -0.47514 -0.146783
0.00578158 0.32957 -0.188359 0.147166 -0.487209 -0.146788
0.00141384 0.325498 -0.216238 0.0829069 -0.494615 -0.150045
0.00140787 0.319517 -0.26213 0.0455438 -0.439676 -0.154681
0.052501 0.310433 -0.333875 0.0246742 -0.00861859 -0.161521
0.421595 0.296021 -0.433459 0.0128194 0.290818 -0.171963
0.678021 0.272361 -0.548622 0.00579282 0.32957 -0.188359
0.707955 0.232594 -0.655698 0.00142051 0.325498 -0.216238
0.703276 0.16469 -0.736295 0.00141384 0.319517 -0.26213
0.696408 0.0603632 -0.787954 0.0525446 0.310433 -0.333875
0.685944 -0.0753334 -0.818332 0.421745 0.296021 -0.433459
0.669641 -0.215755 -0.835856 0.678046 0.272361 -0.548622
0.642029 -0.32945 -0.846191 0.711212 0.23294 -0.655698
0.596261 -0.404349 -0.852532 0.707955 0.165174 -0.736295
0.524655 -0.447899 -0.805489 0.703319 0.0609659 -0.787954
0.425161 -0.472229 -0.43638 0.696479 -0.0747173 -0.818332
0.309968 -0.486053 -0.179976 0.686037 -0.215261 -0.835856
0.202752 -0.494248 -0.146793 0.669641 -0.329135 -0.846191
0.12199 -0.499349 -0.15028 0.641762 -0.404179 -0.852532
0.0702065 -0.499356 -0.155402 0.59587 -0.447813 -0.805489
0.0397547 -0.439688 -0.16318 0.524125 -0.472185 -0.43638
0.0221911 -0.00864819 -0.175521 0.424541 -0.486029 -0.179976
0.0118361 0.290815 -0.19578 0.309378 -0.494235 -0.146793
0.00548378 0.325773 -0.229832 0.202302 -0.499341 -0.15028
0.00141384 0.320309 -0.287978 0.121705 -0.499349 -0.155402
0.120932 0.312288 -0.377312 0.0700464 -0.439637 -0.16318
0.640113 0.300067 -0.493507 0.0396683 -0.00847253 -0.175521
0.711217 0.281029 -0.613748 0.0221438 0.290844 -0.19578
0.711212 0.248782 -0.711104 0.0118092 0.329576 -0.229536
0.707955 0.195332 -0.775239 0.00546767 0.325773 -0.287564
0.703319 0.111709 -0.81253 0.0525109 0.320359 -0.376796
0.696479 -0.00448306 -0.833363 0.42162 0.312371 -0.492979
0.686037 -0.139009 -0.845201 0.678024 0.300176 -0.613325
0.669641 -0.264219 -0.852218 0.711207 0.281029 -0.710834
0.641762 -0.358537 -0.856586 0.70772 0.248471 -0.775093
0.59587 -0.419011 -0.856592 0.702598 0.194876 -0.812456
0.524125 -0.454573 -0.805499 0.69482 0.11109 -0.833326
0.424541 -0.475085 -0.436405 0.682479 -0.00520684 -0.845181
0.309378 -0.487177 -0.179979 0.66222 -0.139698 -0.852207
0.202302 -0.494596 -0.150045 0.628168 -0.264746 -0.856579
0.121705 -0.499349 -0.154724 0.570022 -0.358869 -0.856586
0.0700464 -0.359772 -0.161592 0.480688 -0.419198 -0.805455
0.0396683 0.246545 -0.172056 0.364493 -0.454674 -0.436255
0.0221438 0.329582 -0.188359 0.244252 -0.47514 -0.179954
0.0118092 0.329576 -0.215971 0.146896 -0.487209 -0.146788
0.00546767 0.325773 -0.261739 0.082761 -0.494615 -0.150045
0.0525109 0.320359 -0.333345 0.0454698 -0.439676 -0.154681
0.42162 0.312371 -0.432839 0.0246365 -0.00861859 -0.161521
0.678024 0.300176 -0.548032 0.0127994 0.290818 -0.171963
0.711207 0.281029 -0.655248 0.00578158 0.32957 -0.188359
0.70772 0.248471 -0.73601 0.00141384 0.325498 -0.216238
0.702598 0.194876 -0.787793 0.00140787 0.319517 -0.26213
0.69482 0.11109 -0.818245 0.052501 0.310433 -0.333875
0.682479 -0.00520684 -0.835809 0.421595 0.296021 -0.433459
0.66222 -0.139698 -0.846164 0.678021 0.272361 -0.548622
0.628464 -0.264746 -0.852516 0.707955 0.232594 -0.655698
0.570436 -0.358869 -0.856586 0.703276 0.16469 -0.736295
0.481204 -0.419198 -0.737068 0.696408 0.0603632 -0.787954
0.365021 -0.454674 -0.217887 0.685944 -0.0753334 -0.818332
0.244675 -0.47514 -0.146783 0.669641 -0.215755 -0.835856
0.147166 -0.487209 -0.146788 0.642029 -0.32945 -0.846191
0.0829069 -0.494615 -0.150045 0.596261 -0.404349 -0.852532
0.0455438 -0.439676 -0.154681 0.524655 -0.447899 -0.805489
0.0246742 -0.00861859 -0.161521 0.425161 -0.472229 -0.43638
0.0128194 0.290818 -0.171963 0.309968 -0.486053 -0.179976
0.00579282 0.32957 -0.188359 0.202752 -0.494248 -0.146793
0.00142051 0.325498 -0.216238 0.12199 -0.499349 -0.15028
0.00141384 0.319517 -0.26213 0.0702065 -0.499356 -0.155402
0.0525446 0.310433 -0.333875 0.0397547 -0.439688 -0.16318
0.421745 0.296021 -0.433459 0.0221911 -0.00864819 -0.175521
0.678046 0.272361 -0.548622 0.0118361 0.290815 -0.19578
0.711212 0.23294 -0.655698 0.00548378 0.325773 -0.229832
0.707955 0.165174 -0.736295 0.00141384 0.320309 -0.287978
0.703319 0.0609659 -0.787954 0.120932 0.312288 -0.377312
0.696479 -0.0747173 -0.818332 0.640113 0.300067 -0.493507
0.686037 -0.215261 -0.835856 0.711217 0.281029 -0.613748
0.669641 -0.329135 -0.846191 0.711212 0.248782 -0.711104
0.641762 -0.404179 -0.852532 0.707955 0.195332 -0.775239
0.59587 -0.447813 -0.805489 0.703319 0.111709 -0.81253
0.524125 -0.472185 -0.43638 0.696479 -0.00448306 -0.833363
0.424541 -0.486029 -0.179976 0.686037 -0.139009 -0.845201
0.309378 -0.494235 -0.146793 0.669641 -0.264219 -0.852218
0.202302 -0.499341 -0.15028 0.641762 -0.358537 -0.856586
0.121705 -0.499349 -0.155402 0.59587 -0.419011 -0.856592
0.0700464 -0.439637 -0.16318 0.524125 -0.454573 -0.805499
0.0396683 -0.00847253 -0.175521 0.424541 -0.475085 -0.436405
0.0221438 0.290844 -0.19578 0.309378 -0.487177 -0.179979
0.0118092 0.329576 -0.229536 0.202302 -0.494596 -0.150045
0.00546767 0.325773 -0.287564 0.121705 -0.499349 -0.154724
0.0525109 0.320359 -0.376796 0.0700464 -0.359772 -0.161592
0.42162 0.312371 -0.492979 0.0396683 0.246545 -0.172056
0.678024 0.300176 -0.613325 0.0221438 0.329582 -0.188359
0.711207 0.281029 -0.710834 0.0118092 0.329576 -0.215971
0.70772 0.248471 -0.775093 0.00546767 0.325773 -0.261739
0.702598 0.194876 -0.812456 0.0525109 0.320359 -0.333345
0.69482 0.11109 -0.833326 0.42162 0.312371 -0.432839
0.682479 -0.00520684 -0.845181 0.678024 0.300176 -0.548032
0.66222 -0.139698 -0.852207 0.711207 0.281029 -0.655248
0.628168 -0.264746 -0.856579 0.70772 0.248471 -0.73601
0.570022 -0.358869 -0.856586 0.702598 0.194876 -0.787793
0.480688 -0.419198 -0.805455 0.69482 0.11109 -0.818245
0.364493 -0.454674 -0.436255 0.682479 -0.00520684 -0.835809
0.244252 -0.47514 -0.179954 0.66222 -0.139698 -0.846164
0.146896 -0.487209 -0.146788 0.628464 -0.264746 -0.852516
0.082761 -0.494615 -0.150045 0.570436 -0.358869 -0.856586
0.0454698 -0.439676 -0.154681 0.481204 -0.419198 -0.737068
0.0246365 -0.00861859 -0.161521 0.365021 -0.454674 -0.217887
0.0127994 0.290818 -0.171963 0.244675 -0.47514 -0.146783
0.00578158 0.32957 -0.188359 0.147166 -0.487209 -0.146788
0.00141384 0.325498 -0.216238 0.0829069 -0.494615 -0.150045
0.00140787 0.319517 -0.26213 0.0455438 -0.439676 -0.154681
0.052501 0.310433 -0.333875 0.0246742 -0.00861859 -0.161521
0.421595 0.296021 -0.433459 0.0128194 0.290818 -0.171963
0.678021 0.272361 -0.548622 0.00579282 0.32957 -0.188359
0.707955 0.232594 -0.655698 0.00142051 0.325498 -0.216238
0.703276 0.16469 -0.736295 0.00141384 0.319517 -0.26213
0.696408 0.0603632 -0.787954 0.0525446 0.310433 -0.333875
0.685944 -0.0753334 -0.818332 0.421745 0.296021 -0.433459
0.669641 -0.215755 -0.835856 0.678046 0.272361 -0.548622
0.642029 -0.32945 -0.846191 0.711212 0.23294 -0.655698
0.596261 -0.404349 -0.852532 0.707955 0.165174 -0.736295
0.524655 -0.447899 -0.805489 0.703319 0.0609659 -0.787954
0.425161 -0.472229 -0.43638 0.696479 -0.0747173 -0.818332
0.309968 -0.486053 -0.179976 0.686037 -0.215261 -0.835856
0.202752 -0.494248 -0.146793 0.669641 -0.329135 -0.846191
0.12199 -0.499349 -0.15028 0.641762 -0.404179 -0.852532
0.0702065 -0.499356 -0.155402 0.59587 -0.447813 -0.805489
0.0397547 -0.439688 -0.16318 0.524125 -0.472185 -0.43638
0.0221911 -0.00864819 -0.175521 0.424541 -0.486029 -0.179976
0.0118361 0.290815 -0.19578 0.309378 -0.494235 -0.146793
0.00548378 0.325773 -0.229832 0.202302 -0.499341 -0.15028
0.00141384 0.320309 -0.287978 0.121705 -0.499349 -0.155402
0.120932 0.312288 -0.377312 0.0700464 -0.439637 -0.16318
0.640113 0.300067 -0.493507 0.0396683 -0.00847253 -0.175521
0.711217 0.281029 -0.613748 0.0221438 0.290844 -0.19578
0.711212 0.248782 -0.711104 0.0118092 0.329576 -0.229536
0.707955 0.195332 -0.775239 0.00546767 0.325773 -0.287564
0.703319 0.111709 -0.81253 0.0525109 0.320359 -0.376796
0.696479 -0.00448306 -0.833363 0.42162 0.312371 -0.492979
0.686037 -0.139009 -0.845201 0.678024 0.300176 -0.613325
0.669641 -0.264219 -0.852218 0.711207 0.281029 -0.710834
0.641762 -0.358537 -0.856586 0.70772 0.248471 -0.775093
0.59587 -0.419011 -0.856592 0.702598 0.194876 -0.812456
0.524125 -0.454573 -0.805499 0.69482 0.11109 -0.833326
0.424541 -0.475085 -0.436405 0.682479 -0.00520684 -0.845181
0.309378 -0.487177 -0.179979 0.66222 -0.139698 -0.852207
0.202302 -0.494596 -0.150045 0.628168 -0.264746 -0.856579
0.121705 -0.499349 -0.154724 0.570022 -0.358869 -0.856586
0.0700464 -0.359772 -0.161592 0.480688 -0.419198 -0.805455
0.0396683 0.246545 -0.172056 0.364493 -0.454674 -0.436255
0.0221438 0.329582 -0.188359 0.244252 -0.47514 -0.179954
0.0118092 0.329576 -0.215971 0.146896 -0.487209 -0.146788
0.00546767 0.325773 -0.261739 0.082761 -0.494615 -0.150045
0.0525109 0.320359 -0.333345 0.0454698 -0.439676 -0.154681
0.42162 0.312371 -0.432839 0.0246365 -0.00861859 -0.161521
0.678024 0.300176 -0.548032 0.0127994 0.290818 -0.171963
0.711207 0.281029 -0.655248 0.00578158 0.32957 -0.188359
0.70772 0.248471 -0.73601 0.00141384 0.325498 -0.216238
0.702598 0.194876 -0.787793 0.00140787 0.319517 -0.26213
0.69482 0.11109 -0.818245 0.052501 0.310433 -0.333875
0.682479 -0.00520684 -0.835809 0.421595 0.296021 -0.433459
0.66222 -0.139698 -0.846164 0.678021 0.272361 -0.548622
0.628168 -0.264746 -0.852516 0.707955 0.232594 -0.655698
0.570022 -0.358869 -0.856586 0.703276 0.16469 -0.736295
0.480688 -0.419198 -0.737068 0.696408 0.0603632 -0.787954
0.364493 -0.454674 -0.217887 0.685944 -0.0753334 -0.818332
0.244252 -0.47514 -0.146783 0.669641 -0.215755 -0.835856
0.146896 -0.487209 -0.146788 0.642029 -0.32945 -0.846191
0.082761 -0.494615 -0.150045 0.596261 -0.404349 -0.852532
0.0454698 -0.439676 -0.154681 0.524655 -0.447899 -0.805489
0.0246365 -0.00861859 -0.161521 0.425161 -0.472229 -0.43638
0.0127994 0.290818 -0.171963 0.309968 -0.486053 -0.179976
0.00578158 0.32957 -0.188359 0.202752 -0.494248 -0.146793
0.00141384 0.325498 -0.216238 0.12199 -0.499349 -0.15028
0.00140787 0.319517 -0.26213 0.0702065 -0.499356 -0.155402
0.052501 0.310433 -0.333875 0.0397547 -0.439688 -0.16318
0.421595 0.296021 -0.433459 0.0221911 -0.00864819 -0.175521
0.678021 0.272361 -0.548622 0.0118361 0.290815 -0.19578
0.707955 0.232594 -0.655698 0.00548378 0.325773 -0.229832
0.703276 0.16469 -0.736295 0.00141384 0.320309 -0.287978
0.696408 0.0603632 -0.787954 0.120932 0.312288 -0.377312
0.685944 -0.0753334 -0.818332 0.640113 0.300067 -0.493507
0.669641 -0.215755 -0.835856 0.711217 0.281029 -0.613748
0.642029 -0.32945 -0.846191 0.711212 0.248782 -0.711104
0.596261 -0.404349 -0.852532 0.707955 0.195332 -0.775239
0.524655 -0.447899 -0.805489 0.703319 0.111709 -0.81253
0.425161 -0.472229 -0.43638 0.696479 -0.00448306 -0.833363
0.309968 -0.486053 -0.179976 0.686037 -0.139009 -0.845201
0.202752 -0.494248 -0.146793 0.669641 -0.264219 -0.852218
0.12199 -0.499349 -0.15028 0.641762 -0.358537 -0.856586
0.0702065 -0.499356 -0.155402 0.59587 -0.419011 -0.856592
0.0397547 -0.439688 -0.16318 0.524125 -0.454573 -0.805499
0.0221911 -0.00864819 -0.175521 0.424541 -0.475085 -0.436405
0.0118361 0.290815 -0.19578 0.309378 -0.487177 -0.179979
0.00548378 0.325773 -0.229832 0.202302 -0.494596 -0.150045
0.00141384 0.320309 -0.287978 0.121705 -0.499349 -0.154724
0.120932 0.312288 -0.377312 0.0700464 -0.359772 -0.161592
0.640113 0.300067 -0.493507 0.0396683 0.246545 -0.172056
0.711217 0.281029 -0.613748 0.0221438 0.329582 -0.188359
0.711212 0.248782 -0.711104 0.0118092 0.329576 -0.215971
0.707955 0.195332 -0.775239 0.00546767 0.325773 -0.261739
0.703319 0.111709 -0.81253 0.0525109 0.320359 -0.333345
0.696479 -0.00448306 -0.833363 0.42162 0.312371 -0.432839
0.686037 -0.139009 -0.845201 0.678024 0.300176 -0.548032
0.669641 -0.264219 -0.852218 0.711207 0.281029 -0.655248
0.641762 -0.358537 -0.856586 0.70772 0.248471 -0.73601
0.59587 -0.419011 -0.856592 0.702598 0.194876 -0.787793
0.524125 -0.454573 -0.805499 0.69482 0.11109 -0.818245
0.424541 -0.475085 -0.436405 0.682479 -0.00520684 -0.835809
0.309378 -0.487177 -0.179979 0.66222 -0.139698 -0.846164
0.202302 -0.494596 -0.150045 0.628168 -0.264746 -0.852516
0.121705 -0.499349 -0.154724 0.570022 -0.358869 -0.856586
0.0700464 -0.359772 -0.161592 0.480688 -0.419198 -0.737068
0.0396683 0.246545 -0.172056 0.364493 -0.454674 -0.217887
0.0221438 0.329582 -0.188359 0.244252 -0.47514 -0.146783
0.0118092 0.329576 -0.215971 0.146896 -0.487209 -0.146788
0.00546767 0.325773 -0.261739 0.082761 -0.494615 -0.150045
0.00140373 0.320359 -0.333345 0.0454698 -0.439676 -0.154681
0.0524687 0.312371 -0.432839 0.0246365 -0.00861859 -0.161521
0.421475 0.300176 -0.548032 0.0127994 0.290818 -0.171963
0.678 0.281029 -0.655248 0.00578158 0.32957 -0.188359
0.707949 0.248471 -0.73601 0.00141384 0.325498 -0.216238
0.703276 0.194876 -0.787793 0.00140787 0.319517 -0.26213
0.69638 0.11109 -0.818245 0.052501 0.310433 -0.333875
0.685797 -0.00520684 -0.835809 0.421595 0.296021 -0.433459
0.669038 -0.139698 -0.846164 0.678021 0.272361 -0.548622
0.642029 -0.264746 -0.852516 0.707955 0.232594 -0.655698
0.596261 -0.358869 -0.856586 0.703276 0.16469 -0.736295
0.524655 -0.419198 -0.737068 0.696408 0.0603632 -0.787954
0.425161 -0.454674 -0.217887 0.685944 -0.0753334 -0.818332
0.309968 -0.47514 -0.146783 0.669641 -0.215755 -0.835856
0.202752 -0.487209 -0.146788 0.642029 -0.32945 -0.846191
0.12199 -0.494615 -0.150045 0.596261 -0.404349 -0.852532
0.0702065 -0.499361 -0.154681 0.524655 -0.447899 -0.805489
0.0397547 -0.439725 -0.161521 0.425161 -0.472229 -0.43638
0.0221911 -0.00878781 -0.171963 0.309968 -0.486053 -0.179976
0.0118361 0.29079 -0.188359 0.202752 -0.494248 -0.146793
0.00548378 0.325766 -0.216238 0.12199 -0.499349 -0.15028
0.00141384 0.320309 -0.26213 0.0702065 -0.499356 -0.155402
0.120932 0.312255 -0.333875 0.0397547 -0.439688 -0.16318
0.640113 0.299895 -0.433459 0.0221911 -0.00864819 -0.175521
0.711217 0.280324 -0.548622 0.0118361 0.290815 -0.19578
0.711212 0.248782 -0.655698 0.00548378 0.325773 -0.229832
0.707955 0.195332 -0.736295 0.00141384 0.320309 -0.287978
0.703319 0.111709 -0.787954 0.120932 0.312288 -0.377312
0.696479 -0.00448306 -0.818332 0.640113 0.300067 -0.493507
0.686037 -0.139009 -0.835856 0.711217 0.281029 -0.613748
0.669641 -0.264219 -0.846191 0.711212 0.248782 -0.711104
0.641762 -0.358537 -0.852532 0.707955 0.195332 -0.775239
0.59587 -0.419011 -0.856596 0.703319 0.111709 -0.81253
0.524125 -0.454573 -0.805531 0.696479 -0.00448306 -0.833363
0.424541 -0.475085 -0.436525 0.686037 -0.139009 -0.845201
0.309378 -0.487177 -0.18 0.669641 -0.264219 -0.852218
0.202302 -0.494596 -0.150051 0.641762 -0.358537 -0.856586
0.121705 -0.499349 -0.154724 0.59587 -0.419011 -0.856592
0.0700464 -0.359772 -0.16162 0.524125 -0.454573 -0.805499
0.0396683 0.246545 -0.172203 0.424541 -0.475085 -0.436405
0.0221438 0.329582 -0.188962 0.309378 -0.487177 -0.179979
0.0118092 0.329576 -0.215971 0.202302 -0.494596 -0.150045
0.00546767 0.325773 -0.261739 0.121705 -0.499349 -0.154724
0.0525109 0.320359 -0.333345 0.0700464 -0.359772 -0.161592
0.42162 0.312371 -0.432839 0.0396683 0.246545 -0.172056
0.678024 0.300176 -0.548032 0.0221438 0.329582 -0.188359
0.711207 0.281029 -0.655248 0.0118092 0.329576 -0.215971
0.70772 0.248471 -0.73601 0.00546767 0.325773 -0.261739
0.702598 0.194876 -0.787793 0.00140373 0.320359 -0.333345
0.69482 0.11109 -0.818245 0.0524687 0.312371 -0.432839
0.682479 -0.00520684 -0.835809 0.421475 0.300176 -0.548032
0.66222 -0.139698 -0.846164 0.678 0.281029 -0.655248
0.628168 -0.264746 -0.852516 0.707949 0.248471 -0.73601
0.570022 -0.358869 -0.856586 0.703276 0.194876 -0.787793
0.480688 -0.419198 -0.737068 0.69638 0.11109 -0.818245
0.364493 -0.454674 -0.217887 0.685797 -0.00520684 -0.835809
0.244252 -0.47514 -0.146783 0.669038 -0.139698 -0.846164
0.146896 -0.487209 -0.146788 0.642029 -0.264746 -0.852516
0.082761 -0.494615 -0.150045 0.596261 -0.358869 -0.856586
0.0454698 -0.439676 -0.154681 0.524655 -0.419198 -0.737068
0.0246365 -0.00861859 -0.161521 0.425161 -0.454674 -0.217887
0.0127994 0.290818 -0.171963 0.309968 -0.47514 -0.146783
0.00578158 0.32957 -0.188359 0.202752 -0.487209 -0.146788
0.00141384 0.325498 -0.216238 0.12199 -0.494615 -0.150045
0.00140787 0.319517 -0.26213 0.0702065 -0.499361 -0.154681
0.052501 0.310433 -0.333875 0.0397547 -0.439725 -0.161521
0.421595 0.296021 -0.433459 0.0221911 -0.00878781 -0.171963
0.678021 0.272361 -0.548622 0.0118361 0.29079 -0.188359
0.707955 0.232594 -0.655698 0.00548378 0.325766 -0.216238
0.703276 0.16469 -0.736295 0.00141384 0.320309 -0.26213
0.696408 0.0603632 -0.787954 0.120932 0.312255 -0.333875
0.685944 -0.0753334 -0.818332 0.640113 0.299895 -0.433459
0.669641 -0.215755 -0.835856 0.711217 0.280324 -0.548622
0.642029 -0.32945 -0.846191 0.711212 0.248782 -0.655698
0.596261 -0.404349 -0.852532 0.707955 0.195332 -0.736295
0.524655 -0.447899 -0.805489 0.703319 0.111709 -0.787954
0.425161 -0.472229 -0.43638 0.696479 -0.00448306 -0.818332
0.309968 -0.486053 -0.179976 0.686037 -0.139009 -0.835856
0.202752 -0.494248 -0.146793 0.669641 -0.264219 -0.846191
0.12199 -0.499349 -0.15028 0.641762 -0.358537 -0.852532
0.0702065 -0.499356 -0.155402 0.59587 -0.419011 -0.856596
0.0397547 -0.439688 -0.16318 0.524125 -0.454573 -0.805531
0.0221911 -0.00864819 -0.175521 0.424541 -0.475085 -0.436525
0.0118361 0.290815 -0.19578 0.309378 -0.487177 -0.18
0.00548378 0.325773 -0.229832 0.202302 -0.494596 -0.150051
0.00141384 0.320309 -0.287978 0.121705 -0.499349 -0.154724
0.120932 0.312288 -0.377312 0.0700464 -0.359772 -0.16162
0.640113 0.300067 -0.493507 0.0396683 0.246545 -0.172203
0.711217 0.281029 -0.613748 0.0221438 0.329582 -0.188962
0.711212 0.248782 -0.711104 0.0118092 0.329576 -0.215971
0.707955 0.195332 -0.775239 0.00546767 0.325773 -0.261739
0.703319 0.111709 -0.81253 0.0525109 0.320359 -0.333345
0.696479 -0.00448306 -0.833363 0.42162 0.312371 -0.432839
0.686037 -0.139009 -0.845201 0.678024 0.300176 -0.548032
0.669641 -0.264219 -0.852218 0.711207 0.281029 -0.655248
0.641762 -0.358537 -0.856586 0.70772 0.248471 -0.73601
0.59587 -0.419011 -0.856592 0.702598 0.194876 -0.787793
0.524125 -0.454573 -0.805499 0.69482 0.11109 -0.818245
0.424541 -0.475085 -0.436405 0.682479 -0.00520684 -0.835809
0.309378 -0.487177 -0.179979 0.66222 -0.139698 -0.846164
0.202302 -0.494596 -0.150045 0.628168 -0.264746 -0.852516
0.121705 -0.499349 -0.154724 0.570022 -0.358869 -0.856586
0.0700464 -0.359772 -0.161592 0.480688 -0.419198 -0.737068
0.0396683 0.246545 -0.172056 0.364493 -0.454674 -0.217887
0.0221438 0.329582 -0.188359 0.244252 -0.47514 -0.146783
0.0118092 0.329576 -0.215971 0.146896 -0.487209 -0.146788
0.00546767 0.325773 -0.261739 0.082761 -0.494615 -0.150045
0.0525109 0.320359 -0.333345 0.0454698 -0.439676 -0.154681
0.42162 0.312371 -0.432839 0.0246365 -0.00861859 -0.161521
0.678024 0.300176 -0.548032 0.0127994 0.290818 -0.171963
0.711207 0.281029 -0.655248 0.00578158 0.32957 -0.188359
0.70772 0.248471 -0.73601 0.00141384 0.325498 -0.216238
0.702598 0.194876 -0.787793 0.00140787 0.319517 -0.26213
0.69482 0.11109 -0.818245 0.052501 0.310433 -0.333875
0.682479 -0.00520684 -0.835809 0.421595 0.296021 -0.433459
0.66222 -0.139698 -0.846164 0.678021 0.272361 -0.548622
0.628464 -0.264746 -0.852516 0.707955 0.232594 -0.655698
0.570436 -0.358869 -0.856586 0.703276 0.16469 -0.736295
0.481204 -0.419198 -0.737068 0.696408 0.0603632 -0.787954
0.365021 -0.454674 -0.217887 0.685944 -0.0753334 -0.818332
0.244675 -0.47514 -0.146783 0.669641 -0.215755 -0.835856
0.147166 -0.487209 -0.146788 0.642029 -0.32945 -0.846191
0.0829069 -0.494615 -0.150045 0.596261 -0.404349 -0.852532
0.0455438 -0.439676 -0.154681 0.524655 -0.447899 -0.805489
0.0246742 -0.00861859 -0.161521 0.425161 -0.472229 -0.43638
0.0128194 0.290818 -0.171963 0.309968 -0.486053 -0.179976
0.00579282 0.32957 -0.188359 0.202752 -0.494248 -0.146793
0.00142051 0.325498 -0.216238 0.12199 -0.499349 -0.15028
0.00141384 0.319517 -0.26213 0.0702065 -0.499356 -0.155402
0.0525446 0.310433 -0.333875 0.0397547 -0.439688 -0.16318
0.421745 0.296021 -0.433459 0.0221911 -0.00864819 -0.175521
0.678046 0.272361 -0.548622 0.0118361 0.290815 -0.19578
0.711212 0.23294 -0.655698 0.00548378 0.325773 -0.229832
0.707955 0.165174 -0.736295 0.00141384 0.320309 -0.287978
0.703319 0.0609659 -0.787954 0.120932 0.312288 -0.377312
0.696479 -0.0747173 -0.818332 0.640113 0.300067 -0.493507
0.686037 -0.215261 -0.835856 0.711217 0.281029 -0.613748
0.669641 -0.329135 -0.846191 0.711212 0.248782 -0.711104
0.641762 -0.404179 -0.852532 0.707955 0.195332 -0.775239
0.59587 -0.447813 -0.805489 0.703319 0.111709 -0.81253
0.524125 -0.472185 -0.43638 0.696479 -0.00448306 -0.833363
0.424541 -0.486029 -0.179976 0.686037 -0.139009 -0.845201
0.309378 -0.494235 -0.146793 0.669641 -0.264219 -0.852218
0.202302 -0.499341 -0.15028 0.641762 -0.358537 -0.856586
0.121705 -0.499349 -0.155402 0.59587 -0.419011 -0.856592
0.0700464 -0.439637 -0.16318 0.524125 -0.454573 -0.805499
0.0396683 -0.00847253 -0.175521 0.424541 -0.475085 -0.436405
0.0221438 0.290844 -0.19578 0.309378 -0.487177 -0.179979
0.0118092 0.329576 -0.229536 0.202302 -0.494596 -0.150045
0.00546767 0.325773 -0.287564 0.121705 -0.499349 -0.154724
0.0525109 0.320359 -0.376796 0.0700464 -0.359772 -0.161592
0.42162 0.312371 -0.492979 0.0396683 0.246545 -0.172056
0.678024 0.300176 -0.613325 0.0221438 0.329582 -0.188359
0.711207 0.281029 -0.710834 0.0118092 0.329576 -0.215971
0.70772 0.248471 -0.775093 0.00546767 0.325773 -0.261739
0.702598 0.194876 -0.812456 0.0525109 0.320359 -0.333345
0.69482 0.11109 -0.833326 0.42162 0.312371 -0.432839
0.682479 -0.00520684 -0.845181 0.678024 0.300176 -0.548032
0.66222 -0.139698 -0.852207 0.711207 0.281029 -0.655248
0.628168 -0.264746 -0.856579 0.70772 0.248471 -0.73601
0.570022 -0.358869 -0.856586 0.702598 0.194876 -0.787793
0.480688 -0.419198 -0.805455 0.69482 0.11109 -0.818245
0.364493 -0.454674 -0.436255 0.682479 -0.00520684 -0.835809
0.244252 -0.47514 -0.179954 0.66222 -0.139698 -0.846164
0.146896 -0.487209 -0.146788 0.628464 -0.264746 -0.852516
0.082761 -0.494615 -0.150045 0.570436 -0.358869 -0.856586
0.0454698 -0.439676 -0.154681 0.481204 -0.419198 -0.737068
0.0246365 -0.00861859 -0.161521 0.365021 -0.454674 -0.217887
0.0127994 0.290818 -0.171963 0.244675 -0.47514 -0.146783
0.00578158 0.32957 -0.188359 0.147166 -0.487209 -0.146788
0.00141384 0.325498 -0.216238 0.0829069 -0.494615 -0.150045
0.00140787 0.319517 -0.26213 0.0455438 -0.439676 -0.154681
0.052501 0.310433 -0.333875 0.0246742 -0.00861859 -0.161521
0.421595 0.296021 -0.433459 0.0128194 0.290818 -0.171963
0.678021 0.272361 -0.548622 0.00579282 0.32957 -0.188359
0.707955 0.232594 -0.655698 0.00142051 0.325498 -0.216238
0.703276 0.16469 -0.736295 0.00141384 0.319517 -0.26213
0.696408 0.0603632 -0.787954 0.0525446 0.310433 -0.333875
0.685944 -0.0753334 -0.818332 0.421745 0.296021 -0.433459
0.669641 -0.215755 -0.835856 0.678046 0.272361 -0.548622
0.642029 -0.32945 -0.846191 0.711212 0.23294 -0.655698
0.596261 -0.404349 -0.852532 0.707955 0.165174 -0.736295
0.524655 -0.447899 -0.805489 0.703319 0.0609659 -0.787954
0.425161 -0.472229 -0.43638 0.696479 -0.0747173 -0.818332
0.309968 -0.486053 -0.179976 0.686037 -0.215261 -0.835856
0.202752 -0.494248 -0.146793 0.669641 -0.329135 -0.846191
0.12199 -0.499349 -0.15028 0.641762 -0.404179 -0.852532
0.0702065 -0.499356 -0.155402 0.59587 -0.447813 -0.805489
0.0397547 -0.439688 -0.16318 0.524125 -0.472185 -0.43638
0.0221911 -0.00864819 -0.175521 0.424541 -0.486029 -0.179976
0.0118361 0.290815 -0.19578 0.309378 -0.494235 -0.146793
0.00548378 0.325773 -0.229832 0.202302 -0.499341 -0.15028
0.00141384 0.320309 -0.287978 0.121705 -0.499349 -0.155402
0.120932 0.312288 -0.377312 0.0700464 -0.439637 -0.16318
0.640113 0.300067 -0.493507 0.0396683 -0.00847253 -0.175521
0.711217 0.281029 -0.613748 0.0221438 0.290844 -0.19578
0.711212 0.248782 -0.711104 0.0118092 0.329576 -0.229536
0.707955 0.195332 -0.775239 0.00546767 0.325773 -0.287564
0.703319 0.111709 -0.81253 0.0525109 0.320359 -0.376796
0.696479 -0.00448306 -0.833363 0.42162 0.312371 -0.492979
0.686037 -0.139009 -0.845201 0.678024 0.300176 -0.613325
0.669641 -0.264219 -0.852218 0.711207 0.281029 -0.710834
