0.3575 -0.0835 -0.5005 0.3575 -0.0835 -0.5005
0.3575 -0.0835 -0.5005 0.3575 -0.0835 -0.5005
-0.00942046 -0.0835 -0.5005 0.3575 -0.0835 -0.5005
0.724576 -0.0835 -0.5005 0.3575 -0.0835 -0.5005
0.640965 -0.0835 -0.5005 0.3575 -0.0835 -0.5005
0.00138624 -0.0835 -0.5005 0.3575 -0.0835 -0.5005
0.00138624 -0.0835 -0.5005 0.3575 -0.0835 -0.5005
0.00138624 -0.0835 -0.5005 0.3575 -0.0835 -0.5005
0.00138624 -0.0835 -0.5005 0.3575 -0.0835 -0.5005
0.00138624 -0.0835 -0.5005 0.3575 -0.0835 -0.5005
0.00138624 -0.0835 -0.5005 0.3575 -0.0835 -0.5005
0.00138624 -0.0835 -0.5005 0.3575 -0.0835 -0.5005
0.00138624 -0.0835 -0.5005 0.3575 -0.0835 -0.5005
0.00138624 -0.0835 -0.5005 0.3575 -0.0835 -0.5005
0.00138624 -0.0835 -0.5005 0.3575 -0.0835 -0.5005
0.00138624 -0.0835 -0.5005 0.3575 -0.0835 -0.5005
0.00138624 -0.0835 -0.5005 0.3575 -0.0835 -0.5005
0.00138624 -0.0835 -0.5005 0.3575 -0.0835 -0.5005
0.00138624 -0.512002 -0.5005 0.3575 -0.0835 -0.5005
0.00138624 0.345183 -0.5005 0.3575 -0.0835 -0.5005
0.00138624 0.247539 -0.5005 0.3575 -0.0835 -0.5005
0.00138624 -0.499381 -0.5005 0.3575 -0.0835 -0.5005
0.00138624 -0.499381 -0.5005 0.3575 -0.0835 -0.5005
0.00138624 -0.499381 -0.5005 0.3575 -0.0835 -0.5005
0.00138624 -0.499381 -0.5005 0.3575 -0.0835 -0.5005
0.00138624 -0.499381 -0.5005 0.3575 -0.0835 -0.5005
0.00138624 -0.499381 -0.5005 0.3575 -0.0835 -0.5005
0.00138624 -0.499381 -0.5005 0.3575 -0.0835 -0.5005
0.00138624 -0.499381 -0.5005 0.3575 -0.0835 -0.5005
0.00138624 -0.499381 -0.5005 0.3575 -0.0835 -0.5005
0.00138624 -0.499381 -0.5005 0.3575 -0.0835 -0.5005
0.00138624 -0.499381 -0.5005 0.3575 -0.0835 -0.5005
0.00138624 -0.499381 -0.5005 0.3575 -0.0835 -0.5005
0.00138624 -0.499381 -0.5005 0.3575 -0.0835 -0.5005
0.711202 -0.499381 -0.86742 0.3575 -0.0835 -0.5005
0.711202 -0.499381 -0.133424 0.3575 -0.0835 -0.5005
0.711202 -0.499381 -0.217035 0.3575 -0.0835 -0.5005
0.711202 -0.499381 -0.856614 0.3575 -0.0835 -0.5005
0.711202 -0.499381 -0.856614 0.3575 -0.0835 -0.5005
0.711202 -0.499381 -0.856614 0.3575 -0.0835 -0.5005
0.711202 -0.499381 -0.856614 0.3575 -0.0835 -0.5005
0.709387 -0.499381 -0.856614 0.3575 -0.0835 -0.5005
0.707149 -0.499381 -0.856614 0.3575 -0.0835 -0.5005
0.704359 -0.499381 -0.856614 0.3575 -0.0835 -0.5005
0.700834 -0.499381 -0.856614 0.3575 -0.0835 -0.5005
0.696907 -0.499381 -0.856614 0.3575 -0.0835 -0.5005
0.691198 -0.499381 -0.856614 0.3575 -0.0835 -0.5005
0.683689 -0.499381 -0.856614 0.3575 -0.0835 -0.5005
0.673687 -0.499381 -0.856614 0.3575 -0.0835 -0.5005
0.66023 -0.499381 -0.856614 0.3575 -0.0835 -0.5005
0.642029 0.329565 -0.856614 -0.00942046 -0.0835 -0.5005
0.617462 0.329565 -0.856614 0.724576 -0.0835 -0.5005
0.58453 0.329565 -0.856614 0.640965 -0.0835 -0.5005
0.541752 0.329565 -0.856614 0.00138624 -0.0835 -0.5005
0.488486 0.329565 -0.856614 0.00138624 -0.0835 -0.5005
0.425877 0.329565 -0.856614 0.00138624 -0.0835 -0.5005
0.357301 0.329565 -0.856614 0.00138624 -0.0835 -0.5005
0.287903 0.327445 -0.856614 0.00138624 -0.0835 -0.5005
0.223194 0.324832 -0.856614 0.00138624 -0.0835 -0.5005
0.167406 0.321573 -0.856614 0.00138624 -0.0835 -0.5005
0.122492 0.317456 -0.856614 0.00138624 -0.0835 -0.5005
0.0882176 0.312871 -0.856614 0.00138624 -0.0835 -0.5005
0.0629914 0.306203 -0.856614 0.00138624 -0.0835 -0.5005
0.0447836 0.297433 -0.856614 0.00138624 -0.0835 -0.5005
0.031717 0.285753 -0.856614 0.00138624 -0.0835 -0.5005
0.0223004 0.270038 -0.856614 0.00138624 -0.0835 -0.5005
0.0154424 0.248782 -0.146798 0.00138624 -0.512002 -0.5005
0.0103773 0.220092 -0.146798 0.00138624 0.345183 -0.5005
0.0065779 0.181632 -0.146798 0.00138624 0.247539 -0.5005
0.00368261 0.131676 -0.146798 0.00138624 -0.499381 -0.5005
0.00144236 0.0694698 -0.146798 0.00138624 -0.499381 -0.5005
0.00143829 -0.00364747 -0.146798 0.00138624 -0.499381 -0.5005
0.00143442 -0.083732 -0.146798 0.00138624 -0.499381 -0.5005
0.00143073 -0.164778 -0.148613 0.00138624 -0.499381 -0.5005
0.00142721 -0.240347 -0.150851 0.00138624 -0.499381 -0.5005
0.00142387 -0.305498 -0.153641 0.00138624 -0.499381 -0.5005
0.00142069 -0.35795 -0.157166 0.00138624 -0.499381 -0.5005
0.00141766 -0.397977 -0.161093 0.00138624 -0.499381 -0.5005
0.0170493 -0.427437 -0.166802 0.00138624 -0.499381 -0.5005
0.0755523 -0.4487 -0.174311 0.00138624 -0.499381 -0.5005
0.274949 -0.46396 -0.184313 0.00138624 -0.499381 -0.5005
0.545133 -0.474957 -0.19777 0.00138624 -0.499381 -0.5005
0.665212 -0.482966 -0.215971 0.711202 -0.499381 -0.86742
0.699702 -0.488881 -0.240538 0.711202 -0.499381 -0.133424
0.71122 -0.493318 -0.27347 0.711202 -0.499381 -0.217035
0.709776 -0.496699 -0.316248 0.711202 -0.499381 -0.856614
0.708069 -0.499316 -0.369514 0.711202 -0.499381 -0.856614
0.706035 -0.49932 -0.432123 0.711202 -0.499381 -0.856614
0.703591 -0.499325 -0.500699 0.711202 -0.499381 -0.856614
0.700643 -0.499329 -0.570097 0.709387 -0.499381 -0.856614
0.697069 -0.499333 -0.634806 0.707149 -0.499381 -0.856614
0.692682 -0.499337 -0.690594 0.704359 -0.499381 -0.856614
0.687256 -0.499341 -0.735508 0.700834 -0.499381 -0.856614
0.680504 -0.499344 -0.769782 0.696907 -0.499381 -0.856614
0.67206 -0.481089 -0.795009 0.691198 -0.499381 -0.856614
0.661478 -0.412768 -0.813216 0.683689 -0.499381 -0.856614
0.647386 -0.179906 -0.826283 0.673687 -0.499381 -0.856614
0.629369 0.135624 -0.8357 0.66023 -0.499381 -0.856614
0.606466 0.275856 -0.842558 0.642029 0.329565 -0.856614
0.577708 0.316135 -0.847623 0.617462 0.329565 -0.856614
0.542317 0.329586 -0.851422 0.58453 0.329565 -0.856614
0.499993 0.3279 -0.854317 0.541752 0.329565 -0.856614
0.451217 0.325906 -0.856558 0.488486 0.329565 -0.856614
0.397443 0.323531 -0.856562 0.425877 0.329565 -0.856614
0.341048 0.320677 -0.856566 0.357301 0.329565 -0.856614
0.284977 0.317233 -0.856569 0.287903 0.327445 -0.856614
0.232162 0.313059 -0.856573 0.223194 0.324832 -0.856614
0.184937 0.307936 -0.856576 0.167406 0.321573 -0.856614
0.144655 0.3016 -0.856579 0.122492 0.317456 -0.856614
0.111637 0.293714 -0.856582 0.0882176 0.312871 -0.856614
0.0853961 0.283854 -0.840951 0.0629914 0.306203 -0.856614
0.0649846 0.271496 -0.782448 0.0447836 0.297433 -0.856614
0.0493065 0.255038 -0.583051 0.031717 0.285753 -0.856614
0.0373254 0.233998 -0.312867 0.0223004 0.270038 -0.856614
0.0281624 0.207251 -0.192788 0.0154424 0.248782 -0.146798
0.0211198 0.173666 -0.158298 0.0103773 0.220092 -0.146798
0.0156649 0.132335 -0.14678 0.0065779 0.181632 -0.146798
0.0113999 0.0829081 -0.148224 0.00368261 0.131676 -0.146798
0.00803131 0.025946 -0.149931 0.00144236 0.0694698 -0.146798
0.00534285 -0.0368531 -0.151965 0.00143829 -0.00364747 -0.146798
0.00317512 -0.102713 -0.154409 0.00143442 -0.083732 -0.146798
0.00140989 -0.168195 -0.157357 0.00143073 -0.164778 -0.148613
0.00140711 -0.229874 -0.160931 0.00142721 -0.240347 -0.150851
0.0170187 -0.285025 -0.165318 0.00142387 -0.305498 -0.153641
0.0754367 -0.332067 -0.170744 0.00142069 -0.35795 -0.157166
0.274648 -0.370627 -0.177496 0.00141766 -0.397977 -0.161093
0.544912 -0.401272 -0.18594 0.0170493 -0.427437 -0.166802
0.66514 -0.425109 -0.196522 0.0755523 -0.4487 -0.174311
0.699678 -0.443418 -0.210614 0.274949 -0.46396 -0.184313
0.711209 -0.45741 -0.228631 0.545133 -0.474957 -0.19777
0.709805 -0.468111 -0.251534 0.665212 -0.482966 -0.215971
0.708153 -0.476336 -0.280292 0.699702 -0.488881 -0.240538
0.706194 -0.482706 -0.315683 0.71122 -0.493318 -0.27347
0.703857 -0.487687 -0.358007 0.709776 -0.496699 -0.316248
0.701066 -0.491621 -0.406783 0.708069 -0.499316 -0.369514
0.697689 -0.49476 -0.460557 0.706035 -0.49932 -0.432123
0.693573 -0.497292 -0.516952 0.703591 -0.499325 -0.500699
0.688521 -0.499353 -0.573023 0.700643 -0.499329 -0.570097
0.682283 -0.499357 -0.625838 0.697069 -0.499333 -0.634806
0.674544 -0.481125 -0.673063 0.692682 -0.499337 -0.690594
0.664924 -0.412903 -0.713345 0.687256 -0.499341 -0.735508
0.652186 -0.180257 -0.746363 0.680504 -0.499344 -0.769782
0.635996 0.135366 -0.772604 0.67206 -0.481089 -0.795009
0.615493 0.275772 -0.793015 0.661478 -0.412768 -0.813216
0.589766 0.316106 -0.808694 0.647386 -0.179906 -0.826283
0.558004 0.329573 -0.820675 0.629369 0.135624 -0.8357
0.519712 0.327933 -0.829838 0.606466 0.275856 -0.842558
0.47499 0.326004 -0.83688 0.577708 0.316135 -0.847623
0.424755 0.323716 -0.842335 0.542317 0.329586 -0.851422
0.370815 0.320987 -0.8466 0.499993 0.3279 -0.854317
0.315677 0.317727 -0.849969 0.451217 0.325906 -0.856558
0.262131 0.313784 -0.852657 0.397443 0.323531 -0.856562
0.212705 0.308977 -0.854825 0.341048 0.320677 -0.856566
0.169211 0.303077 -0.85659 0.284977 0.317233 -0.856569
0.132522 0.295792 -0.856593 0.232162 0.313059 -0.856573
0.102634 0.286755 -0.840981 0.184937 0.307936 -0.856576
0.0789184 0.275519 -0.782563 0.144655 0.3016 -0.856579
0.0604314 0.260643 -0.583352 0.111637 0.293714 -0.856582
0.0461609 0.241737 -0.313088 0.0853961 0.283854 -0.840951
0.0351812 0.217792 -0.19286 0.0649846 0.271496 -0.782448
0.0267185 0.187748 -0.158322 0.0493065 0.255038 -0.583051
0.0201608 0.150654 -0.146791 0.0373254 0.233998 -0.312867
0.0150401 0.105936 -0.148195 0.0281624 0.207251 -0.192788
0.0110052 0.0537081 -0.149847 0.0211198 0.173666 -0.158298
0.00779504 -0.00495693 -0.151806 0.0156649 0.132335 -0.14678
0.00521566 -0.0679506 -0.154143 0.0113999 0.0829081 -0.148224
0.00312292 -0.132342 -0.156934 0.00803131 0.025946 -0.149931
0.0170324 -0.194875 -0.160311 0.00534285 -0.0368531 -0.151965
0.0754876 -0.252596 -0.164427 0.00317512 -0.102713 -0.154409
0.274779 -0.30339 -0.169479 0.00140989 -0.168195 -0.157357
0.545007 -0.346237 -0.175717 0.00140711 -0.229874 -0.160931
0.665171 -0.381141 -0.183456 0.0170187 -0.285025 -0.165318
0.699688 -0.408837 -0.193076 0.0754367 -0.332067 -0.170744
0.711214 -0.430426 -0.205814 0.274648 -0.370627 -0.177496
0.709769 -0.447092 -0.222004 0.544912 -0.401272 -0.18594
0.708061 -0.459914 -0.242507 0.66514 -0.425109 -0.196522
0.706026 -0.469797 -0.268234 0.699678 -0.443418 -0.210614
0.703581 -0.477456 -0.299996 0.711209 -0.45741 -0.228631
0.700643 -0.483436 -0.338288 0.709805 -0.468111 -0.251534
0.697069 -0.488148 -0.38301 0.708153 -0.476336 -0.280292
0.692682 -0.491897 -0.433245 0.706194 -0.482706 -0.315683
0.687256 -0.494909 -0.487185 0.703857 -0.487687 -0.358007
0.680504 -0.497353 -0.542323 0.701066 -0.491621 -0.406783
0.67206 -0.481109 -0.595869 0.697689 -0.49476 -0.460557
0.661478 -0.412843 -0.645295 0.693573 -0.497292 -0.516952
0.647386 -0.180104 -0.688789 0.688521 -0.499353 -0.573023
0.629369 0.135477 -0.725478 0.682283 -0.499357 -0.625838
0.606466 0.275808 -0.755366 0.674544 -0.481125 -0.673063
0.577708 0.316118 -0.779082 0.664924 -0.412903 -0.713345
0.542317 0.329578 -0.797569 0.652186 -0.180257 -0.746363
0.499993 0.327891 -0.811839 0.635996 0.135366 -0.772604
0.451217 0.325897 -0.822819 0.615493 0.275772 -0.793015
0.397443 0.32352 -0.831282 0.589766 0.316106 -0.808694
0.341048 0.320664 -0.837839 0.558004 0.329573 -0.820675
0.284977 0.317233 -0.84296 0.519712 0.327933 -0.829838
0.232162 0.313059 -0.846995 0.47499 0.326004 -0.83688
0.184937 0.307936 -0.850205 0.424755 0.323716 -0.842335
0.144655 0.3016 -0.852784 0.370815 0.320987 -0.8466
0.111637 0.293714 -0.854877 0.315677 0.317727 -0.849969
0.0853961 0.283854 -0.840968 0.262131 0.313784 -0.852657
0.0649846 0.271496 -0.782512 0.212705 0.308977 -0.854825
0.0493065 0.255038 -0.583221 0.169211 0.303077 -0.85659
0.0373254 0.233998 -0.312993 0.132522 0.295792 -0.856593
0.0281624 0.207251 -0.192829 0.102634 0.286755 -0.840981
0.0211198 0.173666 -0.158312 0.0789184 0.275519 -0.782563
0.0156649 0.132335 -0.146786 0.0604314 0.260643 -0.583352
0.0113999 0.0829081 -0.148231 0.0461609 0.241737 -0.313088
0.00803131 0.025946 -0.149939 0.0351812 0.217792 -0.19286
0.00534285 -0.0368531 -0.151974 0.0267185 0.187748 -0.158322
0.00317512 -0.102713 -0.154419 0.0201608 0.150654 -0.146791
0.00140989 -0.168195 -0.157357 0.0150401 0.105936 -0.148195
0.00140711 -0.229874 -0.160931 0.0110052 0.0537081 -0.149847
0.0170187 -0.285025 -0.165318 0.00779504 -0.00495693 -0.151806
0.0754367 -0.332067 -0.170744 0.00521566 -0.0679506 -0.154143
0.274648 -0.370627 -0.177496 0.00312292 -0.132342 -0.156934
0.544912 -0.401272 -0.18594 0.0170324 -0.194875 -0.160311
0.66514 -0.425109 -0.196522 0.0754876 -0.252596 -0.164427
0.699678 -0.443418 -0.210614 0.274779 -0.30339 -0.169479
0.711209 -0.45741 -0.228631 0.545007 -0.346237 -0.175717
0.709805 -0.468111 -0.251534 0.665171 -0.381141 -0.183456
0.708153 -0.476336 -0.280292 0.699688 -0.408837 -0.193076
0.706194 -0.482706 -0.315683 0.711214 -0.430426 -0.205814
0.703857 -0.487687 -0.358007 0.709769 -0.447092 -0.222004
0.701066 -0.491621 -0.406783 0.708061 -0.459914 -0.242507
0.697689 -0.49476 -0.460557 0.706026 -0.469797 -0.268234
0.693573 -0.497292 -0.516952 0.703581 -0.477456 -0.299996
0.688521 -0.499353 -0.573023 0.700643 -0.483436 -0.338288
0.682283 -0.499357 -0.625838 0.697069 -0.488148 -0.38301
0.674544 -0.481125 -0.673063 0.692682 -0.491897 -0.433245
0.664924 -0.412903 -0.713345 0.687256 -0.494909 -0.487185
0.652186 -0.180257 -0.746363 0.680504 -0.497353 -0.542323
0.635996 0.135366 -0.772604 0.67206 -0.481109 -0.595869
0.615493 0.275772 -0.793015 0.661478 -0.412843 -0.645295
0.589766 0.316106 -0.808694 0.647386 -0.180104 -0.688789
0.558004 0.329573 -0.820675 0.629369 0.135477 -0.725478
0.519712 0.327933 -0.829838 0.606466 0.275808 -0.755366
0.47499 0.326004 -0.83688 0.577708 0.316118 -0.779082
0.424755 0.323716 -0.842335 0.542317 0.329578 -0.797569
0.370815 0.320987 -0.8466 0.499993 0.327891 -0.811839
0.315677 0.317727 -0.849969 0.451217 0.325897 -0.822819
0.262131 0.313784 -0.852657 0.397443 0.32352 -0.831282
0.212705 0.308977 -0.854825 0.341048 0.320664 -0.837839
0.169211 0.303077 -0.85659 0.284977 0.317233 -0.84296
0.132522 0.295792 -0.856593 0.232162 0.313059 -0.846995
0.102634 0.286755 -0.840981 0.184937 0.307936 -0.850205
0.0789184 0.275519 -0.782563 0.144655 0.3016 -0.852784
0.0604314 0.260643 -0.583352 0.111637 0.293714 -0.854877
0.0461609 0.241737 -0.313088 0.0853961 0.283854 -0.840968
0.0351812 0.217792 -0.19286 0.0649846 0.271496 -0.782512
0.0267185 0.187748 -0.158322 0.0493065 0.255038 -0.583221
0.0201608 0.150654 -0.146791 0.0373254 0.233998 -0.312993
0.0150401 0.105936 -0.148195 0.0281624 0.207251 -0.192829
0.0110052 0.0537081 -0.149847 0.0211198 0.173666 -0.158312
0.00779504 -0.00495693 -0.151806 0.0156649 0.132335 -0.146786
0.00521566 -0.0679506 -0.154143 0.0113999 0.0829081 -0.148231
0.00312292 -0.132342 -0.156934 0.00803131 0.025946 -0.149939
0.0170324 -0.194875 -0.160311 0.00534285 -0.0368531 -0.151974
0.0754876 -0.252596 -0.164427 0.00317512 -0.102713 -0.154419
0.274779 -0.30339 -0.169479 0.00140989 -0.168195 -0.157357
0.545007 -0.346237 -0.175717 0.00140711 -0.229874 -0.160931
0.665171 -0.381141 -0.183456 0.0170187 -0.285025 -0.165318
0.699688 -0.408837 -0.193076 0.0754367 -0.332067 -0.170744
0.711214 -0.430426 -0.205814 0.274648 -0.370627 -0.177496
0.709769 -0.447092 -0.222004 0.544912 -0.401272 -0.18594
0.708061 -0.459914 -0.242507 0.66514 -0.425109 -0.196522
0.706026 -0.469797 -0.268234 0.699678 -0.443418 -0.210614
0.703581 -0.477456 -0.299996 0.711209 -0.45741 -0.228631
0.700643 -0.483436 -0.338288 0.709805 -0.468111 -0.251534
0.697069 -0.488148 -0.38301 0.708153 -0.476336 -0.280292
0.692682 -0.491897 -0.433245 0.706194 -0.482706 -0.315683
0.687256 -0.494909 -0.487185 0.703857 -0.487687 -0.358007
0.680504 -0.497353 -0.542323 0.701066 -0.491621 -0.406783
0.67206 -0.481109 -0.595869 0.697689 -0.49476 -0.460557
0.661478 -0.412843 -0.645295 0.693573 -0.497292 -0.516952
0.647386 -0.180104 -0.688789 0.688521 -0.499353 -0.573023
0.629369 0.135477 -0.725478 0.682283 -0.499357 -0.625838
0.606466 0.275808 -0.755366 0.674544 -0.481125 -0.673063
0.577708 0.316118 -0.779082 0.664924 -0.412903 -0.713345
0.542317 0.329578 -0.797569 0.652186 -0.180257 -0.746363
0.499993 0.327891 -0.811839 0.635996 0.135366 -0.772604
0.451217 0.325897 -0.822819 0.615493 0.275772 -0.793015
0.397443 0.32352 -0.831282 0.589766 0.316106 -0.808694
0.341048 0.320664 -0.837839 0.558004 0.329573 -0.820675
0.284977 0.317233 -0.84296 0.519712 0.327933 -0.829838
0.232162 0.313059 -0.846995 0.47499 0.326004 -0.83688
0.184937 0.307936 -0.850205 0.424755 0.323716 -0.842335
0.144655 0.3016 -0.852784 0.370815 0.320987 -0.8466
0.111637 0.293714 -0.854877 0.315677 0.317727 -0.849969
0.0853961 0.283854 -0.840968 0.262131 0.313784 -0.852657
0.0649846 0.271496 -0.782512 0.212705 0.308977 -0.854825
0.0493065 0.255038 -0.583221 0.169211 0.303077 -0.85659
0.0373254 0.233998 -0.312993 0.132522 0.295792 -0.856593
0.0281624 0.207251 -0.192829 0.102634 0.286755 -0.840981
0.0211198 0.173666 -0.158312 0.0789184 0.275519 -0.782563
0.0156649 0.132335 -0.146786 0.0604314 0.260643 -0.583352
0.0113999 0.0829081 -0.148231 0.0461609 0.241737 -0.313088
0.00803131 0.025946 -0.149939 0.0351812 0.217792 -0.19286
0.00534285 -0.0368531 -0.151974 0.0267185 0.187748 -0.158322
0.00317512 -0.102713 -0.154419 0.0201608 0.150654 -0.146791
0.00140989 -0.168195 -0.157357 0.0150401 0.105936 -0.148195
0.0170266 -0.229874 -0.160931 0.0110052 0.0537081 -0.149847
0.0754654 -0.285025 -0.165318 0.00779504 -0.00495693 -0.151806
0.274721 -0.332067 -0.170744 0.00521566 -0.0679506 -0.154143
0.544964 -0.370627 -0.177496 0.00312292 -0.132342 -0.156934
0.665157 -0.401272 -0.18594 0.0170324 -0.194875 -0.160311
0.699683 -0.425109 -0.196522 0.0754876 -0.252596 -0.164427
0.711211 -0.443418 -0.210614 0.274779 -0.30339 -0.169479
0.709767 -0.45741 -0.228631 0.545007 -0.346237 -0.175717
0.708059 -0.468111 -0.251534 0.665171 -0.381141 -0.183456
0.706023 -0.476336 -0.280292 0.699688 -0.408837 -0.193076
0.703577 -0.482706 -0.315683 0.711214 -0.430426 -0.205814
0.700618 -0.487687 -0.358007 0.709769 -0.447092 -0.222004
0.697029 -0.491621 -0.406783 0.708061 -0.459914 -0.242507
0.692618 -0.49476 -0.460557 0.706026 -0.469797 -0.268234
0.687154 -0.497292 -0.516952 0.703581 -0.477456 -0.299996
0.680338 -0.499353 -0.573023 0.700643 -0.483436 -0.338288
0.671789 -0.481116 -0.625838 0.697069 -0.488148 -0.38301
0.661033 -0.412869 -0.673063 0.692682 -0.491897 -0.433245
0.647503 -0.180172 -0.713345 0.687256 -0.494909 -0.487185
0.629512 0.135426 -0.746363 0.680504 -0.497353 -0.542323
0.606638 0.275791 -0.772604 0.67206 -0.481109 -0.595869
0.577912 0.316112 -0.793015 0.661478 -0.412843 -0.645295
0.542553 0.329575 -0.808694 0.647386 -0.180104 -0.688789
0.500259 0.327888 -0.820675 0.629369 0.135477 -0.725478
0.451505 0.325894 -0.829838 0.606466 0.275808 -0.755366
0.39774 0.323516 -0.83688 0.577708 0.316118 -0.779082
0.341339 0.32066 -0.842335 0.542317 0.329578 -0.797569
0.285247 0.317204 -0.8466 0.499993 0.327891 -0.811839
0.2324 0.313013 -0.849969 0.451217 0.325897 -0.822819
0.185137 0.307862 -0.852657 0.397443 0.32352 -0.831282
0.144816 0.301481 -0.854825 0.341048 0.320664 -0.837839
0.111762 0.293521 -0.85659 0.284977 0.317233 -0.84296
0.0854911 0.283537 -0.840973 0.232162 0.313059 -0.846995
0.0650555 0.270976 -0.782535 0.184937 0.307936 -0.850205
0.0493591 0.255175 -0.583279 0.144655 0.3016 -0.852784
0.0373644 0.234164 -0.313036 0.111637 0.293714 -0.854877
0.0281915 0.207452 -0.192843 0.0853961 0.283854 -0.840968
0.0211417 0.173904 -0.158317 0.0649846 0.271496 -0.782512
0.0156815 0.132611 -0.146789 0.0493065 0.255038 -0.583221
0.0114126 0.0832189 -0.148233 0.0373254 0.233998 -0.312993
0.00804119 0.0262817 -0.149941 0.0281624 0.207251 -0.192829
0.00535062 -0.0365068 -0.151977 0.0211198 0.173666 -0.158312
0.00318129 -0.102373 -0.154423 0.0156649 0.132335 -0.146786
0.00141484 -0.16788 -0.157382 0.0113999 0.0829081 -0.148231
0.00141188 -0.229596 -0.160971 0.00803131 0.025946 -0.149939
0.0170324 -0.284791 -0.165382 0.00534285 -0.0368531 -0.151974
0.0754876 -0.331879 -0.170846 0.00317512 -0.102713 -0.154419
0.274779 -0.370481 -0.177662 0.00140989 -0.168195 -0.157357
0.545007 -0.401161 -0.186211 0.0170266 -0.229874 -0.160931
0.665171 -0.425026 -0.196967 0.0754654 -0.285025 -0.165318
0.699688 -0.443357 -0.210497 0.274721 -0.332067 -0.170744
0.711214 -0.457365 -0.228488 0.544964 -0.370627 -0.177496
0.70981 -0.468077 -0.251362 0.665157 -0.401272 -0.18594
0.708159 -0.47631 -0.280088 0.699683 -0.425109 -0.196522
0.7062 -0.482687 -0.315447 0.711211 -0.443418 -0.210614
0.70386 -0.487672 -0.357741 0.709767 -0.45741 -0.228631
0.701066 -0.491609 -0.406495 0.708059 -0.468111 -0.251534
0.697689 -0.494751 -0.46026 0.706023 -0.476336 -0.280292
0.693573 -0.497285 -0.516661 0.703577 -0.482706 -0.315683
0.688521 -0.499348 -0.572753 0.700618 -0.487687 -0.358007
0.682283 -0.499351 -0.6256 0.697029 -0.491621 -0.406783
0.674544 -0.481109 -0.672863 0.692618 -0.49476 -0.460557
0.664924 -0.412843 -0.713184 0.687154 -0.497292 -0.516952
0.652183 -0.180104 -0.746238 0.680338 -0.499353 -0.573023
0.635989 0.135477 -0.772509 0.671789 -0.481116 -0.625838
0.615481 0.275808 -0.792945 0.661033 -0.412869 -0.673063
0.589748 0.316118 -0.808641 0.647503 -0.180172 -0.713345
0.557978 0.329578 -0.820636 0.629512 0.135426 -0.746363
0.519678 0.327939 -0.829808 0.606638 0.275791 -0.772604
0.474947 0.32601 -0.836858 0.577912 0.316112 -0.793015
0.424705 0.323723 -0.842319 0.542553 0.329575 -0.808694
0.370759 0.320991 -0.846587 0.500259 0.327888 -0.820675
0.315619 0.317727 -0.849959 0.451505 0.325894 -0.829838
0.262074 0.313784 -0.852649 0.39774 0.323516 -0.83688
0.212653 0.308977 -0.854819 0.341339 0.32066 -0.842335
0.169165 0.303077 -0.856585 0.285247 0.317204 -0.8466
0.132483 0.295792 -0.856588 0.2324 0.313013 -0.849969
0.102602 0.286755 -0.840968 0.185137 0.307862 -0.852657
0.0788934 0.275519 -0.782512 0.144816 0.301481 -0.854825
0.0604118 0.26064 -0.583221 0.111762 0.293521 -0.85659
0.0461457 0.241729 -0.312993 0.0854911 0.283537 -0.840973
0.0351695 0.217779 -0.192829 0.0650555 0.270976 -0.782535
0.0267093 0.187727 -0.158312 0.0493591 0.255175 -0.583279
0.0201536 0.150625 -0.146786 0.0373644 0.234164 -0.313036
0.0150344 0.105896 -0.14819 0.0281915 0.207452 -0.192843
0.0110008 0.0536584 -0.149841 0.0211417 0.173904 -0.158317
0.00779145 -0.00501543 -0.1518 0.0156815 0.132611 -0.146789
0.00521275 -0.0680153 -0.15414 0.0114126 0.0832189 -0.148233
0.00312055 -0.13241 -0.156934 0.00804119 0.0262817 -0.149941
0.0170266 -0.194941 -0.160311 0.00535062 -0.0365068 -0.151977
0.0754654 -0.252657 -0.164427 0.00318129 -0.102373 -0.154423
0.274721 -0.303444 -0.169479 0.00141484 -0.16788 -0.157382
0.544964 -0.346282 -0.175717 0.00141188 -0.229596 -0.160971
0.665157 -0.381178 -0.183456 0.0170324 -0.284791 -0.165382
0.699683 -0.408866 -0.193076 0.0754876 -0.331879 -0.170846
0.711211 -0.430449 -0.205817 0.274779 -0.370481 -0.177662
0.709767 -0.44711 -0.222011 0.545007 -0.401161 -0.186211
0.708059 -0.459928 -0.242519 0.665171 -0.425026 -0.196967
0.706023 -0.469808 -0.268252 0.699688 -0.443357 -0.210497
0.703577 -0.477464 -0.300022 0.711214 -0.457365 -0.228488
0.700643 -0.483442 -0.338322 0.70981 -0.468077 -0.251362
0.697069 -0.488153 -0.383053 0.708159 -0.47631 -0.280088
0.692682 -0.491901 -0.433295 0.7062 -0.482687 -0.315447
0.687256 -0.494912 -0.487241 0.70386 -0.487672 -0.357741
0.680504 -0.497356 -0.542381 0.701066 -0.491609 -0.406495
0.67206 -0.481116 -0.595926 0.697689 -0.494751 -0.46026
0.661478 -0.412869 -0.645347 0.693573 -0.497285 -0.516661
0.647386 -0.180172 -0.688835 0.688521 -0.499348 -0.572753
0.629369 0.135426 -0.725517 0.682283 -0.499351 -0.6256
0.606466 0.275791 -0.755398 0.674544 -0.481109 -0.672863
0.577708 0.316112 -0.779107 0.664924 -0.412843 -0.713184
0.542317 0.329575 -0.797588 0.652183 -0.180104 -0.746238
0.499993 0.327888 -0.811854 0.635989 0.135477 -0.772509
0.451217 0.325894 -0.822831 0.615481 0.275808 -0.792945
0.397443 0.323516 -0.831291 0.589748 0.316118 -0.808641
0.341048 0.32066 -0.837846 0.557978 0.329578 -0.820636
0.284977 0.317233 -0.842966 0.519678 0.327939 -0.829808
0.232162 0.313059 -0.846999 0.474947 0.32601 -0.836858
0.184937 0.307936 -0.850209 0.424705 0.323723 -0.842319
0.144655 0.3016 -0.852787 0.370759 0.320991 -0.846587
0.111637 0.293714 -0.854879 0.315619 0.317727 -0.849959
0.0853961 0.283854 -0.840973 0.262074 0.313784 -0.852649
0.0649846 0.271496 -0.782535 0.212653 0.308977 -0.854819
0.0493065 0.255038 -0.583279 0.169165 0.303077 -0.856585
0.0373254 0.233998 -0.313036 0.132483 0.295792 -0.856588
0.0281624 0.207251 -0.192843 0.102602 0.286755 -0.840968
0.0211198 0.173666 -0.158317 0.0788934 0.275519 -0.782512
0.0156649 0.132335 -0.146789 0.0604118 0.26064 -0.583221
0.0113999 0.0829081 -0.148233 0.0461457 0.241729 -0.312993
0.00803131 0.025946 -0.149941 0.0351695 0.217779 -0.192829
0.00534285 -0.0368531 -0.151977 0.0267093 0.187727 -0.158312
0.00317512 -0.102713 -0.154423 0.0201536 0.150625 -0.146786
0.00140989 -0.168195 -0.157357 0.0150344 0.105896 -0.14819
0.00140711 -0.229874 -0.160931 0.0110008 0.0536584 -0.149841
0.0170187 -0.285025 -0.165318 0.00779145 -0.00501543 -0.1518
0.0754367 -0.332067 -0.170744 0.00521275 -0.0680153 -0.15414
0.274648 -0.370627 -0.177496 0.00312055 -0.13241 -0.156934
0.544912 -0.401272 -0.18594 0.0170266 -0.194941 -0.160311
0.66514 -0.425109 -0.196522 0.0754654 -0.252657 -0.164427
0.699678 -0.443418 -0.210614 0.274721 -0.303444 -0.169479
0.711209 -0.45741 -0.228631 0.544964 -0.346282 -0.175717
0.709805 -0.468111 -0.251534 0.665157 -0.381178 -0.183456
0.708153 -0.476336 -0.280292 0.699683 -0.408866 -0.193076
0.706194 -0.482706 -0.315683 0.711211 -0.430449 -0.205817
0.703857 -0.487687 -0.358007 0.709767 -0.44711 -0.222011
0.701066 -0.491621 -0.406783 0.708059 -0.459928 -0.242519
0.697689 -0.49476 -0.460557 0.706023 -0.469808 -0.268252
0.693573 -0.497292 -0.516952 0.703577 -0.477464 -0.300022
0.688521 -0.499353 -0.573023 0.700643 -0.483442 -0.338322
0.682283 -0.499357 -0.625838 0.697069 -0.488153 -0.383053
0.674544 -0.481125 -0.673063 0.692682 -0.491901 -0.433295
0.664924 -0.412903 -0.713345 0.687256 -0.494912 -0.487241
0.652186 -0.180257 -0.746363 0.680504 -0.497356 -0.542381
0.635996 0.135366 -0.772604 0.67206 -0.481116 -0.595926
0.615493 0.275772 -0.793015 0.661478 -0.412869 -0.645347
0.589766 0.316106 -0.808694 0.647386 -0.180172 -0.688835
0.558004 0.329573 -0.820675 0.629369 0.135426 -0.725517
0.519712 0.327933 -0.829838 0.606466 0.275791 -0.755398
0.47499 0.326004 -0.83688 0.577708 0.316112 -0.779107
0.424755 0.323716 -0.842335 0.542317 0.329575 -0.797588
0.370815 0.320987 -0.8466 0.499993 0.327888 -0.811854
0.315677 0.317727 -0.849969 0.451217 0.325894 -0.822831
0.262131 0.313784 -0.852657 0.397443 0.323516 -0.831291
0.212705 0.308977 -0.854825 0.341048 0.32066 -0.837846
0.169211 0.303077 -0.85659 0.284977 0.317233 -0.842966
0.132522 0.295792 -0.856593 0.232162 0.313059 -0.846999
0.102634 0.286755 -0.840981 0.184937 0.307936 -0.850209
0.0789184 0.275519 -0.782563 0.144655 0.3016 -0.852787
0.0604314 0.260643 -0.583352 0.111637 0.293714 -0.854879
0.0461609 0.241737 -0.313088 0.0853961 0.283854 -0.840973
0.0351812 0.217792 -0.19286 0.0649846 0.271496 -0.782535
0.0267185 0.187748 -0.158322 0.0493065 0.255038 -0.583279
0.0201608 0.150654 -0.146791 0.0373254 0.233998 -0.313036
0.0150401 0.105936 -0.148195 0.0281624 0.207251 -0.192843
0.0110052 0.0537081 -0.149847 0.0211198 0.173666 -0.158317
0.00779504 -0.00495693 -0.151806 0.0156649 0.132335 -0.146789
0.00521566 -0.0679506 -0.154143 0.0113999 0.0829081 -0.148233
0.00312292 -0.132342 -0.156934 0.00803131 0.025946 -0.149941
0.0170324 -0.194875 -0.160311 0.00534285 -0.0368531 -0.151977
0.0754876 -0.252596 -0.164427 0.00317512 -0.102713 -0.154423
0.274779 -0.30339 -0.169479 0.00140989 -0.168195 -0.157357
0.545007 -0.346237 -0.175717 0.00140711 -0.229874 -0.160931
0.665171 -0.381141 -0.183456 0.0170187 -0.285025 -0.165318
0.699688 -0.408837 -0.193076 0.0754367 -0.332067 -0.170744
0.711214 -0.430426 -0.205814 0.274648 -0.370627 -0.177496
0.709769 -0.447092 -0.222004 0.544912 -0.401272 -0.18594
0.708061 -0.459914 -0.242507 0.66514 -0.425109 -0.196522
0.706026 -0.469797 -0.268234 0.699678 -0.443418 -0.210614
0.703581 -0.477456 -0.299996 0.711209 -0.45741 -0.228631
0.700643 -0.483436 -0.338288 0.709805 -0.468111 -0.251534
0.697069 -0.488148 -0.38301 0.708153 -0.476336 -0.280292
0.692682 -0.491897 -0.433245 0.706194 -0.482706 -0.315683
0.687256 -0.494909 -0.487185 0.703857 -0.487687 -0.358007
0.680504 -0.497353 -0.542323 0.701066 -0.491621 -0.406783
0.67206 -0.481109 -0.595869 0.697689 -0.49476 -0.460557
0.661478 -0.412843 -0.645295 0.693573 -0.497292 -0.516952
0.647386 -0.180104 -0.688789 0.688521 -0.499353 -0.573023
0.629369 0.135477 -0.725478 0.682283 -0.499357 -0.625838
0.606466 0.275808 -0.755366 0.674544 -0.481125 -0.673063
0.577708 0.316118 -0.779082 0.664924 -0.412903 -0.713345
0.542317 0.329578 -0.797569 0.652186 -0.180257 -0.746363
0.499993 0.327891 -0.811839 0.635996 0.135366 -0.772604
0.451217 0.325897 -0.822819 0.615493 0.275772 -0.793015
0.397443 0.32352 -0.831282 0.589766 0.316106 -0.808694
0.341048 0.320664 -0.837839 0.558004 0.329573 -0.820675
0.284977 0.317233 -0.84296 0.519712 0.327933 -0.829838
0.232162 0.313059 -0.846995 0.47499 0.326004 -0.83688
0.184937 0.307936 -0.850205 0.424755 0.323716 -0.842335
0.144655 0.3016 -0.852784 0.370815 0.320987 -0.8466
0.111637 0.293714 -0.854877 0.315677 0.317727 -0.849969
0.0853961 0.283854 -0.840968 0.262131 0.313784 -0.852657
0.0649846 0.271496 -0.782512 0.212705 0.308977 -0.854825
0.0493065 0.255038 -0.583221 0.169211 0.303077 -0.85659
0.0373254 0.233998 -0.312993 0.132522 0.295792 -0.856593
0.0281624 0.207251 -0.192829 0.102634 0.286755 -0.840981
0.0211198 0.173666 -0.158312 0.0789184 0.275519 -0.782563
0.0156649 0.132335 -0.146786 0.0604314 0.260643 -0.583352
0.0113999 0.0829081 -0.148231 0.0461609 0.241737 -0.313088
0.00803131 0.025946 -0.149939 0.0351812 0.217792 -0.19286
0.00534285 -0.0368531 -0.151974 0.0267185 0.187748 -0.158322
0.00317512 -0.102713 -0.154419 0.0201608 0.150654 -0.146791
0.00140989 -0.168195 -0.157357 0.0150401 0.105936 -0.148195
0.00140711 -0.229874 -0.160931 0.0110052 0.0537081 -0.149847
0.0170187 -0.285025 -0.165318 0.00779504 -0.00495693 -0.151806
0.0754367 -0.332067 -0.170744 0.00521566 -0.0679506 -0.154143
0.274648 -0.370627 -0.177496 0.00312292 -0.132342 -0.156934
0.544912 -0.401272 -0.18594 0.0170324 -0.194875 -0.160311
0.66514 -0.425109 -0.196522 0.0754876 -0.252596 -0.164427
0.699678 -0.443418 -0.210614 0.274779 -0.30339 -0.169479
0.711209 -0.45741 -0.228631 0.545007 -0.346237 -0.175717
0.709805 -0.468111 -0.251534 0.665171 -0.381141 -0.183456
0.708153 -0.476336 -0.280292 0.699688 -0.408837 -0.193076
0.706194 -0.482706 -0.315683 0.711214 -0.430426 -0.205814
0.703857 -0.487687 -0.358007 0.709769 -0.447092 -0.222004
0.701066 -0.491621 -0.406783 0.708061 -0.459914 -0.242507
0.697689 -0.49476 -0.460557 0.706026 -0.469797 -0.268234
0.693573 -0.497292 -0.516952 0.703581 -0.477456 -0.299996
0.688521 -0.499353 -0.573023 0.700643 -0.483436 -0.338288
0.682283 -0.499357 -0.625838 0.697069 -0.488148 -0.38301
0.674544 -0.481125 -0.673063 0.692682 -0.491897 -0.433245
0.664924 -0.412903 -0.713345 0.687256 -0.494909 -0.487185
0.652186 -0.180257 -0.746363 0.680504 -0.497353 -0.542323
0.635996 0.135366 -0.772604 0.67206 -0.481109 -0.595869
0.615493 0.275772 -0.793015 0.661478 -0.412843 -0.645295
0.589766 0.316106 -0.808694 0.647386 -0.180104 -0.688789
0.558004 0.329573 -0.820675 0.629369 0.135477 -0.725478
0.519712 0.327933 -0.829838 0.606466 0.275808 -0.755366
0.47499 0.326004 -0.83688 0.577708 0.316118 -0.779082
0.424755 0.323716 -0.842335 0.542317 0.329578 -0.797569
0.370815 0.320987 -0.8466 0.499993 0.327891 -0.811839
0.315677 0.317727 -0.849969 0.451217 0.325897 -0.822819
0.262131 0.313784 -0.852657 0.397443 0.32352 -0.831282
0.212705 0.308977 -0.854825 0.341048 0.320664 -0.837839
0.169211 0.303077 -0.85659 0.284977 0.317233 -0.84296
0.132522 0.295792 -0.856593 0.232162 0.313059 -0.846995
0.102634 0.286755 -0.840981 0.184937 0.307936 -0.850205
0.0789184 0.275519 -0.782563 0.144655 0.3016 -0.852784
0.0604314 0.260643 -0.583352 0.111637 0.293714 -0.854877
0.0461609 0.241737 -0.313088 0.0853961 0.283854 -0.840968
0.0351812 0.217792 -0.19286 0.0649846 0.271496 -0.782512
0.0267185 0.187748 -0.158322 0.0493065 0.255038 -0.583221
0.0201608 0.150654 -0.146791 0.0373254 0.233998 -0.312993
0.0150401 0.105936 -0.148195 0.0281624 0.207251 -0.192829
0.0110052 0.0537081 -0.149847 0.0211198 0.173666 -0.158312
0.00779504 -0.00495693 -0.151806 0.0156649 0.132335 -0.146786
0.00521566 -0.0679506 -0.154143 0.0113999 0.0829081 -0.148231
0.00312292 -0.132342 -0.156934 0.00803131 0.025946 -0.149939
0.0170324 -0.194875 -0.160311 0.00534285 -0.0368531 -0.151974
0.0754876 -0.252596 -0.164427 0.00317512 -0.102713 -0.154419
0.274779 -0.30339 -0.169479 0.00140989 -0.168195 -0.157357
0.545007 -0.346237 -0.175717 0.00140711 -0.229874 -0.160931
0.665171 -0.381141 -0.183456 0.0170187 -0.285025 -0.165318
0.699688 -0.408837 -0.193076 0.0754367 -0.332067 -0.170744
0.711214 -0.430426 -0.205814 0.274648 -0.370627 -0.177496
0.709769 -0.447092 -0.222004 0.544912 -0.401272 -0.18594
0.708061 -0.459914 -0.242507 0.66514 -0.425109 -0.196522
0.706026 -0.469797 -0.268234 0.699678 -0.443418 -0.210614
0.703581 -0.477456 -0.299996 0.711209 -0.45741 -0.228631
0.700643 -0.483436 -0.338288 0.709805 -0.468111 -0.251534
0.697069 -0.488148 -0.38301 0.708153 -0.476336 -0.280292
0.692682 -0.491897 -0.433245 0.706194 -0.482706 -0.315683
0.687256 -0.494909 -0.487185 0.703857 -0.487687 -0.358007
0.680504 -0.497353 -0.542323 0.701066 -0.491621 -0.406783
0.67206 -0.481109 -0.595869 0.697689 -0.49476 -0.460557
0.661478 -0.412843 -0.645295 0.693573 -0.497292 -0.516952
0.647386 -0.180104 -0.688789 0.688521 -0.499353 -0.573023
0.629369 0.135477 -0.725478 0.682283 -0.499357 -0.625838
0.606466 0.275808 -0.755366 0.674544 -0.481125 -0.673063
0.577708 0.316118 -0.779082 0.664924 -0.412903 -0.713345
0.542317 0.329578 -0.797569 0.652186 -0.180257 -0.746363
0.499993 0.327891 -0.811839 0.635996 0.135366 -0.772604
0.451217 0.325897 -0.822819 0.615493 0.275772 -0.793015
0.397443 0.32352 -0.831282 0.589766 0.316106 -0.808694
0.341048 0.320664 -0.837839 0.558004 0.329573 -0.820675
0.284977 0.317233 -0.84296 0.519712 0.327933 -0.829838
0.232162 0.313059 -0.846995 0.47499 0.326004 -0.83688
0.184937 0.307936 -0.850205 0.424755 0.323716 -0.842335
0.144655 0.3016 -0.852784 0.370815 0.320987 -0.8466
0.111637 0.293714 -0.854877 0.315677 0.317727 -0.849969
0.0853961 0.283854 -0.840968 0.262131 0.313784 -0.852657
0.0649846 0.271496 -0.782512 0.212705 0.308977 -0.854825
0.0493065 0.255038 -0.583221 0.169211 0.303077 -0.85659
0.0373254 0.233998 -0.312993 0.132522 0.295792 -0.856593
0.0281624 0.207251 -0.192829 0.102634 0.286755 -0.840981
0.0211198 0.173666 -0.158312 0.0789184 0.275519 -0.782563
0.0156649 0.132335 -0.146786 0.0604314 0.260643 -0.583352
0.0113999 0.0829081 -0.148231 0.0461609 0.241737 -0.313088
0.00803131 0.025946 -0.149939 0.0351812 0.217792 -0.19286
0.00534285 -0.0368531 -0.151974 0.0267185 0.187748 -0.158322
0.00317512 -0.102713 -0.154419 0.0201608 0.150654 -0.146791
0.00140989 -0.168195 -0.157357 0.0150401 0.105936 -0.148195
0.00140711 -0.229874 -0.160931 0.0110052 0.0537081 -0.149847
0.0170187 -0.285025 -0.165318 0.00779504 -0.00495693 -0.151806
0.0754367 -0.332067 -0.170744 0.00521566 -0.0679506 -0.154143
0.274648 -0.370627 -0.177496 0.00312292 -0.132342 -0.156934
0.544912 -0.401272 -0.18594 0.0170324 -0.194875 -0.160311
0.66514 -0.425109 -0.196522 0.0754876 -0.252596 -0.164427
0.699678 -0.443418 -0.210614 0.274779 -0.30339 -0.169479
0.711209 -0.45741 -0.228631 0.545007 -0.346237 -0.175717
0.709805 -0.468111 -0.251534 0.665171 -0.381141 -0.183456
0.708153 -0.476336 -0.280292 0.699688 -0.408837 -0.193076
0.706194 -0.482706 -0.315683 0.711214 -0.430426 -0.205814
0.703857 -0.487687 -0.358007 0.709769 -0.447092 -0.222004
0.701066 -0.491621 -0.406783 0.708061 -0.459914 -0.242507
0.697689 -0.49476 -0.460557 0.706026 -0.469797 -0.268234
0.693573 -0.497292 -0.516952 0.703581 -0.477456 -0.299996
0.688521 -0.499353 -0.573023 0.700643 -0.483436 -0.338288
0.682283 -0.499357 -0.625838 0.697069 -0.488148 -0.38301
0.674544 -0.481125 -0.673063 0.692682 -0.491897 -0.433245
0.664924 -0.412903 -0.713345 0.687256 -0.494909 -0.487185
0.652186 -0.180257 -0.746363 0.680504 -0.497353 -0.542323
0.635996 0.135366 -0.772604 0.67206 -0.481109 -0.595869
0.615493 0.275772 -0.793015 0.661478 -0.412843 -0.645295
0.589766 0.316106 -0.808694 0.647386 -0.180104 -0.688789
0.558004 0.329573 -0.820675 0.629369 0.135477 -0.725478
0.519712 0.327933 -0.829838 0.606466 0.275808 -0.755366
0.47499 0.326004 -0.83688 0.577708 0.316118 -0.779082
0.424755 0.323716 -0.842335 0.542317 0.329578 -0.797569
0.370815 0.320987 -0.8466 0.499993 0.327891 -0.811839
0.315677 0.317727 -0.849969 0.451217 0.325897 -0.822819
0.262131 0.313784 -0.852657 0.397443 0.32352 -0.831282
0.212705 0.308977 -0.854825 0.341048 0.320664 -0.837839
0.169211 0.303077 -0.85659 0.284977 0.317233 -0.84296
0.132522 0.295792 -0.856593 0.232162 0.313059 -0.846995
0.102634 0.286755 -0.840981 0.184937 0.307936 -0.850205
0.0789184 0.275519 -0.782563 0.144655 0.3016 -0.852784
0.0604314 0.260643 -0.583352 0.111637 0.293714 -0.854877
0.0461609 0.241737 -0.313088 0.0853961 0.283854 -0.840968
0.0351812 0.217792 -0.19286 0.0649846 0.271496 -0.782512
0.0267185 0.187748 -0.158322 0.0493065 0.255038 -0.583221
0.0201608 0.150654 -0.146791 0.0373254 0.233998 -0.312993
0.0150401 0.105936 -0.148195 0.0281624 0.207251 -0.192829
0.0110052 0.0537081 -0.149847 0.0211198 0.173666 -0.158312
0.00779504 -0.00495693 -0.151806 0.0156649 0.132335 -0.146786
0.00521566 -0.0679506 -0.154143 0.0113999 0.0829081 -0.148231
0.00312292 -0.132342 -0.156934 0.00803131 0.025946 -0.149939
0.0170324 -0.194875 -0.160311 0.00534285 -0.0368531 -0.151974
0.0754876 -0.252596 -0.164427 0.00317512 -0.102713 -0.154419
0.274779 -0.30339 -0.169479 0.00140989 -0.168195 -0.157357
0.545007 -0.346237 -0.175717 0.00140711 -0.229874 -0.160931
0.665171 -0.381141 -0.183456 0.0170187 -0.285025 -0.165318
0.699688 -0.408837 -0.193076 0.0754367 -0.332067 -0.170744
0.711214 -0.430426 -0.205814 0.274648 -0.370627 -0.177496
0.709769 -0.447092 -0.222004 0.544912 -0.401272 -0.18594
0.708061 -0.459914 -0.242507 0.66514 -0.425109 -0.196522
0.706026 -0.469797 -0.268234 0.699678 -0.443418 -0.210614
0.703581 -0.477456 -0.299996 0.711209 -0.45741 -0.228631
0.700643 -0.483436 -0.338288 0.709805 -0.468111 -0.251534
0.697069 -0.488148 -0.38301 0.708153 -0.476336 -0.280292
0.692682 -0.491897 -0.433245 0.706194 -0.482706 -0.315683
0.687256 -0.494909 -0.487185 0.703857 -0.487687 -0.358007
0.680504 -0.497353 -0.542323 0.701066 -0.491621 -0.406783
0.67206 -0.481109 -0.595869 0.697689 -0.49476 -0.460557
0.661478 -0.412843 -0.645295 0.693573 -0.497292 -0.516952
0.647386 -0.180104 -0.688789 0.688521 -0.499353 -0.573023
0.629369 0.135477 -0.725478 0.682283 -0.499357 -0.625838
0.606466 0.275808 -0.755366 0.674544 -0.481125 -0.673063
0.577708 0.316118 -0.779082 0.664924 -0.412903 -0.713345
0.542317 0.329578 -0.797569 0.652186 -0.180257 -0.746363
0.499993 0.327891 -0.811839 0.635996 0.135366 -0.772604
0.451217 0.325897 -0.822819 0.615493 0.275772 -0.793015
0.397443 0.32352 -0.831282 0.589766 0.316106 -0.808694
0.341048 0.320664 -0.837839 0.558004 0.329573 -0.820675
0.284977 0.317233 -0.84296 0.519712 0.327933 -0.829838
0.232162 0.313059 -0.846995 0.47499 0.326004 -0.83688
0.184937 0.307936 -0.850205 0.424755 0.323716 -0.842335
0.144655 0.3016 -0.852784 0.370815 0.320987 -0.8466
0.111637 0.293714 -0.854877 0.315677 0.317727 -0.849969
0.0853961 0.283854 -0.840968 0.262131 0.313784 -0.852657
0.0649846 0.271496 -0.782512 0.212705 0.308977 -0.854825
0.0493065 0.255038 -0.583221 0.169211 0.303077 -0.85659
0.0373254 0.233998 -0.312993 0.132522 0.295792 -0.856593
0.0281624 0.207251 -0.192829 0.102634 0.286755 -0.840981
0.0211198 0.173666 -0.158312 0.0789184 0.275519 -0.782563
0.0156649 0.132335 -0.146786 0.0604314 0.260643 -0.583352
0.0113999 0.0829081 -0.148231 0.0461609 0.241737 -0.313088
0.00803131 0.025946 -0.149939 0.0351812 0.217792 -0.19286
0.00534285 -0.0368531 -0.151974 0.0267185 0.187748 -0.158322
0.00317512 -0.102713 -0.154419 0.0201608 0.150654 -0.146791
0.00140989 -0.168195 -0.157357 0.0150401 0.105936 -0.148195
0.0170266 -0.229874 -0.160931 0.0110052 0.0537081 -0.149847
0.0754654 -0.285025 -0.165318 0.00779504 -0.00495693 -0.151806
0.274721 -0.332067 -0.170744 0.00521566 -0.0679506 -0.154143
0.544964 -0.370627 -0.177496 0.00312292 -0.132342 -0.156934
0.665157 -0.401272 -0.18594 0.0170324 -0.194875 -0.160311
0.699683 -0.425109 -0.196522 0.0754876 -0.252596 -0.164427
0.711211 -0.443418 -0.210614 0.274779 -0.30339 -0.169479
0.709767 -0.45741 -0.228631 0.545007 -0.346237 -0.175717
0.708059 -0.468111 -0.251534 0.665171 -0.381141 -0.183456
0.706023 -0.476336 -0.280292 0.699688 -0.408837 -0.193076
0.703577 -0.482706 -0.315683 0.711214 -0.430426 -0.205814
0.700643 -0.487687 -0.358007 0.709769 -0.447092 -0.222004
0.697069 -0.491621 -0.406783 0.708061 -0.459914 -0.242507
0.692682 -0.49476 -0.460557 0.706026 -0.469797 -0.268234
0.687256 -0.497292 -0.516952 0.703581 -0.477456 -0.299996
0.680504 -0.499353 -0.573023 0.700643 -0.483436 -0.338288
0.67206 -0.481116 -0.625838 0.697069 -0.488148 -0.38301
0.661478 -0.412869 -0.673063 0.692682 -0.491897 -0.433245
0.647503 -0.180172 -0.713345 0.687256 -0.494909 -0.487185
0.629508 0.135426 -0.746363 0.680504 -0.497353 -0.542323
0.606629 0.275791 -0.772604 0.67206 -0.481109 -0.595869
0.577896 0.316112 -0.793015 0.661478 -0.412843 -0.645295
0.54253 0.329575 -0.808694 0.647386 -0.180104 -0.688789
0.500228 0.327888 -0.820675 0.629369 0.135477 -0.725478
0.451464 0.325894 -0.829838 0.606466 0.275808 -0.755366
0.397692 0.323516 -0.83688 0.577708 0.316118 -0.779082
0.341287 0.32066 -0.842335 0.542317 0.329578 -0.797569
0.285194 0.317233 -0.8466 0.499993 0.327891 -0.811839
0.232349 0.313059 -0.849969 0.451217 0.325897 -0.822819
0.185091 0.307936 -0.852657 0.397443 0.32352 -0.831282
0.144776 0.3016 -0.854825 0.341048 0.320664 -0.837839
0.111729 0.293714 -0.85659 0.284977 0.317233 -0.84296
0.0854648 0.283854 -0.840973 0.232162 0.313059 -0.846995
0.0650349 0.271496 -0.782535 0.184937 0.307936 -0.850205
0.0493431 0.255175 -0.583279 0.144655 0.3016 -0.852784
0.037352 0.23416 -0.313036 0.111637 0.293714 -0.854877
0.0281819 0.207441 -0.192843 0.0853961 0.283854 -0.840968
0.0211342 0.173886 -0.158317 0.0649846 0.271496 -0.782512
0.0156756 0.132584 -0.146789 0.0493065 0.255038 -0.583221
0.011408 0.0831818 -0.148233 0.0373254 0.233998 -0.312993
0.00803747 0.0262347 -0.149941 0.0281624 0.207251 -0.192829
0.00534761 -0.0365622 -0.151977 0.0211198 0.173666 -0.158312
0.00317884 -0.102434 -0.154423 0.0156649 0.132335 -0.146786
0.00141282 -0.167942 -0.157357 0.0113999 0.0829081 -0.148231
0.00140989 -0.229655 -0.160931 0.00803131 0.025946 -0.149939
0.0170266 -0.284845 -0.165318 0.00534285 -0.0368531 -0.151974
0.0754654 -0.331925 -0.170744 0.00317512 -0.102713 -0.154419
0.274721 -0.370519 -0.177496 0.00140989 -0.168195 -0.157357
0.544964 -0.401191 -0.18594 0.0170266 -0.229874 -0.160931
0.665157 -0.42505 -0.196522 0.0754654 -0.285025 -0.165318
0.699683 -0.443376 -0.210497 0.274721 -0.332067 -0.170744
0.711211 -0.457379 -0.228492 0.544964 -0.370627 -0.177496
0.709808 -0.468088 -0.251371 0.665157 -0.401272 -0.18594
0.708156 -0.476319 -0.280104 0.699683 -0.425109 -0.196522
0.706197 -0.482694 -0.31547 0.711211 -0.443418 -0.210614
0.703857 -0.487677 -0.357772 0.709767 -0.45741 -0.228631
0.701063 -0.491614 -0.406536 0.708059 -0.468111 -0.251534
0.697678 -0.494755 -0.460308 0.706023 -0.476336 -0.280292
0.693548 -0.497288 -0.516713 0.703577 -0.482706 -0.315683
0.688468 -0.49935 -0.572806 0.700643 -0.487687 -0.358007
0.682179 -0.499353 -0.625651 0.697069 -0.491621 -0.406783
0.674346 -0.481116 -0.672909 0.692682 -0.49476 -0.460557
0.664552 -0.412869 -0.713224 0.687256 -0.497292 -0.516952
0.652183 -0.180172 -0.746271 0.680504 -0.499353 -0.573023
0.635989 0.135426 -0.772535 0.67206 -0.481116 -0.625838
0.615481 0.275791 -0.792965 0.661478 -0.412869 -0.673063
0.589748 0.316112 -0.808657 0.647503 -0.180172 -0.713345
0.557978 0.329575 -0.820648 0.629508 0.135426 -0.746363
0.519678 0.327936 -0.829818 0.606629 0.275791 -0.772604
0.474947 0.326007 -0.836866 0.577896 0.316112 -0.793015
0.424705 0.32372 -0.842324 0.54253 0.329575 -0.808694
0.370759 0.320987 -0.846592 0.500228 0.327888 -0.820675
0.315619 0.317723 -0.849963 0.451464 0.325894 -0.829838
0.262074 0.313771 -0.852652 0.397692 0.323516 -0.83688
0.212653 0.308948 -0.854821 0.341287 0.32066 -0.842335
0.169165 0.303016 -0.856587 0.285194 0.317233 -0.8466
0.132483 0.29567 -0.85659 0.232349 0.313059 -0.849969
0.102602 0.286523 -0.840973 0.185091 0.307936 -0.852657
0.0788934 0.275086 -0.782535 0.144776 0.3016 -0.854825
0.0604118 0.26064 -0.583279 0.111729 0.293714 -0.85659
0.0461457 0.241729 -0.313036 0.0854648 0.283854 -0.840973
0.0351695 0.217779 -0.192843 0.0650349 0.271496 -0.782535
0.0267093 0.187727 -0.158317 0.0493431 0.255175 -0.583279
0.0201536 0.150625 -0.146789 0.037352 0.23416 -0.313036
0.0150344 0.105896 -0.148192 0.0281819 0.207441 -0.192843
0.0110008 0.0536584 -0.149844 0.0211342 0.173886 -0.158317
0.00779145 -0.00501543 -0.151803 0.0156756 0.132584 -0.146789
0.00521275 -0.0680153 -0.154143 0.011408 0.0831818 -0.148233
0.00312055 -0.13241 -0.156937 0.00803747 0.0262347 -0.149941
0.0170266 -0.194941 -0.160322 0.00534761 -0.0365622 -0.151977
0.0754654 -0.252657 -0.164452 0.00317884 -0.102434 -0.154423
0.274721 -0.303444 -0.169532 0.00141282 -0.167942 -0.157357
0.544964 -0.346282 -0.175821 0.00140989 -0.229655 -0.160931
0.665157 -0.381178 -0.183654 0.0170266 -0.284845 -0.165318
0.699683 -0.408866 -0.193448 0.0754654 -0.331925 -0.170744
0.711211 -0.430449 -0.205817 0.274721 -0.370519 -0.177496
0.709767 -0.44711 -0.222011 0.544964 -0.401191 -0.18594
0.708059 -0.459928 -0.242519 0.665157 -0.42505 -0.196522
0.706023 -0.469808 -0.268252 0.699683 -0.443376 -0.210497
0.703577 -0.477464 -0.300022 0.711211 -0.457379 -0.228492
0.700643 -0.483442 -0.338322 0.709808 -0.468088 -0.251371
0.697069 -0.488153 -0.383053 0.708156 -0.476319 -0.280104
0.692682 -0.491901 -0.433295 0.706197 -0.482694 -0.31547
0.687256 -0.494912 -0.487241 0.703857 -0.487677 -0.357772
0.680504 -0.497356 -0.542381 0.701063 -0.491614 -0.406536
0.67206 -0.481116 -0.595926 0.697678 -0.494755 -0.460308
0.661478 -0.412869 -0.645347 0.693548 -0.497288 -0.516713
0.647386 -0.180172 -0.688835 0.688468 -0.49935 -0.572806
0.629369 0.135426 -0.725517 0.682179 -0.499353 -0.625651
0.606466 0.275791 -0.755398 0.674346 -0.481116 -0.672909
0.577708 0.316112 -0.779107 0.664552 -0.412869 -0.713224
0.542317 0.329575 -0.797588 0.652183 -0.180172 -0.746271
0.499993 0.327888 -0.811854 0.635989 0.135426 -0.772535
0.451217 0.325894 -0.822831 0.615481 0.275791 -0.792965
0.397443 0.323516 -0.831291 0.589748 0.316112 -0.808657
0.341048 0.32066 -0.837846 0.557978 0.329575 -0.820648
0.284977 0.317233 -0.842966 0.519678 0.327936 -0.829818
0.232162 0.313059 -0.846999 0.474947 0.326007 -0.836866
0.184937 0.307936 -0.850209 0.424705 0.32372 -0.842324
0.144655 0.3016 -0.852787 0.370759 0.320987 -0.846592
0.111637 0.293714 -0.854879 0.315619 0.317723 -0.849963
0.0853961 0.283854 -0.840973 0.262074 0.313771 -0.852652
0.0649846 0.271496 -0.782535 0.212653 0.308948 -0.854821
0.0493065 0.255038 -0.583279 0.169165 0.303016 -0.856587
0.0373254 0.233998 -0.313036 0.132483 0.29567 -0.85659
0.0281624 0.207251 -0.192843 0.102602 0.286523 -0.840973
0.0211198 0.173666 -0.158317 0.0788934 0.275086 -0.782535
0.0156649 0.132335 -0.146789 0.0604118 0.26064 -0.583279
0.0113999 0.0829081 -0.148233 0.0461457 0.241729 -0.313036
0.00803131 0.025946 -0.149941 0.0351695 0.217779 -0.192843
0.00534285 -0.0368531 -0.151977 0.0267093 0.187727 -0.158317
0.00317512 -0.102713 -0.154423 0.0201536 0.150625 -0.146789
0.00140989 -0.168195 -0.157357 0.0150344 0.105896 -0.148192
0.00140711 -0.229874 -0.160931 0.0110008 0.0536584 -0.149844
0.0170187 -0.285025 -0.165318 0.00779145 -0.00501543 -0.151803
0.0754367 -0.332067 -0.170744 0.00521275 -0.0680153 -0.154143
0.274648 -0.370627 -0.177496 0.00312055 -0.13241 -0.156937
0.544912 -0.401272 -0.18594 0.0170266 -0.194941 -0.160322
0.66514 -0.425109 -0.196522 0.0754654 -0.252657 -0.164452
0.699678 -0.443418 -0.210614 0.274721 -0.303444 -0.169532
0.711209 -0.45741 -0.228631 0.544964 -0.346282 -0.175821
0.709805 -0.468111 -0.251534 0.665157 -0.381178 -0.183654
0.708153 -0.476336 -0.280292 0.699683 -0.408866 -0.193448
0.706194 -0.482706 -0.315683 0.711211 -0.430449 -0.205817
0.703857 -0.487687 -0.358007 0.709767 -0.44711 -0.222011
0.701066 -0.491621 -0.406783 0.708059 -0.459928 -0.242519
0.697689 -0.49476 -0.460557 0.706023 -0.469808 -0.268252
0.693573 -0.497292 -0.516952 0.703577 -0.477464 -0.300022
0.688521 -0.499353 -0.573023 0.700643 -0.483442 -0.338322
0.682283 -0.499357 -0.625838 0.697069 -0.488153 -0.383053
0.674544 -0.481125 -0.673063 0.692682 -0.491901 -0.433295
0.664924 -0.412903 -0.713345 0.687256 -0.494912 -0.487241
0.652186 -0.180257 -0.746363 0.680504 -0.497356 -0.542381
0.635996 0.135366 -0.772604 0.67206 -0.481116 -0.595926
0.615493 0.275772 -0.793015 0.661478 -0.412869 -0.645347
0.589766 0.316106 -0.808694 0.647386 -0.180172 -0.688835
0.558004 0.329573 -0.820675 0.629369 0.135426 -0.725517
0.519712 0.327933 -0.829838 0.606466 0.275791 -0.755398
0.47499 0.326004 -0.83688 0.577708 0.316112 -0.779107
0.424755 0.323716 -0.842335 0.542317 0.329575 -0.797588
0.370815 0.320987 -0.8466 0.499993 0.327888 -0.811854
0.315677 0.317727 -0.849969 0.451217 0.325894 -0.822831
0.262131 0.313784 -0.852657 0.397443 0.323516 -0.831291
0.212705 0.308977 -0.854825 0.341048 0.32066 -0.837846
0.169211 0.303077 -0.85659 0.284977 0.317233 -0.842966
0.132522 0.295792 -0.856593 0.232162 0.313059 -0.846999
0.102634 0.286755 -0.840981 0.184937 0.307936 -0.850209
0.0789184 0.275519 -0.782563 0.144655 0.3016 -0.852787
0.0604314 0.260643 -0.583352 0.111637 0.293714 -0.854879
0.0461609 0.241737 -0.313088 0.0853961 0.283854 -0.840973
0.0351812 0.217792 -0.19286 0.0649846 0.271496 -0.782535
0.0267185 0.187748 -0.158322 0.0493065 0.255038 -0.583279
0.0201608 0.150654 -0.146791 0.0373254 0.233998 -0.313036
0.0150401 0.105936 -0.148195 0.0281624 0.207251 -0.192843
0.0110052 0.0537081 -0.149847 0.0211198 0.173666 -0.158317
0.00779504 -0.00495693 -0.151806 0.0156649 0.132335 -0.146789
0.00521566 -0.0679506 -0.154143 0.0113999 0.0829081 -0.148233
0.00312292 -0.132342 -0.156934 0.00803131 0.025946 -0.149941
0.0170324 -0.194875 -0.160311 0.00534285 -0.0368531 -0.151977
0.0754876 -0.252596 -0.164427 0.00317512 -0.102713 -0.154423
0.274779 -0.30339 -0.169479 0.00140989 -0.168195 -0.157357
0.545007 -0.346237 -0.175717 0.00140711 -0.229874 -0.160931
0.665171 -0.381141 -0.183456 0.0170187 -0.285025 -0.165318
0.699688 -0.408837 -0.193076 0.0754367 -0.332067 -0.170744
0.711214 -0.430426 -0.205814 0.274648 -0.370627 -0.177496
0.709769 -0.447092 -0.222004 0.544912 -0.401272 -0.18594
0.708061 -0.459914 -0.242507 0.66514 -0.425109 -0.196522
0.706026 -0.469797 -0.268234 0.699678 -0.443418 -0.210614
0.703581 -0.477456 -0.299996 0.711209 -0.45741 -0.228631
0.700643 -0.483436 -0.338288 0.709805 -0.468111 -0.251534
0.697069 -0.488148 -0.38301 0.708153 -0.476336 -0.280292
0.692682 -0.491897 -0.433245 0.706194 -0.482706 -0.315683
0.687256 -0.494909 -0.487185 0.703857 -0.487687 -0.358007
0.680504 -0.497353 -0.542323 0.701066 -0.491621 -0.406783
0.67206 -0.481109 -0.595869 0.697689 -0.49476 -0.460557
0.661478 -0.412843 -0.645295 0.693573 -0.497292 -0.516952
0.647386 -0.180104 -0.688789 0.688521 -0.499353 -0.573023
0.629369 0.135477 -0.725478 0.682283 -0.499357 -0.625838
0.606466 0.275808 -0.755366 0.674544 -0.481125 -0.673063
0.577708 0.316118 -0.779082 0.664924 -0.412903 -0.713345
0.542317 0.329578 -0.797569 0.652186 -0.180257 -0.746363
0.499993 0.327891 -0.811839 0.635996 0.135366 -0.772604
0.451217 0.325897 -0.822819 0.615493 0.275772 -0.793015
0.397443 0.32352 -0.831282 0.589766 0.316106 -0.808694
0.341048 0.320664 -0.837839 0.558004 0.329573 -0.820675
0.284977 0.317233 -0.84296 0.519712 0.327933 -0.829838
0.232162 0.313059 -0.846995 0.47499 0.326004 -0.83688
0.184937 0.307936 -0.850205 0.424755 0.323716 -0.842335
0.144655 0.3016 -0.852784 0.370815 0.320987 -0.8466
0.111637 0.293714 -0.854877 0.315677 0.317727 -0.849969
0.0853961 0.283854 -0.840968 0.262131 0.313784 -0.852657
0.0649846 0.271496 -0.782512 0.212705 0.308977 -0.854825
0.0493065 0.255038 -0.583221 0.169211 0.303077 -0.85659
0.0373254 0.233998 -0.312993 0.132522 0.295792 -0.856593
0.0281624 0.207251 -0.192829 0.102634 0.286755 -0.840981
0.0211198 0.173666 -0.158312 0.0789184 0.275519 -0.782563
0.0156649 0.132335 -0.146786 0.0604314 0.260643 -0.583352
0.0113999 0.0829081 -0.148231 0.0461609 0.241737 -0.313088
0.00803131 0.025946 -0.149939 0.0351812 0.217792 -0.19286
0.00534285 -0.0368531 -0.151974 0.0267185 0.187748 -0.158322
0.00317512 -0.102713 -0.154419 0.0201608 0.150654 -0.146791
0.00140989 -0.168195 -0.157357 0.0150401 0.105936 -0.148195
0.00140711 -0.229874 -0.160931 0.0110052 0.0537081 -0.149847
0.0170187 -0.285025 -0.165318 0.00779504 -0.00495693 -0.151806
0.0754367 -0.332067 -0.170744 0.00521566 -0.0679506 -0.154143
0.274648 -0.370627 -0.177496 0.00312292 -0.132342 -0.156934
0.544912 -0.401272 -0.18594 0.0170324 -0.194875 -0.160311
0.66514 -0.425109 -0.196522 0.0754876 -0.252596 -0.164427
0.699678 -0.443418 -0.210614 0.274779 -0.30339 -0.169479
0.711209 -0.45741 -0.228631 0.545007 -0.346237 -0.175717
0.709805 -0.468111 -0.251534 0.665171 -0.381141 -0.183456
0.708153 -0.476336 -0.280292 0.699688 -0.408837 -0.193076
0.706194 -0.482706 -0.315683 0.711214 -0.430426 -0.205814
0.703857 -0.487687 -0.358007 0.709769 -0.447092 -0.222004
0.701066 -0.491621 -0.406783 0.708061 -0.459914 -0.242507
0.697689 -0.49476 -0.460557 0.706026 -0.469797 -0.268234
0.693573 -0.497292 -0.516952 0.703581 -0.477456 -0.299996
0.688521 -0.499353 -0.573023 0.700643 -0.483436 -0.338288
0.682283 -0.499357 -0.625838 0.697069 -0.488148 -0.38301
0.674544 -0.481125 -0.673063 0.692682 -0.491897 -0.433245
0.664924 -0.412903 -0.713345 0.687256 -0.494909 -0.487185
0.652186 -0.180257 -0.746363 0.680504 -0.497353 -0.542323
0.635996 0.135366 -0.772604 0.67206 -0.481109 -0.595869
0.615493 0.275772 -0.793015 0.661478 -0.412843 -0.645295
0.589766 0.316106 -0.808694 0.647386 -0.180104 -0.688789
0.558004 0.329573 -0.820675 0.629369 0.135477 -0.725478
0.519712 0.327933 -0.829838 0.606466 0.275808 -0.755366
0.47499 0.326004 -0.83688 0.577708 0.316118 -0.779082
0.424755 0.323716 -0.842335 0.542317 0.329578 -0.797569
0.370815 0.320987 -0.8466 0.499993 0.327891 -0.811839
0.315677 0.317727 -0.849969 0.451217 0.325897 -0.822819
0.262131 0.313784 -0.852657 0.397443 0.32352 -0.831282
0.212705 0.308977 -0.854825 0.341048 0.320664 -0.837839
0.169211 0.303077 -0.85659 0.284977 0.317233 -0.84296
0.132522 0.295792 -0.856593 0.232162 0.313059 -0.846995
0.102634 0.286755 -0.840981 0.184937 0.307936 -0.850205
0.0789184 0.275519 -0.782563 0.144655 0.3016 -0.852784
0.0604314 0.260643 -0.583352 0.111637 0.293714 -0.854877
0.0461609 0.241737 -0.313088 0.0853961 0.283854 -0.840968
0.0351812 0.217792 -0.19286 0.0649846 0.271496 -0.782512
0.0267185 0.187748 -0.158322 0.0493065 0.255038 -0.583221
0.0201608 0.150654 -0.146791 0.0373254 0.233998 -0.312993
0.0150401 0.105936 -0.148195 0.0281624 0.207251 -0.192829
0.0110052 0.0537081 -0.149847 0.0211198 0.173666 -0.158312
0.00779504 -0.00495693 -0.151806 0.0156649 0.132335 -0.146786
0.00521566 -0.0679506 -0.154143 0.0113999 0.0829081 -0.148231
0.00312292 -0.132342 -0.156934 0.00803131 0.025946 -0.149939
0.0170324 -0.194875 -0.160311 0.00534285 -0.0368531 -0.151974
0.0754876 -0.252596 -0.164427 0.00317512 -0.102713 -0.154419
0.274779 -0.30339 -0.169479 0.00140989 -0.168195 -0.157357
0.545007 -0.346237 -0.175717 0.00140711 -0.229874 -0.160931
0.665171 -0.381141 -0.183456 0.0170187 -0.285025 -0.165318
0.699688 -0.408837 -0.193076 0.0754367 -0.332067 -0.170744
0.711214 -0.430426 -0.205814 0.274648 -0.370627 -0.177496
0.709769 -0.447092 -0.222004 0.544912 -0.401272 -0.18594
0.708061 -0.459914 -0.242507 0.66514 -0.425109 -0.196522
0.706026 -0.469797 -0.268234 0.699678 -0.443418 -0.210614
0.703581 -0.477456 -0.299996 0.711209 -0.45741 -0.228631
0.700643 -0.483436 -0.338288 0.709805 -0.468111 -0.251534
0.697069 -0.488148 -0.38301 0.708153 -0.476336 -0.280292
0.692682 -0.491897 -0.433245 0.706194 -0.482706 -0.315683
0.687256 -0.494909 -0.487185 0.703857 -0.487687 -0.358007
0.680504 -0.497353 -0.542323 0.701066 -0.491621 -0.406783
0.67206 -0.481109 -0.595869 0.697689 -0.49476 -0.460557
0.661478 -0.412843 -0.645295 0.693573 -0.497292 -0.516952
0.647386 -0.180104 -0.688789 0.688521 -0.499353 -0.573023
0.629369 0.135477 -0.725478 0.682283 -0.499357 -0.625838
0.606466 0.275808 -0.755366 0.674544 -0.481125 -0.673063
0.577708 0.316118 -0.779082 0.664924 -0.412903 -0.713345
0.542317 0.329578 -0.797569 0.652186 -0.180257 -0.746363
0.499993 0.327891 -0.811839 0.635996 0.135366 -0.772604
0.451217 0.325897 -0.822819 0.615493 0.275772 -0.793015
0.397443 0.32352 -0.831282 0.589766 0.316106 -0.808694
0.341048 0.320664 -0.837839 0.558004 0.329573 -0.820675
0.284977 0.317233 -0.84296 0.519712 0.327933 -0.829838
0.232162 0.313059 -0.846995 0.47499 0.326004 -0.83688
0.184937 0.307936 -0.850205 0.424755 0.323716 -0.842335
0.144655 0.3016 -0.852784 0.370815 0.320987 -0.8466
0.111637 0.293714 -0.854877 0.315677 0.317727 -0.849969
0.0853961 0.283854 -0.840968 0.262131 0.313784 -0.852657
0.0649846 0.271496 -0.782512 0.212705 0.308977 -0.854825
0.0493065 0.255038 -0.583221 0.169211 0.303077 -0.85659
0.0373254 0.233998 -0.312993 0.132522 0.295792 -0.856593
0.0281624 0.207251 -0.192829 0.102634 0.286755 -0.840981
0.0211198 0.173666 -0.158312 0.0789184 0.275519 -0.782563
0.0156649 0.132335 -0.146786 0.0604314 0.260643 -0.583352
0.0113999 0.0829081 -0.148231 0.0461609 0.241737 -0.313088
0.00803131 0.025946 -0.149939 0.0351812 0.217792 -0.19286
0.00534285 -0.0368531 -0.151974 0.0267185 0.187748 -0.158322
0.00317512 -0.102713 -0.154419 0.0201608 0.150654 -0.146791
0.00140989 -0.168195 -0.157357 0.0150401 0.105936 -0.148195
0.0170266 -0.229874 -0.160931 0.0110052 0.0537081 -0.149847
0.0754654 -0.285025 -0.165318 0.00779504 -0.00495693 -0.151806
0.274721 -0.332067 -0.170744 0.00521566 -0.0679506 -0.154143
0.544964 -0.370627 -0.177496 0.00312292 -0.132342 -0.156934
0.665157 -0.401272 -0.18594 0.0170324 -0.194875 -0.160311
0.699683 -0.425109 -0.196522 0.0754876 -0.252596 -0.164427
0.711211 -0.443418 -0.210614 0.274779 -0.30339 -0.169479
0.709767 -0.45741 -0.228631 0.545007 -0.346237 -0.175717
0.708059 -0.468111 -0.251534 0.665171 -0.381141 -0.183456
0.706023 -0.476336 -0.280292 0.699688 -0.408837 -0.193076
0.703577 -0.482706 -0.315683 0.711214 -0.430426 -0.205814
0.700618 -0.487687 -0.358007 0.709769 -0.447092 -0.222004
0.697029 -0.491621 -0.406783 0.708061 -0.459914 -0.242507
0.692618 -0.49476 -0.460557 0.706026 -0.469797 -0.268234
0.687154 -0.497292 -0.516952 0.703581 -0.477456 -0.299996
0.680338 -0.499353 -0.573023 0.700643 -0.483436 -0.338288
0.671789 -0.481116 -0.625838 0.697069 -0.488148 -0.38301
0.661033 -0.412869 -0.673063 0.692682 -0.491897 -0.433245
0.647503 -0.180172 -0.713345 0.687256 -0.494909 -0.487185
0.629512 0.135426 -0.746363 0.680504 -0.497353 -0.542323
0.606638 0.275791 -0.772604 0.67206 -0.481109 -0.595869
0.577912 0.316112 -0.793015 0.661478 -0.412843 -0.645295
0.542553 0.329575 -0.808694 0.647386 -0.180104 -0.688789
0.500259 0.327888 -0.820675 0.629369 0.135477 -0.725478
0.451505 0.325894 -0.829838 0.606466 0.275808 -0.755366
0.39774 0.323516 -0.83688 0.577708 0.316118 -0.779082
0.341339 0.32066 -0.842335 0.542317 0.329578 -0.797569
0.285247 0.317204 -0.8466 0.499993 0.327891 -0.811839
0.2324 0.313013 -0.849969 0.451217 0.325897 -0.822819
0.185137 0.307862 -0.852657 0.397443 0.32352 -0.831282
0.144816 0.301481 -0.854825 0.341048 0.320664 -0.837839
0.111762 0.293521 -0.85659 0.284977 0.317233 -0.84296
0.0854911 0.283537 -0.840973 0.232162 0.313059 -0.846995
0.0650555 0.270976 -0.782535 0.184937 0.307936 -0.850205
0.0493591 0.255175 -0.583279 0.144655 0.3016 -0.852784
0.0373644 0.234164 -0.313036 0.111637 0.293714 -0.854877
0.0281915 0.207452 -0.192843 0.0853961 0.283854 -0.840968
0.0211417 0.173904 -0.158317 0.0649846 0.271496 -0.782512
0.0156815 0.132611 -0.146789 0.0493065 0.255038 -0.583221
0.0114126 0.0832189 -0.148233 0.0373254 0.233998 -0.312993
0.00804119 0.0262817 -0.149941 0.0281624 0.207251 -0.192829
0.00535062 -0.0365068 -0.151977 0.0211198 0.173666 -0.158312
0.00318129 -0.102373 -0.154423 0.0156649 0.132335 -0.146786
0.00141484 -0.16788 -0.157382 0.0113999 0.0829081 -0.148231
0.00141188 -0.229596 -0.160971 0.00803131 0.025946 -0.149939
0.0170324 -0.284791 -0.165382 0.00534285 -0.0368531 -0.151974
