0.3575 -0.0835 -0.5005 0.3575 -0.0835 -0.5005
0.3575 -0.0835 -0.5005 0.3575 -0.0835 -0.5005
-0.00942046 -0.0835 -0.5005 0.3575 -0.0835 -0.5005
0.724576 -0.0835 -0.5005 0.3575 -0.0835 -0.5005
0.640965 -0.0835 -0.5005 0.3575 -0.0835 -0.5005
0.00138624 -0.0835 -0.5005 0.3575 -0.0835 -0.5005
0.00138624 -0.0835 -0.5005 0.3575 -0.0835 -0.5005
0.00138624 -0.0835 -0.5005 0.3575 -0.0835 -0.5005
0.00138624 -0.0835 -0.5005 0.3575 -0.0835 -0.5005
0.00138624 -0.0835 -0.5005 0.3575 -0.0835 -0.5005
0.00138624 -0.0835 -0.5005 0.3575 -0.0835 -0.5005
0.00138624 -0.0835 -0.5005 0.3575 -0.0835 -0.5005
0.00138624 -0.0835 -0.5005 0.3575 -0.0835 -0.5005
0.00138624 -0.0835 -0.5005 0.3575 -0.0835 -0.5005
0.00138624 -0.0835 -0.5005 0.3575 -0.0835 -0.5005
0.00138624 -0.0835 -0.5005 0.3575 -0.0835 -0.5005
0.00138624 -0.0835 -0.5005 0.3575 -0.0835 -0.5005
0.00138624 -0.0835 -0.5005 0.3575 -0.0835 -0.5005
0.00138624 -0.512002 -0.5005 0.3575 -0.0835 -0.5005
0.00138624 0.345183 -0.5005 0.3575 -0.0835 -0.5005
0.00138624 0.247539 -0.5005 0.3575 -0.0835 -0.5005
0.00138624 -0.499381 -0.5005 0.3575 -0.0835 -0.5005
0.00138624 -0.499381 -0.5005 0.3575 -0.0835 -0.5005
0.00138624 -0.499381 -0.5005 0.3575 -0.0835 -0.5005
0.00138624 -0.499381 -0.5005 0.3575 -0.0835 -0.5005
0.00138624 -0.499381 -0.5005 0.3575 -0.0835 -0.5005
0.711202 -0.499381 -0.5005 0.3575 -0.0835 -0.5005
0.711202 -0.499381 -0.5005 0.3575 -0.0835 -0.5005
0.711202 -0.499381 -0.5005 0.3575 -0.0835 -0.5005
0.711202 -0.499381 -0.5005 0.3575 -0.0835 -0.5005
0.711202 -0.499381 -0.5005 0.3575 -0.0835 -0.5005
0.708628 -0.499381 -0.5005 0.3575 -0.0835 -0.5005
0.705184 -0.499381 -0.5005 0.3575 -0.0835 -0.5005
0.700469 -0.499381 -0.5005 0.3575 -0.0835 -0.5005
0.6945 -0.499381 -0.86742 0.3575 -0.0835 -0.5005
0.685216 -0.499381 -0.133424 0.3575 -0.0835 -0.5005
0.67153 -0.499381 -0.217035 0.3575 -0.0835 -0.5005
0.650987 -0.499381 -0.856614 0.3575 -0.0835 -0.5005
0.620006 -0.499381 -0.856614 0.3575 -0.0835 -0.5005
0.573872 -0.499381 -0.856614 0.3575 -0.0835 -0.5005
0.50902 -0.499381 -0.856614 0.3575 -0.0835 -0.5005
0.42585 -0.499381 -0.856614 0.3575 -0.0835 -0.5005
0.331834 0.329565 -0.856614 0.3575 -0.0835 -0.5005
0.240075 0.329565 -0.856614 0.3575 -0.0835 -0.5005
0.162846 0.329565 -0.856614 0.3575 -0.0835 -0.5005
0.105658 0.329565 -0.856614 0.3575 -0.0835 -0.5005
0.0669888 0.329565 -0.856614 0.3575 -0.0835 -0.5005
0.0420703 0.326559 -0.856614 0.3575 -0.0835 -0.5005
0.0262037 0.322537 -0.856614 0.3575 -0.0835 -0.5005
0.0159805 0.31703 -0.856614 0.3575 -0.0835 -0.5005
0.00923214 0.310059 -0.856614 -0.00942046 -0.0835 -0.5005
0.0046477 0.299217 -0.856614 0.724576 -0.0835 -0.5005
0.00144181 0.283234 -0.856614 0.640965 -0.0835 -0.5005
0.00143633 0.259243 -0.856614 0.00138624 -0.0835 -0.5005
0.00143121 0.223063 -0.856614 0.00138624 -0.0835 -0.5005
0.00142642 0.169187 -0.856614 0.00138624 -0.0835 -0.5005
0.00142194 0.09345 -0.856614 0.00138624 -0.0835 -0.5005
0.0314469 -0.00367895 -0.856614 0.00138624 -0.0835 -0.5005
0.220533 -0.113473 -0.146798 0.00138624 -0.0835 -0.5005
0.581647 -0.220633 -0.146798 0.00138624 -0.0835 -0.5005
0.690541 -0.310823 -0.146798 0.00138624 -0.0835 -0.5005
0.711224 -0.377609 -0.146798 0.00138624 -0.0835 -0.5005
0.709095 -0.422768 -0.146798 0.00138624 -0.0835 -0.5005
0.706379 -0.451869 -0.149372 0.00138624 -0.0835 -0.5005
0.702857 -0.470398 -0.152816 0.00138624 -0.0835 -0.5005
0.698235 -0.482337 -0.157531 0.00138624 -0.0835 -0.5005
0.69209 -0.490218 -0.1635 0.00138624 -0.512002 -0.5005
0.683758 -0.495572 -0.172784 0.00138624 0.345183 -0.5005
0.672317 -0.499316 -0.18647 0.00138624 0.247539 -0.5005
0.656505 -0.499323 -0.207013 0.00138624 -0.499381 -0.5005
0.633234 -0.499329 -0.237994 0.00138624 -0.499381 -0.5005
0.600447 -0.499334 -0.284128 0.00138624 -0.499381 -0.5005
0.555428 -0.499339 -0.34898 0.00138624 -0.499381 -0.5005
0.496547 -0.464275 -0.43215 0.00138624 -0.499381 -0.5005
0.42492 -0.243454 -0.526166 0.711202 -0.499381 -0.5005
0.345505 0.178266 -0.617925 0.711202 -0.499381 -0.5005
0.266268 0.305436 -0.695154 0.711202 -0.499381 -0.5005
0.195312 0.329591 -0.752342 0.711202 -0.499381 -0.5005
0.137791 0.327104 -0.791011 0.711202 -0.499381 -0.5005
0.0947702 0.323932 -0.81593 0.708628 -0.499381 -0.5005
0.0643198 0.319819 -0.831796 0.705184 -0.499381 -0.5005
0.0433867 0.314421 -0.84202 0.700469 -0.499381 -0.5005
0.0291074 0.307245 -0.848768 0.6945 -0.499381 -0.86742
0.019298 0.297514 -0.853352 0.685216 -0.499381 -0.133424
0.0124527 0.284153 -0.856558 0.67153 -0.499381 -0.217035
0.00758022 0.265688 -0.856564 0.650987 -0.499381 -0.856614
0.00403862 0.238511 -0.856569 0.620006 -0.499381 -0.856614
0.001411 0.200221 -0.856574 0.573872 -0.499381 -0.856614
0.00140701 0.147647 -0.856578 0.50902 -0.499381 -0.856614
0.0313743 0.0788837 -0.826553 0.42585 -0.499381 -0.856614
0.220149 -0.00476509 -0.637467 0.331834 0.329565 -0.856614
0.581389 -0.0975085 -0.276353 0.240075 0.329565 -0.856614
0.690489 -0.190043 -0.167459 0.162846 0.329565 -0.856614
0.711209 -0.272909 -0.146776 0.105658 0.329565 -0.856614
0.709165 -0.340084 -0.148905 0.0669888 0.329565 -0.856614
0.706583 -0.390324 -0.151621 0.0420703 0.326559 -0.856614
0.703276 -0.425885 -0.155143 0.0262037 0.322537 -0.856614
0.699009 -0.450332 -0.159765 0.0159805 0.31703 -0.856614
0.693387 -0.467007 -0.16591 0.00923214 0.310059 -0.856614
0.685879 -0.478463 -0.174242 0.0046477 0.299217 -0.856614
0.675733 -0.486457 -0.185683 0.00144181 0.283234 -0.856614
0.661933 -0.492148 -0.201495 0.00143633 0.259243 -0.856614
0.641858 -0.496284 -0.224766 0.00143121 0.223063 -0.856614
0.613815 -0.499352 -0.257553 0.00142642 0.169187 -0.856614
0.575314 -0.499357 -0.302572 0.00142194 0.09345 -0.856614
0.524347 -0.46436 -0.361453 0.0314469 -0.00367895 -0.856614
0.460675 -0.243903 -0.43308 0.220533 -0.113473 -0.146798
0.387105 0.177965 -0.512495 0.581647 -0.220633 -0.146798
0.309654 0.305375 -0.591732 0.690541 -0.310823 -0.146798
0.235899 0.329572 -0.662688 0.711224 -0.377609 -0.146798
0.17224 0.327185 -0.720209 0.709095 -0.422768 -0.146798
0.121849 0.32417 -0.76323 0.706379 -0.451869 -0.149372
0.0845404 0.320309 -0.79368 0.702857 -0.470398 -0.152816
0.0580858 0.315325 -0.814613 0.698235 -0.482337 -0.157531
0.0397152 0.30876 -0.828893 0.69209 -0.490218 -0.1635
0.0269992 0.299992 -0.838702 0.683758 -0.495572 -0.172784
0.0181206 0.288143 -0.845547 0.672317 -0.499316 -0.18647
0.0118246 0.272026 -0.85042 0.656505 -0.499323 -0.207013
0.00727606 0.248582 -0.853961 0.633234 -0.499329 -0.237994
0.00392536 0.215833 -0.856589 0.600447 -0.499334 -0.284128
0.00140978 0.17087 -0.856593 0.555428 -0.499339 -0.34898
0.0313879 0.111349 -0.826626 0.496547 -0.464275 -0.43215
0.220221 0.0369911 -0.637851 0.42492 -0.243454 -0.526166
0.581438 -0.0489259 -0.276611 0.345505 0.178266 -0.617925
0.690499 -0.139376 -0.167511 0.266268 0.305436 -0.695154
0.711212 -0.22551 -0.146791 0.195312 0.329591 -0.752342
0.709168 -0.299853 -0.148835 0.137791 0.327104 -0.791011
0.706587 -0.3587 -0.151417 0.0947702 0.323932 -0.81593
0.703309 -0.402271 -0.154724 0.0643198 0.319819 -0.831796
0.699069 -0.433166 -0.158991 0.0433867 0.314421 -0.84202
0.693502 -0.454619 -0.164613 0.0291074 0.307245 -0.848768
0.686101 -0.469469 -0.172121 0.019298 0.297514 -0.853352
0.676169 -0.479838 -0.182267 0.0124527 0.284153 -0.856558
0.661933 -0.487191 -0.196067 0.00758022 0.265688 -0.856564
0.641851 -0.492503 -0.216142 0.00403862 0.238511 -0.856569
0.613799 -0.496416 -0.244185 0.001411 0.200221 -0.856574
0.575285 -0.499354 -0.282686 0.00140701 0.147647 -0.856578
0.524301 -0.464344 -0.333653 0.0313743 0.0788837 -0.826553
0.460613 -0.243818 -0.397325 0.220149 -0.00476509 -0.637467
0.38703 0.178022 -0.470895 0.581389 -0.0975085 -0.276353
0.309573 0.305387 -0.548346 0.690489 -0.190043 -0.167459
0.235822 0.329576 -0.622101 0.711209 -0.272909 -0.146776
0.172174 0.327189 -0.68576 0.709165 -0.340084 -0.148905
0.121798 0.324175 -0.736151 0.706583 -0.390324 -0.151621
0.0845028 0.320347 -0.77346 0.703276 -0.425885 -0.155143
0.0580591 0.315395 -0.799914 0.699009 -0.450332 -0.159765
0.0396965 0.308894 -0.818285 0.693387 -0.467007 -0.16591
0.0269861 0.300251 -0.831001 0.685879 -0.478463 -0.174242
0.0181113 0.288652 -0.839879 0.675733 -0.486457 -0.185683
0.011818 0.272026 -0.846175 0.661933 -0.492148 -0.201495
0.00727118 0.248574 -0.850724 0.641858 -0.496284 -0.224766
0.00392171 0.215815 -0.854075 0.613815 -0.499352 -0.257553
0.0313929 0.170836 -0.85659 0.575314 -0.499357 -0.302572
0.220243 0.111296 -0.826612 0.524347 -0.46436 -0.361453
0.58145 0.0369182 -0.637779 0.460675 -0.243903 -0.43308
0.690501 -0.0490142 -0.276562 0.387105 0.177965 -0.512495
0.711212 -0.139471 -0.167501 0.309654 0.305375 -0.591732
0.70908 -0.225599 -0.146788 0.235899 0.329572 -0.662688
0.706361 -0.29993 -0.148832 0.17224 0.327185 -0.720209
0.702837 -0.35876 -0.151413 0.121849 0.32417 -0.76323
0.698227 -0.402315 -0.154691 0.0845404 0.320309 -0.79368
0.692059 -0.433197 -0.158931 0.0580858 0.315325 -0.814613
0.68367 -0.454641 -0.164498 0.0397152 0.30876 -0.828893
0.67209 -0.469485 -0.171899 0.0269992 0.299992 -0.838702
0.655952 -0.479849 -0.181831 0.0181206 0.288143 -0.845547
0.633234 -0.487199 -0.196067 0.0118246 0.272026 -0.85042
0.600447 -0.492508 -0.216149 0.00727606 0.248582 -0.853961
0.555428 -0.49642 -0.244201 0.00392536 0.215833 -0.856589
0.496547 -0.464338 -0.282715 0.00140978 0.17087 -0.856593
0.42492 -0.243793 -0.333699 0.0313879 0.111349 -0.826626
0.345505 0.178036 -0.397387 0.220221 0.0369911 -0.637851
0.266268 0.305389 -0.47097 0.581438 -0.0489259 -0.276611
0.195312 0.329576 -0.548427 0.690499 -0.139376 -0.167511
0.137791 0.327087 -0.622178 0.711212 -0.22551 -0.146791
0.0947702 0.323912 -0.685826 0.709168 -0.299853 -0.148835
0.0643198 0.319795 -0.736202 0.706587 -0.3587 -0.151417
0.0433867 0.314412 -0.773497 0.703309 -0.402271 -0.154724
0.0291074 0.307209 -0.799941 0.699069 -0.433166 -0.158991
0.019298 0.297412 -0.818303 0.693502 -0.454619 -0.164613
0.0124527 0.283889 -0.831014 0.686101 -0.469469 -0.172121
0.00758022 0.265042 -0.839889 0.676169 -0.479838 -0.182267
0.00403862 0.238511 -0.846182 0.661933 -0.487191 -0.196067
0.001411 0.200221 -0.850729 0.641851 -0.492503 -0.216142
0.00140701 0.147647 -0.854078 0.613799 -0.496416 -0.244185
0.0313743 0.0788837 -0.826607 0.575285 -0.499354 -0.282686
0.220149 -0.00476509 -0.637757 0.524301 -0.464344 -0.333653
0.581389 -0.0975085 -0.27655 0.460613 -0.243818 -0.397325
0.690489 -0.190043 -0.167499 0.38703 0.178022 -0.470895
0.711209 -0.272909 -0.146788 0.309573 0.305387 -0.548346
0.709165 -0.340084 -0.14892 0.235822 0.329576 -0.622101
0.706583 -0.390324 -0.151639 0.172174 0.327189 -0.68576
0.703276 -0.425885 -0.155163 0.121798 0.324175 -0.736151
0.699009 -0.450332 -0.159773 0.0845028 0.320347 -0.77346
0.693387 -0.467007 -0.165941 0.0580591 0.315395 -0.799914
0.685879 -0.478463 -0.17433 0.0396965 0.308894 -0.818285
0.675733 -0.486457 -0.18591 0.0269861 0.300251 -0.831001
0.661933 -0.492148 -0.202048 0.0181113 0.288652 -0.839879
0.641858 -0.496284 -0.224766 0.011818 0.272026 -0.846175
0.613815 -0.499352 -0.257553 0.00727118 0.248574 -0.850724
0.575314 -0.499357 -0.302572 0.00392171 0.215815 -0.854075
0.524347 -0.46436 -0.361453 0.0313929 0.170836 -0.85659
0.460675 -0.243903 -0.43308 0.220243 0.111296 -0.826612
0.387105 0.177965 -0.512495 0.58145 0.0369182 -0.637779
0.309654 0.305375 -0.591732 0.690501 -0.0490142 -0.276562
0.235899 0.329572 -0.662688 0.711212 -0.139471 -0.167501
0.17224 0.327185 -0.720209 0.70908 -0.225599 -0.146788
0.121849 0.32417 -0.76323 0.706361 -0.29993 -0.148832
0.0845404 0.320309 -0.79368 0.702837 -0.35876 -0.151413
0.0580858 0.315325 -0.814613 0.698227 -0.402315 -0.154691
0.0397152 0.30876 -0.828893 0.692059 -0.433197 -0.158931
0.0269992 0.299992 -0.838702 0.68367 -0.454641 -0.164498
0.0181206 0.288143 -0.845547 0.67209 -0.469485 -0.171899
0.0118246 0.272026 -0.85042 0.655952 -0.479849 -0.181831
0.00727606 0.248582 -0.853961 0.633234 -0.487199 -0.196067
0.00392536 0.215833 -0.856589 0.600447 -0.492508 -0.216149
0.0314068 0.17087 -0.856593 0.555428 -0.49642 -0.244201
0.220318 0.111349 -0.826626 0.496547 -0.464338 -0.282715
0.5815 0.0369911 -0.637851 0.42492 -0.243793 -0.333699
0.690511 -0.0489259 -0.276611 0.345505 0.178036 -0.397387
0.711215 -0.139376 -0.167511 0.266268 0.305389 -0.47097
0.711212 -0.22551 -0.146791 0.195312 0.329576 -0.548427
0.70908 -0.299853 -0.148835 0.137791 0.327087 -0.622178
0.706361 -0.3587 -0.151417 0.0947702 0.323912 -0.685826
0.70287 -0.402271 -0.154724 0.0643198 0.319795 -0.736202
0.698298 -0.433166 -0.158991 0.0433867 0.314412 -0.773497
0.692211 -0.454619 -0.164613 0.0291074 0.307209 -0.799941
0.683994 -0.469469 -0.172121 0.019298 0.297412 -0.818303
0.672788 -0.479838 -0.182267 0.0124527 0.283889 -0.831014
0.656361 -0.487191 -0.196067 0.00758022 0.265042 -0.839889
0.633051 -0.492503 -0.216142 0.00403862 0.238511 -0.846182
0.600217 -0.496416 -0.244185 0.001411 0.200221 -0.850729
0.555148 -0.464322 -0.282686 0.00140701 0.147647 -0.854078
0.496226 -0.243706 -0.333653 0.0313743 0.0788837 -0.826607
0.42458 0.178095 -0.397325 0.220149 -0.00476509 -0.637757
0.345178 0.305401 -0.470895 0.581389 -0.0975085 -0.27655
0.265986 0.32958 -0.548346 0.690489 -0.190043 -0.167499
0.195092 0.329576 -0.622101 0.711209 -0.272909 -0.146788
0.137634 0.327086 -0.68576 0.709165 -0.340084 -0.14892
0.0946652 0.323911 -0.736151 0.706583 -0.390324 -0.151639
0.0642522 0.319834 -0.77346 0.703276 -0.425885 -0.155163
0.0433437 0.314495 -0.799914 0.699009 -0.450332 -0.159773
0.02908 0.307386 -0.818285 0.693387 -0.467007 -0.165941
0.0192802 0.297791 -0.831001 0.685879 -0.478463 -0.17433
0.0124408 0.284704 -0.839879 0.675733 -0.486457 -0.18591
0.00757218 0.265519 -0.846175 0.661933 -0.492148 -0.202048
0.00403302 0.238297 -0.850724 0.641858 -0.496284 -0.224766
0.00140701 0.199952 -0.854075 0.613815 -0.499352 -0.257553
0.0220696 0.14732 -0.826593 0.575314 -0.499357 -0.302572
0.120791 0.0785089 -0.637682 0.524347 -0.46436 -0.361453
0.421562 -0.00516209 -0.2765 0.460675 -0.243903 -0.43308
0.640013 -0.0978898 -0.167489 0.387105 0.177965 -0.512495
0.696335 -0.190373 -0.146785 0.309654 0.305375 -0.591732
0.709076 -0.273165 -0.146788 0.235899 0.329572 -0.662688
0.706357 -0.340267 -0.14892 0.17224 0.327185 -0.720209
0.702837 -0.390447 -0.151639 0.121849 0.32417 -0.76323
0.698235 -0.425964 -0.15513 0.0845404 0.320309 -0.79368
0.69209 -0.450382 -0.159702 0.0580858 0.315325 -0.814613
0.683758 -0.467039 -0.165789 0.0397152 0.30876 -0.828893
0.672317 -0.478484 -0.174006 0.0269992 0.299992 -0.838702
0.656505 -0.486471 -0.185212 0.0181206 0.288143 -0.845547
0.633241 -0.492157 -0.201639 0.0118246 0.272026 -0.85042
0.600464 -0.49629 -0.224949 0.00727606 0.248582 -0.853961
0.55546 -0.499357 -0.257783 0.00392536 0.215833 -0.856589
0.496597 -0.475226 -0.302852 0.0314068 0.17087 -0.856593
0.424986 -0.359937 -0.361774 0.220318 0.111349 -0.826626
0.345581 -0.00868603 -0.43342 0.5815 0.0369911 -0.637851
0.266345 0.246428 -0.512822 0.690511 -0.0489259 -0.276611
0.19538 0.312203 -0.592014 0.711215 -0.139376 -0.167511
0.137846 0.327082 -0.662908 0.711212 -0.22551 -0.146791
0.0948111 0.323907 -0.720366 0.70908 -0.299853 -0.148835
0.0643489 0.319795 -0.763335 0.706361 -0.3587 -0.151417
0.0434069 0.314421 -0.793748 0.70287 -0.402271 -0.154724
0.0291214 0.307245 -0.814656 0.698298 -0.433166 -0.158991
0.0193079 0.297514 -0.82892 0.692211 -0.454619 -0.164613
0.0124596 0.284153 -0.83872 0.683994 -0.469469 -0.172121
0.00758529 0.265688 -0.845559 0.672788 -0.479838 -0.182267
0.00404238 0.238519 -0.850428 0.656361 -0.487191 -0.196067
0.00141384 0.200242 -0.853967 0.633051 -0.492503 -0.216142
0.00140978 0.147684 -0.856593 0.600217 -0.496416 -0.244185
0.0313879 0.0789417 -0.83593 0.555148 -0.464322 -0.282686
0.220221 -0.00468818 -0.737209 0.496226 -0.243706 -0.333653
0.581438 -0.0974197 -0.436438 0.42458 0.178095 -0.397325
0.690499 -0.189954 -0.217987 0.345178 0.305401 -0.470895
0.711212 -0.272829 -0.161665 0.265986 0.32958 -0.548346
0.709168 -0.340019 -0.148924 0.195092 0.329576 -0.622101
0.706587 -0.390277 -0.151643 0.137634 0.327086 -0.68576
0.703276 -0.425851 -0.155163 0.0946652 0.323911 -0.736151
0.699009 -0.450308 -0.159765 0.0642522 0.319834 -0.77346
0.693387 -0.466991 -0.16591 0.0433437 0.314495 -0.799914
0.685879 -0.478452 -0.174242 0.02908 0.307386 -0.818285
0.675733 -0.486449 -0.185683 0.0192802 0.297791 -0.831001
0.661933 -0.492142 -0.201495 0.0124408 0.284704 -0.839879
0.641858 -0.496279 -0.224759 0.00757218 0.265519 -0.846175
0.613815 -0.499349 -0.257536 0.00403302 0.238297 -0.850724
0.575314 -0.499354 -0.30254 0.00140701 0.199952 -0.854075
0.524347 -0.464344 -0.361403 0.0220696 0.14732 -0.826593
0.460675 -0.243818 -0.433014 0.120791 0.0785089 -0.637682
0.387105 0.178022 -0.512419 0.421562 -0.00516209 -0.2765
0.309654 0.305387 -0.591655 0.640013 -0.0978898 -0.167489
0.235899 0.329576 -0.66262 0.696335 -0.190373 -0.146785
0.17224 0.327189 -0.720154 0.709076 -0.273165 -0.146788
0.121849 0.324175 -0.763189 0.706357 -0.340267 -0.14892
0.0845404 0.320309 -0.793651 0.702837 -0.390447 -0.151639
0.0580858 0.315325 -0.814593 0.698235 -0.425964 -0.15513
0.0397152 0.30876 -0.828879 0.69209 -0.450382 -0.159702
0.0269992 0.299992 -0.838692 0.683758 -0.467039 -0.165789
0.0181206 0.288143 -0.84554 0.672317 -0.478484 -0.174006
0.0118246 0.272026 -0.850415 0.656505 -0.486471 -0.185212
0.00727606 0.248582 -0.853958 0.633241 -0.492157 -0.201639
0.00392536 0.215833 -0.856586 0.600464 -0.49629 -0.224949
0.0314068 0.17087 -0.85659 0.55546 -0.499357 -0.257783
0.220318 0.111349 -0.826612 0.496597 -0.475226 -0.302852
0.5815 0.0369911 -0.637779 0.424986 -0.359937 -0.361774
0.690511 -0.0489259 -0.276562 0.345581 -0.00868603 -0.43342
0.711215 -0.139376 -0.167501 0.266345 0.246428 -0.512822
0.709084 -0.22551 -0.146788 0.19538 0.312203 -0.592014
0.706366 -0.299853 -0.148832 0.137846 0.327082 -0.662908
0.702842 -0.3587 -0.151413 0.0948111 0.323907 -0.720366
0.698235 -0.402271 -0.154724 0.0643489 0.319795 -0.763335
0.69209 -0.433166 -0.158991 0.0434069 0.314421 -0.793748
0.683758 -0.454619 -0.164613 0.0291214 0.307245 -0.814656
0.672317 -0.469469 -0.172121 0.0193079 0.297514 -0.82892
0.656505 -0.479838 -0.182267 0.0124596 0.284153 -0.83872
0.633234 -0.487191 -0.196067 0.00758529 0.265688 -0.845559
0.600447 -0.492503 -0.216142 0.00404238 0.238519 -0.850428
0.555428 -0.496416 -0.244185 0.00141384 0.200242 -0.853967
0.496547 -0.464322 -0.282686 0.00140978 0.147684 -0.856593
0.42492 -0.243706 -0.333653 0.0313879 0.0789417 -0.83593
0.345505 0.178095 -0.397325 0.220221 -0.00468818 -0.737209
0.266268 0.305401 -0.470895 0.581438 -0.0974197 -0.436438
0.195312 0.32958 -0.548346 0.690499 -0.189954 -0.217987
0.137791 0.327091 -0.622101 0.711212 -0.272829 -0.161665
0.0947702 0.323917 -0.68576 0.709168 -0.340019 -0.148924
0.0643198 0.319801 -0.736151 0.706587 -0.390277 -0.151643
0.0433867 0.314421 -0.77346 0.703276 -0.425851 -0.155163
0.0291074 0.307245 -0.799914 0.699009 -0.450308 -0.159765
0.019298 0.297514 -0.818285 0.693387 -0.466991 -0.16591
0.0124527 0.284153 -0.831001 0.685879 -0.478452 -0.174242
0.00758022 0.265688 -0.839879 0.675733 -0.486449 -0.185683
0.00403862 0.238511 -0.846175 0.661933 -0.492142 -0.201495
0.001411 0.200221 -0.850724 0.641858 -0.496279 -0.224759
0.00140701 0.147647 -0.854075 0.613815 -0.499349 -0.257536
0.0313743 0.0788837 -0.826593 0.575314 -0.499354 -0.30254
0.220149 -0.00476509 -0.637682 0.524347 -0.464344 -0.361403
0.581389 -0.0975085 -0.2765 0.460675 -0.243818 -0.433014
0.690489 -0.190043 -0.167489 0.387105 0.178022 -0.512419
0.711209 -0.272909 -0.146785 0.309654 0.305387 -0.591655
0.709165 -0.340084 -0.148916 0.235899 0.329576 -0.66262
0.706583 -0.390324 -0.151634 0.17224 0.327189 -0.720154
0.703276 -0.425885 -0.155158 0.121849 0.324175 -0.763189
0.699009 -0.450332 -0.159765 0.0845404 0.320309 -0.793651
0.693387 -0.467007 -0.16591 0.0580858 0.315325 -0.814593
0.685879 -0.478463 -0.174242 0.0397152 0.30876 -0.828879
0.675733 -0.486457 -0.185683 0.0269992 0.299992 -0.838692
0.661933 -0.492148 -0.201495 0.0181206 0.288143 -0.84554
0.641858 -0.496284 -0.224766 0.0118246 0.272026 -0.850415
0.613815 -0.499352 -0.257553 0.00727606 0.248582 -0.853958
0.575314 -0.499357 -0.302572 0.00392536 0.215833 -0.856586
0.524347 -0.46436 -0.361453 0.0314068 0.17087 -0.85659
0.460675 -0.243903 -0.43308 0.220318 0.111349 -0.826612
0.387105 0.177965 -0.512495 0.5815 0.0369911 -0.637779
0.309654 0.305375 -0.591732 0.690511 -0.0489259 -0.276562
0.235899 0.329572 -0.662688 0.711215 -0.139376 -0.167501
0.17224 0.327185 -0.720209 0.709084 -0.22551 -0.146788
0.121849 0.32417 -0.76323 0.706366 -0.299853 -0.148832
0.0845404 0.320309 -0.79368 0.702842 -0.3587 -0.151413
0.0580858 0.315325 -0.814613 0.698235 -0.402271 -0.154724
0.0397152 0.30876 -0.828893 0.69209 -0.433166 -0.158991
0.0269992 0.299992 -0.838702 0.683758 -0.454619 -0.164613
0.0181206 0.288143 -0.845547 0.672317 -0.469469 -0.172121
0.0118246 0.272026 -0.85042 0.656505 -0.479838 -0.182267
0.00727606 0.248582 -0.853961 0.633234 -0.487191 -0.196067
0.00392536 0.215833 -0.856589 0.600447 -0.492503 -0.216142
0.0314068 0.17087 -0.856593 0.555428 -0.496416 -0.244185
0.220318 0.111349 -0.826626 0.496547 -0.464322 -0.282686
0.5815 0.0369911 -0.637851 0.42492 -0.243706 -0.333653
0.690511 -0.0489259 -0.276611 0.345505 0.178095 -0.397325
0.711215 -0.139376 -0.167511 0.266268 0.305401 -0.470895
0.711212 -0.22551 -0.146791 0.195312 0.32958 -0.548346
0.70908 -0.299853 -0.148835 0.137791 0.327091 -0.622101
0.706361 -0.3587 -0.151417 0.0947702 0.323917 -0.68576
0.70287 -0.402271 -0.154724 0.0643198 0.319801 -0.736151
0.698298 -0.433166 -0.158991 0.0433867 0.314421 -0.77346
0.692211 -0.454619 -0.164613 0.0291074 0.307245 -0.799914
0.683994 -0.469469 -0.172121 0.019298 0.297514 -0.818285
0.672788 -0.479838 -0.182267 0.0124527 0.284153 -0.831001
0.656361 -0.487191 -0.196067 0.00758022 0.265688 -0.839879
0.633051 -0.492503 -0.216142 0.00403862 0.238511 -0.846175
0.600217 -0.496416 -0.244185 0.001411 0.200221 -0.850724
0.555148 -0.464322 -0.282686 0.00140701 0.147647 -0.854075
0.496226 -0.243706 -0.333653 0.0313743 0.0788837 -0.826593
0.42458 0.178095 -0.397325 0.220149 -0.00476509 -0.637682
0.345178 0.305401 -0.470895 0.581389 -0.0975085 -0.2765
0.265986 0.32958 -0.548346 0.690489 -0.190043 -0.167489
0.195092 0.329576 -0.622101 0.711209 -0.272909 -0.146785
0.137634 0.327086 -0.68576 0.709165 -0.340084 -0.148916
0.0946652 0.323911 -0.736151 0.706583 -0.390324 -0.151634
0.0642522 0.319834 -0.77346 0.703276 -0.425885 -0.155158
0.0433437 0.314495 -0.799914 0.699009 -0.450332 -0.159765
0.02908 0.307386 -0.818285 0.693387 -0.467007 -0.16591
0.0192802 0.297791 -0.831001 0.685879 -0.478463 -0.174242
0.0124408 0.284704 -0.839879 0.675733 -0.486457 -0.185683
0.00757218 0.265519 -0.846175 0.661933 -0.492148 -0.201495
0.00403302 0.238297 -0.850724 0.641858 -0.496284 -0.224766
0.00140701 0.199952 -0.854075 0.613815 -0.499352 -0.257553
0.0220696 0.14732 -0.826593 0.575314 -0.499357 -0.302572
0.120791 0.0785089 -0.637682 0.524347 -0.46436 -0.361453
0.421562 -0.00516209 -0.2765 0.460675 -0.243903 -0.43308
0.640013 -0.0978898 -0.167489 0.387105 0.177965 -0.512495
0.696335 -0.190373 -0.146785 0.309654 0.305375 -0.591732
0.709076 -0.273165 -0.146788 0.235899 0.329572 -0.662688
0.706357 -0.340267 -0.14892 0.17224 0.327185 -0.720209
0.702837 -0.390447 -0.151639 0.121849 0.32417 -0.76323
0.698235 -0.425964 -0.15513 0.0845404 0.320309 -0.79368
0.69209 -0.450382 -0.159702 0.0580858 0.315325 -0.814613
0.683758 -0.467039 -0.165789 0.0397152 0.30876 -0.828893
0.672317 -0.478484 -0.174006 0.0269992 0.299992 -0.838702
0.656505 -0.486471 -0.185212 0.0181206 0.288143 -0.845547
0.633241 -0.492157 -0.201639 0.0118246 0.272026 -0.85042
0.600464 -0.49629 -0.224949 0.00727606 0.248582 -0.853961
0.55546 -0.499357 -0.257783 0.00392536 0.215833 -0.856589
0.496597 -0.475226 -0.302852 0.0314068 0.17087 -0.856593
0.424986 -0.359937 -0.361774 0.220318 0.111349 -0.826626
0.345581 -0.00868603 -0.43342 0.5815 0.0369911 -0.637851
0.266345 0.246428 -0.512822 0.690511 -0.0489259 -0.276611
0.19538 0.312203 -0.592014 0.711215 -0.139376 -0.167511
0.137846 0.327082 -0.662908 0.711212 -0.22551 -0.146791
0.0948111 0.323907 -0.720366 0.70908 -0.299853 -0.148835
0.0643489 0.319795 -0.763335 0.706361 -0.3587 -0.151417
0.0434069 0.314421 -0.793748 0.70287 -0.402271 -0.154724
0.0291214 0.307245 -0.814656 0.698298 -0.433166 -0.158991
0.0193079 0.297514 -0.82892 0.692211 -0.454619 -0.164613
0.0124596 0.284153 -0.83872 0.683994 -0.469469 -0.172121
0.00758529 0.265688 -0.845559 0.672788 -0.479838 -0.182267
0.00404238 0.238519 -0.850428 0.656361 -0.487191 -0.196067
0.00141384 0.200242 -0.853967 0.633051 -0.492503 -0.216142
0.00140978 0.147684 -0.856593 0.600217 -0.496416 -0.244185
0.0313879 0.0789417 -0.83593 0.555148 -0.464322 -0.282686
0.220221 -0.00468818 -0.737209 0.496226 -0.243706 -0.333653
0.581438 -0.0974197 -0.436438 0.42458 0.178095 -0.397325
0.690499 -0.189954 -0.217987 0.345178 0.305401 -0.470895
0.711212 -0.272829 -0.161665 0.265986 0.32958 -0.548346
0.709168 -0.340019 -0.148924 0.195092 0.329576 -0.622101
0.706587 -0.390277 -0.151643 0.137634 0.327086 -0.68576
0.703276 -0.425851 -0.155163 0.0946652 0.323911 -0.736151
0.699009 -0.450308 -0.159765 0.0642522 0.319834 -0.77346
0.693387 -0.466991 -0.16591 0.0433437 0.314495 -0.799914
0.685879 -0.478452 -0.174242 0.02908 0.307386 -0.818285
0.675733 -0.486449 -0.185683 0.0192802 0.297791 -0.831001
0.661933 -0.492142 -0.201495 0.0124408 0.284704 -0.839879
0.641858 -0.496279 -0.224759 0.00757218 0.265519 -0.846175
0.613815 -0.499349 -0.257536 0.00403302 0.238297 -0.850724
0.575314 -0.499354 -0.30254 0.00140701 0.199952 -0.854075
0.524347 -0.464344 -0.361403 0.0220696 0.14732 -0.826593
0.460675 -0.243818 -0.433014 0.120791 0.0785089 -0.637682
0.387105 0.178022 -0.512419 0.421562 -0.00516209 -0.2765
0.309654 0.305387 -0.591655 0.640013 -0.0978898 -0.167489
0.235899 0.329576 -0.66262 0.696335 -0.190373 -0.146785
0.17224 0.327189 -0.720154 0.709076 -0.273165 -0.146788
0.121849 0.324175 -0.763189 0.706357 -0.340267 -0.14892
0.0845404 0.320309 -0.793651 0.702837 -0.390447 -0.151639
0.0580858 0.315325 -0.814593 0.698235 -0.425964 -0.15513
0.0397152 0.30876 -0.828879 0.69209 -0.450382 -0.159702
0.0269992 0.299992 -0.838692 0.683758 -0.467039 -0.165789
0.0181206 0.288143 -0.84554 0.672317 -0.478484 -0.174006
0.0118246 0.272026 -0.850415 0.656505 -0.486471 -0.185212
0.00727606 0.248582 -0.853958 0.633241 -0.492157 -0.201639
0.00392536 0.215833 -0.856586 0.600464 -0.49629 -0.224949
0.0314068 0.17087 -0.85659 0.55546 -0.499357 -0.257783
0.220318 0.111349 -0.826612 0.496597 -0.475226 -0.302852
0.5815 0.0369911 -0.637779 0.424986 -0.359937 -0.361774
0.690511 -0.0489259 -0.276562 0.345581 -0.00868603 -0.43342
0.711215 -0.139376 -0.167501 0.266345 0.246428 -0.512822
0.709084 -0.22551 -0.146788 0.19538 0.312203 -0.592014
0.706366 -0.299853 -0.148832 0.137846 0.327082 -0.662908
0.702842 -0.3587 -0.151413 0.0948111 0.323907 -0.720366
0.698235 -0.402271 -0.154724 0.0643489 0.319795 -0.763335
0.69209 -0.433166 -0.158991 0.0434069 0.314421 -0.793748
0.683758 -0.454619 -0.164613 0.0291214 0.307245 -0.814656
0.672317 -0.469469 -0.172121 0.0193079 0.297514 -0.82892
0.656505 -0.479838 -0.182267 0.0124596 0.284153 -0.83872
0.633234 -0.487191 -0.196067 0.00758529 0.265688 -0.845559
0.600447 -0.492503 -0.216142 0.00404238 0.238519 -0.850428
0.555428 -0.496416 -0.244185 0.00141384 0.200242 -0.853967
0.496547 -0.464322 -0.282686 0.00140978 0.147684 -0.856593
0.42492 -0.243706 -0.333653 0.0313879 0.0789417 -0.83593
0.345505 0.178095 -0.397325 0.220221 -0.00468818 -0.737209
0.266268 0.305401 -0.470895 0.581438 -0.0974197 -0.436438
0.195312 0.32958 -0.548346 0.690499 -0.189954 -0.217987
0.137791 0.327091 -0.622101 0.711212 -0.272829 -0.161665
0.0947702 0.323917 -0.68576 0.709168 -0.340019 -0.148924
0.0643198 0.319801 -0.736151 0.706587 -0.390277 -0.151643
0.0433867 0.314421 -0.77346 0.703276 -0.425851 -0.155163
0.0291074 0.307245 -0.799914 0.699009 -0.450308 -0.159765
0.019298 0.297514 -0.818285 0.693387 -0.466991 -0.16591
0.0124527 0.284153 -0.831001 0.685879 -0.478452 -0.174242
0.00758022 0.265688 -0.839879 0.675733 -0.486449 -0.185683
0.00403862 0.238511 -0.846175 0.661933 -0.492142 -0.201495
0.001411 0.200221 -0.850724 0.641858 -0.496279 -0.224759
0.00140701 0.147647 -0.854075 0.613815 -0.499349 -0.257536
0.0313743 0.0788837 -0.826593 0.575314 -0.499354 -0.30254
0.220149 -0.00476509 -0.637682 0.524347 -0.464344 -0.361403
0.581389 -0.0975085 -0.2765 0.460675 -0.243818 -0.433014
0.690489 -0.190043 -0.167489 0.387105 0.178022 -0.512419
0.711209 -0.272909 -0.146785 0.309654 0.305387 -0.591655
0.709165 -0.340084 -0.148916 0.235899 0.329576 -0.66262
0.706583 -0.390324 -0.151634 0.17224 0.327189 -0.720154
0.703276 -0.425885 -0.155158 0.121849 0.324175 -0.763189
0.699009 -0.450332 -0.159765 0.0845404 0.320309 -0.793651
0.693387 -0.467007 -0.16591 0.0580858 0.315325 -0.814593
0.685879 -0.478463 -0.174242 0.0397152 0.30876 -0.828879
0.675733 -0.486457 -0.185683 0.0269992 0.299992 -0.838692
0.661933 -0.492148 -0.201495 0.0181206 0.288143 -0.84554
0.641858 -0.496284 -0.224766 0.0118246 0.272026 -0.850415
0.613815 -0.499352 -0.257553 0.00727606 0.248582 -0.853958
0.575314 -0.499357 -0.302572 0.00392536 0.215833 -0.856586
0.524347 -0.46436 -0.361453 0.0314068 0.17087 -0.85659
0.460675 -0.243903 -0.43308 0.220318 0.111349 -0.826612
0.387105 0.177965 -0.512495 0.5815 0.0369911 -0.637779
0.309654 0.305375 -0.591732 0.690511 -0.0489259 -0.276562
0.235899 0.329572 -0.662688 0.711215 -0.139376 -0.167501
0.17224 0.327185 -0.720209 0.709084 -0.22551 -0.146788
0.121849 0.32417 -0.76323 0.706366 -0.299853 -0.148832
0.0845404 0.320309 -0.79368 0.702842 -0.3587 -0.151413
0.0580858 0.315325 -0.814613 0.698235 -0.402271 -0.154724
0.0397152 0.30876 -0.828893 0.69209 -0.433166 -0.158991
0.0269992 0.299992 -0.838702 0.683758 -0.454619 -0.164613
0.0181206 0.288143 -0.845547 0.672317 -0.469469 -0.172121
0.0118246 0.272026 -0.85042 0.656505 -0.479838 -0.182267
0.00727606 0.248582 -0.853961 0.633234 -0.487191 -0.196067
0.00392536 0.215833 -0.856589 0.600447 -0.492503 -0.216142
0.00140978 0.17087 -0.856593 0.555428 -0.496416 -0.244185
0.0313879 0.111349 -0.826626 0.496547 -0.464322 -0.282686
0.220221 0.0369911 -0.637851 0.42492 -0.243706 -0.333653
0.581438 -0.0489259 -0.276611 0.345505 0.178095 -0.397325
0.690499 -0.139376 -0.167511 0.266268 0.305401 -0.470895
0.711212 -0.22551 -0.146791 0.195312 0.32958 -0.548346
0.709168 -0.299853 -0.148835 0.137791 0.327091 -0.622101
0.706587 -0.3587 -0.151417 0.0947702 0.323917 -0.68576
0.703309 -0.402271 -0.154724 0.0643198 0.319801 -0.736151
0.699069 -0.433166 -0.158991 0.0433867 0.314421 -0.77346
0.693502 -0.454619 -0.164613 0.0291074 0.307245 -0.799914
0.686101 -0.469469 -0.172121 0.019298 0.297514 -0.818285
0.676169 -0.479838 -0.182267 0.0124527 0.284153 -0.831001
0.661933 -0.487191 -0.196067 0.00758022 0.265688 -0.839879
0.641851 -0.492503 -0.216142 0.00403862 0.238511 -0.846175
0.613799 -0.496416 -0.244185 0.001411 0.200221 -0.850724
0.575285 -0.499354 -0.282686 0.00140701 0.147647 -0.854075
0.524301 -0.464344 -0.333653 0.0313743 0.0788837 -0.826593
0.460613 -0.243818 -0.397325 0.220149 -0.00476509 -0.637682
0.38703 0.178022 -0.470895 0.581389 -0.0975085 -0.2765
0.309573 0.305387 -0.548346 0.690489 -0.190043 -0.167489
0.235822 0.329576 -0.622101 0.711209 -0.272909 -0.146785
0.172174 0.327189 -0.68576 0.709165 -0.340084 -0.148916
0.121798 0.324175 -0.736151 0.706583 -0.390324 -0.151634
0.0845028 0.320347 -0.77346 0.703276 -0.425885 -0.155158
0.0580591 0.315395 -0.799914 0.699009 -0.450332 -0.159765
0.0396965 0.308894 -0.818285 0.693387 -0.467007 -0.16591
0.0269861 0.300251 -0.831001 0.685879 -0.478463 -0.174242
0.0181113 0.288652 -0.839879 0.675733 -0.486457 -0.185683
0.011818 0.272026 -0.846175 0.661933 -0.492148 -0.201495
0.00727118 0.248574 -0.850724 0.641858 -0.496284 -0.224766
0.00392171 0.215815 -0.854075 0.613815 -0.499352 -0.257553
0.0313929 0.170836 -0.85659 0.575314 -0.499357 -0.302572
0.220243 0.111296 -0.826612 0.524347 -0.46436 -0.361453
0.58145 0.0369182 -0.637779 0.460675 -0.243903 -0.43308
0.690501 -0.0490142 -0.276562 0.387105 0.177965 -0.512495
0.711212 -0.139471 -0.167501 0.309654 0.305375 -0.591732
0.70908 -0.225599 -0.146788 0.235899 0.329572 -0.662688
0.706361 -0.29993 -0.148832 0.17224 0.327185 -0.720209
0.702837 -0.35876 -0.151413 0.121849 0.32417 -0.76323
0.698227 -0.402315 -0.154691 0.0845404 0.320309 -0.79368
0.692059 -0.433197 -0.158931 0.0580858 0.315325 -0.814613
0.68367 -0.454641 -0.164498 0.0397152 0.30876 -0.828893
0.67209 -0.469485 -0.171899 0.0269992 0.299992 -0.838702
0.655952 -0.479849 -0.181831 0.0181206 0.288143 -0.845547
0.633234 -0.487199 -0.196067 0.0118246 0.272026 -0.85042
0.600447 -0.492508 -0.216149 0.00727606 0.248582 -0.853961
0.555428 -0.49642 -0.244201 0.00392536 0.215833 -0.856589
0.496547 -0.464338 -0.282715 0.00140978 0.17087 -0.856593
0.42492 -0.243793 -0.333699 0.0313879 0.111349 -0.826626
0.345505 0.178036 -0.397387 0.220221 0.0369911 -0.637851
0.266268 0.305389 -0.47097 0.581438 -0.0489259 -0.276611
0.195312 0.329576 -0.548427 0.690499 -0.139376 -0.167511
0.137791 0.327087 -0.622178 0.711212 -0.22551 -0.146791
0.0947702 0.323912 -0.685826 0.709168 -0.299853 -0.148835
0.0643198 0.319795 -0.736202 0.706587 -0.3587 -0.151417
0.0433867 0.314412 -0.773497 0.703309 -0.402271 -0.154724
0.0291074 0.307209 -0.799941 0.699069 -0.433166 -0.158991
0.019298 0.297412 -0.818303 0.693502 -0.454619 -0.164613
0.0124527 0.283889 -0.831014 0.686101 -0.469469 -0.172121
0.00758022 0.265042 -0.839889 0.676169 -0.479838 -0.182267
0.00403862 0.238511 -0.846182 0.661933 -0.487191 -0.196067
0.001411 0.200221 -0.850729 0.641851 -0.492503 -0.216142
0.00140701 0.147647 -0.854078 0.613799 -0.496416 -0.244185
0.0313743 0.0788837 -0.826607 0.575285 -0.499354 -0.282686
0.220149 -0.00476509 -0.637757 0.524301 -0.464344 -0.333653
0.581389 -0.0975085 -0.27655 0.460613 -0.243818 -0.397325
0.690489 -0.190043 -0.167499 0.38703 0.178022 -0.470895
0.711209 -0.272909 -0.146788 0.309573 0.305387 -0.548346
0.709165 -0.340084 -0.14892 0.235822 0.329576 -0.622101
0.706583 -0.390324 -0.151639 0.172174 0.327189 -0.68576
0.703276 -0.425885 -0.155163 0.121798 0.324175 -0.736151
0.699009 -0.450332 -0.159773 0.0845028 0.320347 -0.77346
0.693387 -0.467007 -0.165941 0.0580591 0.315395 -0.799914
0.685879 -0.478463 -0.17433 0.0396965 0.308894 -0.818285
0.675733 -0.486457 -0.18591 0.0269861 0.300251 -0.831001
0.661933 -0.492148 -0.202048 0.0181113 0.288652 -0.839879
0.641858 -0.496284 -0.224766 0.011818 0.272026 -0.846175
0.613815 -0.499352 -0.257553 0.00727118 0.248574 -0.850724
0.575314 -0.499357 -0.302572 0.00392171 0.215815 -0.854075
0.524347 -0.46436 -0.361453 0.0313929 0.170836 -0.85659
0.460675 -0.243903 -0.43308 0.220243 0.111296 -0.826612
0.387105 0.177965 -0.512495 0.58145 0.0369182 -0.637779
0.309654 0.305375 -0.591732 0.690501 -0.0490142 -0.276562
0.235899 0.329572 -0.662688 0.711212 -0.139471 -0.167501
0.17224 0.327185 -0.720209 0.70908 -0.225599 -0.146788
0.121849 0.32417 -0.76323 0.706361 -0.29993 -0.148832
0.0845404 0.320309 -0.79368 0.702837 -0.35876 -0.151413
0.0580858 0.315325 -0.814613 0.698227 -0.402315 -0.154691
0.0397152 0.30876 -0.828893 0.692059 -0.433197 -0.158931
0.0269992 0.299992 -0.838702 0.68367 -0.454641 -0.164498
0.0181206 0.288143 -0.845547 0.67209 -0.469485 -0.171899
0.0118246 0.272026 -0.85042 0.655952 -0.479849 -0.181831
0.00727606 0.248582 -0.853961 0.633234 -0.487199 -0.196067
0.00392536 0.215833 -0.856589 0.600447 -0.492508 -0.216149
0.0314068 0.17087 -0.856593 0.555428 -0.49642 -0.244201
0.220318 0.111349 -0.826626 0.496547 -0.464338 -0.282715
0.5815 0.0369911 -0.637851 0.42492 -0.243793 -0.333699
0.690511 -0.0489259 -0.276611 0.345505 0.178036 -0.397387
0.711215 -0.139376 -0.167511 0.266268 0.305389 -0.47097
0.709084 -0.22551 -0.146791 0.195312 0.329576 -0.548427
0.706366 -0.299853 -0.148835 0.137791 0.327087 -0.622178
0.702842 -0.3587 -0.151417 0.0947702 0.323912 -0.685826
0.698235 -0.402271 -0.154724 0.0643198 0.319795 -0.736202
0.69209 -0.433166 -0.158991 0.0433867 0.314412 -0.773497
0.683758 -0.454619 -0.164613 0.0291074 0.307209 -0.799941
0.672317 -0.469469 -0.172121 0.019298 0.297412 -0.818303
0.656505 -0.479838 -0.182267 0.0124527 0.283889 -0.831014
0.633234 -0.487191 -0.196067 0.00758022 0.265042 -0.839889
0.600447 -0.492503 -0.216142 0.00403862 0.238511 -0.846182
0.555428 -0.496416 -0.244185 0.001411 0.200221 -0.850729
0.496547 -0.464322 -0.282686 0.00140701 0.147647 -0.854078
0.42492 -0.243706 -0.333653 0.0313743 0.0788837 -0.826607
0.345505 0.178095 -0.397325 0.220149 -0.00476509 -0.637757
0.266268 0.305401 -0.470895 0.581389 -0.0975085 -0.27655
0.195312 0.32958 -0.548346 0.690489 -0.190043 -0.167499
0.137791 0.327091 -0.622101 0.711209 -0.272909 -0.146788
0.0947702 0.323917 -0.68576 0.709165 -0.340084 -0.14892
0.0643198 0.319801 -0.736151 0.706583 -0.390324 -0.151639
0.0433867 0.314421 -0.77346 0.703276 -0.425885 -0.155163
0.0291074 0.307245 -0.799914 0.699009 -0.450332 -0.159773
0.019298 0.297514 -0.818285 0.693387 -0.467007 -0.165941
0.0124527 0.284153 -0.831001 0.685879 -0.478463 -0.17433
0.00758022 0.265688 -0.839879 0.675733 -0.486457 -0.18591
0.00403862 0.238511 -0.846175 0.661933 -0.492148 -0.202048
0.001411 0.200221 -0.850724 0.641858 -0.496284 -0.224766
0.00140701 0.147647 -0.854075 0.613815 -0.499352 -0.257553
0.0313743 0.0788837 -0.826593 0.575314 -0.499357 -0.302572
0.220149 -0.00476509 -0.637682 0.524347 -0.46436 -0.361453
0.581389 -0.0975085 -0.2765 0.460675 -0.243903 -0.43308
0.690489 -0.190043 -0.167489 0.387105 0.177965 -0.512495
0.711209 -0.272909 -0.146785 0.309654 0.305375 -0.591732
0.709165 -0.340084 -0.148916 0.235899 0.329572 -0.662688
0.706583 -0.390324 -0.151634 0.17224 0.327185 -0.720209
0.703276 -0.425885 -0.155158 0.121849 0.32417 -0.76323
0.699009 -0.450332 -0.159765 0.0845404 0.320309 -0.79368
0.693387 -0.467007 -0.16591 0.0580858 0.315325 -0.814613
0.685879 -0.478463 -0.174242 0.0397152 0.30876 -0.828893
0.675733 -0.486457 -0.185683 0.0269992 0.299992 -0.838702
0.661933 -0.492148 -0.201495 0.0181206 0.288143 -0.845547
0.641858 -0.496284 -0.224766 0.0118246 0.272026 -0.85042
0.613815 -0.499352 -0.257553 0.00727606 0.248582 -0.853961
0.575314 -0.499357 -0.302572 0.00392536 0.215833 -0.856589
0.524347 -0.46436 -0.361453 0.0314068 0.17087 -0.856593
0.460675 -0.243903 -0.43308 0.220318 0.111349 -0.826626
0.387105 0.177965 -0.512495 0.5815 0.0369911 -0.637851
0.309654 0.305375 -0.591732 0.690511 -0.0489259 -0.276611
0.235899 0.329572 -0.662688 0.711215 -0.139376 -0.167511
0.17224 0.327185 -0.720209 0.709084 -0.22551 -0.146791
0.121849 0.32417 -0.76323 0.706366 -0.299853 -0.148835
0.0845404 0.320309 -0.79368 0.702842 -0.3587 -0.151417
0.0580858 0.315325 -0.814613 0.698235 -0.402271 -0.154724
0.0397152 0.30876 -0.828893 0.69209 -0.433166 -0.158991
0.0269992 0.299992 -0.838702 0.683758 -0.454619 -0.164613
0.0181206 0.288143 -0.845547 0.672317 -0.469469 -0.172121
0.0118246 0.272026 -0.85042 0.656505 -0.479838 -0.182267
0.00727606 0.248582 -0.853961 0.633234 -0.487191 -0.196067
0.00392536 0.215833 -0.856589 0.600447 -0.492503 -0.216142
0.00140978 0.17087 -0.856593 0.555428 -0.496416 -0.244185
0.0313879 0.111349 -0.826626 0.496547 -0.464322 -0.282686
0.220221 0.0369911 -0.637851 0.42492 -0.243706 -0.333653
0.581438 -0.0489259 -0.276611 0.345505 0.178095 -0.397325
0.690499 -0.139376 -0.167511 0.266268 0.305401 -0.470895
0.711212 -0.22551 -0.146791 0.195312 0.32958 -0.548346
0.709168 -0.299853 -0.148835 0.137791 0.327091 -0.622101
0.706587 -0.3587 -0.151417 0.0947702 0.323917 -0.68576
0.703309 -0.402271 -0.154724 0.0643198 0.319801 -0.736151
0.699069 -0.433166 -0.158991 0.0433867 0.314421 -0.77346
0.693502 -0.454619 -0.164613 0.0291074 0.307245 -0.799914
0.686101 -0.469469 -0.172121 0.019298 0.297514 -0.818285
0.676169 -0.479838 -0.182267 0.0124527 0.284153 -0.831001
0.661933 -0.487191 -0.196067 0.00758022 0.265688 -0.839879
0.641851 -0.492503 -0.216142 0.00403862 0.238511 -0.846175
0.613799 -0.496416 -0.244185 0.001411 0.200221 -0.850724
0.575285 -0.499354 -0.282686 0.00140701 0.147647 -0.854075
0.524301 -0.464344 -0.333653 0.0313743 0.0788837 -0.826593
0.460613 -0.243818 -0.397325 0.220149 -0.00476509 -0.637682
0.38703 0.178022 -0.470895 0.581389 -0.0975085 -0.2765
0.309573 0.305387 -0.548346 0.690489 -0.190043 -0.167489
0.235822 0.329576 -0.622101 0.711209 -0.272909 -0.146785
0.172174 0.327189 -0.68576 0.709165 -0.340084 -0.148916
0.121798 0.324175 -0.736151 0.706583 -0.390324 -0.151634
0.0845028 0.320347 -0.77346 0.703276 -0.425885 -0.155158
0.0580591 0.315395 -0.799914 0.699009 -0.450332 -0.159765
0.0396965 0.308894 -0.818285 0.693387 -0.467007 -0.16591
0.0269861 0.300251 -0.831001 0.685879 -0.478463 -0.174242
0.0181113 0.288652 -0.839879 0.675733 -0.486457 -0.185683
0.011818 0.272026 -0.846175 0.661933 -0.492148 -0.201495
0.00727118 0.248574 -0.850724 0.641858 -0.496284 -0.224766
0.00392171 0.215815 -0.854075 0.613815 -0.499352 -0.257553
0.0313929 0.170836 -0.85659 0.575314 -0.499357 -0.302572
0.220243 0.111296 -0.826612 0.524347 -0.46436 -0.361453
0.58145 0.0369182 -0.637779 0.460675 -0.243903 -0.43308
0.690501 -0.0490142 -0.276562 0.387105 0.177965 -0.512495
0.711212 -0.139471 -0.167501 0.309654 0.305375 -0.591732
0.70908 -0.225599 -0.146788 0.235899 0.329572 -0.662688
0.706361 -0.29993 -0.148832 0.17224 0.327185 -0.720209
0.702837 -0.35876 -0.151413 0.121849 0.32417 -0.76323
0.698227 -0.402315 -0.154691 0.0845404 0.320309 -0.79368
0.692059 -0.433197 -0.158931 0.0580858 0.315325 -0.814613
0.68367 -0.454641 -0.164498 0.0397152 0.30876 -0.828893
0.67209 -0.469485 -0.171899 0.0269992 0.299992 -0.838702
0.655952 -0.479849 -0.181831 0.0181206 0.288143 -0.845547
0.633234 -0.487199 -0.196067 0.0118246 0.272026 -0.85042
0.600447 -0.492508 -0.216149 0.00727606 0.248582 -0.853961
0.555428 -0.49642 -0.244201 0.00392536 0.215833 -0.856589
0.496547 -0.464338 -0.282715 0.00140978 0.17087 -0.856593
0.42492 -0.243793 -0.333699 0.0313879 0.111349 -0.826626
0.345505 0.178036 -0.397387 0.220221 0.0369911 -0.637851
0.266268 0.305389 -0.47097 0.581438 -0.0489259 -0.276611
0.195312 0.329576 -0.548427 0.690499 -0.139376 -0.167511
0.137791 0.327087 -0.622178 0.711212 -0.22551 -0.146791
0.0947702 0.323912 -0.685826 0.709168 -0.299853 -0.148835
0.0643198 0.319795 -0.736202 0.706587 -0.3587 -0.151417
0.0433867 0.314412 -0.773497 0.703309 -0.402271 -0.154724
0.0291074 0.307209 -0.799941 0.699069 -0.433166 -0.158991
0.019298 0.297412 -0.818303 0.693502 -0.454619 -0.164613
0.0124527 0.283889 -0.831014 0.686101 -0.469469 -0.172121
0.00758022 0.265042 -0.839889 0.676169 -0.479838 -0.182267
0.00403862 0.238511 -0.846182 0.661933 -0.487191 -0.196067
0.001411 0.200221 -0.850729 0.641851 -0.492503 -0.216142
0.00140701 0.147647 -0.854078 0.613799 -0.496416 -0.244185
0.0313743 0.0788837 -0.826607 0.575285 -0.499354 -0.282686
0.220149 -0.00476509 -0.637757 0.524301 -0.464344 -0.333653
0.581389 -0.0975085 -0.27655 0.460613 -0.243818 -0.397325
0.690489 -0.190043 -0.167499 0.38703 0.178022 -0.470895
0.711209 -0.272909 -0.146788 0.309573 0.305387 -0.548346
0.709165 -0.340084 -0.14892 0.235822 0.329576 -0.622101
0.706583 -0.390324 -0.151639 0.172174 0.327189 -0.68576
0.703276 -0.425885 -0.155163 0.121798 0.324175 -0.736151
0.699009 -0.450332 -0.159773 0.0845028 0.320347 -0.77346
0.693387 -0.467007 -0.165941 0.0580591 0.315395 -0.799914
0.685879 -0.478463 -0.17433 0.0396965 0.308894 -0.818285
0.675733 -0.486457 -0.18591 0.0269861 0.300251 -0.831001
0.661933 -0.492148 -0.202048 0.0181113 0.288652 -0.839879
0.641858 -0.496284 -0.224766 0.011818 0.272026 -0.846175
0.613815 -0.499352 -0.257553 0.00727118 0.248574 -0.850724
0.575314 -0.499357 -0.302572 0.00392171 0.215815 -0.854075
0.524347 -0.46436 -0.361453 0.0313929 0.170836 -0.85659
0.460675 -0.243903 -0.43308 0.220243 0.111296 -0.826612
0.387105 0.177965 -0.512495 0.58145 0.0369182 -0.637779
0.309654 0.305375 -0.591732 0.690501 -0.0490142 -0.276562
0.235899 0.329572 -0.662688 0.711212 -0.139471 -0.167501
0.17224 0.327185 -0.720209 0.70908 -0.225599 -0.146788
0.121849 0.32417 -0.76323 0.706361 -0.29993 -0.148832
0.0845404 0.320309 -0.79368 0.702837 -0.35876 -0.151413
0.0580858 0.315325 -0.814613 0.698227 -0.402315 -0.154691
0.0397152 0.30876 -0.828893 0.692059 -0.433197 -0.158931
0.0269992 0.299992 -0.838702 0.68367 -0.454641 -0.164498
0.0181206 0.288143 -0.845547 0.67209 -0.469485 -0.171899
0.0118246 0.272026 -0.85042 0.655952 -0.479849 -0.181831
0.00727606 0.248582 -0.853961 0.633234 -0.487199 -0.196067
0.00392536 0.215833 -0.856589 0.600447 -0.492508 -0.216149
0.0314068 0.17087 -0.856593 0.555428 -0.49642 -0.244201
0.220318 0.111349 -0.826626 0.496547 -0.464338 -0.282715
0.5815 0.0369911 -0.637851 0.42492 -0.243793 -0.333699
0.690511 -0.0489259 -0.276611 0.345505 0.178036 -0.397387
0.711215 -0.139376 -0.167511 0.266268 0.305389 -0.47097
0.709084 -0.22551 -0.146791 0.195312 0.329576 -0.548427
0.706366 -0.299853 -0.148835 0.137791 0.327087 -0.622178
0.702842 -0.3587 -0.151417 0.0947702 0.323912 -0.685826
0.698235 -0.402271 -0.154724 0.0643198 0.319795 -0.736202
0.69209 -0.433166 -0.158991 0.0433867 0.314412 -0.773497
0.683758 -0.454619 -0.164613 0.0291074 0.307209 -0.799941
0.672317 -0.469469 -0.172121 0.019298 0.297412 -0.818303
0.656505 -0.479838 -0.182267 0.0124527 0.283889 -0.831014
0.633234 -0.487191 -0.196067 0.00758022 0.265042 -0.839889
0.600447 -0.492503 -0.216142 0.00403862 0.238511 -0.846182
0.555428 -0.496416 -0.244185 0.001411 0.200221 -0.850729
0.496547 -0.464322 -0.282686 0.00140701 0.147647 -0.854078
0.42492 -0.243706 -0.333653 0.0313743 0.0788837 -0.826607
0.345505 0.178095 -0.397325 0.220149 -0.00476509 -0.637757
0.266268 0.305401 -0.470895 0.581389 -0.0975085 -0.27655
0.195312 0.32958 -0.548346 0.690489 -0.190043 -0.167499
0.137791 0.327091 -0.622101 0.711209 -0.272909 -0.146788
0.0947702 0.323917 -0.68576 0.709165 -0.340084 -0.14892
0.0643198 0.319801 -0.736151 0.706583 -0.390324 -0.151639
0.0433867 0.314421 -0.77346 0.703276 -0.425885 -0.155163
0.0291074 0.307245 -0.799914 0.699009 -0.450332 -0.159773
0.019298 0.297514 -0.818285 0.693387 -0.467007 -0.165941
0.0124527 0.284153 -0.831001 0.685879 -0.478463 -0.17433
0.00758022 0.265688 -0.839879 0.675733 -0.486457 -0.18591
0.00403862 0.238511 -0.846175 0.661933 -0.492148 -0.202048
0.001411 0.200221 -0.850724 0.641858 -0.496284 -0.224766
0.00140701 0.147647 -0.854075 0.613815 -0.499352 -0.257553
0.0313743 0.0788837 -0.826593 0.575314 -0.499357 -0.302572
0.220149 -0.00476509 -0.637682 0.524347 -0.46436 -0.361453
0.581389 -0.0975085 -0.2765 0.460675 -0.243903 -0.43308
0.690489 -0.190043 -0.167489 0.387105 0.177965 -0.512495
0.711209 -0.272909 -0.146785 0.309654 0.305375 -0.591732
0.709165 -0.340084 -0.148916 0.235899 0.329572 -0.662688
0.706583 -0.390324 -0.151634 0.17224 0.327185 -0.720209
0.703276 -0.425885 -0.155158 0.121849 0.32417 -0.76323
0.699009 -0.450332 -0.159765 0.0845404 0.320309 -0.79368
0.693387 -0.467007 -0.16591 0.0580858 0.315325 -0.814613
0.685879 -0.478463 -0.174242 0.0397152 0.30876 -0.828893
0.675733 -0.486457 -0.185683 0.0269992 0.299992 -0.838702
0.661933 -0.492148 -0.201495 0.0181206 0.288143 -0.845547
0.641858 -0.496284 -0.224766 0.0118246 0.272026 -0.85042
0.613815 -0.499352 -0.257553 0.00727606 0.248582 -0.853961
0.575314 -0.499357 -0.302572 0.00392536 0.215833 -0.856589
0.524347 -0.46436 -0.361453 0.0314068 0.17087 -0.856593
0.460675 -0.243903 -0.43308 0.220318 0.111349 -0.826626
0.387105 0.177965 -0.512495 0.5815 0.0369911 -0.637851
0.309654 0.305375 -0.591732 0.690511 -0.0489259 -0.276611
0.235899 0.329572 -0.662688 0.711215 -0.139376 -0.167511
0.17224 0.327185 -0.720209 0.709084 -0.22551 -0.146791
0.121849 0.32417 -0.76323 0.706366 -0.299853 -0.148835
0.0845404 0.320309 -0.79368 0.702842 -0.3587 -0.151417
0.0580858 0.315325 -0.814613 0.698235 -0.402271 -0.154724
0.0397152 0.30876 -0.828893 0.69209 -0.433166 -0.158991
0.0269992 0.299992 -0.838702 0.683758 -0.454619 -0.164613
0.0181206 0.288143 -0.845547 0.672317 -0.469469 -0.172121
0.0118246 0.272026 -0.85042 0.656505 -0.479838 -0.182267
0.00727606 0.248582 -0.853961 0.633234 -0.487191 -0.196067
0.00392536 0.215833 -0.856589 0.600447 -0.492503 -0.216142
0.00140978 0.17087 -0.856593 0.555428 -0.496416 -0.244185
0.0313879 0.111349 -0.826626 0.496547 -0.464322 -0.282686
0.220221 0.0369911 -0.637851 0.42492 -0.243706 -0.333653
0.581438 -0.0489259 -0.276611 0.345505 0.178095 -0.397325
0.690499 -0.139376 -0.167511 0.266268 0.305401 -0.470895
0.711212 -0.22551 -0.146791 0.195312 0.32958 -0.548346
0.709168 -0.299853 -0.148835 0.137791 0.327091 -0.622101
0.706587 -0.3587 -0.151417 0.0947702 0.323917 -0.68576
0.703309 -0.402271 -0.154724 0.0643198 0.319801 -0.736151
0.699069 -0.433166 -0.158991 0.0433867 0.314421 -0.77346
0.693502 -0.454619 -0.164613 0.0291074 0.307245 -0.799914
0.686101 -0.469469 -0.172121 0.019298 0.297514 -0.818285
0.676169 -0.479838 -0.182267 0.0124527 0.284153 -0.831001
0.661933 -0.487191 -0.196067 0.00758022 0.265688 -0.839879
0.641851 -0.492503 -0.216142 0.00403862 0.238511 -0.846175
0.613799 -0.496416 -0.244185 0.001411 0.200221 -0.850724
0.575285 -0.499354 -0.282686 0.00140701 0.147647 -0.854075
0.524301 -0.464344 -0.333653 0.0313743 0.0788837 -0.826593
0.460613 -0.243818 -0.397325 0.220149 -0.00476509 -0.637682
0.38703 0.178022 -0.470895 0.581389 -0.0975085 -0.2765
0.309573 0.305387 -0.548346 0.690489 -0.190043 -0.167489
0.235822 0.329576 -0.622101 0.711209 -0.272909 -0.146785
0.172174 0.327189 -0.68576 0.709165 -0.340084 -0.148916
0.121798 0.324175 -0.736151 0.706583 -0.390324 -0.151634
0.0845028 0.320347 -0.77346 0.703276 -0.425885 -0.155158
0.0580591 0.315395 -0.799914 0.699009 -0.450332 -0.159765
0.0396965 0.308894 -0.818285 0.693387 -0.467007 -0.16591
0.0269861 0.300251 -0.831001 0.685879 -0.478463 -0.174242
0.0181113 0.288652 -0.839879 0.675733 -0.486457 -0.185683
0.011818 0.272026 -0.846175 0.661933 -0.492148 -0.201495
0.00727118 0.248574 -0.850724 0.641858 -0.496284 -0.224766
0.00392171 0.215815 -0.854075 0.613815 -0.499352 -0.257553
0.0313929 0.170836 -0.85659 0.575314 -0.499357 -0.302572
0.220243 0.111296 -0.826612 0.524347 -0.46436 -0.361453
0.58145 0.0369182 -0.637779 0.460675 -0.243903 -0.43308
0.690501 -0.0490142 -0.276562 0.387105 0.177965 -0.512495
0.711212 -0.139471 -0.167501 0.309654 0.305375 -0.591732
