# This is the data of the neural bias and output 
# time(s),  outPutH1[1], outPutH2[1], bias[1], footContact[1], outPutH1[2], outPutH2[2], bias[2], footContact[2]
5.1, -0.933907  -0.522327  0  0  0.361713  -0.942415  0  0
5.2, -0.935089  -0.115409  0  0  -0.102374  -0.921845  0  0
5.3, -0.890431  0.442185  0  0  -0.642132  -0.850384  0  0
5.4, -0.75402  0.849209  0  0  -0.904454  -0.657803  0  0
5.5, -0.4693  0.941522  0  0  -0.940958  -0.32058  0  0
5.6, -0.033868  0.934481  0  0  -0.917224  0.179431  0  0
5.7, 0.531888  0.882727  0  0  -0.833267  0.711595  0  0
5.8, 0.880542  0.73077  0  0  -0.615135  0.922466  0  0
5.9, 0.944803  0.441644  0  0  -0.25265  0.942905  0  0
6, 0.932691  0.0115582  0  0  0.27403  0.913478  0  0
6.1, 0.878761  -0.53983  0  0  0.771917  0.817532  0  0
6.2, 0.725546  -0.878009  0  0  0.933141  0.587301  0  0
6.3, 0.436913  -0.941807  0  0  0.942533  0.226655  0  0
6.4, 0.00672427  -0.929014  0  0  0.910428  -0.290086  0  0
6.5, -0.543027  -0.872081  0  0  0.812402  -0.772409  0  0
6.6, -0.878037  -0.710111  0  0  0.582186  -0.930137  0  0
6.7, -0.94062  -0.40198  0  0  0.22154  -0.939345  0  0
6.8, -0.925461  0.0630452  0  0  -0.294897  -0.905498  0  0
6.9, -0.858962  0.621354  0  0  -0.773875  -0.801806  0  0
7, -0.67257  0.903663  0  0  -0.929454  -0.557644  0  0
7.1, -0.340132  0.944174  0  0  -0.937242  -0.168525  0  0
7.2, 0.153983  0.923032  0  0  -0.898242  0.379415  0  0
7.3, 0.694933  0.846695  0  0  -0.776295  0.823491  0  0
7.4, 0.920187  0.645694  0  0  -0.507134  0.938945  0  0
7.5, 0.944799  0.313206  0  0  -0.0902403  0.937194  0  0
7.6, 0.92043  -0.17293  0  0  0.472174  0.891674  0  0
7.7, 0.841933  -0.697876  0  0  0.861113  0.754677  0  0
7.8, 0.640478  -0.917231  0  0  0.9435  0.4793  0  0
7.9, 0.308178  -0.941733  0  0  0.935691  0.0669453  0  0
8, -0.177988  -0.916064  0  0  0.887941  -0.482031  0  0
8.1, -0.700118  -0.833051  0  0  0.749429  -0.858971  0  0
8.2, -0.916792  -0.619744  0  0  0.474541  -0.940498  0  0
8.3, -0.940052  -0.262471  0  0  0.0620935  -0.932169  0  0
8.4, -0.910535  0.259009  0  0.208702  -0.485596  -0.933342  -0.3  0.191407
8.5, -0.812798  0.762131  0  0.206438  -0.86809  -0.865555  -0.3  0.217512
8.6, -0.573879  0.930856  0  0.218867  -0.950225  -0.743447  -0.3  0.213586
8.7, -0.190391  0.941134  0  0.220583  -0.953651  -0.620326  -0.3  0.220942
8.8, 0.354254  0.905774  0  0  -0.946007  -0.496524  -0.3  0.212099
8.9, 0.813122  0.794646  0  0  -0.935101  -0.0702098  0  0.216626
9, 0.938633  0.545874  0  0  -0.883929  0.493362  0  0.210155
9.1, 0.940252  0.165342  0  0  -0.734382  0.867559  0  0
9.2, 0.902448  -0.36793  0  0  -0.436815  0.943017  0  0
9.3, 0.789402  -0.892434  -0.3  0.454475  0.0142353  0.931925  0  0
9.4, 0.501458  -0.971476  -0.3  0.190302  0.578896  0.874466  0  0
9.5, 0.0800864  -0.966604  -0.3  0.195039  0.89385  0.709717  0  0
9.6, -0.483448  -0.940898  -0.3  0.197079  0.945344  0.409278  0  0
9.7, -0.86858  -0.868634  -0.3  0.196859  0.929891  -0.0357251  0  0
9.8, -0.950495  -0.579875  0  0.221536  0.870289  -0.748962  -0.3  0.213169
9.9, -0.942549  -0.185968  0  0.213155  0.64434  -0.961435  -0.3  0.207854
10, -0.901941  0.360682  0  0.213217  0.286033  -0.971587  -0.3  0.213582
10.1, -0.78336  0.81539  0  0.218628  -0.228116  -0.955574  -0.3  0.218119
10.2, -0.51872  0.938114  0  0.236161  -0.747356  -0.908945  -0.3  0.226169
10.3, -0.107432  0.937996  0  0.239396  -0.933937  -0.665544  0  0.234502
10.4, 0.453006  0.894265  0  0.160189  -0.946216  -0.312742  0  0.224918
10.5, 0.854229  0.761783  0  0.168409  -0.917592  0.193833  0  0.21746
10.6, 0.942928  0.490741  0  0  -0.830432  0.721871  0  0.191768
10.7, 0.936545  0.0838241  0  0  -0.608214  0.924379  0  0.177154
10.8, 0.890587  -0.463476  0  0  -0.242013  0.942693  0  0
10.9, 0.756524  -0.916112  -0.3  0.210835  0.288104  0.912228  0  0
11, 0.452281  -0.972149  -0.3  0.192681  0.779704  0.81374  0  0
11.1, 0.00849258  -0.964416  -0.3  0.196148  0.93426  0.580204  0  0
11.2, -0.557923  -0.934685  -0.3  0.196734  0.942177  0.21615  0  0
11.3, -0.891884  -0.853287  -0.3  0.20893  0.909115  -0.546694  -0.3  0.152041
11.4, -0.952706  -0.554088  0  0.215179  0.743667  -0.935095  -0.3  0.206753
11.5, -0.940939  -0.148171  0  0.210042  0.426887  -0.973164  -0.3  0.209752
11.6, -0.896607  0.406484  0  0.215475  -0.0290089  -0.963302  -0.3  0.215405
11.7, -0.767946  0.835389  0  0.222159  -0.593751  -0.931189  -0.3  0.222891
11.8, -0.492012  0.940304  0  0.240684  -0.90159  -0.73468  0  0.228093
11.9, -0.0675367  0.936182  0  0.231221  -0.946199  -0.418365  0  0.229663
12, 0.49684  0.888176  0  0  -0.928164  0.0431148  0  0.211792
12.1, 0.869503  0.745158  0  0  -0.863456  0.604453  0  0.207743
12.2, 0.944125  0.464159  0  0  -0.682279  0.899649  0  0.158864
12.3, 0.934519  0.0446368  0  0  -0.354897  0.944255  0  0
12.4, 0.884336  -0.505885  0  0  0.133068  0.924513  0  0
12.5, 0.739917  -0.92485  -0.3  0.187104  0.679458  0.851243  0  0
12.6, 0.428105  -0.972228  -0.3  0.192414  0.917165  0.655533  0  0
12.7, -0.0266121  -0.963264  -0.3  0.193951  0.945042  0.327839  0  0
12.8, -0.591479  -0.931396  -0.3  0.196865  0.921981  -0.152433  0  0
12.9, -0.900999  -0.845643  -0.3  0.213604  0.84656  -0.812545  -0.3  0.202618
13, -0.953444  -0.542023  0  0.218095  0.596796  -0.966793  -0.3  0.206567
13.1, -0.940121  -0.130526  0  0.21014  0.218113  -0.970188  -0.3  0.212275
