0
0
0
0
0.0270365
0.118239
0.118239
0.440109
0.440109
0.440109
0.440109
0.440109
0.440109
0.440109
0.440109
0.440109
0.440109
0.440109
0.440109
0.440109
0.440109
0.440109
0.440109
0.440109
0.534484
0.534484
0.534484
0.534484
0.534484
0.534484
0.534484
0.534484
0.586467
0.586467
0.662662
0.662662
0.662662
0.662662
0.662662
0.71685
0.71685
0.71685
0.71685
0.733823
0.765432
0.765432
0.765432
0.765432
0.765432
0.765432
0.765432
0.765432
0.765432
0.765432
0.765432
0.765432
0.765432
0.765432
0.765432
0.765432
0.765432
0.765432
0.765432
0.765432
0.765432
0.765432
0.765432
0.783294
0.783294
0.805188
0.805188
0.805188
0.805188
0.805188
0.805188
0.805188
0.823974
0.823974
0.823974
0.823974
0.823974
0.84589
0.84589
0.84589
0.84589
0.872031
0.874774
0.874774
0.874774
0.874774
0.874774
0.874774
0.885181
0.885181
0.885181
0.885181
0.905405
0.90858
0.90858
0.90858
0.90858
0.914999
0.914999
0.918351
0.918351
0.918351
0.918351
0.919566
0.920349
0.927887
0.927887
0.927887
0.927887
0.927887
0.927887
0.927887
0.927887
0.927887
0.927887
0.927887
0.927887
0.927887
0.927887
0.927887
0.927887
0.927887
0.927887
0.927887
0.927887
0.927887
0.927887
0.927887
0.927887
0.927887
0.927887
0.927887
0.927887
0.927887
0.927887
0.927887
0.927887
0.927887
0.927887
0.927887
0.927887
0.927887
0.927887
0.927887
0.927887
0.927887
0.927887
0.927887
0.927887
0.927887
0.927887
0.927887
0.927887
0.927887
0.927887
0.927887
0.927887
0.927887
0.927887
0.927887
0.927887
0.927887
0.927887
0.927887
0.927887
0.927887
0.927887
0.927887
