0
0.0396137
0.0388865
0.040003
0.0399334
0.0400486
0.04044
0.0412235
0.0425292
0.0444815
0.0471767
0.0465896
0.0487969
0.0508605
0.0524359
0.053183
0.052836
0.0515918
0.0456453
0.0408994
0.0386349
0.0236155
0.0145696
0.00601328
-0.00195231
-0.0140487
-0.0224401
-0.0304213
-0.0361983
-0.0426958
-0.0485587
-0.0537465
-0.0583075
-0.0614954
-0.0649199
-0.0678717
-0.0707878
-0.0729085
-0.0747615
-0.0764424
-0.0779956
-0.079462
-0.0808424
-0.0821525
-0.0833686
-0.0844664
-0.0854181
-0.0862051
-0.0868858
-0.0874972
-0.0880646
-0.0886134
-0.0891744
-0.0897988
-0.090483
-0.0912427
-0.0921234
-0.0931205
-0.0942279
-0.0953942
-0.0965372
-0.0976392
-0.0987086
-0.0997824
-0.0960434
-0.0969002
-0.0977824
-0.0986493
-0.0994866
-0.0985709
-0.0993788
-0.0985893
-0.0994259
-0.100314
-0.101223
-0.102168
-0.103103
-0.103968
-0.104754
-0.105434
-0.106033
-0.105913
-0.106366
-0.106772
-0.107163
-0.107572
-0.108027
-0.108568
-0.109216
-0.109965
-0.110766
-0.111583
-0.112374
-0.113101
-0.113797
-0.114454
-0.115095
-0.115699
-0.116278
-0.116853
-0.117449
-0.118084
-0.118801
-0.119597
-0.120444
-0.121324
-0.122184
-0.123006
-0.123765
-0.124399
-0.124919
-0.125627
-0.125935
-0.12621
-0.126457
-0.126709
-0.126969
-0.127237
-0.127567
-0.127954
-0.128423
-0.128999
-0.129641
-0.130324
-0.130975
-0.131545
-0.132106
-0.13268
-0.133304
-0.133944
-0.134572
-0.135226
-0.135947
-0.136712
-0.13755
-0.138477
-0.139487
-0.140558
-0.141686
-0.142816
-0.143952
-0.145104
-0.146252
-0.147354
-0.148424
-0.149429
-0.15041
-0.151393
-0.152395
-0.153462
-0.154595
-0.155792
-0.157088
-0.158426
-0.159739
-0.162916
-0.164017
-0.164932
-0.165694
-0.166323
-0.168564
-0.169417
-0.169946
-0.170471
-0.171032
-0.171654
-0.172384
-0.173199
-0.174122
-0.175121
-0.176178
-0.177279
-0.178384
-0.179481
-0.180565
-0.181627
-0.182682
-0.183751
-0.18482
-0.185912
-0.187051
-0.18999
-0.191263
-0.192626
-0.194734
-0.196218
-0.197695
-0.199152
-0.200552
-0.201875
-0.20312
-0.204311
-0.20549
-0.206672
-0.207869
-0.209089
-0.210348
-0.211692
-0.213103
-0.214599
-0.216163
-0.217785
-0.219429
-0.221058
-0.222618
-0.224077
-0.225407
-0.226645
-0.227817
-0.228947
-0.230043
-0.231094
-0.232118
-0.233157
-0.234223
-0.235356
-0.236528
-0.237717
-0.238893
-0.240039
-0.241124
-0.242153
-0.243146
-0.244124
-0.245109
-0.246119
-0.247187
-0.248297
-0.249437
-0.250632
-0.251926
-0.253351
-0.253157
-0.254748
-0.256342
-0.257921
-0.259448
-0.260889
-0.262235
-0.263484
-0.264657
-0.265795
-0.266907
-0.268033
-0.26917
-0.270343
-0.271548
-0.2728
-0.27407
-0.275326
-0.276568
-0.277781
-0.278943
-0.280055
-0.281146
-0.281961
-0.283101
-0.284246
-0.285384
-0.286513
-0.287624
-0.28874
-0.289887
-0.29109
-0.292345
-0.293664
-0.296665
-0.298038
-0.299411
-0.302453
-0.303676
-0.304846
-0.305957
-0.307039
-0.30809
-0.309094
-0.310087
-0.311081
-0.312119
-0.313213
-0.314372
-0.315546
-0.316711
-0.317832
-0.318884
-0.319893
-0.320886
-0.32187
-0.322855
-0.323857
-0.324886
-0.325926
-0.326982
-0.328074
-0.329215
-0.330396
-0.331591
-0.332764
-0.333913
-0.335053
-0.336174
-0.337273
-0.33835
-0.33938
-0.340351
-0.34124
-0.342072
-0.342884
-0.343686
-0.344483
-0.345307
-0.34617
-0.347069
-0.34797
-0.34884
-0.349649
-0.351252
-0.351907
-0.352525
-0.353104
-0.353658
-0.354191
-0.354708
-0.355221
-0.355745
-0.35629
-0.35686
-0.357452
-0.358056
-0.358657
-0.359226
-0.359763
-0.360254
-0.360681
-0.361055
-0.36362
-0.363936
-0.368712
-0.369022
-0.369331
-0.369673
-0.370075
-0.370552
-0.371106
-0.371726
-0.372367
-0.373021
-0.373657
-0.374267
-0.374859
-0.375427
-0.375966
-0.376493
-0.377004
-0.37751
-0.378012
-0.378541
-0.379079
-0.379636
-0.380207
-0.380789
-0.381387
-0.381986
-0.382575
-0.38313
-0.383642
-0.384101
-0.384525
-0.384907
-0.385235
-0.390256
-0.390428
-0.390575
-0.390728
-0.390877
-0.391038
-0.39121
-0.39138
-0.391514
-0.391592
-0.391626
-0.391632
-0.391605
-0.391563
-0.391513
-0.391465
-0.391442
-0.391433
-0.391451
-0.391496
-0.39157
-0.391682
-0.391822
-0.391972
-0.392131
-0.392288
-0.392439
-0.392587
-0.392728
-0.392858
-0.392993
-0.393133
-0.393273
-0.393412
-0.393549
-0.393685
-0.393829
-0.393982
-0.394142
-0.394293
-0.394418
-0.394513
-0.394563
-0.394574
-0.394557
-0.394514
-0.39445
-0.394378
-0.394304
-0.39422
-0.394133
-0.394035
-0.393926
-0.393816
-0.393704
-0.393584
-0.393455
-0.393305
-0.393128
-0.392916
-0.392678
-0.392421
-0.392145
-0.391842
-0.391536
-0.39123
-0.390941
-0.390674
-0.390433
-0.390213
-0.390885
-0.390682
-0.39047
-0.390242
-0.389997
-0.389735
-0.389461
-0.389174
-0.388877
-0.388578
-0.384771
-0.384384
-0.384002
-0.383629
-0.383261
-0.382898
-0.38253
-0.382147
-0.381758
-0.381363
-0.38096
-0.380551
-0.38013
-0.379699
-0.379259
-0.378806
-0.378345
-0.377882
-0.377422
-0.376958
-0.376491
-0.37602
-0.375543
-0.37506
-0.374574
-0.374085
-0.375001
-0.37447
-0.373918
-0.374848
-0.374251
-0.373641
-0.373018
-0.372381
-0.371728
-0.371057
-0.370365
-0.369655
-0.368927
-0.368186
-0.367434
-0.366667
-0.365887
-0.365088
-0.364274
-0.363441
-0.362591
-0.361734
-0.360874
-0.360017
-0.359165
-0.358325
-0.357499
-0.356683
-0.35588
-0.35508
-0.354284
-0.353485
-0.352673
-0.351841
-0.350991
-0.350126
-0.349047
-0.348141
-0.347445
-0.34649
-0.345507
-0.344502
-0.343477
-0.342434
-0.34137
-0.340284
-0.339176
-0.338054
-0.33692
-0.335776
-0.334626
-0.333468
-0.332299
-0.331124
-0.329948
-0.328766
-0.327577
-0.326384
-0.325195
-0.32401
-0.322831
-0.321661
-0.320496
-0.319333
-0.318167
-0.316996
-0.315818
-0.314632
-0.313433
-0.312219
-0.310979
-0.30971
-0.30841
-0.307078
-0.305711
-0.30431
-0.302873
-0.301401
-0.296346
-0.294889
-0.293421
-0.291943
-0.290459
-0.288966
-0.287459
-0.285947
-0.284425
-0.282901
-0.281378
-0.279858
-0.278347
-0.276854
-0.275386
-0.273937
-0.272494
-0.271051
-0.269597
-0.268128
-0.266637
-0.265124
-0.263585
-0.26202
-0.260426
-0.258795
-0.257123
-0.255409
-0.253654
-0.251988
-0.250153
-0.24829
-0.246409
-0.244515
-0.242616
-0.240722
-0.238839
-0.236966
-0.235106
-0.233258
-0.231426
-0.229615
-0.227826
-0.226059
-0.224317
-0.221426
-0.219729
-0.218053
-0.216396
-0.214753
-0.213106
-0.211444
-0.209761
-0.20806
-0.206334
-0.20458
-0.202795
-0.199538
-0.197662
-0.19574
-0.193764
-0.191738
-0.189667
-0.187567
-0.18545
-0.183323
-0.181208
-0.179112
-0.177043
-0.164925
-0.163127
-0.161355
-0.159617
-0.157919
-0.156267
-0.15466
-0.153102
-0.151596
-0.150137
-0.148722
-0.147339
-0.145978
-0.14462
-0.143259
0.123142
0.123304
0.123475
0.123642
0.123829
0.124052
0.124309
0.12458
0.124866
0.125208
0.125585
0.125979
0.126383
0.126794
0.127214
0.127652
0.128101
0.128781
0.129279
0.130401
0.130881
0.131376
0.131865
0.132372
0.132869
0.133371
0.133897
0.134418
0.13493
0.135451
0.135983
0.136502
0.137019
0.137513
0.13798
0.13841
0.13878
0.139123
0.139408
0.139635
0.139853
0.140075
0.14032
0.140581
0.140859
0.141154
0.141447
0.141729
0.142021
0.142338
0.142694
0.143084
0.143513
0.143972
0.144448
0.1449
0.145295
0.145636
0.145891
0.146053
0.146103
0.146065
0.145938
0.145719
0.145455
0.145166
0.14707
0.146704
0.146313
0.145899
0.145476
0.145034
0.144591
0.143933
0.143482
0.143024
0.142581
0.142154
0.141755
0.141397
0.141071
0.140768
0.140504
0.14029
0.140076
0.139871
0.139646
0.139394
0.139162
0.138948
0.138746
0.138506
0.138263
0.138025
0.137782
0.137542
0.137294
0.137031
0.13673
0.136405
0.135423
0.135042
0.134601
0.134118
0.133601
0.133065
0.132533
0.131995
0.13146
0.130927
0.130381
0.129831
0.129303
0.128771
0.128225
0.127703
0.127176
0.126657
0.126121
0.1256
0.125099
0.124581
0.124059
0.123551
0.123066
0.122635
0.122254
0.12191
0.121608
0.121318
0.120988
0.12061
0.120207
0.119793
0.119329
0.118801
0.118238
0.117648
0.117051
0.116462
0.115886
0.115306
0.114738
0.114193
0.113635
0.113014
0.112349
0.111664
0.110959
0.11027
0.109537
0.108797
0.10803
0.107218
0.106369
0.105475
0.104565
0.101388
0.100406
0.0994442
0.0985046
0.0975573
0.0987854
0.0977648
0.0966819
0.0955606
0.0944241
0.093292
0.0921532
0.091026
0.0899177
0.0888743
0.0875316
0.0866007
0.0856993
0.0894679
0.0886363
0.0878278
0.0870226
0.0861776
0.0853016
0.0843571
0.0833356
0.0822629
0.0811537
0.0800337
0.0789308
0.0778464
0.0768131
0.075808
0.0748047
0.073779
0.0727182
0.0716612
0.070614
0.0695843
0.0685903
0.0676413
0.0667367
0.0658556
0.0649868
0.0641502
0.0633198
0.0624826
0.0616375
0.0607923
0.0599715
0.0591651
0.0583629
0.0575866
0.0568481
0.056156
0.0554681
0.0547309
0.0539613
0.0531708
0.052341
0.0578532
0.0569952
0.0561101
0.0552302
0.0543433
0.0534805
0.0526588
0.0518404
0.0510149
0.0501676
0.0492866
0.0483667
0.0460388
0.0450087
0.0439652
0.0429317
0.0419069
0.0409109
0.0399879
0.0391434
0.0383675
0.0376003
0.0368353
0.0360611
0.0352496
0.0344192
0.0335575
0.0326585
0.0317197
0.0307432
0.0297248
0.0286635
0.0227977
0.0218215
0.0209252
0.0201471
0.0194029
0.0186936
0.0180141
0.0173941
0.016806
0.0162308
0.0156228
0.0149439
0.0141795
0.0133003
0.0123468
0.0113273
0.0102412
0.00909404
0.00790426
0.00672412
0.00554001
0.00436241
0.00323898
0.00217597
0.00118643
0.00028547
-0.000499204
-0.00122211
-0.0019301
-0.00268686
-0.00348259
-0.00431853
-0.00512941
-0.00597162
-0.00679667
-0.00755763
-0.00826208
-0.00894062
-0.00958641
-0.0102489
-0.0109768
-0.00956125
-0.0104742
-0.0114802
-0.0125937
-0.0138137
-0.0151559
-0.0165822
-0.0180917
-0.0196257
-0.0211635
-0.0226416
-0.024099
-0.0254955
-0.0267997
-0.0279644
-0.0290023
-0.0299389
-0.0307843
-0.0315384
-0.0322848
-0.0330034
-0.0336738
-0.0343023
-0.0348767
-0.0354227
-0.0359327
-0.0364639
-0.0370565
-0.037685
-0.0383687
-0.0391178
-0.0399385
-0.0408117
-0.0393919
-0.0403645
-0.0414066
-0.0425149
-0.0436663
-0.0448395
-0.0459669
-0.0494364
-0.0504755
-0.0514255
-0.0522582
-0.0530275
-0.0537266
-0.0543727
-0.0549968
-0.0556277
-0.0563205
-0.0570807
-0.0578861
-0.0587288
-0.059629
-0.0605334
-0.0614633
-0.0624278
-0.0634253
-0.064422
-0.0653775
-0.0663402
-0.0672759
-0.0682158
-0.0691394
-0.0699915
-0.0690773
-0.0699123
-0.0707328
-0.0715537
-0.0723726
-0.0731863
-0.0739688
-0.0747438
-0.0754908
-0.076228
-0.0769572
-0.0776641
-0.0783813
-0.0790957
-0.0798043
-0.0805488
-0.0813431
-0.0821865
-0.0830889
-0.0840809
-0.0851205
-0.0862135
-0.0873092
-0.0884143
-0.089478
-0.0904744
-0.0913996
-0.0922528
-0.0930773
-0.0938485
-0.0945674
-0.0952452
-0.0959133
-0.0965948
-0.0972741
-0.097988
-0.098757
-0.0995453
-0.100335
-0.101076
-0.101754
-0.102375
-0.102938
-0.101219
-0.101626
-0.101936
-0.102197
-0.102425
-0.102656
-0.10295
-0.1033
-0.103678
-0.104095
-0.104541
-0.10501
-0.105436
-0.105834
-0.106192
-0.106539
-0.106844
-0.107091
-0.10732
-0.107527
-0.107722
-0.107909
-0.108098
-0.10831
-0.10854
-0.108796
-0.109097
-0.115802
-0.11615
-0.116482
-0.116805
-0.117116
-0.117416
-0.11769
-0.11796
-0.118231
-0.118562
-0.118957
-0.119421
-0.119951
-0.120505
-0.121123
-0.121771
-0.122461
-0.123162
-0.123894
-0.124681
-0.125497
-0.126352
-0.12723
-0.128126
-0.129039
-0.129911
-0.130753
-0.131576
-0.132381
-0.13316
-0.133909
-0.13461
-0.135243
-0.135806
-0.136338
-0.136865
-0.137385
-0.137867
-0.138324
-0.138725
-0.139086
-0.139389
-0.139678
-0.139944
-0.140213
-0.140485
-0.140729
-0.140952
-0.141136
-0.141248
-0.141275
-0.14127
-0.141229
-0.136384
-0.136321
-0.136248
-0.136192
-0.136194
-0.13624
-0.13632
-0.136476
-0.136671
-0.136905
-0.135444
-0.135787
-0.136199
-0.136674
-0.137218
-0.13779
-0.138345
-0.138886
-0.139404
-0.139931
-0.140446
-0.143187
-0.143685
-0.144125
-0.144527
-0.144881
-0.145193
-0.145439
-0.145609
-0.145739
-0.145814
-0.145806
-0.14569
-0.145463
-0.145168
-0.144869
-0.144606
-0.144379
-0.144139
-0.144022
-0.143907
-0.143821
-0.143735
-0.143626
-0.143517
-0.143402
-0.143325
-0.143281
-0.143268
-0.143267
-0.143313
-0.143357
-0.143707
-0.143829
-0.143993
-0.144217
-0.146651
-0.146893
-0.147143
-0.147407
-0.147618
-0.14775
-0.147812
-0.14782
-0.147782
-0.14768
-0.147543
-0.147369
-0.147159
-0.146908
-0.14662
-0.146319
-0.145972
-0.145568
-0.145111
-0.144649
-0.144181
-0.143739
-0.14331
-0.142865
-0.142429
-0.141979
-0.141525
-0.141071
-0.140613
-0.140164
-0.139682
-0.139213
-0.138776
-0.138355
-0.137928
-0.137545
-0.137209
-0.136899
0.2088
0.208538
0.208279
0.208016
0.207746
0.207474
0.207196
0.206915
0.206624
0.206319
0.205993
0.205648
0.205288
0.204923
0.204561
0.204209
0.203868
0.20354
0.203221
0.202916
0.20262
0.202335
0.202065
0.201817
0.201591
0.201394
0.20123
0.201091
0.200972
0.200869
0.20078
0.200706
0.200648
0.200596
0.20055
0.200502
0.200453
0.200422
0.200354
0.200281
0.200205
0.200129
0.200056
0.199988
0.199933
0.199894
0.199873
0.199877
0.199902
0.199952
0.200021
0.200107
0.200207
0.200318
0.200441
0.200582
0.200735
0.200905
0.201537
0.201731
0.201934
0.202144
0.202355
0.202568
0.20278
0.202989
0.203192
0.203393
0.203575
0.203743
0.203889
0.204018
0.204137
0.204245
0.204941
0.205052
0.205172
0.205301
0.205443
0.205603
0.205781
0.205981
0.206203
0.206442
0.206695
0.206964
0.207254
0.207564
0.207889
0.208237
0.208604
0.208985
0.209386
0.209805
0.210236
0.21068
0.211125
0.211569
0.21201
0.212445
0.212878
0.213301
0.213712
0.214112
0.214501
0.214873
0.215223
0.215549
0.215862
0.216162
0.216452
0.216743
0.217038
0.217329
0.217617
0.217904
0.218189
0.218479
0.218773
0.21907
0.219379
0.219701
0.220028
0.220355
0.220691
0.221027
0.221374
0.221722
0.222074
0.222433
0.222793
0.223152
0.223514
0.223866
0.224198
0.224519
0.224832
0.225142
0.225462
0.225792
0.226121
0.226453
0.2268
0.227167
0.227547
0.22794
0.228345
0.228749
0.228242
0.228358
0.228745
0.229127
0.229505
0.229874
0.230232
0.230572
0.230714
0.231027
0.23133
0.23162
0.231901
0.232172
0.232441
0.2327
0.232954
0.230285
0.23046
0.230619
0.230764
0.230893
0.23101
0.231121
0.231224
0.231317
0.231401
0.231484
0.231572
0.231673
0.231782
0.231896
0.232023
0.232158
0.233131
0.233273
0.233421
0.233563
0.233701
0.233837
0.233967
0.234087
0.234202
0.234311
0.230725
0.230883
0.231028
0.231157
0.231277
0.231378
0.231456
0.231522
0.230232
0.230299
0.230361
0.230427
0.230495
0.230566
0.230645
0.230725
0.230813
0.230273
0.230358
0.230441
0.230513
0.230568
0.230613
0.230645
0.230665
0.230663
0.230643
0.230611
0.230581
0.230549
0.230521
0.230499
0.230477
0.230456
0.230428
0.230399
0.230354
0.230285
0.23019
0.230076
0.22995
0.229811
0.229665
0.229515
0.229366
0.229363
0.229217
0.229073
0.228922
0.228764
0.228601
0.228431
0.229858
0.229688
0.229495
0.229276
0.237131
0.236849
0.236549
0.236233
0.234599
0.234266
0.233935
0.233607
0.233287
0.232974
0.232663
0.232344
0.232012
0.231678
0.231341
0.230998
0.230645
0.230285
0.229928
0.228773
0.228455
0.228155
0.227872
0.227597
0.227324
0.22706
0.226797
0.226522
0.226232
0.225926
0.225609
0.225269
0.22491
0.224517
0.224088
0.223624
0.223134
0.222627
0.222105
0.221573
0.221039
0.221446
0.220927
0.2204
0.219866
0.219318
0.218757
0.218186
0.216947
0.21636
0.215776
0.215192
0.214615
0.214043
0.213484
0.212935
0.21239
0.217139
0.216692
0.216237
0.215768
0.215283
0.214784
0.214274
0.21375
0.21151
0.210996
0.210473
0.209951
0.209437
0.208924
0.208411
0.207894
0.207378
0.206866
0.206352
0.205832
0.20531
0.20478
0.204245
0.203709
0.203176
0.202643
0.202114
0.201601
0.201104
0.200611
0.200121
0.19964
0.199169
0.199085
0.198634
0.198184
0.197727
0.19726
0.196785
0.196304
0.195813
0.195315
0.19482
0.193006
0.192521
0.19203
0.191532
0.193365
0.192892
0.192413
0.191932
0.191448
0.19096
0.190473
0.189986
0.1895
0.189016
0.188543
0.185912
0.185493
0.18509
0.184689
0.184282
0.18387
0.183457
0.183042
0.182622
0.182198
0.181766
0.181328
0.180885
0.180445
0.180007
0.179573
0.179149
0.178742
0.178352
0.177982
0.177627
0.177292
0.17697
0.176652
0.176336
0.176018
0.1757
0.175379
0.175054
0.174723
0.174387
0.174048
0.173713
0.17338
0.17304
0.172685
0.172315
0.171922
0.171507
0.171075
0.17063
0.170173
0.169711
0.169241
0.168766
0.168296
0.167834
0.167387
0.166956
0.166543
0.166156
0.165801
0.165483
0.165197
0.164944
0.164723
0.164523
0.164339
0.164155
0.16398
0.163816
0.16367
0.163545
0.163433
0.163339
0.163256
0.163165
0.163051
0.162929
0.162802
0.162673
0.16253
0.162359
0.162162
0.161929
0.161657
0.161346
0.161014
0.160662
0.160298
0.159935
0.159593
0.159259
0.158919
0.158574
0.158219
0.15785
0.157485
0.157124
0.156783
0.156454
0.156148
0.155863
0.155606
0.155381
0.155194
0.155055
0.154935
0.154818
0.154692
0.154548
0.155707
0.15555
0.148829
0.148562
0.148292
0.148024
0.147755
0.147488
0.147224
0.146953
0.146674
0.146388
0.146457
0.14617
0.145873
0.145574
0.145272
0.144958
0.143811
0.143509
0.143197
0.142887
0.142596
0.142329
0.142076
0.141818
0.141565
0.141306
0.141052
0.1408
0.140528
0.14025
0.139959
0.139668
0.139375
0.139087
0.138782
0.138452
0.134937
0.134487
0.134036
0.133605
0.133183
0.132774
0.13239
0.132012
0.135229
0.134929
0.13463
0.133301
0.133009
0.132726
0.132445
0.132179
0.131945
0.131747
0.131574
0.131399
0.131215
0.131028
0.130813
0.127553
0.127301
0.127033
0.126732
0.126393
0.126032
0.125658
0.122108
0.121651
0.121179
0.120694
0.120232
0.119808
0.11942
0.11909
0.118812
0.118591
0.118409
0.118273
0.118169
0.118061
0.117943
0.117816
0.117671
0.117319
0.117153
0.116981
0.116809
0.116626
0.116436
0.116248
0.116033
0.11581
0.115584
0.118201
0.117908
0.117593
0.119034
0.118695
0.118319
0.117882
0.114836
0.114362
0.113896
0.113458
0.113039
0.112651
0.112269
0.111884
0.111507
0.111133
0.104899
0.104644
0.104387
0.104113
0.103858
0.103596
0.103306
0.102983
0.102621
0.102236
0.101851
0.101475
0.101065
0.100617
0.100107
0.0995605
0.0989769
0.0983449
0.0976663
0.0969761
0.0962744
0.0955787
0.0948737
0.0941498
0.0934165
0.0927119
0.0920181
0.0913761
0.0907487
0.0901339
0.0895628
0.089011
0.0884806
0.087979
0.087478
0.0869767
0.0865031
0.0860624
0.085648
0.0852716
0.0849455
0.084685
0.0844967
0.0843393
0.0841693
0.0839884
0.0837929
0.0836033
0.0834231
0.0832334
0.0830253
0.0827966
0.0825209
0.0821964
0.0818105
0.0813624
0.0808869
0.080393
0.079906
0.0794108
0.0788954
0.0783445
0.0777896
0.0772446
0.0767071
0.0761626
0.0756338
0.0751237
0.0746368
0.0741321
0.0736066
0.073071
0.0725213
0.0719627
0.0714205
0.0708813
0.0703435
0.069809
0.0692869
0.0687638
0.0682495
0.0677198
0.0671554
0.0665504
0.0658813
0.0651497
0.0643667
0.0635657
0.0627842
0.0620232
0.0612601
0.0604937
0.059752
0.0590653
0.0584399
0.0578684
0.0573427
0.0568406
0.0563686
0.0559279
0.0555015
0.0551073
0.054729
0.0543418
0.05398
0.0536561
0.053356
0.0530693
0.0527902
0.0524939
0.0521567
0.051804
0.0514449
0.0510333
0.0505759
0.0500847
0.0495576
0.0489691
0.0483451
0.0477065
0.0470464
0.0463465
0.0456136
0.0448722
0.0441474
0.0434249
0.0427471
0.042101
0.0414697
0.0408416
0.0402033
0.0395691
0.0389258
0.0382846
0.0376339
0.0369744
0.0363
0.03563
0.0349577
0.0342737
0.0335853
0.0328773
0.0321776
0.0314668
0.0307287
0.0299587
0.0291506
0.028304
0.0274555
0.0266025
0.0257422
0.0248772
0.0240259
0.0231783
0.0223437
0.0215279
0.0207707
0.0200907
0.0194953
0.0189628
0.0184865
0.018058
0.0176439
0.0172726
0.0169376
0.0166626
0.016461
0.016334
0.0162597
0.0162288
0.0162196
0.0162167
0.0162167
0.0161992
0.0161883
0.0161842
0.0161958
0.0161986
0.016207
0.0161865
0.0161433
0.0160517
0.0159174
0.0157435
0.0155499
0.015344
0.0151471
0.0149746
0.0148419
0.0147536
0.014698
0.0146915
0.0146984
0.0147236
0.0147729
0.0148251
0.0148612
0.0148609
0.0148158
0.0147144
0.0145431
0.0143352
0.0141144
0.0138569
0.0135592
0.0132295
0.0128988
0.012537
0.012171
0.0117938
0.0113763
0.010977
0.0105209
0.0100231
0.00733445
0.0068424
0.00635512
0.00584102
0.00534293
0.0048856
0.00445253
0.00403333
0.00363949
0.00328851
0.00298633
0.00269837
0.00243804
0.00222355
0.00204191
0.00186369
0.00168565
0.00150123
0.0013237
0.00116209
0.00103993
0.000928467
0.000835066
0.000746297
0.000638467
0.0005277
0.000392632
0.00022084
1.42335e-05
-0.000202312
-0.000420037
-0.000639177
-0.000850763
-0.00105973
-0.00125666
-0.00146212
-0.00163077
-0.00175455
-0.00183372
0.0816491
0.0819074
0.0821567
0.0824007
0.0826399
0.082867
0.0830901
0.083303
0.0834982
0.0836859
0.0838678
0.0840491
0.0842287
0.0843988
0.084563
0.0847323
0.0849038
0.0850778
0.0852591
0.0854448
0.085647
0.0858665
0.086107
0.0863698
0.0866501
0.0878076
0.0881184
0.0884337
0.0893679
0.0896579
0.0899391
0.0902111
0.0904672
0.0907152
0.090957
0.0911933
0.091421
0.0916389
0.0918591
0.0920831
0.0923041
0.0925173
0.0927291
0.0929386
0.0931436
0.0933443
0.0935438
0.0937508
0.0939637
0.0941853
0.0944145
0.0946512
0.0962549
0.0965228
0.0968014
0.0970967
0.0974078
0.0977284
0.09805
0.0983645
0.098669
0.098962
0.0992456
0.0995201
0.0997821
0.100037
0.100285
0.10053
0.100769
0.103991
0.104241
0.104401
0.104655
0.104908
0.105153
0.10539
0.105613
0.105826
0.106038
0.106253
0.106466
0.106679
0.106889
0.107097
0.107309
0.107532
0.107774
0.108038
0.108315
0.108604
0.108901
0.109195
0.109479
0.109758
0.110038
0.110316
0.110599
0.110883
0.111167
0.111452
0.111732
0.112005
0.112269
0.112528
0.112784
0.113034
0.113275
0.113503
0.113718
0.113918
0.11421
0.114397
0.114582
0.114767
0.114957
0.11516
0.115378
0.115609
0.115847
0.116087
0.116325
0.116564
0.116808
0.117398
0.117649
0.117897
0.11814
0.11838
0.118611
0.118832
0.119044
0.119256
0.119473
0.119691
0.119912
0.120132
0.120343
0.120544
0.120738
0.120924
0.121105
0.121283
0.121465
0.121655
0.121851
0.12205
0.122251
0.122454
0.122663
0.122881
0.123109
0.123347
0.123596
0.123859
0.12414
0.124423
0.124712
0.124998
0.125279
0.125549
0.125818
0.126088
0.12636
0.126639
0.126914
0.127631
0.127899
0.128161
0.128416
0.128673
0.128923
0.129162
0.129388
0.127275
0.127486
0.127692
0.127893
0.128098
0.128305
0.128513
0.128719
0.128922
0.129135
0.129357
0.129592
0.129838
0.130087
0.130339
0.130587
0.130826
0.131051
0.131261
0.131462
0.131652
0.131841
0.132027
0.132207
0.132385
0.132557
0.132726
0.132894
0.133064
0.133235
0.133407
0.133577
0.133745
0.133905
0.134055
0.134195
0.134333
0.134477
0.134635
0.134815
0.135021
0.135242
0.135478
0.135718
0.135956
0.136189
0.136416
0.136642
0.136866
0.137078
0.137281
0.137478
0.137665
0.137843
0.138018
0.138191
0.138373
0.138558
0.138755
0.138958
0.139168
0.139386
0.1396
0.139807
0.140006
0.1402
0.140398
0.140598
0.140802
0.141011
0.141236
0.141478
0.141735
0.142008
0.142296
0.142594
0.142895
0.143196
0.143488
0.143889
0.14415
0.144397
0.144628
0.144843
0.14504
0.14522
0.145386
0.145971
0.146124
0.14627
0.146408
0.146544
0.146686
0.146832
0.146977
0.14712
0.147265
0.147408
0.147555
0.147702
0.147856
0.148008
0.148165
0.148328
0.148497
0.14867
0.148842
0.148638
0.148813
0.148986
0.149165
0.149341
0.149517
0.149691
0.149852
0.150003
0.150147
0.150291
0.150437
0.15059
0.150749
0.150913
0.151081
0.151253
0.151424
0.151592
0.151755
0.155026
0.155161
0.155292
0.155424
0.155555
0.155683
0.155814
0.155958
0.156116
0.156293
0.156487
0.156687
0.156891
0.157093
0.157289
0.157469
0.157636
0.157797
0.157953
0.158103
0.158255
0.158409
0.158564
0.158717
0.158867
0.15902
0.159172
0.159327
0.159482
0.15963
0.15977
0.159897
0.160014
0.160125
0.160229
0.160329
0.160432
0.160539
0.160648
0.160766
0.160893
0.161032
0.161177
0.161327
0.161482
0.16163
0.161777
0.161922
0.162062
0.162198
0.162326
0.162443
0.162554
0.162662
0.162765
0.162866
0.162966
0.163067
0.163172
0.163275
0.163376
0.163477
0.163577
0.163676
0.163773
0.16387
0.16397
0.164071
0.16417
0.164271
0.16437
0.16447
0.164575
0.164684
0.162479
0.159561
0.155413
0.149132
0.141117
0.13401
0.11994
0.108998
0.097121
0.0864919
0.0889487
0.0818849
0.0806952
0.0805847
0.0803363
0.0822525
0.0760384
0.082145
0.0893522
0.0949783
0.100155
0.10734
0.12199
0.126117
0.131484
0.135004
0.136113
0.137528
0.138009
0.126447
0.126279
0.126708
0.128145
0.128161
0.126998
0.126681
0.126096
0.137558
0.138336
0.137382
0.13577
0.13542
0.133444
0.131496
0.128159
0.12539
0.122793
0.119824
0.105844
0.100625
0.0979016
0.0951173
0.0916348
0.0885958
0.0855383
0.0825114
0.0783975
0.0756404
0.0729907
0.0704417
0.0737395
0.0750029
0.0740643
0.0733673
0.0729064
0.0796607
0.0801975
0.0814556
0.0826991
0.084517
0.0876353
0.0900489
0.0946992
0.0960357
0.099498
0.103147
0.106972
0.110962
0.115102
0.117231
0.122078
0.124954
0.129943
0.13526
0.140283
0.145292
0.150268
0.155188
0.160039
0.164807
0.169481
0.174045
0.17849
0.182806
0.186983
0.191015
0.194895
0.198625
0.202207
0.205642
0.208936
0.2121
0.215142
0.218574
0.221366
0.224254
0.226832
0.230998
0.233832
0.236132
0.238339
0.240455
0.242488
0.244442
0.246319
0.248117
0.249837
0.251484
0.253062
0.254573
0.256016
0.257391
0.258704
0.25996
0.261159
0.262301
0.263388
0.264419
0.265395
0.266159
0.267033
0.267857
0.268284
0.269027
0.269735
0.270409
0.271052
0.271669
0.272261
0.272835
0.27339
0.273931
0.274456
0.274965
0.275458
0.275937
0.276399
0.276842
0.277263
0.277665
0.278048
0.278414
0.278761
0.279091
0.279406
0.279704
0.279985
0.280248
0.280494
0.28072
0.280929
0.281119
0.281292
0.281451
0.281596
0.281729
0.281852
0.281965
0.282069
0.282166
0.282257
0.282344
0.282427
0.282506
0.282582
0.282655
0.282727
0.282796
0.282862
0.282924
0.282981
0.283031
0.283074
0.28311
0.283138
0.283159
0.283171
0.283173
0.283165
0.283143
0.283108
0.282747
0.282684
0.282607
0.28252
0.282425
0.282323
0.282217
0.282109
0.281999
0.281887
0.281775
0.281661
0.281547
0.281433
0.281317
0.281201
0.281085
0.280969
0.280854
0.280741
0.280628
0.280513
0.280395
0.280272
0.280141
0.280003
0.279857
0.279703
0.279537
0.279359
0.279167
0.27896
0.27874
0.278508
0.278267
0.27802
0.277768
0.277513
0.277256
0.276998
0.27674
0.27648
0.27622
0.275957
0.275693
0.275428
0.275163
0.274895
0.274625
0.274355
0.274083
0.273811
0.273543
0.273274
0.273003
0.272725
0.272442
0.272154
0.271859
0.271554
0.271208
0.270874
0.270522
0.270149
0.269757
0.269349
0.269289
0.268861
0.268427
0.267992
0.267556
0.267117
0.266681
0.266251
0.265821
0.265393
0.264963
0.264532
0.264097
0.263659
0.263217
0.262775
0.262341
0.261912
0.261485
0.261058
0.260108
0.259661
0.259207
0.258743
0.258271
0.257784
0.257279
0.256745
0.256184
0.255592
0.254972
0.254326
0.253666
0.252998
0.252333
0.251679
0.251039
0.250415
0.249803
0.249202
0.248608
0.248017
0.247428
0.246842
0.246257
0.245672
0.245091
0.244523
0.243967
0.24343
0.242908
0.242392
0.241874
0.241342
0.239988
0.239433
0.238867
0.238282
0.237279
0.23665
0.235986
0.235281
0.23454
0.233773
0.232986
0.232192
0.231403
0.23062
0.229856
0.229112
0.228391
0.227694
0.227019
0.226357
0.225701
0.224882
0.224228
0.223567
0.222903
0.222235
0.221567
0.220847
0.220207
0.219568
0.218921
0.218256
0.217581
0.215152
0.214467
0.213766
0.213033
0.212257
0.211438
0.210578
0.209695
0.208801
0.207911
0.207022
0.206143
0.205269
0.204397
0.203534
0.202683
0.201853
0.201037
0.200226
0.199419
0.198608
0.197797
0.196981
0.196159
0.195342
0.194533
0.193748
0.192992
0.192255
0.191531
0.19082
0.19013
0.189445
0.188765
0.188081
0.187378
0.186648
0.185876
0.185069
0.184228
0.18337
0.182504
0.181632
0.180764
0.179902
0.179046
0.178191
0.177343
0.176511
0.175686
0.17487
0.174059
0.173254
0.171425
0.170624
0.169834
0.169058
0.168297
0.167565
0.166859
0.166179
0.16551
0.164842
0.164172
0.163502
0.162814
0.162104
0.161361
0.160574
0.159729
0.158831
0.157905
0.156966
0.156034
0.155116
0.154223
0.153362
0.152533
0.151745
0.108641
0.108473
0.108318
0.10817
0.108022
0.107872
0.107716
0.107548
0.107376
0.107207
0.107044
0.106889
0.106744
0.106598
0.106451
0.106299
0.106139
0.105969
0.105786
0.105587
0.105364
0.105106
0.104812
0.10448
0.104128
0.103763
0.103399
0.103048
0.102667
0.102343
0.102032
0.101733
0.101448
0.101178
0.100917
0.100661
0.100397
0.100128
0.0998467
0.0995544
0.0992532
0.0989508
0.0986551
0.098378
0.0981142
0.0978587
0.0970859
0.096825
0.0965667
0.0963052
0.0960357
0.0957578
0.095456
0.0951226
0.0947547
0.0943548
0.0939379
0.0935203
0.0925159
0.0921194
0.0917455
0.0913892
0.0910473
0.0907117
0.090378
0.0900425
0.0896992
0.0893401
0.0822476
0.0817804
0.0812849
0.0807759
0.0802579
0.0797515
0.079267
0.078811
0.0783842
0.0779782
0.0775757
0.0771869
0.076811
0.0764462
0.0760825
0.0756926
0.0752776
0.0748218
0.0743282
0.0738097
0.0732706
0.0727339
0.0722059
0.0716918
0.0711908
0.0707
0.0702269
0.0697701
0.0693389
0.068924
0.0685177
0.0681031
0.0676699
0.0672181
0.0667309
0.0662123
0.0656763
0.0651364
0.0646161
0.0641398
0.0636993
0.0632706
0.0628495
0.062433
0.0620172
0.0616004
0.0611768
0.0563036
0.0557729
0.0552005
0.0545788
0.0539217
0.0532457
0.0525713
0.0519181
0.046386
0.0458268
0.0452805
0.0447467
0.0442272
0.0437161
0.0432045
0.0426767
0.0421206
0.0415357
0.0409271
0.0402896
0.0396335
0.0389746
0.0383352
0.0377407
0.0372001
0.0367195
0.036283
0.0358732
0.0354836
0.0351039
0.0347307
0.0343551
0.0339609
0.0335364
0.0330751
0.032572
0.0320394
0.0314819
0.030916
0.0303769
0.0298657
0.0293654
0.0288657
0.0283638
0.0278715
0.0273799
0.0268825
0.0263831
0.0258529
0.025294
0.0247018
0.0240825
0.0234359
0.0227794
0.0224338
0.0217938
0.0211936
0.0206207
0.0200682
0.0195348
0.019034
0.0185619
0.0181043
0.0176213
0.0171106
0.0165463
0.0159142
0.0152313
0.0145189
0.0137948
0.0130745
0.0123862
0.0117395
0.0111148
0.0105154
0.00926655
0.00868596
0.00811873
0.0075414
0.00695865
0.00636381
0.00573188
0.0050645
0.00435774
0.00363325
0.00290398
0.00220423
0.00156599
0.000993861
0.00045969
-4.63362e-05
-0.000537092
-0.00100384
-0.00144486
-0.00185589
-0.0022493
-0.00266668
-0.00312515
-0.00363679
-0.00419523
-0.00476656
-0.00534575
-0.00590749
-0.00644355
-0.00693458
-0.00739845
-0.007851
-0.00829806
-0.00873705
-0.00917564
-0.00962843
-0.0100925
-0.0105766
-0.011104
-0.0116981
-0.0123348
-0.0129809
-0.0136142
-0.0142209
-0.0147838
-0.0153067
-0.0158032
-0.0162849
-0.0167658
-0.0172231
-0.0176618
-0.018073
-0.0185001
-0.020425
-0.020942
-0.0215154
-0.022135
-0.022789
-0.023448
-0.0240864
-0.0247013
-0.0253022
-0.0258878
-0.0264723
-0.0270493
-0.0276131
-0.0281673
-0.0287422
-0.0293383
-0.0299743
-0.030646
-0.0313602
-0.0340362
-0.0347642
-0.0354801
-0.0361745
-0.0368333
-0.0374547
-0.0389174
-0.0394925
-0.0400559
-0.0405882
-0.0410869
-0.0415821
-0.0420847
-0.0426105
-0.0431722
-0.0437844
-0.0444447
-0.045136
-0.0458151
-0.0464615
-0.047057
-0.0476118
-0.0481402
-0.0486712
-0.0492142
-0.0497759
-0.0503419
-0.0509379
-0.0515537
-0.0522169
-0.0529274
-0.0536798
-0.0544489
-0.055208
-0.0562678
-0.056915
-0.0574648
-0.0579173
-0.0582968
-0.0586291
-0.0588984
-0.0591163
-0.0593324
-0.0595636
-0.0598324
-0.0601551
-0.0605449
-0.0609929
-0.0615001
-0.062038
-0.0625954
-0.0631358
-0.0636573
-0.0641591
-0.0646352
-0.0650859
-0.065499
-0.0659104
-0.0663169
-0.066713
-0.0671238
-0.0675878
-0.068083
-0.0685915
-0.0690842
-0.0706244
-0.0710795
-0.0714971
-0.0718597
-0.0721735
-0.0724368
-0.0726654
-0.0728651
-0.0730509
-0.073244
-0.0734657
-0.0737137
-0.0740165
-0.0743846
-0.0748117
-0.0752502
-0.0756656
-0.0760419
-0.0763836
-0.0766882
-0.0769719
-0.0772438
-0.0775281
-0.0778251
-0.0781377
-0.0784591
-0.0787965
-0.0791761
-0.0795967
-0.0800702
-0.0805839
-0.0811169
-0.0816788
-0.0822579
-0.0828227
-0.0833561
-0.0838479
-0.0842986
-0.0847289
-0.0864845
-0.0868405
-0.0871706
-0.0874928
-0.0878108
-0.0881679
-0.0885868
-0.0890353
-0.0895213
-0.0900286
-0.0905349
-0.0910129
-0.0914387
-0.0918388
-0.0922119
-0.0924911
-0.0928048
-0.0930992
-0.0933775
-0.0936421
-0.0939041
-0.0941866
-0.0945042
-0.0948434
-0.0952065
-0.0955793
-0.0959305
-0.0962595
-0.096544
-0.0968071
-0.0970678
-0.0973298
-0.0976081
-0.0978749
-0.0981487
-0.0984372
-0.0987455
-0.099091
-0.0994843
-0.0999109
-0.10034
-0.100751
-0.101117
-0.101462
-0.103539
-0.103811
-0.104092
-0.104376
-0.104635
-0.104877
-0.105102
-0.105324
-0.105564
-0.105845
-0.106169
-0.106532
-0.106927
-0.107356
-0.107785
-0.108187
-0.108555
-0.108906
-0.109232
-0.109519
-0.109788
-0.110054
-0.110348
-0.110676
-0.111521
-0.111929
-0.112354
-0.112826
-0.113323
-0.113822
-0.114257
-0.114613
-0.11491
-0.115168
-0.115422
-0.115668
-0.115909
-0.116172
-0.116438
-0.116697
-0.11697
-0.117261
-0.117575
-0.11789
-0.118182
-0.118465
-0.118692
-0.118832
-0.118883
-0.118877
-0.11884
-0.118786
-0.118733
-0.11868
-0.118621
-0.118564
-0.118503
-0.11848
-0.118496
-0.118539
-0.118575
-0.118612
-0.118663
-0.118722
-0.118772
-0.118824
-0.11885
-0.118856
-0.118852
-0.118855
-0.118859
-0.118881
-0.117572
-0.117682
-0.117855
-0.118087
-0.11834
-0.118603
-0.118858
-0.11909
-0.119287
-0.119432
-0.119555
-0.119672
-0.119791
-0.119886
-0.119967
-0.120056
-0.12017
-0.120323
-0.120519
-0.120768
-0.121059
-0.121361
-0.121634
-0.121861
-0.122056
-0.122234
-0.122403
-0.12255
-0.12268
-0.122792
-0.122911
-0.123062
-0.123239
-0.123421
-0.12359
-0.123736
-0.123858
-0.123931
-0.123952
-0.123917
-0.123823
-0.123701
-0.123562
-0.123423
-0.123278
-0.123123
-0.125102
-0.124903
-0.124702
-0.12453
-0.124387
-0.12427
-0.124189
-0.124123
-0.124085
-0.124051
-0.124004
-0.123936
-0.123852
-0.123787
-0.123736
-0.123687
-0.123624
-0.123574
-0.123559
-0.123567
-0.123589
-0.123618
-0.123627
-0.123639
-0.123642
-0.123627
-0.123612
-0.123579
-0.123543
-0.12352
-0.123487
-0.123447
-0.123393
-0.122849
-0.122843
-0.122855
-0.122901
-0.122951
-0.12297
-0.122943
-0.12288
-0.122803
-0.12275
-0.122713
-0.122703
-0.122722
-0.122775
-0.122864
-0.122987
-0.123142
-0.123313
-0.123506
-0.123708
-0.123898
-0.124104
-0.124331
-0.124551
-0.12476
-0.124965
-0.125149
-0.125318
-0.125497
-0.125679
-0.125844
-0.126004
-0.126163
-0.126326
-0.126497
-0.126656
-0.126802
-0.126899
-0.126943
-0.126921
-0.126827
-0.126689
-0.126509
-0.126308
-0.126107
-0.125901
-0.125716
-0.125548
-0.125396
-0.125241
-0.125077
-0.124934
-0.124823
-0.124738
-0.12469
-0.124681
-0.124692
-0.12469
-0.124697
-0.12469
-0.1247
-0.124736
-0.124777
-0.124847
-0.124946
-0.125068
-0.125239
-0.125462
-0.125737
-0.126044
-0.12637
-0.126712
-0.127077
-0.127464
-0.127884
-0.128325
-0.128789
-0.129261
-0.129717
-0.130165
-0.130579
-0.13097
-0.131356
-0.131747
-0.132148
-0.132555
-0.132742
-0.133074
-0.133365
-0.133629
-0.133881
-0.13411
-0.134327
-0.134531
-0.134719
-0.134891
-0.135038
-0.135135
-0.133762
-0.133839
-0.133864
-0.135561
-0.135424
-0.135189
-0.134891
-0.134562
-0.134223
-0.133886
-0.133531
-0.133195
-0.132878
-0.132585
-0.132338
-0.132153
-0.131753
-0.131681
-0.131643
-0.131644
-0.131676
-0.13174
0
0
0
0
0
