-0.801916933	
-0.791267306	
-0.787007455	
-0.693290735	
-0.74227902	
-0.814696486	
-0.8828541	
-0.818956337	
-0.831735889	
-0.853035144	
-0.729499468	
-0.735889244	
-0.902023429	
-0.795527157	
-0.821086262	
-0.825346113	
-0.850905218	
-0.810436635	
-0.895633653	
-0.876464324	
-0.801916933	
-0.755058573	
-0.810436635	
-0.867944622	
-0.52715655	
-0.693290735	
-0.599574015	
-0.493077742	
-0.691160809	
-0.450479233	
-0.597444089	
-0.610223642	
-0.714589989	
-0.546325879	
-0.369542066	
-0.6485623	
-0.593184239	
-0.550585729	
-0.414270501	
-0.605963791	
-0.580404686	
-0.746538871	
-0.799787007	
-0.844515442	
-0.829605964	
-0.7657082	
-0.833865815	
-0.808306709	
-0.714589989	
-0.833865815	
-0.776357827	
-0.850905218	
-0.793397231	
-0.816826411	
-0.78913738	
-0.767838126	
-0.750798722	
-0.701810437	
-0.727369542	
-0.825346113	
-0.776357827	
-0.784877529	
-0.778487753	
-0.825346113	
-0.787007455	
-0.857294995	
-0.682641108	
-0.635782748	
-0.691160809	
-0.646432375	
-0.650692226	
-0.667731629	
-0.667731629	
-0.623003195	
-0.533546326	
-0.67199148	
-0.761448349	
-0.616613419	
-0.580404686	
-0.608093717	
-0.678381257	
-0.378061768	
-0.588924388	
-0.627263046	
-0.5314164	
-0.548455804	
-0.550585729	
-0.559105431	
-0.361022364	
-0.605963791	
-0.814696486	
-0.772097977	
-0.857294995	
-0.831735889	
-0.787007455	
-0.829605964	
-0.833865815	
-0.838125666	
-0.865814696	
-0.816826411	
-0.750798722	
-0.831735889	
-0.69542066	
-0.750798722	
-0.772097977	
-0.816826411	
-0.716719915	
-0.746538871	
-0.499467519	
-0.576144835	
-0.407880724	
-0.552715655	
-0.584664537	
-0.593184239	
-0.627263046	
-0.610223642	
-0.580404686	
-0.676251331	
-0.755058573	
-0.652822151	
-0.667731629	
-0.595314164	
-0.582534611	
-0.714589989	
-0.661341853	
-0.520766773	
-0.640042599	
-0.657082002	
-0.686900958	
-0.5314164	
-0.71884984	
-0.516506922	
-0.678381257	
-0.565495208	
-0.816826411	
-0.810436635	
-0.720979766	
-0.650692226	
-0.710330138	
-0.735889244	
-0.618743344	
-0.663471778	
-0.759318424	
-1	
-0.701810437	
-0.776357827	
-0.650692226	
-0.71884984	
-0.823216187	
-0.806176784	
-0.761448349	
-0.689030884	
-0.546325879	
-0.787007455	
-0.740149095	
-0.748668797	
-0.870074547	
-0.872204473	
-0.763578275	
-0.799787007	
-0.797657082	
-0.833865815	
-0.757188498	
-0.669861555	
-0.703940362	
-0.720979766	
-0.495207668	
-0.478168264	
-0.427050053	
-0.314164004	
-0.663471778	
-0.373801917	
-0.348242812	
-0.597444089	
-0.294994675	
-0.62513312	
-0.593184239	
-0.431309904	
-0.273695421	
-0.448349308	
-0.239616613	
-0.522896699	
-0.610223642	
-0.375931842	
-0.437699681	
-0.228966986	
-0.346112886	
-0.392971246	
-0.642172524	
-0.514376997	
-0.6485623	
-0.772097977	
-0.738019169	
-0.71884984	
-0.7657082	
-0.559105431	
-0.674121406	
-0.620873269	
-0.678381257	
-0.708200213	
-0.686900958	
-0.603833866	
-0.725239617	
-0.838125666	
-0.733759318	
-0.808306709	
-0.827476038	
-0.623003195	
-0.441959531	
-0.731629393	
-0.663471778	
-0.757188498	
-0.392971246	
-0.335463259	
-0.452609159	
-0.341853035	
-0.597444089	
-0.546325879	
-0.563365282	
-0.45686901	
-0.307774228	
-0.337593184	
-0.356762513	
-0.595314164	
-0.454739084	
-0.823216187	
-0.431309904	
-0.397231097	
-0.499467519	
-0.774227902	
-0.582534611	
-0.667731629	
-0.872204473	
-0.808306709	
-0.727369542	
-0.763578275	
-0.833865815	
-0.855165069	
-0.855165069	
-0.90628328	
-0.867944622	
-0.650692226	
-0.752928647	
-0.778487753	
-0.697550586	
-0.872204473	
-0.226837061	
-0.331203408	
-0.5314164	
-0.431309904	
-0.407880724	
-0.512247071	
-0.437699681	
-0.599574015	
-0.50372737	
-0.548455804	
-0.599574015	
-0.556975506	
-0.537806177	
-0.569755059	
-0.486687966	
-0.446219382	
-0.559105431	
-0.446219382	
-0.248136315	
-0.224707135	
-0.582534611	
-0.329073482	
-0.416400426	
-0.473908413	
-0.356762513	
-0.562300319	
-0.512247071	
-0.450479233	
-0.522896699	
-0.493077742	
-0.567625133	
-0.605963791	
-0.326943557	
-0.405750799	
-0.439829606	
-0.678381257	
-0.605963791	
-0.288604899	
-0.657082002	
-0.380191693	
-0.563365282	
-0.563365282	
-0.574014909	
-0.488817891	
-0.640042599	
-0.539936102	
-0.5314164	
-0.431309904	
-0.533546326	
-0.663471778	
-0.510117146	
-0.512247071	
-0.390841321	
-0.427050053	
-0.52715655	
-0.599574015	
-0.288604899	
-0.371671991	
-0.5314164	
-0.610223642	
-0.384451544	
-0.361022364	
-0.41001065	
-0.441959531	
-0.267305644	
-0.405750799	
-0.505857295	
-0.444089457	
-0.197018104	
-0.401490948	
-0.301384452	
-0.450479233	
-0.597444089	
-0.542066028	
-0.312034079	
-0.141640043	
-0.418530351	
-0.41001065	
-0.382321619	
-0.561235357	
-0.488817891	
-0.550585729	
-0.469648562	
-0.375931842	
-0.324813632	
-0.552715655	
-0.623003195	
-0.36315229	
-0.478168264	
-0.422790202	
-0.618743344	
-0.429179979	
-0.241746539	
-0.239616613	
-0.145899894	
-0.38658147	
-0.284345048	
-0.286474973	
-0.235356763	
-0.510117146	
-0.620873269	
-0.113951012	
-0.420660277	
-0.514376997	
-0.371671991	
-0.463258786	
-0.654952077	
-0.329073482	
-0.329073482	
-0.505857295	
-0.412140575	
-0.550585729	
-0.395101171	
-0.412140575	
-0.350372737	
0.567625133	
0.337593184	
0.19914803	
0.708200213	
0.399361022	
0.465388711	
0.62513312	
0.36315229	
0.214057508	
-0.520766773	
0.205537806	
-0.03514377	
-0.043663472	
-0.037273695	
-0.207667732	
0.233226837	
-0.446219382	
-0.29286475	
-0.584664537	
-0.595314164	
0.299254526	
0.103301384	
0.288604899	
0.088391906	
0.007454739	
0.618743344	
0.416400426	
0.458998935	
0.43343983	
0.267305644	
-0.007454739	
0.028753994	
0.499467519	
0.214057508	
0.250266241	
0.207667732	
-0.211927583	
0.107561235	
0.275825346	
0.444089457	
0.039403621	
-0.005324814	
-0.209797657	
0.037273695	
0.079872204	
0.348242812	
0.162939297	
-0.141640043	
-0.101171459	
0.069222577	
-0.218317359	
-0.113951012	
0.173588924	
-0.118210863	
-0.29286475	
-0.486687966	
-0.476038339	
-0.463258786	
-0.469648562	
-0.561235357	
-0.565495208	
-0.48029819	
-0.103301384	
0.08200213	
0.846645367	
0.448349308	
0.552715655	
1	
0.446219382	
0.444089457	
0.143769968	
0.584664537	
0.420660277	
0.748668797	
0.574014909	
0.661341853	
0.33972311	
0.793397231	
0.224707135	
0.235356763	
0.650692226	
0.439829606	
0.74227902	
-0.064962726	
-0.499467519	
-0.267305644	
-0.710330138	
-0.401490948	
0.041533546	
0.094781683	
-0.092651757	
0.08200213	
0.384451544	
0.435569755	
0.322683706	
0.974440895	
-0.235356763	
-0.10543131	
0.254526092	
-0.148029819	
0.375931842	
0.039403621	
0.079872204	
0.103301384	
0.22257721	
-0.045793397	
-0.005324814	
0.201277955	
-0.007454739	
-0.224707135	
0.307774228	
0.120340788	
-0.171458999	
-0.084132055	
-0.407880724	
0.216187433	
0.303514377	
0.982960596	
0.701810437	
0.867944622	
1.296059638	
0.030883919	
0.320553781	
0.033013845	
0.816826411	
0.33972311	
0.139510117	
0.309904153	
-0.028753994	
-0.075612354	
0.003194888	
-0.288604899	
-0.427050053	
-0.571884984	
-0.333333333	
-0.448349308	
-0.007454739	
-0.033013845	
-0.801916933	
-0.791267306	
-0.787007455	
-0.693290735	
-0.74227902	
-0.814696486	
-0.8828541	
-0.818956337	
-0.831735889	
-0.853035144	
-0.729499468	
-0.735889244	
-0.902023429	
-0.795527157	
-0.821086262	
-0.825346113	
-0.850905218	
-0.810436635	
-0.895633653	
-0.876464324	
-0.801916933	
-0.755058573	
-0.810436635	
-0.867944622	
-0.52715655	
-0.693290735	
-0.599574015	
-0.493077742	
-0.691160809	
-0.450479233	
-0.597444089	
-0.610223642	
-0.714589989	
-0.546325879	
-0.369542066	
-0.6485623	
-0.593184239	
-0.550585729	
-0.414270501	
-0.605963791	
-0.580404686	
-0.746538871	
-0.799787007	
-0.844515442	
-0.829605964	
-0.7657082	
-0.833865815	
-0.808306709	
-0.714589989	
-0.833865815	
-0.776357827	
-0.850905218	
-0.793397231	
-0.816826411	
-0.78913738	
-0.767838126	
-0.750798722	
-0.701810437	
-0.727369542	
-0.825346113	
-0.776357827	
-0.784877529	
-0.778487753	
-0.825346113	
-0.787007455	
-0.857294995	
-0.682641108	
-0.635782748	
-0.691160809	
-0.646432375	
-0.650692226	
-0.667731629	
-0.667731629	
-0.623003195	
-0.533546326	
-0.67199148	
-0.761448349	
-0.616613419	
-0.580404686	
-0.608093717	
-0.678381257	
-0.378061768	
-0.588924388	
-0.627263046	
-0.5314164	
-0.548455804	
-0.550585729	
-0.559105431	
-0.361022364	
-0.605963791	
-0.814696486	
-0.772097977	
-0.857294995	
-0.831735889	
-0.787007455	
-0.829605964	
-0.833865815	
-0.838125666	
-0.865814696	
-0.816826411	
-0.750798722	
-0.831735889	
-0.69542066	
-0.750798722	
-0.772097977	
-0.816826411	
-0.716719915	
-0.746538871	
-0.499467519	
-0.576144835	
-0.407880724	
-0.552715655	
-0.584664537	
-0.593184239	
-0.627263046	
-0.610223642	
-0.580404686	
-0.676251331	
-0.755058573	
-0.652822151	
-0.667731629	
-0.595314164	
-0.582534611	
-0.714589989	
-0.661341853	
-0.520766773	
-0.640042599	
-0.657082002	
-0.686900958	
-0.5314164	
-0.71884984	
-0.516506922	
-0.678381257	
-0.565495208	
-0.816826411	
-0.810436635	
-0.720979766	
-0.650692226	
-0.710330138	
-0.735889244	
-0.618743344	
-0.663471778	
-0.759318424	
-1	
-0.701810437	
-0.776357827	
-0.650692226	
-0.71884984	
-0.823216187	
-0.806176784	
-0.761448349	
-0.689030884	
-0.546325879	
-0.787007455	
-0.740149095	
-0.748668797	
-0.870074547	
-0.872204473	
-0.763578275	
-0.799787007	
-0.797657082	
-0.833865815	
-0.757188498	
-0.669861555	
-0.703940362	
-0.720979766	
-0.495207668	
-0.478168264	
-0.427050053	
-0.314164004	
-0.663471778	
-0.373801917	
-0.348242812	
-0.597444089	
-0.294994675	
-0.62513312	
-0.593184239	
-0.431309904	
-0.273695421	
-0.448349308	
-0.239616613	
-0.522896699	
-0.610223642	
-0.375931842	
-0.437699681	
-0.228966986	
-0.346112886	
-0.392971246	
-0.642172524	
-0.514376997	
-0.6485623	
-0.772097977	
-0.738019169	
-0.71884984	
-0.7657082	
-0.559105431	
-0.674121406	
-0.620873269	
-0.678381257	
-0.708200213	
-0.686900958	
-0.603833866	
-0.725239617	
-0.838125666	
-0.733759318	
-0.808306709	
-0.827476038	
-0.623003195	
-0.441959531	
-0.731629393	
-0.663471778	
-0.757188498	
-0.392971246	
-0.335463259	
-0.452609159	
-0.341853035	
-0.597444089	
-0.546325879	
-0.563365282	
-0.45686901	
-0.307774228	
-0.337593184	
-0.356762513	
-0.595314164	
-0.454739084	
-0.823216187	
-0.431309904	
-0.397231097	
-0.499467519	
-0.774227902	
-0.582534611	
-0.667731629	
-0.872204473	
-0.808306709	
-0.727369542	
-0.763578275	
-0.833865815	
-0.855165069	
-0.855165069	
-0.90628328	
-0.867944622	
-0.650692226	
-0.752928647	
-0.778487753	
-0.697550586	
-0.872204473	
-0.226837061	
-0.331203408	
-0.5314164	
-0.431309904	
-0.407880724	
-0.512247071	
-0.437699681	
-0.599574015	
-0.50372737	
-0.548455804	
-0.599574015	
-0.556975506	
-0.537806177	
-0.569755059	
-0.486687966	
-0.446219382	
-0.559105431	
-0.446219382	
-0.248136315	
-0.224707135	
-0.582534611	
-0.329073482	
-0.416400426	
-0.473908413	
-0.356762513	
-0.562300319	
-0.512247071	
-0.450479233	
-0.522896699	
-0.493077742	
-0.567625133	
-0.605963791	
-0.326943557	
-0.405750799	
-0.439829606	
-0.678381257	
-0.605963791	
-0.288604899	
-0.657082002	
-0.380191693	
-0.563365282	
-0.563365282	
-0.574014909	
-0.488817891	
-0.640042599	
-0.539936102	
-0.5314164	
-0.431309904	
-0.533546326	
-0.663471778	
-0.510117146	
-0.512247071	
-0.390841321	
-0.427050053	
-0.52715655	
-0.599574015	
-0.288604899	
-0.371671991	
-0.5314164	
-0.610223642	
-0.384451544	
-0.361022364	
-0.41001065	
-0.441959531	
-0.267305644	
-0.405750799	
-0.505857295	
-0.444089457	
-0.197018104	
-0.401490948	
-0.301384452	
-0.450479233	
-0.597444089	
-0.542066028	
-0.312034079	
-0.141640043	
-0.418530351	
-0.41001065	
-0.382321619	
-0.561235357	
-0.488817891	
-0.550585729	
-0.469648562	
-0.375931842	
-0.324813632	
-0.552715655	
-0.623003195	
-0.36315229	
-0.478168264	
-0.422790202	
-0.618743344	
-0.429179979	
-0.241746539	
-0.239616613	
-0.145899894	
-0.38658147	
-0.284345048	
-0.286474973	
-0.235356763	
-0.510117146	
-0.620873269	
-0.113951012	
-0.420660277	
-0.514376997	
-0.371671991	
-0.463258786	
-0.654952077	
-0.329073482	
-0.329073482	
-0.505857295	
-0.412140575	
-0.550585729	
-0.395101171	
-0.412140575	
-0.350372737	
0.567625133	
0.337593184	
0.19914803	
0.708200213	
0.399361022	
0.465388711	
0.62513312	
0.36315229	
0.214057508	
-0.520766773	
0.205537806	
-0.03514377	
-0.043663472	
-0.037273695	
-0.207667732	
0.233226837	
-0.446219382	
-0.29286475	
-0.584664537	
-0.595314164	
0.299254526	
0.103301384	
0.288604899	
0.088391906	
0.007454739	
0.618743344	
0.416400426	
0.458998935	
0.43343983	
0.267305644	
-0.007454739	
0.028753994	
0.499467519	
0.214057508	
0.250266241	
0.207667732	
-0.211927583	
0.107561235	
0.275825346	
0.444089457	
0.039403621	
-0.005324814	
-0.209797657	
0.037273695	
0.079872204	
0.348242812	
0.162939297	
-0.141640043	
-0.101171459	
0.069222577	
-0.218317359	
-0.113951012	
0.173588924	
-0.118210863	
-0.29286475	
-0.486687966	
-0.476038339	
-0.463258786	
-0.469648562	
-0.561235357	
-0.565495208	
-0.48029819	
-0.103301384	
0.08200213	
0.846645367	
0.448349308	
0.552715655	
1	
0.446219382	
0.444089457	
0.143769968	
0.584664537	
0.420660277	
0.748668797	
0.574014909	
0.661341853	
0.33972311	
0.793397231	
0.224707135	
0.235356763	
0.650692226	
0.439829606	
0.74227902	
-0.064962726	
-0.499467519	
-0.267305644	
-0.710330138	
-0.401490948	
0.041533546	
0.094781683	
-0.092651757	
0.08200213	
0.384451544	
0.435569755	
0.322683706	
0.974440895	
-0.235356763	
-0.10543131	
0.254526092	
-0.148029819	
0.375931842	
0.039403621	
0.079872204	
0.103301384	
0.22257721	
-0.045793397	
-0.005324814	
0.201277955	
-0.007454739	
-0.224707135	
0.307774228	
0.120340788	
-0.171458999	
-0.084132055	
-0.407880724	
0.216187433	
0.303514377	
0.982960596	
0.701810437	
0.867944622	
1.296059638	
0.030883919	
0.320553781	
0.033013845	
0.816826411	
0.33972311	
0.139510117	
0.309904153	
-0.028753994	
-0.075612354	
0.003194888	
-0.288604899	
-0.427050053	
-0.571884984	
-0.333333333	
-0.448349308	
-0.007454739	
-0.033013845	
-0.801916933	
-0.791267306	
-0.787007455	
-0.693290735	
-0.74227902	
-0.814696486	
-0.8828541	
-0.818956337	
-0.831735889	
-0.853035144	
-0.729499468	
-0.735889244	
-0.902023429	
-0.795527157	
-0.821086262	
-0.825346113	
-0.850905218	
-0.810436635	
-0.895633653	
-0.876464324	
-0.801916933	
-0.755058573	
-0.810436635	
-0.867944622	
-0.52715655	
-0.693290735	
-0.599574015	
-0.493077742	
-0.691160809	
-0.450479233	
-0.597444089	
-0.610223642	
-0.714589989	
-0.546325879	
-0.369542066	
-0.6485623	
-0.593184239	
-0.550585729	
-0.414270501	
-0.605963791	
-0.580404686	
-0.746538871	
-0.799787007	
-0.844515442	
-0.829605964	
-0.7657082	
-0.833865815	
-0.808306709	
-0.714589989	
-0.833865815	
-0.776357827	
-0.850905218	
-0.793397231	
-0.816826411	
-0.78913738	
-0.767838126	
-0.750798722	
-0.701810437	
-0.727369542	
-0.825346113	
-0.776357827	
-0.784877529	
-0.778487753	
-0.825346113	
-0.787007455	
-0.857294995	
-0.682641108	
-0.635782748	
-0.691160809	
-0.646432375	
-0.650692226	
-0.667731629	
-0.667731629	
-0.623003195	
-0.533546326	
-0.67199148	
-0.761448349	
-0.616613419	
-0.580404686	
-0.608093717	
-0.678381257	
-0.378061768	
-0.588924388	
-0.627263046	
-0.5314164	
-0.548455804	
-0.550585729	
-0.559105431	
-0.361022364	
-0.605963791	
-0.814696486	
-0.772097977	
-0.857294995	
-0.831735889	
-0.787007455	
-0.829605964	
-0.833865815	
-0.838125666	
-0.865814696	
-0.816826411	
-0.750798722	
-0.831735889	
-0.69542066	
-0.750798722	
-0.772097977	
-0.816826411	
-0.716719915	
-0.746538871	
-0.499467519	
-0.576144835	
-0.407880724	
-0.552715655	
-0.584664537	
-0.593184239	
-0.627263046	
-0.610223642	
-0.580404686	
-0.676251331	
-0.755058573	
-0.652822151	
-0.667731629	
-0.595314164	
-0.582534611	
-0.714589989	
-0.661341853	
-0.520766773	
-0.640042599	
-0.657082002	
-0.686900958	
-0.5314164	
-0.71884984	
-0.516506922	
-0.678381257	
-0.565495208	
-0.816826411	
-0.810436635	
-0.720979766	
-0.650692226	
-0.710330138	
-0.735889244	
-0.618743344	
-0.663471778	
-0.759318424	
-1	
-0.701810437	
-0.776357827	
-0.650692226	
-0.71884984	
-0.823216187	
-0.806176784	
-0.761448349	
-0.689030884	
-0.546325879	
-0.787007455	
-0.740149095	
-0.748668797	
-0.870074547	
-0.872204473	
-0.763578275	
-0.799787007	
-0.797657082	
-0.833865815	
-0.757188498	
-0.669861555	
-0.703940362	
-0.720979766	
-0.495207668	
-0.478168264	
-0.427050053	
-0.314164004	
-0.663471778	
-0.373801917	
-0.348242812	
-0.597444089	
-0.294994675	
-0.62513312	
-0.593184239	
-0.431309904	
-0.273695421	
-0.448349308	
-0.239616613	
-0.522896699	
-0.610223642	
-0.375931842	
-0.437699681	
-0.228966986	
-0.346112886	
-0.392971246	
-0.642172524	
-0.514376997	
-0.6485623	
-0.772097977	
-0.738019169	
-0.71884984	
-0.7657082	
-0.559105431	
-0.674121406	
-0.620873269	
-0.678381257	
-0.708200213	
-0.686900958	
-0.603833866	
-0.725239617	
-0.838125666	
-0.733759318	
-0.808306709	
-0.827476038	
-0.623003195	
-0.441959531	
-0.731629393	
-0.663471778	
-0.757188498	
-0.392971246	
-0.335463259	
-0.452609159	
-0.341853035	
-0.597444089	
-0.546325879	
-0.563365282	
-0.45686901	
-0.307774228	
-0.337593184	
-0.356762513	
-0.595314164	
-0.454739084	
-0.823216187	
-0.431309904	
-0.397231097	
-0.499467519	
-0.774227902	
-0.582534611	
-0.667731629	
-0.872204473	
-0.808306709	
-0.727369542	
-0.763578275	
-0.833865815	
-0.855165069	
-0.855165069	
-0.90628328	
-0.867944622	
-0.650692226	
-0.752928647	
-0.778487753	
-0.697550586	
-0.872204473	
-0.226837061	
-0.331203408	
-0.5314164	
-0.431309904	
-0.407880724	
-0.512247071	
-0.437699681	
-0.599574015	
-0.50372737	
-0.548455804	
-0.599574015	
-0.556975506	
-0.537806177	
-0.569755059	
-0.486687966	
-0.446219382	
-0.559105431	
-0.446219382	
-0.248136315	
-0.224707135	
-0.582534611	
-0.329073482	
-0.416400426	
-0.473908413	
-0.356762513	
-0.562300319	
-0.512247071	
-0.450479233	
-0.522896699	
-0.493077742	
-0.567625133	
-0.605963791	
-0.326943557	
-0.405750799	
-0.439829606	
-0.678381257	
-0.605963791	
-0.288604899	
-0.657082002	
-0.380191693	
-0.563365282	
-0.563365282	
-0.574014909	
-0.488817891	
-0.640042599	
-0.539936102	
-0.5314164	
-0.431309904	
-0.533546326	
-0.663471778	
-0.510117146	
-0.512247071	
-0.390841321	
-0.427050053	
-0.52715655	
-0.599574015	
-0.288604899	
-0.371671991	
-0.5314164	
-0.610223642	
-0.384451544	
-0.361022364	
-0.41001065	
-0.441959531	
-0.267305644	
-0.405750799	
-0.505857295	
-0.444089457	
-0.197018104	
-0.401490948	
-0.301384452	
-0.450479233	
-0.597444089	
-0.542066028	
-0.312034079	
-0.141640043	
-0.418530351	
-0.41001065	
-0.382321619	
-0.561235357	
-0.488817891	
-0.550585729	
-0.469648562	
-0.375931842	
-0.324813632	
-0.552715655	
-0.623003195	
-0.36315229	
-0.478168264	
-0.422790202	
-0.618743344	
-0.429179979	
-0.241746539	
-0.239616613	
-0.145899894	
-0.38658147	
-0.284345048	
-0.286474973	
-0.235356763	
-0.510117146	
-0.620873269	
-0.113951012	
-0.420660277	
-0.514376997	
-0.371671991	
-0.463258786	
-0.654952077	
-0.329073482	
-0.329073482	
-0.505857295	
-0.412140575	
-0.550585729	
-0.395101171	
-0.412140575	
-0.350372737	
0.567625133	
0.337593184	
0.19914803	
0.708200213	
0.399361022	
0.465388711	
0.62513312	
0.36315229	
0.214057508	
-0.520766773	
0.205537806	
-0.03514377	
-0.043663472	
-0.037273695	
-0.207667732	
0.233226837	
-0.446219382	
-0.29286475	
-0.584664537	
-0.595314164	
0.299254526	
0.103301384	
0.288604899	
0.088391906	
0.007454739	
0.618743344	
0.416400426	
0.458998935	
0.43343983	
0.267305644	
-0.007454739	
0.028753994	
0.499467519	
0.214057508	
0.250266241	
0.207667732	
-0.211927583	
0.107561235	
0.275825346	
0.444089457	
0.039403621	
-0.005324814	
-0.209797657	
0.037273695	
0.079872204	
0.348242812	
0.162939297	
-0.141640043	
-0.101171459	
0.069222577	
-0.218317359	
-0.113951012	
0.173588924	
-0.118210863	
-0.29286475	
-0.486687966	
-0.476038339	
-0.463258786	
-0.469648562	
-0.561235357	
-0.565495208	
-0.48029819	
-0.103301384	
0.08200213	
0.846645367	
0.448349308	
0.552715655	
1	
0.446219382	
0.444089457	
0.143769968	
0.584664537	
0.420660277	
0.748668797	
0.574014909	
0.661341853	
0.33972311	
0.793397231	
0.224707135	
0.235356763	
0.650692226	
0.439829606	
0.74227902	
-0.064962726	
-0.499467519	
-0.267305644	
-0.710330138	
-0.401490948	
0.041533546	
0.094781683	
-0.092651757	
0.08200213	
0.384451544	
0.435569755	
0.322683706	
0.974440895	
-0.235356763	
-0.10543131	
0.254526092	
-0.148029819	
0.375931842	
0.039403621	
0.079872204	
0.103301384	
0.22257721	
-0.045793397	
-0.005324814	
0.201277955	
-0.007454739	
-0.224707135	
0.307774228	
0.120340788	
-0.171458999	
-0.084132055	
-0.407880724	
0.216187433	
0.303514377	
0.982960596	
0.701810437	
0.867944622	
1.296059638	
0.030883919	
0.320553781	
0.033013845	
0.816826411	
0.33972311	
0.139510117	
0.309904153	
-0.028753994	
-0.075612354	
0.003194888	
-0.288604899	
-0.427050053	
-0.571884984	
-0.333333333	
-0.448349308	
-0.007454739	
-0.033013845	
-0.801916933	
-0.791267306	
-0.787007455	
-0.693290735	
-0.74227902	
-0.814696486	
-0.8828541	
-0.818956337	
-0.831735889	
-0.853035144	
-0.729499468	
-0.735889244	
-0.902023429	
-0.795527157	
-0.821086262	
-0.825346113	
-0.850905218	
-0.810436635	
-0.895633653	
-0.876464324	
-0.801916933	
-0.755058573	
-0.810436635	
-0.867944622	
-0.52715655	
-0.693290735	
-0.599574015	
-0.493077742	
-0.691160809	
-0.450479233	
-0.597444089	
-0.610223642	
-0.714589989	
-0.546325879	
-0.369542066	
-0.6485623	
-0.593184239	
-0.550585729	
-0.414270501	
-0.605963791	
-0.580404686	
-0.746538871	
-0.799787007	
-0.844515442	
-0.829605964	
-0.7657082	
-0.833865815	
-0.808306709	
-0.714589989	
-0.833865815	
-0.776357827	
-0.850905218	
-0.793397231	
-0.816826411	
-0.78913738	
-0.767838126	
-0.750798722	
-0.701810437	
-0.727369542	
-0.825346113	
-0.776357827	
-0.784877529	
-0.778487753	
-0.825346113	
-0.787007455	
-0.857294995	
-0.682641108	
-0.635782748	
-0.691160809	
-0.646432375	
-0.650692226	
-0.667731629	
-0.667731629	
-0.623003195	
-0.533546326	
-0.67199148	
-0.761448349	
-0.616613419	
-0.580404686	
-0.608093717	
-0.678381257	
-0.378061768	
-0.588924388	
-0.627263046	
-0.5314164	
-0.548455804	
-0.550585729	
-0.559105431	
-0.361022364	
-0.605963791	
-0.814696486	
-0.772097977	
-0.857294995	
-0.831735889	
-0.787007455	
-0.829605964	
-0.833865815	
-0.838125666	
-0.865814696	
-0.816826411	
-0.750798722	
-0.831735889	
-0.69542066	
-0.750798722	
-0.772097977	
-0.816826411	
-0.716719915	
-0.746538871	
-0.499467519	
-0.576144835	
-0.407880724	
-0.552715655	
-0.584664537	
-0.593184239	
-0.627263046	
-0.610223642	
-0.580404686	
-0.676251331	
-0.755058573	
-0.652822151	
-0.667731629	
-0.595314164	
-0.582534611	
-0.714589989	
-0.661341853	
-0.520766773	
-0.640042599	
-0.657082002	
-0.686900958	
-0.5314164	
-0.71884984	
-0.516506922	
-0.678381257	
-0.565495208	
-0.816826411	
-0.810436635	
-0.720979766	
-0.650692226	
-0.710330138	
-0.735889244	
-0.618743344	
-0.663471778	
-0.759318424	
-1	
-0.701810437	
-0.776357827	
-0.650692226	
-0.71884984	
-0.823216187	
-0.806176784	
-0.761448349	
-0.689030884	
-0.546325879	
-0.787007455	
-0.740149095	
-0.748668797	
-0.870074547	
-0.872204473	
-0.763578275	
-0.799787007	
-0.797657082	
-0.833865815	
-0.757188498	
-0.669861555	
-0.703940362	
-0.720979766	
-0.495207668	
-0.478168264	
-0.427050053	
-0.314164004	
-0.663471778	
-0.373801917	
-0.348242812	
-0.597444089	
-0.294994675	
-0.62513312	
-0.593184239	
-0.431309904	
-0.273695421	
-0.448349308	
-0.239616613	
-0.522896699	
-0.610223642	
-0.375931842	
-0.437699681	
-0.228966986	
-0.346112886	
-0.392971246	
-0.642172524	
-0.514376997	
-0.6485623	
-0.772097977	
-0.738019169	
-0.71884984	
-0.7657082	
-0.559105431	
-0.674121406	
-0.620873269	
-0.678381257	
-0.708200213	
-0.686900958	
-0.603833866	
-0.725239617	
-0.838125666	
-0.733759318	
-0.808306709	
-0.827476038	
-0.623003195	
-0.441959531	
-0.731629393	
-0.663471778	
-0.757188498	
-0.392971246	
-0.335463259	
-0.452609159	
-0.341853035	
-0.597444089	
-0.546325879	
-0.563365282	
-0.45686901	
-0.307774228	
-0.337593184	
-0.356762513	
-0.595314164	
-0.454739084	
-0.823216187	
-0.431309904	
-0.397231097	
-0.499467519	
-0.774227902	
-0.582534611	
-0.667731629	
-0.872204473	
-0.808306709	
-0.727369542	
-0.763578275	
-0.833865815	
-0.855165069	
-0.855165069	
-0.90628328	
-0.867944622	
-0.650692226	
-0.752928647	
-0.778487753	
-0.697550586	
-0.872204473	
-0.226837061	
-0.331203408	
-0.5314164	
-0.431309904	
-0.407880724	
-0.512247071	
-0.437699681	
-0.599574015	
-0.50372737	
-0.548455804	
-0.599574015	
-0.556975506	
-0.537806177	
-0.569755059	
-0.486687966	
-0.446219382	
-0.559105431	
-0.446219382	
-0.248136315	
-0.224707135	
-0.582534611	
-0.329073482	
-0.416400426	
-0.473908413	
-0.356762513	
-0.562300319	
-0.512247071	
-0.450479233	
-0.522896699	
-0.493077742	
-0.567625133	
-0.605963791	
-0.326943557	
-0.405750799	
-0.439829606	
-0.678381257	
-0.605963791	
-0.288604899	
-0.657082002	
-0.380191693	
-0.563365282	
-0.563365282	
-0.574014909	
-0.488817891	
-0.640042599	
-0.539936102	
-0.5314164	
-0.431309904	
-0.533546326	
-0.663471778	
-0.510117146	
-0.512247071	
-0.390841321	
-0.427050053	
-0.52715655	
-0.599574015	
-0.288604899	
-0.371671991	
-0.5314164	
-0.610223642	
-0.384451544	
-0.361022364	
-0.41001065	
-0.441959531	
-0.267305644	
-0.405750799	
-0.505857295	
-0.444089457	
-0.197018104	
-0.401490948	
-0.301384452	
-0.450479233	
-0.597444089	
-0.542066028	
-0.312034079	
-0.141640043	
-0.418530351	
-0.41001065	
-0.382321619	
-0.561235357	
-0.488817891	
-0.550585729	
-0.469648562	
-0.375931842	
-0.324813632	
-0.552715655	
-0.623003195	
-0.36315229	
-0.478168264	
-0.422790202	
-0.618743344	
-0.429179979	
-0.241746539	
-0.239616613	
-0.145899894	
-0.38658147	
-0.284345048	
-0.286474973	
-0.235356763	
-0.510117146	
-0.620873269	
-0.113951012	
-0.420660277	
-0.514376997	
-0.371671991	
-0.463258786	
-0.654952077	
-0.329073482	
-0.329073482	
-0.505857295	
-0.412140575	
-0.550585729	
-0.395101171	
-0.412140575	
-0.350372737	
0.567625133	
0.337593184	
0.19914803	
0.708200213	
0.399361022	
0.465388711	
0.62513312	
0.36315229	
0.214057508	
-0.520766773	
0.205537806	
-0.03514377	
-0.043663472	
-0.037273695	
-0.207667732	
0.233226837	
-0.446219382	
-0.29286475	
-0.584664537	
-0.595314164	
0.299254526	
0.103301384	
0.288604899	
0.088391906	
0.007454739	
0.618743344	
0.416400426	
0.458998935	
0.43343983	
0.267305644	
-0.007454739	
0.028753994	
0.499467519	
0.214057508	
0.250266241	
0.207667732	
-0.211927583	
0.107561235	
0.275825346	
0.444089457	
0.039403621	
-0.005324814	
-0.209797657	
0.037273695	
0.079872204	
0.348242812	
0.162939297	
-0.141640043	
-0.101171459	
0.069222577	
-0.218317359	
-0.113951012	
0.173588924	
-0.118210863	
-0.29286475	
-0.486687966	
-0.476038339	
-0.463258786	
-0.469648562	
-0.561235357	
-0.565495208	
-0.48029819	
-0.103301384	
0.08200213	
0.846645367	
0.448349308	
0.552715655	
1	
0.446219382	
0.444089457	
0.143769968	
0.584664537	
0.420660277	
0.748668797	
0.574014909	
0.661341853	
0.33972311	
0.793397231	
0.224707135	
0.235356763	
0.650692226	
0.439829606	
0.74227902	
-0.064962726	
-0.499467519	
-0.267305644	
-0.710330138	
-0.401490948	
0.041533546	
0.094781683	
-0.092651757	
0.08200213	
0.384451544	
0.435569755	
0.322683706	
0.974440895	
-0.235356763	
-0.10543131	
0.254526092	
-0.148029819	
0.375931842	
0.039403621	
0.079872204	
0.103301384	
0.22257721	
-0.045793397	
-0.005324814	
0.201277955	
-0.007454739	
-0.224707135	
0.307774228	
0.120340788	
-0.171458999	
-0.084132055	
-0.407880724	
0.216187433	
0.303514377	
0.982960596	
0.701810437	
0.867944622	
1.296059638	
0.030883919	
0.320553781	
0.033013845	
0.816826411	
0.33972311	
0.139510117	
0.309904153	
-0.028753994	
-0.075612354	
0.003194888	
-0.288604899	
-0.427050053	
-0.571884984	
-0.333333333	
-0.448349308	
-0.007454739	
-0.033013845	
-0.801916933	
-0.791267306	
-0.787007455	
-0.693290735