0.0
0.0
0.0
0.540814
0.553983
0.55427
0.55427
0.554592
0.554592
0.554908
0.58046
0.580898
0.59884
0.90672
0.917617
0.932257
0.932257
0.932257
0.932962
0.932962
0.953087
0.984407
0.984407
1.63166
1.63166
1.63166
1.65139
1.65139
1.65694
1.65694
1.67342
1.67342
1.67342
2.05808
2.05808
2.06165
2.10246
2.11137
2.11392
2.12432
2.12658
2.13488
2.14741
2.38179
2.40476
2.40476
2.40476
2.40476
2.40476
2.40476
2.40476
2.40476
2.40476
2.40476
2.40476
2.40476
2.40482
2.40482
2.40916
2.40916
2.43021
2.43577
2.43825
2.45805
2.45805
2.45805
2.45805
2.45805
2.45805
2.45805
2.45805
2.45986
2.48417
2.48958
2.49008
2.49008
2.49008
2.53123
2.53123
2.53123
2.53123
2.53123
2.57457
2.77162
2.77162
2.77162
2.77162
2.77162
2.77162
2.77162
2.77162
2.77162
2.77162
2.77988
2.77988
2.77988
2.77988
2.77988
2.77988
2.77988
2.77988
2.77988
2.77988
2.77988
2.77988
2.77988
2.77988
2.77988
2.77988
2.77988
2.77988
2.77988
2.77988
3.13272
3.14002
3.14002
3.1498
3.16317
3.17007
3.17007
3.17364
3.17364
3.18617
3.3295
3.3295
3.3295
3.3295
3.3295
3.3295
3.3295
3.3295
3.3295
3.3295
3.3295
3.3295
3.3295
3.3295
3.3295
3.3295
3.3295
3.3295
3.3295
3.3295
3.3295
3.3295
3.3295
3.3295
3.3295
3.3295
3.3295
3.3295
3.3295
3.3295
3.3295
3.3295
3.3295
3.3295
3.3295
3.3295
3.3295
3.3295
3.3295
3.3295
3.3295
3.3295
3.3295
3.3295
3.3295
3.3295
3.3295
3.3295
3.3295
3.3295
3.3295
3.3295
3.3295
3.3295
3.3295
3.3295
3.3295
3.3295
3.3295
3.3295
3.3295
3.3295
3.3295
3.3295
3.3295
3.3295
3.3295
3.3295
3.3295
3.3295
3.3295
3.3295
3.3295
3.3295
3.3295
3.3295
3.3295
3.3295
3.3295
3.3295
3.3295
3.3295
3.3295
3.3295
3.3295
3.3295
3.3295
3.3295
3.3295
3.3295
3.3295
3.3295
3.3295
3.3295
3.3295
3.3295
3.3295
3.3295
3.3295
3.3295
3.3295
3.3295
3.3295
3.3295
3.3295
3.3295
3.3295
3.3295
3.3295
3.3295
3.3295
3.3295
3.3295
3.3295
3.3295
3.3295
3.3295
3.3295
3.3295
3.3295
3.3295
3.3295
3.3295
3.3295
3.3295
3.3295
3.3295
3.3295
3.3295
3.3295
3.3295
3.3295
3.3295
3.3295
3.3295
3.3295
3.3295
3.3295
3.3295
3.3295
3.3295
3.3295
3.3295
3.3295
3.3295
3.3295
3.3295
3.3295
3.3295
3.3295
3.3295
3.3295
3.3295
3.3295
3.3295
