0.00196555 0.0536657 -0.0629411 0
0.00383177 0.104647 -0.122735 0
0.00560386 0.153079 -0.179538 0
0.00728679 0.199088 -0.2335 0
0.00888511 0.242796 -0.284763 0
0.0104033 0.284319 -0.333463 0
0.0118456 0.323765 -0.379726 0
0.0132161 0.36124 -0.423676 0
0.0145185 0.396841 -0.465427 0
0.0157566 0.430664 -0.505091 0
0.0169333 0.462795 -0.542774 0
0.0180514 0.493321 -0.578575 0
0.0191098 0.522316 -0.612567 0
0.0201072 0.549853 -0.644833 0
0.0210437 0.576003 -0.675469 0
0.0219255 0.600838 -0.704578 0
0.0227677 0.624435 -0.732243 0
0.0235872 0.646872 -0.758547 0
0.0243915 0.668213 -0.783598 0
0.0251729 0.688503 -0.807456 0
0.0259269 0.707791 -0.830141 0
0.0266509 0.726122 -0.851677 0
0.0273439 0.743541 -0.872093 0
0.0280071 0.760095 -0.891434 0
0.028643 0.775826 -0.909751 0
0.0292551 0.79078 -0.927094 0
0.0298462 0.804994 -0.94351 0
0.0304176 0.818508 -0.959037 0
0.0309701 0.831355 -0.973707 0
0.0315041 0.843568 -0.987554 0
0.0320198 0.855178 -1.00061 0
0.0325179 0.866215 -1.01291 0
0.032999 0.876708 -1.02448 0
0.0334642 0.886682 -1.03536 0
0.0339145 0.896166 -1.04559 0
0.0343511 0.905182 -1.05519 0
0.0347747 0.913755 -1.06419 0
0.035186 0.921907 -1.07263 0
0.0355857 0.929658 -1.08053 0
0.0359742 0.937029 -1.08791 0
0.0363521 0.944038 -1.09481 0
0.0367198 0.950703 -1.10125 0
0.0370779 0.957041 -1.10725 0
0.0374268 0.963069 -1.11283 0
0.0377672 0.968801 -1.11802 0
0.0380995 0.974254 -1.12283 0
0.0384243 0.97944 -1.12729 0
0.0387419 0.984372 -1.13141 0
0.0390527 0.989064 -1.13521 0
0.0393571 0.993527 -1.13871 0
0.0396553 0.997773 -1.14193 0
0.0399476 1.00181 -1.14487 0
0.0402344 1.00565 -1.14755 0
0.040516 1.00931 -1.14998 0
0.0407929 1.01279 -1.15219 0
0.0410653 1.0161 -1.15417 0
0.0413333 1.01925 -1.15595 0
0.0415972 1.02225 -1.15753 0
0.0418573 1.0251 -1.15892 0
0.0421137 1.02781 -1.16014 0
0.0423667 1.03039 -1.16118 0
0.0426163 1.03285 -1.16207 0
0.0428628 1.03519 -1.1628 0
0.0431066 1.03742 -1.16339 0
0.0433476 1.03954 -1.16385 0
0.0435862 1.04156 -1.16417 0
0.0438223 1.04348 -1.16438 0
0.0440562 1.04531 -1.16446 0
0.044288 1.04705 -1.16444 0
0.0445178 1.04871 -1.16431 0
0.0447457 1.05029 -1.16408 0
0.0449719 1.05179 -1.16376 0
0.0451964 1.05323 -1.16335 0
0.0454194 1.05459 -1.16285 0
0.0456409 1.05589 -1.16228 0
0.0458611 1.05713 -1.16162 0
0.0460802 1.05831 -1.1609 0
0.0462981 1.05943 -1.16011 0
0.046515 1.0605 -1.15925 0
0.046731 1.06152 -1.15833 0
0.046946 1.06249 -1.15735 0
0.0471602 1.06341 -1.15631 0
0.0473736 1.06429 -1.15522 0
0.0475863 1.06513 -1.15408 0
0.0477983 1.06593 -1.1529 0
0.0480098 1.06669 -1.15166 0
0.0482209 1.06742 -1.15039 0
0.0484315 1.06811 -1.14907 0
0.0486417 1.06877 -1.14771 0
0.0488515 1.0694 -1.14632 0
0.0490609 1.06999 -1.14489 0
0.04927 1.07056 -1.14343 0
0.0494789 1.07111 -1.14194 0
0.0496877 1.07162 -1.14041 0
0.0498963 1.07212 -1.13886 0
0.0501049 1.07259 -1.13727 0
0.0503134 1.07303 -1.13567 0
0.0505218 1.07346 -1.13403 0
0.0507302 1.07386 -1.13238 0
0.0509386 1.07425 -1.1307 0
0.0511471 1.07462 -1.129 0
0.0513556 1.07497 -1.12727 0
0.0515642 1.0753 -1.12553 0
0.0517729 1.07561 -1.12377 0
0.0519817 1.07592 -1.12199 0
0.0521905 1.0762 -1.12019 0
0.0523995 1.07647 -1.11838 0
0.0526086 1.07673 -1.11655 0
0.0528179 1.07698 -1.11471 0
0.0530273 1.07721 -1.11285 0
0.0532368 1.07743 -1.11098 0
0.0534466 1.07764 -1.10909 0
0.0536567 1.07784 -1.1072 0
0.0538669 1.07803 -1.10529 0
0.0540774 1.07821 -1.10337 0
0.0542882 1.07838 -1.10143 0
0.0544993 1.07853 -1.09949 0
0.0547107 1.07868 -1.09753 0
0.0549224 1.07883 -1.09557 0
0.0551343 1.07896 -1.0936 0
0.0553466 1.07909 -1.09161 0
0.0555591 1.0792 -1.08962 0
0.0557718 1.07931 -1.08762 0
0.0559849 1.07942 -1.08561 0
0.0561984 1.07951 -1.08359 0
0.0564122 1.0796 -1.08157 0
0.0566264 1.07969 -1.07953 0
0.0568409 1.07977 -1.07749 0
0.0570557 1.07984 -1.07545 0
0.0572709 1.0799 -1.07339 0
0.0574866 1.07996 -1.07133 0
0.0577026 1.08002 -1.06927 0
0.057919 1.08007 -1.06719 0
0.0581357 1.08011 -1.06511 0
0.0583529 1.08015 -1.06303 0
0.0585705 1.08019 -1.06094 0
0.0587885 1.08022 -1.05884 0
0.0590069 1.08024 -1.05674 0
0.0592257 1.08027 -1.05463 0
0.059445 1.08028 -1.05251 0
0.0596646 1.0803 -1.0504 0
0.0598847 1.08031 -1.04827 0
0.0601052 1.08031 -1.04614 0
0.060326 1.08031 -1.04401 0
0.0605474 1.08031 -1.04187 0
0.0607692 1.0803 -1.03973 0
0.0609913 1.08029 -1.03758 0
0.0612139 1.08028 -1.03543 0
0.0614369 1.08026 -1.03327 0
0.0616603 1.08024 -1.03111 0
0.0618841 1.08022 -1.02894 0
0.0621083 1.0802 -1.02677 0
0.0623331 1.08017 -1.0246 0
0.0625582 1.08013 -1.02242 0
0.0627838 1.0801 -1.02023 0
0.0630098 1.08006 -1.01805 0
0.0632362 1.08002 -1.01585 0
0.0634631 1.07997 -1.01366 0
0.0636903 1.07992 -1.01146 0
0.0639179 1.07987 -1.00925 0
0.0641461 1.07982 -1.00704 0
0.0643747 1.07976 -1.00483 0
0.0646037 1.0797 -1.00262 0
0.064833 1.07964 -1.00039 0
0.0650627 1.07958 -0.99817 0
0.0652927 1.07951 -0.995942 0
0.0655233 1.07944 -0.993709 0
0.0657542 1.07937 -0.991473 0
0.0659855 1.07929 -0.989232 0
0.0662172 1.07922 -0.986988 0
0.0664493 1.07914 -0.98474 0
0.0666819 1.07905 -0.982488 0
0.066915 1.07897 -0.980232 0
0.0671483 1.07888 -0.977972 0
0.0673821 1.07879 -0.975708 0
0.0676162 1.0787 -0.97344 0
0.0678508 1.0786 -0.971168 0
0.0680859 1.07851 -0.968892 0
0.0683213 1.07841 -0.966613 0
0.0685572 1.0783 -0.964329 0
0.0687934 1.0782 -0.962042 0
0.0690299 1.07809 -0.95975 0
0.0692669 1.07799 -0.957455 0
0.0695042 1.07787 -0.955155 0
0.069742 1.07776 -0.952852 0
0.0699802 1.07764 -0.950545 0
0.0702188 1.07753 -0.948234 0
0.0704578 1.0774 -0.945918 0
0.0706971 1.07728 -0.943599 0
0.0709368 1.07716 -0.941275 0
0.0711769 1.07703 -0.938948 0
0.0714175 1.0769 -0.936616 0
0.0716584 1.07677 -0.934281 0
0.0718997 1.07663 -0.931941 0
0.0721415 1.0765 -0.929597 0
0.0723835 1.07636 -0.927249 0
0.0726259 1.07622 -0.924897 0
0.0728688 1.07607 -0.922541 0
0.073112 1.07593 -0.92018 0
0.0733555 1.07578 -0.917815 0
0.0735995 1.07563 -0.915447 0
0.0738438 1.07548 -0.913073 0
0.0740885 1.07532 -0.910696 0
0.0743336 1.07517 -0.908314 0
0.074579 1.07501 -0.905928 0
0.0748247 1.07485 -0.903538 0
0.0750708 1.07468 -0.901144 0
0.0753171 1.07452 -0.898745 0
0.0755639 1.07435 -0.896341 0
0.0758109 1.07418 -0.893934 0
0.0760583 1.07401 -0.891521 0
0.0763061 1.07383 -0.889105 0
0.0765543 1.07366 -0.886683 0
0.0768028 1.07348 -0.884257 0
0.0770518 1.0733 -0.881827 0
0.0773011 1.07311 -0.879392 0
0.0775507 1.07293 -0.876952 0
0.0778005 1.07274 -0.874507 0
0.0780508 1.07255 -0.872058 0
0.0783013 1.07236 -0.869604 0
0.0785522 1.07217 -0.867145 0
0.0788034 1.07197 -0.864681 0
0.0790551 1.07177 -0.862212 0
0.0793071 1.07157 -0.859738 0
0.0795594 1.07137 -0.857259 0
0.079812 1.07116 -0.854776 0
0.0800649 1.07095 -0.852287 0
0.0803182 1.07074 -0.849793 0
0.0805718 1.07053 -0.847295 0
0.0808258 1.07032 -0.844791 0
0.0810801 1.0701 -0.842282 0
0.0813348 1.06988 -0.839768 0
0.0815899 1.06966 -0.837249 0
0.0818452 1.06944 -0.834724 0
0.0821007 1.06921 -0.832195 0
0.0823564 1.06898 -0.82966 0
0.0826125 1.06875 -0.82712 0
0.0828689 1.06852 -0.824575 0
0.0831255 1.06829 -0.822024 0
0.0833824 1.06805 -0.819468 0
0.0836396 1.06781 -0.816906 0
0.083897 1.06757 -0.814339 0
0.0841548 1.06733 -0.811767 0
0.0844128 1.06708 -0.809188 0
0.0846711 1.06684 -0.806605 0
0.0849297 1.06659 -0.804015 0
0.0851886 1.06633 -0.80142 0
0.0854478 1.06608 -0.79882 0
0.0857072 1.06582 -0.796213 0
0.0859667 1.06556 -0.793601 0
0.0862266 1.0653 -0.790983 0
0.0864866 1.06504 -0.788359 0
0.0867468 1.06477 -0.78573 0
0.0870074 1.06451 -0.783094 0
0.0872683 1.06424 -0.780453 0
0.0875294 1.06396 -0.777805 0
0.0877908 1.06369 -0.775153 0
0.0880525 1.06341 -0.772494 0
0.0883145 1.06313 -0.769828 0
0.0885768 1.06285 -0.767156 0
0.0888393 1.06257 -0.764476 0
0.0891022 1.06228 -0.76179 0
0.0893653 1.06199 -0.759096 0
0.0896287 1.0617 -0.756395 0
0.0898924 1.06141 -0.753687 0
0.0901562 1.06111 -0.750972 1
0.0904202 1.06082 -0.74826 1
0.0906844 1.06052 -0.745553 1
0.0909488 1.06022 -0.742853 1
0.0912136 1.05991 -0.740159 1
0.0914785 1.05961 -0.737469 1
0.0917437 1.0593 -0.734782 1
0.092009 1.05899 -0.732099 1
0.0922746 1.05867 -0.729417 1
0.0925403 1.05836 -0.726737 1
0.0928062 1.05804 -0.724057 1
0.0930723 1.05772 -0.721377 1
0.0933386 1.0574 -0.718696 1
0.0936051 1.05707 -0.716013 1
0.0938718 1.05675 -0.713328 1
0.0941386 1.05642 -0.710639 1
0.0944057 1.05609 -0.707947 1
0.0946729 1.05575 -0.705251 1
0.0949402 1.05542 -0.702549 1
0.0952076 1.05508 -0.699842 1
0.0954753 1.05474 -0.697128 1
0.095743 1.0544 -0.694408 1
0.096011 1.05405 -0.691682 1
0.0962791 1.05371 -0.688948 1
0.0965473 1.05336 -0.686206 1
0.0968158 1.05301 -0.683456 1
0.0970844 1.05265 -0.680698 1
0.0973531 1.0523 -0.67793 1
0.097622 1.05194 -0.675154 1
0.0978911 1.05158 -0.672369 1
0.0981602 1.05122 -0.669574 1
0.0984296 1.05086 -0.666768 1
0.0986991 1.05049 -0.663953 1
0.0989688 1.05012 -0.661127 1
0.0992386 1.04975 -0.65829 1
0.0995087 1.04938 -0.655442 1
0.0997788 1.049 -0.652583 1
0.100049 1.04862 -0.649713 1
0.100319 1.04824 -0.64683 1
0.10059 1.04786 -0.643933 1
0.100861 1.04748 -0.641024 1
0.101131 1.04709 -0.6381 1
0.101402 1.0467 -0.635163 1
0.101673 1.04631 -0.632212 1
0.101944 1.04592 -0.629247 1
0.102215 1.04552 -0.626268 1
0.102487 1.04512 -0.623274 1
0.102758 1.04472 -0.620265 1
0.103029 1.04432 -0.617242 1
0.103301 1.04391 -0.614204 1
0.103572 1.04351 -0.611151 1
0.103844 1.0431 -0.608082 1
0.104115 1.04268 -0.604998 1
0.104387 1.04227 -0.601899 1
0.104658 1.04185 -0.598784 1
0.10493 1.04143 -0.595654 1
0.105202 1.04101 -0.592507 1
0.105473 1.04059 -0.589345 1
0.105745 1.04016 -0.586166 1
0.106017 1.03973 -0.582971 1
0.106289 1.0393 -0.57976 1
0.10656 1.03887 -0.576532 1
0.106832 1.03843 -0.573287 1
0.107104 1.03799 -0.570026 1
0.107376 1.03755 -0.566747 1
0.107648 1.03711 -0.563452 1
0.10792 1.03666 -0.56014 1
0.108191 1.03621 -0.55681 1
0.108463 1.03576 -0.553462 1
0.108735 1.03531 -0.550097 1
0.109007 1.03485 -0.546712 1
0.109279 1.0344 -0.543309 1
0.10955 1.03393 -0.539887 1
0.109822 1.03347 -0.536446 1
0.110094 1.03301 -0.532986 1
0.110365 1.03254 -0.529507 1
0.110637 1.03207 -0.526009 1
0.110908 1.03159 -0.522491 1
0.111179 1.03112 -0.518954 1
0.111451 1.03064 -0.515398 1
0.111722 1.03016 -0.511822 1
0.111993 1.02967 -0.508226 1
0.112264 1.02919 -0.50461 1
0.112534 1.0287 -0.500975 1
0.112805 1.02821 -0.497319 1
0.113076 1.02771 -0.493643 1
0.113346 1.02722 -0.489946 1
0.113616 1.02672 -0.486229 1
0.113887 1.02622 -0.482492 1
0.114157 1.02571 -0.478734 1
0.114426 1.02521 -0.474955 1
0.114696 1.0247 -0.471155 1
0.114965 1.02418 -0.467335 1
0.115234 1.02367 -0.463493 1
0.115503 1.02315 -0.459631 1
0.115772 1.02263 -0.455747 1
0.116041 1.02211 -0.451842 1
0.116309 1.02158 -0.447916 1
0.116577 1.02105 -0.443969 1
0.116845 1.02052 -0.44 1
0.117113 1.01999 -0.43601 1
0.117381 1.01945 -0.431998 1
0.117648 1.01891 -0.427965 1
0.117915 1.01837 -0.42391 1
0.118182 1.01783 -0.419834 1
0.118448 1.01728 -0.415735 1
0.118714 1.01673 -0.411615 1
0.11898 1.01618 -0.407473 1
0.119246 1.01562 -0.403308 1
0.119511 1.01507 -0.399122 1
0.119776 1.01451 -0.394913 1
0.12004 1.01394 -0.390683 1
0.120305 1.01338 -0.38643 1
0.120569 1.01281 -0.382154 1
0.120832 1.01224 -0.377857 1
0.121096 1.01166 -0.373537 1
0.121359 1.01108 -0.369194 1
0.121621 1.01051 -0.364829 1
0.121883 1.00992 -0.360441 1
0.122145 1.00934 -0.356031 1
0.122407 1.00875 -0.351598 1
0.122667 1.00816 -0.347143 1
0.122928 1.00757 -0.342664 1
0.123188 1.00697 -0.338164 1
0.123448 1.00637 -0.33364 1
0.123707 1.00577 -0.329093 1
0.123966 1.00516 -0.324523 1
0.124224 1.00456 -0.31993 1
0.124482 1.00395 -0.315314 1
0.12474 1.00333 -0.310675 1
0.124997 1.00272 -0.306013 1
0.125253 1.0021 -0.301328 1
0.125509 1.00148 -0.29662 1
0.125764 1.00086 -0.291889 1
0.126019 1.00023 -0.287135 1
0.126274 0.999601 -0.282358 1
0.126527 0.998969 -0.277558 1
0.126781 0.998334 -0.272735 1
0.127033 0.997697 -0.267889 1
0.127285 0.997057 -0.263021 1
0.127536 0.996414 -0.25813 1
0.127787 0.995769 -0.253217 1
0.128037 0.99512 -0.24828 1
0.128287 0.994469 -0.243321 1
0.128535 0.993815 -0.238338 1
0.128784 0.993159 -0.233333 1
0.129031 0.9925 -0.228306 1
0.129278 0.991838 -0.223255 1
0.129524 0.991173 -0.218183 1
0.12977 0.990506 -0.213087 1
0.130014 0.989836 -0.20797 1
0.130258 0.989164 -0.202831 1
0.130502 0.988488 -0.197671 1
0.130744 0.98781 -0.19249 1
0.130986 0.98713 -0.187288 1
0.131227 0.986447 -0.182065 1
0.131467 0.985761 -0.176822 1
0.131707 0.985072 -0.171558 1
0.131945 0.984381 -0.166274 1
0.132183 0.983687 -0.16097 1
0.13242 0.982991 -0.155646 1
0.132657 0.982292 -0.150301 1
0.132892 0.981591 -0.144937 1
0.133126 0.980887 -0.139553 1
0.13336 0.98018 -0.134149 1
0.133593 0.979471 -0.128726 1
0.133824 0.978759 -0.123284 1
0.134055 0.978044 -0.117823 1
0.134286 0.977327 -0.112344 1
0.134515 0.976608 -0.106845 1
0.134743 0.975886 -0.101329 1
0.134971 0.975162 -0.0957937 1
0.135197 0.974435 -0.0902406 1
0.135422 0.973706 -0.0846695 1
0.135647 0.972975 -0.0790807 1
0.13587 0.972241 -0.0734747 1
0.136093 0.971504 -0.0678517 1
0.136314 0.970766 -0.0622117 1
0.136535 0.970024 -0.0565552 1
0.136754 0.969281 -0.0508824 1
0.136972 0.968535 -0.0451937 1
0.13719 0.967788 -0.0394894 1
0.137406 0.967037 -0.0337699 1
0.137622 0.966285 -0.0280363 1
0.137836 0.96553 -0.0222894 1
0.13805 0.964773 -0.0165293 1
0.138262 0.964014 -0.0107563 1
0.138473 0.963252 -0.00497071 1
0.138683 0.962489 0.000827336 1
0.138892 0.961723 0.00663737 1
0.139099 0.960956 0.0124592 1
0.139306 0.960186 0.0182925 1
0.139512 0.959414 0.024137 1
0.139716 0.95864 0.0299924 1
0.139919 0.957864 0.0358583 1
0.140121 0.957086 0.0417347 1
0.140322 0.956306 0.0476213 1
0.140521 0.955524 0.0535178 1
0.14072 0.95474 0.0594238 1
0.140917 0.953954 0.0653389 1
0.141113 0.953167 0.0712626 1
0.141308 0.952377 0.0771946 1
0.141501 0.951586 0.0831345 1
0.141693 0.950793 0.0890818 1
0.141884 0.949998 0.0950361 1
0.142074 0.949202 0.100997 1
0.142263 0.948403 0.106964 1
0.14245 0.947603 0.112937 1
0.142636 0.946802 0.118915 1
0.142821 0.945998 0.124898 1
0.143004 0.945193 0.130885 1
0.143186 0.944387 0.136876 1
0.143367 0.943578 0.142871 1
0.143547 0.942769 0.148869 1
0.143725 0.941957 0.15487 1
0.143902 0.941144 0.160873 1
0.144077 0.94033 0.166878 1
0.144252 0.939514 0.172884 1
0.144425 0.938697 0.178891 1
0.144597 0.937879 0.184898 1
0.144767 0.937059 0.190906 1
0.144936 0.936237 0.196912 1
0.145103 0.935415 0.202918 1
0.14527 0.934591 0.208921 1
0.145434 0.933766 0.214921 1
0.145598 0.93294 0.220919 1
0.14576 0.932113 0.226913 1
0.145921 0.931284 0.232903 1
0.14608 0.930455 0.238888 1
0.146238 0.929624 0.244868 1
0.146394 0.928792 0.250843 1
0.14655 0.92796 0.256811 1
0.146703 0.927126 0.262774 1
0.146856 0.926292 0.268729 1
0.147007 0.925456 0.274677 1
0.147156 0.92462 0.280616 1
0.147304 0.923782 0.286548 1
0.147451 0.922944 0.29247 1
0.147596 0.922105 0.298384 1
0.14774 0.921265 0.304288 1
0.147883 0.920425 0.310182 1
0.148024 0.919584 0.316064 1
0.148163 0.918742 0.321934 1
0.148302 0.917899 0.327792 1
0.148439 0.917056 0.333637 1
0.148574 0.916212 0.339469 1
0.148708 0.915367 0.345287 1
0.148841 0.914522 0.351091 1
0.148972 0.913677 0.356881 1
0.149102 0.912831 0.362656 1
0.149231 0.911984 0.368416 1
0.149358 0.911137 0.37416 1
0.149484 0.91029 0.379888 1
0.149608 0.909442 0.385599 1
0.149731 0.908595 0.391294 1
0.149853 0.907746 0.39697 1
0.149973 0.906898 0.402629 1
0.150091 0.906049 0.408268 1
0.150209 0.9052 0.413889 1
0.150325 0.904351 0.41949 1
0.15044 0.903502 0.425071 1
0.150553 0.902652 0.430633 1
0.150665 0.901802 0.436174 1
0.150776 0.900953 0.441694 1
0.150885 0.900103 0.447194 1
0.150993 0.899253 0.452672 1
0.1511 0.898403 0.458129 1
0.151205 0.897552 0.463563 1
0.151309 0.896702 0.468976 1
0.151412 0.895853 0.474366 1
0.151513 0.895003 0.479734 1
0.151613 0.894153 0.485078 1
0.151712 0.893303 0.490399 1
0.151809 0.892454 0.495697 1
0.151906 0.891604 0.500971 1
0.152001 0.890755 0.506221 1
0.152094 0.889906 0.511447 1
0.152187 0.889057 0.516648 1
0.152278 0.888209 0.521825 1
0.152368 0.887361 0.526976 1
0.152456 0.886513 0.532103 1
0.152544 0.885665 0.537204 1
0.15263 0.884818 0.542279 1
0.152715 0.883971 0.547329 1
0.152799 0.883124 0.552353 1
0.152881 0.882278 0.557351 1
0.152963 0.881431 0.562323 1
0.153043 0.880586 0.567268 1
0.153122 0.879741 0.572187 1
0.1532 0.878896 0.577079 1
0.153276 0.878051 0.581944 1
0.153352 0.877207 0.586782 1
0.153426 0.876364 0.591593 1
0.153499 0.875521 0.596377 1
0.153571 0.874679 0.601133 1
0.153642 0.873837 0.605862 1
0.153712 0.872996 0.610564 1
0.15378 0.872156 0.615237 1
0.153848 0.871316 0.619881 1
0.153914 0.870476 0.624497 1
0.15398 0.869638 0.629083 1
0.154044 0.8688 0.633641 1
0.154107 0.867962 0.638171 1
0.15417 0.867126 0.642671 1
0.154231 0.86629 0.647143 1
0.154291 0.865455 0.651586 1
0.154351 0.86462 0.656001 1
0.154409 0.863786 0.660387 1
0.154466 0.862953 0.664746 1
0.154522 0.862121 0.669078 1
0.154577 0.861289 0.673383 1
0.154631 0.860458 0.677662 1
0.154684 0.859628 0.681914 1
0.154737 0.858799 0.686138 1
0.154788 0.857971 0.690334 1
0.154838 0.857143 0.694503 1
0.154888 0.856316 0.698643 1
0.154936 0.85549 0.702755 1
0.154984 0.854664 0.70684 1
0.155031 0.85384 0.710897 1
0.155076 0.853016 0.714927 1
0.155121 0.852193 0.71893 1
0.155166 0.851371 0.722906 1
0.155209 0.85055 0.726856 1
0.155251 0.84973 0.730778 1
0.155293 0.84891 0.734674 1
0.155333 0.848092 0.738544 1
0.155373 0.847274 0.742388 2
0.155412 0.846457 0.746121 2
0.15545 0.845642 0.7497 2
0.155487 0.844827 0.753125 2
0.155524 0.844013 0.756401 2
0.15556 0.8432 0.759536 2
0.155595 0.842387 0.762537 2
0.15563 0.841575 0.765409 2
0.155665 0.840765 0.768158 2
0.155699 0.839954 0.770789 2
0.155733 0.839145 0.773308 2
0.155766 0.838336 0.77572 2
0.155799 0.837528 0.77803 2
0.155832 0.836721 0.780243 2
0.155864 0.835914 0.782363 2
0.155897 0.835108 0.784394 2
0.155929 0.834302 0.786341 2
0.155961 0.833498 0.788206 2
0.155993 0.832693 0.789994 2
0.156025 0.831889 0.791708 2
0.156056 0.831086 0.793351 2
0.156088 0.830284 0.794927 2
0.15612 0.829482 0.796439 2
0.156151 0.82868 0.797891 2
0.156183 0.82788 0.799285 2
0.156215 0.827079 0.800624 2
0.156247 0.82628 0.80191 2
0.156279 0.825481 0.803146 2
0.156312 0.824682 0.804333 2
0.156344 0.823884 0.805474 2
0.156377 0.823086 0.806571 2
0.156409 0.822289 0.807625 2
0.156442 0.821492 0.808638 2
0.156475 0.820696 0.809611 2
0.156509 0.8199 0.810547 2
0.156542 0.819104 0.811447 2
0.156576 0.818309 0.812313 2
0.15661 0.817515 0.813144 2
0.156644 0.816721 0.813944 2
0.156679 0.815928 0.814712 2
0.156714 0.815135 0.815451 2
0.156749 0.814342 0.816161 2
0.156785 0.81355 0.816844 2
0.15682 0.812759 0.817499 2
0.156857 0.811968 0.81813 2
0.156893 0.811177 0.818735 2
0.15693 0.810387 0.819317 2
0.156967 0.809597 0.819876 2
0.157005 0.808807 0.820412 2
0.157043 0.808018 0.820927 2
0.157081 0.80723 0.82142 2
0.15712 0.806442 0.821894 2
0.157159 0.805654 0.822348 2
0.157199 0.804866 0.822783 2
0.157239 0.80408 0.8232 2
0.157279 0.803293 0.823599 2
0.15732 0.802507 0.823981 2
0.157361 0.801721 0.824346 2
0.157402 0.800935 0.824695 2
0.157444 0.80015 0.825028 2
0.157487 0.799365 0.825346 2
0.15753 0.798581 0.825648 2
0.157573 0.797797 0.825936 2
0.157616 0.797013 0.82621 2
0.15766 0.79623 0.82647 2
0.157705 0.795447 0.826716 2
0.15775 0.794665 0.826948 2
0.157795 0.793883 0.827168 2
0.157841 0.793101 0.827374 2
0.157888 0.792319 0.827566 2
0.157935 0.791538 0.827745 2
0.157982 0.790758 0.827911 2
0.15803 0.789978 0.828065 2
0.158079 0.789198 0.828206 2
0.158128 0.788418 0.828334 2
0.158177 0.787639 0.828451 2
0.158227 0.786861 0.828555 2
0.158278 0.786082 0.828649 2
0.158329 0.785304 0.828731 2
0.158381 0.784526 0.828802 2
0.158433 0.783749 0.828862 2
0.158486 0.782972 0.828911 2
0.158539 0.782195 0.82895 2
0.158593 0.781418 0.828979 2
0.158648 0.780642 0.828997 2
0.158703 0.779866 0.829006 2
0.158758 0.779091 0.829004 2
0.158814 0.778315 0.828993 2
0.158871 0.77754 0.828973 2
0.158928 0.776766 0.828942 2
0.158986 0.775992 0.828903 2
0.159045 0.775218 0.828854 2
0.159104 0.774444 0.828797 2
0.159164 0.773671 0.82873 2
0.159224 0.772898 0.828654 2
0.159285 0.772125 0.82857 2
0.159346 0.771353 0.828477 2
0.159408 0.77058 0.828375 2
0.159471 0.769809 0.828264 2
0.159534 0.769037 0.828145 2
0.159598 0.768266 0.828018 2
0.159663 0.767495 0.827883 2
0.159728 0.766724 0.827739 2
0.159794 0.765954 0.827588 2
0.15986 0.765184 0.827429 2
0.159927 0.764414 0.827262 2
0.159995 0.763645 0.827087 2
0.160063 0.762876 0.826905 2
0.160132 0.762107 0.826714 2
0.160201 0.761339 0.826517 2
0.160271 0.760571 0.826311 2
0.160342 0.759803 0.826099 2
0.160413 0.759035 0.825878 2
0.160485 0.758268 0.825651 2
0.160558 0.757501 0.825415 2
0.160631 0.756734 0.825173 2
0.160705 0.755968 0.824923 2
0.16078 0.755201 0.824666 2
0.160856 0.754436 0.824402 2
0.160932 0.75367 0.82413 2
0.161008 0.752905 0.823852 2
0.161086 0.75214 0.823566 2
0.161163 0.751375 0.823274 2
0.161242 0.75061 0.822974 2
0.161321 0.749846 0.822667 2
0.161401 0.749082 0.822354 2
0.161482 0.748318 0.822034 2
0.161563 0.747555 0.821707 2
0.161645 0.746792 0.821373 2
0.161728 0.746029 0.821032 2
0.161811 0.745266 0.820685 2
0.161896 0.744504 0.820331 2
0.16198 0.743742 0.81997 2
0.162066 0.742981 0.819603 2
0.162152 0.742219 0.819229 2
0.162239 0.741458 0.818849 2
0.162326 0.740697 0.818462 2
0.162415 0.739936 0.818069 2
0.162504 0.739176 0.817669 2
0.162593 0.738416 0.817263 2
0.162683 0.737656 0.816851 2
0.162774 0.736896 0.816432 2
0.162866 0.736137 0.816007 2
0.162958 0.735378 0.815576 2
0.163052 0.734619 0.815139 2
0.163145 0.733861 0.814695 2
0.16324 0.733103 0.814245 2
0.163335 0.732345 0.81379 2
0.163431 0.731587 0.813328 2
0.163528 0.73083 0.81286 2
0.163626 0.730073 0.812386 2
0.163724 0.729316 0.811906 2
0.163823 0.72856 0.811421 2
0.163923 0.727804 0.810929 2
0.164024 0.727048 0.810432 2
0.164125 0.726292 0.809929 2
0.164227 0.725536 0.80942 2
0.16433 0.724781 0.808905 2
0.164433 0.724026 0.808385 2
0.164538 0.723271 0.80786 2
0.164642 0.722517 0.807328 2
0.164748 0.721763 0.806792 2
0.164855 0.721009 0.806252 2
0.164962 0.720255 0.805707 2
0.16507 0.719502 0.805159 2
0.165178 0.718748 0.804606 2
0.165288 0.717995 0.804049 2
0.165398 0.717243 0.803488 2
0.165509 0.71649 0.802923 2
0.165621 0.715738 0.802353 2
0.165734 0.714987 0.801779 2
0.165847 0.714235 0.801201 2
0.165961 0.713484 0.800618 2
0.166076 0.712733 0.800031 2
0.166192 0.711982 0.79944 2
0.166308 0.711232 0.798845 2
0.166425 0.710482 0.798245 2
0.166543 0.709732 0.797642 2
0.166661 0.708982 0.797034 2
0.166781 0.708232 0.796422 2
0.166901 0.707483 0.795806 2
0.167022 0.706734 0.795186 2
0.167144 0.705986 0.794561 2
0.167267 0.705237 0.793933 2
0.16739 0.704489 0.793301 2
0.167515 0.703741 0.792665 2
0.16764 0.702994 0.792025 2
0.167765 0.702246 0.791382 2
0.167892 0.701499 0.790735 2
0.168019 0.700752 0.790084 2
0.168147 0.700006 0.78943 2
0.168276 0.69926 0.788772 2
0.168406 0.698514 0.78811 2
0.168536 0.697768 0.787445 2
0.168668 0.697023 0.786776 2
0.1688 0.696278 0.786104 2
0.168933 0.695533 0.785428 2
0.169066 0.694789 0.784748 2
0.169201 0.694045 0.784065 2
0.169336 0.693301 0.783379 2
0.169472 0.692557 0.782689 2
0.169609 0.691814 0.781995 2
0.169746 0.691071 0.781298 2
0.169885 0.690328 0.780597 2
0.170024 0.689585 0.779892 2
0.170164 0.688843 0.779185 2
0.170305 0.688101 0.778474 2
0.170446 0.687359 0.777759 2
0.170589 0.686617 0.777041 2
0.170732 0.685876 0.77632 2
0.170876 0.685135 0.775596 2
0.171021 0.684394 0.774869 2
0.171167 0.683654 0.774139 2
0.171313 0.682914 0.773406 2
0.171461 0.682174 0.772671 2
0.171609 0.681434 0.771933 2
0.171758 0.680695 0.771192 2
0.171908 0.679956 0.770448 2
0.172058 0.679217 0.769702 2
0.17221 0.678479 0.768954 2
0.172362 0.67774 0.768204 2
0.172516 0.677002 0.767452 2
0.172669 0.676265 0.766701 2
0.172824 0.675528 0.765948 2
0.17298 0.674791 0.765195 2
0.173136 0.674054 0.764441 2
0.173293 0.673318 0.763687 2
0.173451 0.672582 0.762931 2
0.17361 0.671846 0.762175 2
0.17377 0.671111 0.761419 2
0.17393 0.670375 0.760662 2
0.174091 0.669641 0.759904 2
0.174253 0.668906 0.759145 2
0.174416 0.668172 0.758386 2
0.174579 0.667438 0.757627 2
0.174744 0.666705 0.756867 2
0.174909 0.665971 0.756106 2
0.175075 0.665238 0.755345 2
0.175242 0.664506 0.754583 2
0.17541 0.663773 0.753822 2
0.175578 0.663041 0.753059 2
0.175748 0.66231 0.752297 2
0.175918 0.661578 0.751534 2
0.176089 0.660847 0.750771 2
0.176261 0.660116 0.750007 2
0.176434 0.659385 0.749244 2
0.176607 0.658655 0.74848 2
0.176781 0.657925 0.747717 2
0.176956 0.657195 0.746953 2
0.177132 0.656466 0.746189 2
0.177308 0.655737 0.745426 2
0.177485 0.655008 0.744662 2
0.177663 0.65428 0.743898 2
0.177842 0.653552 0.743134 2
0.178022 0.652824 0.742371 2
0.178203 0.652097 0.741607 2
0.178384 0.65137 0.740844 2
0.178566 0.650643 0.74008 2
0.178749 0.649917 0.739317 2
0.178933 0.64919 0.738554 2
0.179118 0.648465 0.737791 2
0.179303 0.647739 0.737029 2
0.17949 0.647014 0.736268 2
0.179677 0.646289 0.735507 2
0.179865 0.645565 0.734746 2
0.180053 0.644841 0.733983 2
0.180243 0.644117 0.733215 2
0.180433 0.643393 0.732443 2
0.180625 0.64267 0.731666 2
0.180817 0.641947 0.730886 2
0.18101 0.641225 0.730104 2
0.181204 0.640503 0.72932 2
0.181398 0.639781 0.728534 2
0.181594 0.63906 0.727747 2
0.18179 0.638338 0.726959 2
0.181987 0.637618 0.726169 2
0.182185 0.636897 0.72538 2
0.182383 0.636177 0.72459 2
0.182582 0.635457 0.723799 2
0.182783 0.634738 0.723009 2
0.182984 0.634019 0.722219 2
0.183185 0.6333 0.721429 2
0.183388 0.632582 0.720639 2
0.183591 0.631864 0.719851 2
0.183796 0.631147 0.719064 2
0.184 0.630429 0.718278 2
0.184206 0.629713 0.717493 2
0.184413 0.628996 0.71671 2
0.18462 0.62828 0.715928 2
0.184828 0.627564 0.715149 2
0.185038 0.626849 0.71437 2
0.185247 0.626134 0.713594 2
0.185458 0.625419 0.71282 2
0.18567 0.624705 0.712048 2
0.185882 0.623991 0.711279 2
0.186095 0.623277 0.710512 2
0.186309 0.622564 0.709749 2
0.186524 0.621851 0.708988 2
0.186739 0.621139 0.708231 2
0.186955 0.620427 0.707477 2
0.187173 0.619715 0.706726 2
0.18739 0.619004 0.705979 2
0.187609 0.618293 0.705236 2
0.187829 0.617582 0.704496 2
0.188049 0.616872 0.70376 2
0.18827 0.616162 0.703028 2
0.188492 0.615452 0.7023 2
0.188715 0.614743 0.701577 3
0.188938 0.614035 0.700711 3
0.189163 0.613326 0.69963 3
0.189388 0.612618 0.698331 3
0.189613 0.611911 0.696824 3
0.18984 0.611203 0.695122 3
0.190068 0.610496 0.693235 3
0.190297 0.60979 0.691172 3
0.190527 0.609084 0.688944 3
0.190758 0.608378 0.686559 3
0.190991 0.607672 0.684026 3
0.191225 0.606967 0.681355 3
0.19146 0.606262 0.678553 3
0.191697 0.605558 0.675629 3
0.191935 0.604854 0.672591 3
0.192175 0.604151 0.669444 3
0.192416 0.603448 0.666197 3
0.192659 0.602745 0.662856 3
0.192904 0.602043 0.659427 3
0.19315 0.601341 0.655916 3
0.193397 0.60064 0.652329 3
0.193647 0.59994 0.648671 3
0.193898 0.59924 0.644949 3
0.19415 0.59854 0.641167 3
0.194404 0.597842 0.637329 3
0.19466 0.597143 0.633441 3
0.194918 0.596446 0.629507 3
0.195177 0.595749 0.625532 3
0.195438 0.595052 0.621518 3
0.195701 0.594356 0.61747 3
0.195965 0.593661 0.613392 3
0.196231 0.592967 0.609286 3
0.196499 0.592273 0.605158 3
0.196769 0.591579 0.601009 3
0.19704 0.590887 0.596844 3
0.197313 0.590195 0.592664 3
0.197588 0.589504 0.588473 3
0.197864 0.588814 0.584273 3
0.198142 0.588124 0.580067 3
0.198422 0.587436 0.575857 3
0.198704 0.586748 0.571645 3
0.198987 0.586061 0.567433 3
0.199272 0.585374 0.563223 3
0.199558 0.584689 0.559018 3
0.199847 0.584004 0.554818 3
0.200137 0.58332 0.550627 3
0.200428 0.582637 0.546444 3
0.200722 0.581954 0.542273 3
0.201017 0.581273 0.538115 3
0.201313 0.580592 0.533971 3
0.201612 0.579912 0.529843 3
0.201912 0.579233 0.525732 3
0.202214 0.578555 0.521639 3
0.202517 0.577878 0.517565 3
0.202822 0.577202 0.513511 3
0.203128 0.576527 0.509478 3
0.203436 0.575852 0.505468 3
0.203746 0.575179 0.50148 3
0.204057 0.574506 0.497516 3
0.204369 0.573835 0.493576 3
0.204683 0.573164 0.489662 3
0.204999 0.572494 0.485773 3
0.205316 0.571826 0.481911 3
0.205635 0.571158 0.478076 3
0.205955 0.570491 0.474268 3
0.206276 0.569826 0.470489 3
0.206599 0.569161 0.466738 3
0.206923 0.568498 0.463016 3
0.207249 0.567835 0.459324 3
0.207576 0.567174 0.455662 3
0.207905 0.566513 0.452029 3
0.208235 0.565854 0.448427 3
0.208566 0.565195 0.444856 3
0.208899 0.564538 0.441315 3
0.209233 0.563881 0.437806 3
0.209568 0.563226 0.434328 3
0.209905 0.562572 0.430881 3
0.210242 0.561919 0.427467 3
0.210582 0.561266 0.424084 3
0.210922 0.560615 0.420733 3
0.211264 0.559965 0.417415 3
0.211607 0.559316 0.414129 3
0.211951 0.558668 0.410876 3
0.212297 0.558021 0.407654 3
0.212643 0.557375 0.404466 3
0.212991 0.55673 0.401309 3
0.21334 0.556086 0.398185 3
0.213691 0.555443 0.395093 3
0.214042 0.554802 0.392034 3
0.214395 0.554161 0.389007 3
0.214749 0.553521 0.386012 3
0.215104 0.552883 0.383049 3
0.21546 0.552245 0.380119 3
0.215817 0.551609 0.37722 3
0.216176 0.550974 0.374354 3
0.216535 0.550339 0.371519 3
0.216896 0.549706 0.368717 3
0.217258 0.549074 0.365945 3
0.21762 0.548443 0.363206 3
0.217984 0.547813 0.360498 3
0.218349 0.547184 0.357821 3
0.218715 0.546557 0.355175 3
0.219082 0.54593 0.352561 3
0.21945 0.545304 0.349978 3
0.219819 0.544679 0.347426 3
0.220189 0.544055 0.344904 3
0.22056 0.543433 0.342413 3
0.220932 0.542811 0.339953 3
0.221305 0.54219 0.337523 3
0.221679 0.541571 0.335123 3
0.222054 0.540952 0.332752 3
0.22243 0.540334 0.330412 3
0.222806 0.539718 0.328101 3
0.223184 0.539102 0.325819 3
0.223562 0.538488 0.323565 3
0.223942 0.537874 0.321341 3
0.224322 0.537262 0.319146 3
0.224703 0.53665 0.316979 3
0.225085 0.53604 0.314841 3
0.225468 0.53543 0.312731 3
0.225852 0.534822 0.31065 3
0.226237 0.534214 0.308596 3
0.226622 0.533607 0.306572 3
0.227009 0.533002 0.304576 3
0.227396 0.532397 0.302608 3
0.227784 0.531793 0.300669 3
0.228173 0.53119 0.298759 3
0.228563 0.530589 0.296877 3
0.228953 0.529988 0.295022 3
0.229344 0.529388 0.293196 3
0.229737 0.528789 0.291396 3
0.230129 0.528191 0.289624 3
0.230523 0.527594 0.287878 3
0.230917 0.526998 0.28616 3
0.231313 0.526402 0.284468 3
0.231709 0.525808 0.282803 3
0.232105 0.525214 0.281164 3
0.232503 0.524622 0.27955 3
0.232901 0.52403 0.277963 3
0.2333 0.52344 0.276401 3
0.2337 0.52285 0.274865 3
0.2341 0.522261 0.273354 3
0.234501 0.521674 0.271868 3
0.234903 0.521087 0.270407 3
0.235305 0.5205 0.268971 3
0.235709 0.519915 0.267559 3
0.236113 0.519331 0.266172 3
0.236517 0.518747 0.264809 3
0.236923 0.518164 0.26347 3
0.237329 0.517583 0.262155 3
0.237735 0.517001 0.260864 3
0.238143 0.516421 0.259596 3
0.238551 0.515841 0.258352 3
0.238959 0.515263 0.257131 3
0.239369 0.514685 0.255934 3
0.239779 0.514107 0.254759 3
0.240189 0.513531 0.253607 3
0.240601 0.512956 0.252478 3
0.241013 0.512381 0.251371 3
0.241425 0.511807 0.250287 3
0.241838 0.511234 0.249224 3
0.242252 0.510662 0.248184 3
0.242667 0.510091 0.247165 3
0.243082 0.50952 0.246169 3
0.243497 0.50895 0.245194 3
0.243913 0.50838 0.24424 3
0.24433 0.507812 0.243308 3
0.244747 0.507244 0.242397 3
0.245165 0.506677 0.241508 3
0.245583 0.506111 0.240638 3
0.246002 0.505546 0.23979 3
0.246422 0.504981 0.238962 3
0.246842 0.504417 0.238152 3
0.247263 0.503854 0.237362 3
0.247685 0.503291 0.23659 3
0.248107 0.502729 0.235837 3
0.248529 0.502168 0.235103 3
0.248952 0.501607 0.234388 3
0.249376 0.501047 0.233691 3
0.2498 0.500488 0.233012 3
0.250225 0.499929 0.232353 3
0.25065 0.499371 0.231711 3
0.251076 0.498814 0.231088 3
0.251503 0.498257 0.230484 3
0.25193 0.497701 0.229898 3
0.252357 0.497145 0.22933 3
0.252785 0.49659 0.22878 3
0.253214 0.496036 0.228249 3
0.253643 0.495483 0.227735 3
0.254072 0.49493 0.22724 3
0.254502 0.494377 0.226762 3
0.254933 0.493825 0.226303 3
0.255364 0.493274 0.225861 3
0.255795 0.492724 0.225439 3
0.256227 0.492174 0.225036 3
0.25666 0.491624 0.224653 3
0.257093 0.491075 0.224288 3
0.257526 0.490527 0.223942 3
0.25796 0.489979 0.223614 3
0.258395 0.489432 0.223305 3
0.25883 0.488886 0.223013 3
0.259265 0.48834 0.222741 3
0.259702 0.487794 0.222486 3
0.260138 0.487249 0.22225 3
0.260575 0.486705 0.222031 3
0.261012 0.486161 0.22183 3
0.26145 0.485618 0.221646 3
0.261888 0.485076 0.22148 3
0.262327 0.484534 0.221331 3
0.262766 0.483992 0.221199 3
0.263206 0.483451 0.221085 3
0.263646 0.482911 0.220987 3
0.264086 0.48237 0.220906 3
0.264528 0.481831 0.220842 3
0.264969 0.481292 0.220794 3
0.265411 0.480753 0.220763 3
0.265854 0.480215 0.220748 3
0.266297 0.479677 0.220749 3
0.26674 0.47914 0.220767 3
0.267184 0.478603 0.2208 3
0.267628 0.478066 0.22085 3
0.268073 0.47753 0.220915 3
0.268518 0.476995 0.220996 3
0.268963 0.47646 0.221092 3
0.269409 0.475925 0.221204 3
0.269855 0.475391 0.221332 3
0.270302 0.474857 0.221477 3
0.270749 0.474323 0.22164 3
0.271197 0.47379 0.221822 3
0.271645 0.473258 0.222021 3
0.272094 0.472726 0.222238 3
0.272542 0.472194 0.222473 3
0.272991 0.471662 0.222725 3
0.273441 0.471131 0.222994 3
0.273891 0.470601 0.22328 3
0.274341 0.47007 0.223584 3
0.274792 0.46954 0.223904 3
0.275243 0.469011 0.224241 3
0.275694 0.468481 0.224593 3
0.276146 0.467952 0.224963 3
0.276598 0.467424 0.225348 3
0.277051 0.466896 0.225749 3
0.277504 0.466368 0.226166 3
0.277958 0.465841 0.226598 3
0.278412 0.465314 0.227047 3
0.278866 0.464787 0.22751 3
0.279321 0.46426 0.227989 3
0.279776 0.463734 0.228484 3
0.280231 0.463208 0.228993 3
0.280687 0.462683 0.229516 3
0.281143 0.462157 0.230054 3
0.2816 0.461632 0.230607 3
0.282056 0.461108 0.231173 3
0.282513 0.460583 0.231754 3
0.282971 0.460059 0.232349 3
0.283429 0.459535 0.232958 3
0.283887 0.459012 0.233581 3
0.284345 0.458488 0.234217 3
0.284804 0.457965 0.234868 3
0.285263 0.457443 0.235532 3
0.285723 0.45692 0.236209 3
0.286183 0.456398 0.2369 3
0.286643 0.455876 0.237604 3
0.287103 0.455355 0.238321 3
0.287564 0.454833 0.239052 3
0.288026 0.454312 0.239795 3
0.288487 0.453791 0.240552 3
0.288949 0.45327 0.241321 3
0.289411 0.452749 0.242103 3
0.289873 0.452229 0.242898 3
0.290336 0.451709 0.243706 3
0.290799 0.451189 0.244526 3
0.291262 0.450669 0.245359 3
0.291726 0.450149 0.246205 3
0.29219 0.44963 0.247063 3
0.292655 0.449111 0.247933 3
0.293119 0.448592 0.248816 3
0.293584 0.448074 0.24971 3
0.294049 0.447555 0.250617 3
0.294515 0.447037 0.251537 3
0.294981 0.446519 0.252468 3
0.295447 0.446001 0.253411 3
0.295913 0.445484 0.254366 3
0.29638 0.444966 0.255333 3
0.296846 0.444449 0.256312 3
0.297314 0.443932 0.257302 3
0.297781 0.443414 0.258304 3
0.298249 0.442898 0.259317 3
0.298717 0.442381 0.260342 3
0.299185 0.441864 0.261378 3
0.299654 0.441348 0.262426 3
0.300123 0.440832 0.263485 3
0.300592 0.440316 0.264554 3
0.301061 0.4398 0.265635 3
0.301531 0.439284 0.266727 3
0.302001 0.438768 0.26783 3
0.302471 0.438253 0.268944 3
0.302942 0.437737 0.270068 3
0.303412 0.437222 0.271204 3
0.303883 0.436706 0.27235 3
0.304354 0.436191 0.273506 3
0.304826 0.435676 0.274674 4
0.305298 0.435161 0.275908 4
0.305769 0.434647 0.277236 4
0.306242 0.434132 0.27866 4
0.306714 0.433617 0.280176 4
0.307187 0.433103 0.28178 4
0.307659 0.432588 0.283468 4
0.308132 0.432074 0.285237 4
0.308605 0.431559 0.287082 4
0.309079 0.431044 0.289001 4
0.309552 0.430529 0.29099 4
0.310025 0.430014 0.293046 4
0.310499 0.429499 0.295165 4
0.310973 0.428984 0.297347 4
0.311446 0.428469 0.299586 4
0.31192 0.427953 0.301881 4
0.312394 0.427438 0.304231 4
0.312868 0.426922 0.306631 4
0.313342 0.426406 0.309081 4
0.313816 0.42589 0.311577 4
0.314289 0.425374 0.314118 4
0.314763 0.424857 0.316703 4
0.315237 0.424341 0.319328 4
0.315711 0.423824 0.321994 4
0.316185 0.423306 0.324697 4
0.316658 0.422789 0.327436 4
0.317132 0.422271 0.33021 4
0.317605 0.421753 0.333018 4
0.318079 0.421235 0.335858 4
0.318552 0.420716 0.338729 4
0.319025 0.420197 0.34163 4
0.319499 0.419678 0.34456 4
0.319972 0.419158 0.347517 4
0.320445 0.418638 0.3505 4
0.320917 0.418118 0.353509 4
0.32139 0.417598 0.356541 4
0.321862 0.417077 0.359596 4
0.322335 0.416556 0.362673 4
0.322807 0.416035 0.36577 4
0.323279 0.415513 0.368888 4
0.323751 0.414992 0.372025 4
0.324222 0.414469 0.37518 4
0.324694 0.413947 0.378354 4
0.325165 0.413424 0.381544 4
0.325636 0.412901 0.384752 4
0.326107 0.412378 0.387976 4
0.326578 0.411854 0.391217 4
0.327048 0.41133 0.394473 4
0.327519 0.410805 0.397745 4
0.327989 0.410281 0.401031 4
0.328458 0.409755 0.404332 4
0.328928 0.40923 0.407646 4
0.329397 0.408705 0.410974 4
0.329866 0.408179 0.414314 4
0.330335 0.407653 0.417668 4
0.330803 0.407126 0.421037 4
0.331271 0.406599 0.42442 4
0.331739 0.406072 0.427816 4
0.332207 0.405544 0.431225 4
0.332674 0.405016 0.434647 4
0.333141 0.404488 0.438081 4
0.333607 0.40396 0.441527 4
0.334073 0.403432 0.444984 4
0.334539 0.402903 0.448452 4
0.335005 0.402374 0.45193 4
0.33547 0.401845 0.455419 4
0.335935 0.401315 0.458917 4
0.336399 0.400786 0.462423 4
0.336863 0.400256 0.465939 4
0.337327 0.399725 0.469462 4
0.33779 0.399195 0.47299 4
0.338253 0.398664 0.476524 4
0.338716 0.398133 0.480065 4
0.339178 0.397602 0.483611 4
0.33964 0.39707 0.487162 4
0.340101 0.396538 0.49072 4
0.340562 0.396006 0.494282 4
0.341023 0.395474 0.49785 4
0.341483 0.394941 0.501422 4
0.341942 0.394409 0.504999 4
0.342402 0.393876 0.508581 4
0.342861 0.393343 0.512167 4
0.343319 0.392809 0.515757 4
0.343777 0.392276 0.519352 4
0.344235 0.391742 0.52295 4
0.344692 0.391208 0.526552 4
0.345149 0.390674 0.530157 4
0.345605 0.39014 0.533765 4
0.346061 0.389605 0.537376 4
0.346517 0.389071 0.540989 4
0.346972 0.388536 0.544606 4
0.347426 0.388001 0.548225 4
0.34788 0.387466 0.551847 4
0.348334 0.386931 0.555471 4
0.348787 0.386395 0.559098 4
0.349239 0.38586 0.562726 4
0.349691 0.385325 0.566357 4
0.350143 0.384789 0.56999 4
0.350594 0.384253 0.573625 4
0.351044 0.383717 0.577262 4
0.351494 0.383181 0.5809 4
0.351944 0.382645 0.58454 4
0.352393 0.382109 0.588181 4
0.352841 0.381573 0.591823 4
0.353289 0.381037 0.595466 4
0.353737 0.3805 0.599111 4
0.354183 0.379964 0.602756 4
0.35463 0.379427 0.606402 4
0.355076 0.37889 0.610049 4
0.355521 0.378354 0.613695 4
0.355966 0.377817 0.617343 4
0.35641 0.37728 0.62099 4
0.356853 0.376744 0.624638 4
0.357296 0.376207 0.628286 4
0.357739 0.37567 0.631934 4
0.358181 0.375133 0.635581 4
0.358622 0.374596 0.639229 4
0.359063 0.37406 0.642877 4
0.359503 0.373523 0.646524 4
0.359943 0.372986 0.65017 4
0.360382 0.372449 0.653817 4
0.36082 0.371912 0.657462 4
0.361258 0.371376 0.661107 4
0.361695 0.370839 0.664751 4
0.362132 0.370302 0.668394 4
0.362568 0.369766 0.672036 4
0.363003 0.369229 0.675676 4
0.363438 0.368692 0.679315 4
0.363872 0.368156 0.682953 4
0.364306 0.367619 0.686589 4
0.364739 0.367083 0.690224 4
0.365172 0.366547 0.693857 4
0.365604 0.36601 0.697489 4
0.366035 0.365474 0.701119 4
0.366466 0.364938 0.704747 4
0.366895 0.364402 0.708373 4
0.367325 0.363866 0.711997 4
0.367754 0.36333 0.715619 4
0.368182 0.362794 0.719238 4
0.368609 0.362259 0.722854 4
0.369036 0.361723 0.726468 4
0.369462 0.361188 0.73008 4
0.369888 0.360652 0.733688 4
0.370313 0.360117 0.737294 4
0.370737 0.359582 0.740896 4
0.371161 0.359048 0.744495 4
0.371584 0.358513 0.748091 4
0.372006 0.357979 0.751684 4
0.372428 0.357444 0.755274 4
0.372849 0.35691 0.75886 4
0.373269 0.356376 0.762442 4
0.373689 0.355842 0.766022 4
0.374108 0.355309 0.769597 4
0.374526 0.354775 0.773169 4
0.374944 0.354242 0.776736 4
0.375361 0.353709 0.7803 4
0.375778 0.353176 0.78386 4
0.376194 0.352643 0.787416 4
0.376609 0.352111 0.790967 4
0.377023 0.351579 0.794514 4
0.377437 0.351047 0.798057 4
0.37785 0.350515 0.801595 4
0.378263 0.349984 0.805128 4
0.378674 0.349452 0.808657 4
0.379085 0.348921 0.812182 4
0.379496 0.34839 0.815702 4
0.379905 0.34786 0.819218 4
0.380314 0.34733 0.822728 4
0.380723 0.3468 0.826233 4
0.38113 0.34627 0.829733 4
0.381537 0.345741 0.833228 4
0.381943 0.345211 0.836718 4
0.382349 0.344683 0.840203 4
0.382754 0.344154 0.843682 4
0.383158 0.343626 0.847155 4
0.383562 0.343098 0.850622 4
0.383964 0.34257 0.854082 4
0.384367 0.342043 0.857535 4
0.384768 0.341516 0.860982 4
0.385169 0.340989 0.864422 4
0.385569 0.340462 0.867857 4
0.385969 0.339936 0.871287 4
0.386368 0.339411 0.874713 4
0.386766 0.338885 0.878135 4
0.387164 0.33836 0.881552 4
0.387561 0.337835 0.884964 4
0.387958 0.337311 0.888372 4
0.388354 0.336787 0.891774 4
0.388749 0.336263 0.895172 4
0.389143 0.33574 0.898564 4
0.389537 0.335217 0.901951 4
0.38993 0.334694 0.905333 4
0.390322 0.334172 0.90871 4
0.390714 0.33365 0.912082 4
0.391105 0.333129 0.915448 4
0.391495 0.332607 0.918809 4
0.391885 0.332086 0.922163 4
0.392274 0.331566 0.925512 4
0.392663 0.331046 0.928856 4
0.39305 0.330526 0.932192 4
0.393438 0.330007 0.935523 4
0.393824 0.329488 0.938847 4
0.39421 0.328969 0.942165 4
0.394595 0.328451 0.945477 4
0.394979 0.327934 0.948782 4
0.395363 0.327416 0.95208 4
0.395746 0.3269 0.955371 4
0.396129 0.326383 0.958656 4
0.39651 0.325867 0.961934 4
0.396892 0.325352 0.965205 4
0.397272 0.324836 0.968469 4
0.397652 0.324321 0.971726 4
0.398031 0.323807 0.974975 4
0.39841 0.323293 0.978218 4
0.398787 0.32278 0.981453 4
0.399165 0.322267 0.984681 4
0.399541 0.321755 0.987901 4
0.399917 0.321242 0.991113 4
0.400293 0.320731 0.994318 4
0.400667 0.32022 0.997515 4
0.401041 0.319709 1.0007 4
0.401415 0.319199 1.00389 4
0.401787 0.318689 1.00706 4
0.40216 0.318179 1.01023 4
0.402531 0.317671 1.01338 4
0.402902 0.317162 1.01653 4
0.403272 0.316654 1.01967 4
0.403642 0.316147 1.0228 4
0.404011 0.31564 1.02592 4
0.404379 0.315134 1.02903 4
0.404747 0.314628 1.03213 4
0.405114 0.314123 1.03522 4
0.40548 0.313618 1.03829 4
0.405846 0.313113 1.04136 4
0.406212 0.312609 1.04441 4
0.406576 0.312106 1.04745 4
0.406941 0.311603 1.05048 4
0.407304 0.3111 1.05349 4
0.407667 0.310598 1.0565 4
0.40803 0.310097 1.0595 4
0.408392 0.309596 1.06248 4
0.408753 0.309095 1.06545 4
0.409114 0.308595 1.06842 4
0.409474 0.308095 1.07137 4
0.409834 0.307596 1.07431 4
0.410193 0.307098 1.07724 4
0.410551 0.3066 1.08016 4
0.410909 0.306102 1.08307 4
0.411266 0.305605 1.08597 4
0.411623 0.305109 1.08886 4
0.411979 0.304612 1.09174 4
0.412335 0.304117 1.09461 4
0.41269 0.303622 1.09746 4
0.413045 0.303127 1.10031 4
0.413399 0.302633 1.10315 4
0.413753 0.30214 1.10598 4
0.414106 0.301647 1.10879 4
0.414458 0.301155 1.1116 4
0.41481 0.300663 1.1144 4
0.415162 0.300172 1.11718 4
0.415513 0.299681 1.11995 4
0.415864 0.299191 1.12272 4
0.416214 0.298702 1.12547 4
0.416564 0.298213 1.12822 4
0.416913 0.297724 1.13095 4
0.417262 0.297236 1.13367 4
0.417611 0.296749 1.13638 4
0.417959 0.296262 1.13909 4
0.418306 0.295776 1.14178 4
0.418653 0.29529 1.14446 4
0.419 0.294805 1.14713 4
0.419346 0.29432 1.14979 4
0.419692 0.293836 1.15244 4
0.420037 0.293353 1.15508 4
0.420382 0.292869 1.15771 4
0.420726 0.292387 1.16033 4
0.421071 0.291905 1.16294 4
0.421414 0.291423 1.16554 4
0.421758 0.290942 1.16813 4
0.422101 0.290462 1.17071 4
0.422443 0.289981 1.17328 4
0.422785 0.289502 1.17584 4
0.423127 0.289023 1.17839 4
0.423468 0.288545 1.18093 4
0.423809 0.288067 1.18346 4
0.424149 0.28759 1.18598 4
0.424489 0.287113 1.18848 4
0.424829 0.286637 1.19098 4
0.425168 0.286161 1.19347 4
0.425507 0.285686 1.19595 4
0.425846 0.285212 1.19842 4
0.426184 0.284738 1.20088 4
0.426522 0.284265 1.20333 4
0.426859 0.283792 1.20576 4
0.427196 0.28332 1.20819 4
0.427533 0.282848 1.2106 4
0.42787 0.282377 1.213 4
0.428206 0.281906 1.21539 4
0.428542 0.281436 1.21777 4
0.428877 0.280967 1.22013 4
0.429213 0.280498 1.22249 4
0.429548 0.28003 1.22483 4
0.429882 0.279562 1.22716 4
0.430217 0.279095 1.22948 4
0.430551 0.278628 1.23179 4
0.430884 0.278162 1.23408 4
0.431218 0.277696 1.23637 4
0.431551 0.277231 1.23864 4
0.431884 0.276767 1.24091 4
0.432217 0.276303 1.24316 4
0.432549 0.27584 1.2454 4
0.432881 0.275377 1.24764 4
0.433213 0.274915 1.24986 4
0.433545 0.274453 1.25207 4
0.433877 0.273992 1.25427 4
0.434208 0.273532 1.25647 4
0.434539 0.273072 1.25865 4
0.43487 0.272612 1.26082 4
0.4352 0.272153 1.26298 4
0.435531 0.271695 1.26513 4
0.435861 0.271237 1.26727 4
0.436191 0.27078 1.2694 4
0.436521 0.270323 1.27153 4
0.436851 0.269867 1.27364 4
0.43718 0.269411 1.27574 4
0.43751 0.268956 1.27783 4
0.437839 0.268501 1.27991 4
0.438168 0.268047 1.28199 4
0.438497 0.267593 1.28405 4
0.438825 0.26714 1.2861 4
0.439154 0.266688 1.28815 4
0.439482 0.266236 1.29018 4
0.439811 0.265784 1.29221 4
0.440139 0.265333 1.29423 4
0.440467 0.264883 1.29623 4
0.440795 0.264433 1.29823 4
0.441123 0.263984 1.30022 4
0.44145 0.263535 1.3022 4
0.441778 0.263086 1.30417 4
0.442106 0.262639 1.30613 4
0.442433 0.262191 1.30809 4
0.44276 0.261745 1.31003 4
0.443088 0.261298 1.31196 4
0.443415 0.260853 1.31389 4
0.443741 0.260408 1.31581 4
0.444068 0.259963 1.31772 4
0.444395 0.259519 1.31961 4
0.444721 0.259076 1.3215 5
0.445048 0.258633 1.32333 5
0.445374 0.25819 1.32505 5
0.445701 0.257748 1.32668 5
0.446027 0.257307 1.32821 5
0.446353 0.256866 1.32966 5
0.44668 0.256426 1.33101 5
0.447007 0.255986 1.33229 5
0.447334 0.255546 1.33349 5
0.447661 0.255107 1.33461 5
0.447989 0.254669 1.33566 5
0.448317 0.25423 1.33664 5
0.448645 0.253792 1.33756 5
0.448974 0.253355 1.33841 5
0.449303 0.252918 1.33921 5
0.449633 0.252481 1.33994 5
0.449963 0.252045 1.34063 5
0.450294 0.251609 1.34125 5
0.450625 0.251174 1.34183 5
0.450957 0.250739 1.34236 5
0.45129 0.250304 1.34285 5
0.451623 0.249869 1.34328 5
0.451957 0.249435 1.34368 5
0.452292 0.249001 1.34403 5
0.452627 0.248568 1.34435 5
0.452964 0.248135 1.34462 5
0.4533 0.247702 1.34486 5
0.453638 0.24727 1.34507 5
0.453976 0.246838 1.34524 5
0.454316 0.246406 1.34538 5
0.454655 0.245974 1.34548 5
0.454996 0.245543 1.34556 5
0.455338 0.245112 1.3456 5
0.45568 0.244682 1.34562 5
0.456024 0.244251 1.34562 5
0.456368 0.243821 1.34559 5
0.456714 0.243392 1.34555 5
0.45706 0.242962 1.3455 5
0.457407 0.242533 1.34543 5
0.457755 0.242104 1.34534 5
0.458104 0.241676 1.34523 5
0.458454 0.241247 1.34512 5
0.458805 0.24082 1.34498 5
0.459157 0.240392 1.34484 5
0.45951 0.239965 1.34467 5
0.459864 0.239538 1.3445 5
0.460218 0.239111 1.34431 5
0.460574 0.238684 1.34411 5
0.460931 0.238258 1.34389 5
0.461288 0.237832 1.34367 5
0.461647 0.237406 1.34342 5
0.462007 0.236981 1.34317 5
0.462367 0.236555 1.3429 5
0.462729 0.236131 1.34262 5
0.463091 0.235706 1.34232 5
0.463455 0.235282 1.34201 5
0.46382 0.234858 1.3417 5
0.464185 0.234434 1.34136 5
0.464552 0.23401 1.34102 5
0.46492 0.233587 1.34067 5
0.465289 0.233164 1.3403 5
0.465659 0.232741 1.33992 5
0.46603 0.232319 1.33953 5
0.466402 0.231896 1.33913 5
0.466775 0.231474 1.33872 5
0.46715 0.231053 1.3383 5
0.467525 0.230631 1.33787 5
0.467902 0.23021 1.33743 5
0.468279 0.229789 1.33698 5
0.468658 0.229368 1.33651 5
0.469038 0.228948 1.33604 5
0.469419 0.228528 1.33556 5
0.469801 0.228108 1.33507 5
0.470184 0.227688 1.33456 5
0.470569 0.227269 1.33405 5
0.470954 0.22685 1.33353 5
0.471341 0.226431 1.333 5
0.471728 0.226013 1.33246 5
0.472117 0.225594 1.33191 5
0.472507 0.225176 1.33135 5
0.472898 0.224759 1.33078 5
0.47329 0.224341 1.3302 5
0.473684 0.223924 1.32961 5
0.474078 0.223507 1.32902 5
0.474474 0.22309 1.32841 5
0.474871 0.222673 1.3278 5
0.475269 0.222257 1.32717 5
0.475669 0.221841 1.32654 5
0.476069 0.221426 1.3259 5
0.476471 0.22101 1.32525 5
0.476873 0.220595 1.32459 5
0.477277 0.22018 1.32392 5
0.477682 0.219766 1.32324 5
0.478089 0.219352 1.32256 5
0.478496 0.218937 1.32187 5
0.478905 0.218524 1.32117 5
0.479315 0.21811 1.32046 5
0.479726 0.217697 1.31974 5
0.480139 0.217284 1.31901 5
0.480552 0.216871 1.31828 5
0.480967 0.216458 1.31753 5
0.481383 0.216046 1.31678 5
0.4818 0.215634 1.31602 5
0.482219 0.215223 1.31526 5
0.482639 0.214811 1.31448 5
0.483059 0.2144 1.3137 5
0.483481 0.213989 1.31291 5
0.483904 0.213579 1.3121 5
0.484329 0.213169 1.3113 5
0.484754 0.212759 1.31048 5
0.485181 0.212349 1.30966 5
0.485609 0.21194 1.30883 5
0.486039 0.21153 1.30799 5
0.486469 0.211122 1.30714 5
0.486901 0.210713 1.30628 5
0.487334 0.210305 1.30542 5
0.487768 0.209897 1.30455 5
0.488204 0.209489 1.30367 5
0.488641 0.209082 1.30278 5
0.489079 0.208675 1.30189 5
0.489518 0.208268 1.30099 5
0.489959 0.207862 1.30008 5
0.490401 0.207455 1.29916 5
0.490844 0.207049 1.29824 5
0.491289 0.206644 1.29731 5
0.491734 0.206238 1.29637 5
0.492181 0.205833 1.29542 5
0.492629 0.205428 1.29447 5
0.493079 0.205024 1.29351 5
0.49353 0.204619 1.29254 5
0.493982 0.204215 1.29157 5
0.494435 0.203812 1.29058 5
0.494889 0.203408 1.28959 5
0.495345 0.203005 1.28859 5
0.495802 0.202603 1.28759 5
0.496261 0.2022 1.28658 5
0.49672 0.201798 1.28556 5
0.497181 0.201396 1.28453 5
0.497644 0.200994 1.2835 5
0.498107 0.200593 1.28246 5
0.498572 0.200192 1.28141 5
0.499038 0.199791 1.28036 5
0.499506 0.199391 1.2793 5
0.499975 0.19899 1.27823 5
0.500445 0.19859 1.27716 5
0.500916 0.198191 1.27607 5
0.501388 0.197791 1.27498 5
0.501862 0.197392 1.27389 5
0.502337 0.196994 1.27279 5
0.502813 0.196595 1.27168 5
0.503291 0.196198 1.27056 5
0.50377 0.1958 1.26944 5
0.50425 0.195403 1.26831 5
0.504731 0.195006 1.26718 5
0.505214 0.19461 1.26603 5
0.505698 0.194213 1.26488 5
0.506184 0.193817 1.26373 5
0.50667 0.193422 1.26257 5
0.507159 0.193026 1.2614 5
0.507648 0.192632 1.26022 5
0.508138 0.192237 1.25904 5
0.50863 0.191843 1.25785 5
0.509124 0.191449 1.25666 5
0.509618 0.191055 1.25546 5
0.510114 0.190662 1.25425 5
0.510611 0.190269 1.25303 5
0.51111 0.189876 1.25181 5
0.511609 0.189484 1.25059 5
0.51211 0.189092 1.24935 5
0.512613 0.1887 1.24811 5
0.513116 0.188309 1.24687 5
0.513621 0.187918 1.24562 5
0.514127 0.187528 1.24436 5
0.514635 0.187138 1.24309 5
0.515143 0.186748 1.24182 5
0.515654 0.186358 1.24055 5
0.516165 0.185969 1.23926 5
0.516678 0.18558 1.23797 5
0.517192 0.185192 1.23668 5
0.517707 0.184804 1.23537 5
0.518224 0.184416 1.23406 5
0.518742 0.184029 1.23275 5
0.519261 0.183642 1.23142 5
0.519781 0.183255 1.2301 5
0.520303 0.182869 1.22876 5
0.520827 0.182484 1.22742 5
0.521351 0.182098 1.22607 5
0.521877 0.181713 1.22472 5
0.522404 0.181329 1.22336 5
0.522932 0.180944 1.22199 5
0.523462 0.18056 1.22062 5
0.523993 0.180177 1.21924 5
0.524525 0.179794 1.21786 5
0.525059 0.179411 1.21647 5
0.525594 0.179029 1.21508 5
0.52613 0.178647 1.21368 5
0.526668 0.178265 1.21228 5
0.527206 0.177884 1.21087 5
0.527746 0.177503 1.20946 5
0.528288 0.177122 1.20804 5
0.52883 0.176742 1.20661 5
0.529374 0.176363 1.20519 5
0.529919 0.175984 1.20375 5
0.530466 0.175605 1.20231 5
0.531013 0.175227 1.20086 5
0.531563 0.174849 1.1994 5
0.532113 0.174471 1.19794 5
0.532665 0.174094 1.19647 5
0.533218 0.173717 1.19499 5
0.533772 0.173341 1.19351 5
0.534327 0.172965 1.19202 5
0.534884 0.17259 1.19052 5
0.535442 0.172215 1.18902 5
0.536002 0.17184 1.18752 5
0.536563 0.171466 1.18601 5
0.537125 0.171093 1.18449 5
0.537688 0.17072 1.18297 5
0.538253 0.170347 1.18144 5
0.538819 0.169975 1.17991 5
0.539386 0.169603 1.17837 5
0.539954 0.169232 1.17683 5
0.540524 0.168861 1.17529 5
0.541094 0.16849 1.17374 5
0.541666 0.16812 1.17218 5
0.54224 0.167751 1.17062 5
0.542814 0.167382 1.16906 5
0.54339 0.167013 1.16749 5
0.543967 0.166645 1.16592 5
0.544545 0.166277 1.16434 5
0.545124 0.16591 1.16276 5
0.545705 0.165543 1.16118 5
0.546287 0.165177 1.15959 5
0.54687 0.164811 1.158 5
0.547454 0.164445 1.1564 5
0.54804 0.16408 1.1548 5
0.548627 0.163716 1.1532 5
0.549215 0.163351 1.15159 5
0.549804 0.162988 1.14998 5
0.550395 0.162625 1.14837 5
0.550987 0.162262 1.14675 5
0.55158 0.1619 1.14513 5
0.552174 0.161539 1.14351 5
0.552769 0.161178 1.14189 5
0.553366 0.160818 1.14026 5
0.553964 0.160458 1.13863 5
0.554563 0.160098 1.13699 5
0.555163 0.159739 1.13536 5
0.555765 0.159381 1.13371 5
0.556368 0.159023 1.13207 5
0.556971 0.158666 1.13043 5
0.557576 0.158309 1.12878 5
0.558183 0.157953 1.12713 5
0.55879 0.157597 1.12547 5
0.559398 0.157242 1.12382 5
0.560008 0.156887 1.12216 5
0.560619 0.156533 1.1205 5
0.561231 0.15618 1.11884 5
0.561844 0.155827 1.11718 5
0.562458 0.155474 1.11551 5
0.563074 0.155122 1.11385 5
0.56369 0.154771 1.11218 5
0.564308 0.15442 1.11051 5
0.564927 0.15407 1.10883 5
0.565547 0.15372 1.10716 5
0.566168 0.153371 1.10548 5
0.566791 0.153022 1.10381 5
0.567414 0.152674 1.10212 5
0.568039 0.152326 1.10044 5
0.568665 0.151979 1.09876 5
0.569292 0.151633 1.09707 5
0.56992 0.151287 1.09539 5
0.570549 0.150942 1.0937 5
0.571179 0.150597 1.09201 5
0.571811 0.150253 1.09032 5
0.572443 0.149909 1.08862 5
0.573076 0.149566 1.08693 5
0.573711 0.149224 1.08524 5
0.574347 0.148882 1.08354 5
0.574983 0.148541 1.08184 5
0.575621 0.148201 1.08014 5
0.57626 0.147861 1.07845 5
0.5769 0.147521 1.07675 5
0.577541 0.147182 1.07504 5
0.578183 0.146844 1.07334 5
0.578826 0.146507 1.07164 5
0.579471 0.14617 1.06993 5
0.580116 0.145833 1.06822 5
0.580762 0.145498 1.06651 5
0.58141 0.145163 1.0648 5
0.582058 0.144828 1.06309 5
0.582707 0.144494 1.06138 5
0.583358 0.144161 1.05967 5
0.584009 0.143828 1.05795 5
0.584662 0.143496 1.05623 5
0.585315 0.143165 1.05451 5
0.585969 0.142834 1.05279 5
0.586625 0.142504 1.05107 5
0.587281 0.142174 1.04934 5
0.587938 0.141846 1.04762 5
0.588597 0.141517 1.04589 5
0.589256 0.14119 1.04416 5
0.589916 0.140863 1.04243 5
0.590577 0.140537 1.0407 5
0.591239 0.140211 1.03897 5
0.591902 0.139886 1.03723 5
0.592567 0.139562 1.0355 5
0.593232 0.139238 1.03376 5
0.593898 0.138915 1.03202 5
0.594565 0.138593 1.03029 5
0.595233 0.138271 1.02855 5
0.595902 0.13795 1.02681 5
0.596572 0.13763 1.02507 5
0.597242 0.13731 1.02333 5
0.597914 0.136991 1.02159 5
0.598586 0.136673 1.01985 5
0.59926 0.136355 1.0181 5
0.599934 0.136038 1.01636 5
0.60061 0.135722 1.01462 5
0.601286 0.135406 1.01287 5
0.601963 0.135092 1.01113 5
0.602641 0.134777 1.00939 5
0.60332 0.134464 1.00764 5
0.604 0.134151 1.0059 5
0.604681 0.133839 1.00416 5
0.605362 0.133528 1.00241 5
0.606045 0.133217 1.00067 5
0.606728 0.132907 0.998928 5
0.607412 0.132598 0.997185 5
0.608098 0.132289 0.995443 5
0.608784 0.131982 0.993701 5
0.60947 0.131675 0.991959 5
0.610158 0.131368 0.990218 5
0.610846 0.131063 0.988478 5
0.611536 0.130758 0.986738 5
0.612226 0.130454 0.984999 5
0.612916 0.13015 0.983261 5
0.613608 0.129848 0.981523 5
0.6143 0.129546 0.979787 5
0.614994 0.129244 0.978051 5
0.615688 0.128944 0.976316 5
0.616383 0.128644 0.974582 5
0.617078 0.128345 0.972847 5
0.617775 0.128047 0.971112 5
0.618472 0.127749 0.969377 5
0.61917 0.127452 0.967643 5
0.619869 0.127156 0.965909 5
0.620569 0.126861 0.964175 5
0.621269 0.126566 0.962442 5
0.62197 0.126272 0.960709 5
0.622672 0.125979 0.958978 5
0.623374 0.125686 0.957247 5
0.624078 0.125395 0.955517 5
0.624782 0.125104 0.953786 5
0.625487 0.124814 0.952056 5
0.626192 0.124524 0.950326 5
0.626898 0.124236 0.948597 5
0.627605 0.123948 0.946868 5
0.628313 0.123661 0.94514 5
0.629022 0.123374 0.943413 5
0.629731 0.123089 0.941686 5
0.630441 0.122804 0.939961 5
0.631151 0.12252 0.938235 5
0.631862 0.122237 0.936511 5
0.632574 0.121954 0.934789 5
0.633287 0.121672 0.933067 5
0.634 0.121392 0.931348 5
0.634713 0.121111 0.92963 5
0.635428 0.120832 0.927913 5
0.636143 0.120553 0.926198 5
0.636858 0.120276 0.924484 5
0.637575 0.119999 0.922772 5
0.638291 0.119722 0.921061 5
0.639009 0.119447 0.919352 5
0.639727 0.119172 0.917646 5
0.640445 0.118898 0.915942 5
0.641165 0.118625 0.914241 5
0.641884 0.118353 0.912542 5
0.642605 0.118081 0.910847 6
0.643326 0.117811 0.909422 6
0.644048 0.117541 0.908403 6
0.64477 0.117272 0.907794 6
0.645492 0.117004 0.907579 6
0.646216 0.116736 0.907738 6
0.64694 0.116469 0.908252 6
0.647664 0.116202 0.909106 6
0.648389 0.115936 0.910284 6
0.649114 0.11567 0.91177 6
0.64984 0.115404 0.913551 6
0.650566 0.115139 0.915613 6
0.651293 0.114874 0.917941 6
0.65202 0.114609 0.920525 6
0.652747 0.114344 0.923351 6
0.653475 0.114079 0.92641 6
0.654203 0.113815 0.929691 6
0.654931 0.11355 0.933186 6
0.65566 0.113286 0.936883 6
0.656388 0.113021 0.940776 6
0.657117 0.112757 0.944855 6
0.657845 0.112492 0.949112 6
0.658574 0.112227 0.95354 6
0.659303 0.111962 0.958133 6
0.660032 0.111697 0.962882 6
0.660761 0.111432 0.967777 6
0.66149 0.111167 0.972814 6
0.662219 0.110902 0.977986 6
0.662947 0.110637 0.983288 6
0.663676 0.110371 0.988716 6
0.664404 0.110105 0.994265 6
0.665132 0.109839 0.999931 6
0.66586 0.109573 1.00571 6
0.666588 0.109307 1.0116 6
0.667315 0.10904 1.01759 6
0.668042 0.108773 1.02368 6
0.668769 0.108506 1.02987 6
0.669496 0.108239 1.03616 6
0.670222 0.107971 1.04253 6
0.670947 0.107704 1.049 6
0.671672 0.107435 1.05554 6
0.672397 0.107167 1.06217 6
0.673121 0.106899 1.06889 6
0.673844 0.10663 1.07567 6
0.674567 0.106361 1.08254 6
0.675289 0.106092 1.08947 6
0.67601 0.105822 1.09648 6
0.676731 0.105552 1.10355 6
0.677451 0.105282 1.11069 6
0.67817 0.105012 1.11789 6
0.678888 0.104742 1.12515 6
0.679605 0.104471 1.13248 6
0.680322 0.1042 1.13986 6
0.681037 0.103929 1.1473 6
0.681751 0.103658 1.15479 6
0.682465 0.103386 1.16234 6
0.683177 0.103114 1.16994 6
0.683888 0.102843 1.17758 6
0.684598 0.102571 1.18528 6
0.685307 0.102298 1.19302 6
0.686014 0.102026 1.2008 6
0.686721 0.101753 1.20862 6
0.687426 0.101481 1.21649 6
0.68813 0.101208 1.22439 6
0.688832 0.100935 1.23233 6
0.689533 0.100662 1.2403 6
0.690232 0.100388 1.2483 6
0.69093 0.100115 1.25634 6
0.691627 0.0998416 1.2644 6
0.692321 0.0995681 1.27249 6
0.693014 0.0992944 1.28061 6
0.693706 0.0990208 1.28875 6
0.694396 0.098747 1.2969 6
0.695084 0.0984733 1.30508 6
0.69577 0.0981996 1.31327 6
0.696454 0.0979259 1.32148 6
0.697137 0.0976522 1.3297 6
0.697817 0.0973786 1.33793 6
0.698496 0.0971048 1.34618 6
0.699173 0.0968311 1.35443 6
0.699848 0.0965574 1.36269 6
0.700521 0.0962837 1.37095 6
0.701192 0.0960101 1.37922 6
0.701861 0.0957366 1.38749 6
0.702527 0.0954632 1.39576 6
0.703192 0.0951899 1.40404 6
0.703854 0.0949168 1.41231 6
0.704514 0.0946437 1.42057 6
0.705172 0.0943708 1.42883 6
0.705827 0.0940981 1.43709 6
0.70648 0.0938256 1.44533 6
0.707131 0.0935533 1.45357 6
0.70778 0.0932811 1.46179 6
0.708426 0.0930092 1.47001 6
0.70907 0.0927375 1.4782 6
0.709711 0.0924661 1.48639 6
0.71035 0.0921949 1.49455 6
0.710986 0.091924 1.5027 6
0.71162 0.0916534 1.51083 6
0.712251 0.091383 1.51894 6
0.71288 0.091113 1.52702 6
0.713506 0.0908433 1.53508 6
0.71413 0.0905739 1.54312 6
0.714751 0.0903049 1.55113 6
0.71537 0.0900363 1.55911 6
0.715986 0.089768 1.56707 6
0.7166 0.0895 1.57499 6
0.717211 0.0892325 1.58289 6
0.717819 0.0889654 1.59075 6
0.718424 0.0886988 1.59857 6
0.719027 0.0884327 1.60636 6
0.719627 0.088167 1.61412 6
0.720225 0.0879016 1.62183 6
0.72082 0.0876368 1.62951 6
0.721412 0.0873724 1.63715 6
0.722001 0.0871085 1.64475 6
0.722588 0.086845 1.6523 6
0.723172 0.0865819 1.65981 6
0.723753 0.0863193 1.66727 6
0.724331 0.0860572 1.67468 6
0.724907 0.0857956 1.68204 6
0.72548 0.0855345 1.68935 6
0.726051 0.0852741 1.69661 6
0.726618 0.0850142 1.70383 6
0.727183 0.0847548 1.71099 6
0.727746 0.0844961 1.71809 6
0.728305 0.0842378 1.72515 6
0.728862 0.0839803 1.73215 6
0.729417 0.0837233 1.73911 6
0.729968 0.083467 1.746 6
0.730517 0.0832112 1.75285 6
0.731064 0.0829561 1.75963 6
0.731608 0.0827015 1.76637 6
0.732149 0.0824475 1.77304 6
0.732688 0.082194 1.77967 6
0.733224 0.0819412 1.78623 6
0.733757 0.0816889 1.79274 6
0.734288 0.0814374 1.79919 6
0.734816 0.0811864 1.80558 6
0.735342 0.0809361 1.81192 6
0.735865 0.0806865 1.81819 6
0.736386 0.0804375 1.82441 6
0.736905 0.0801891 1.83057 6
0.737421 0.0799413 1.83667 6
0.737935 0.0796942 1.84271 6
0.738446 0.0794479 1.84869 6
0.738955 0.0792021 1.85462 6
0.739461 0.0789571 1.86048 6
0.739965 0.0787128 1.86628 6
0.740467 0.0784691 1.87203 6
0.740967 0.078226 1.87771 6
0.741464 0.0779838 1.88334 6
0.741959 0.0777421 1.88891 6
0.742452 0.077501 1.89442 6
0.742942 0.0772606 1.89987 6
0.743431 0.077021 1.90527 6
0.743917 0.076782 1.9106 6
0.744401 0.0765438 1.91588 6
0.744883 0.0763062 1.9211 6
0.745363 0.0760694 1.92626 6
0.745841 0.0758333 1.93137 6
0.746317 0.0755978 1.93642 6
0.746791 0.0753631 1.94141 6
0.747263 0.075129 1.94635 6
0.747732 0.0748955 1.95123 6
0.7482 0.0746627 1.95605 6
0.748666 0.0744306 1.96082 6
0.749131 0.0741993 1.96554 6
0.749593 0.0739685 1.9702 6
0.750053 0.0737385 1.97481 6
0.750512 0.0735092 1.97937 6
0.750969 0.0732806 1.98387 6
0.751424 0.0730526 1.98832 6
0.751878 0.0728254 1.99271 6
0.75233 0.072599 1.99706 6
0.75278 0.0723732 2.00135 6
0.753229 0.072148 2.00559 6
0.753676 0.0719235 2.00978 6
0.754121 0.0716997 2.01392 6
0.754565 0.0714766 2.01801 6
0.755007 0.0712541 2.02206 6
0.755448 0.0710322 2.02605 6
0.755888 0.070811 2.02999 6
0.756326 0.0705905 2.03389 6
0.756762 0.0703708 2.03773 6
0.757197 0.0701516 2.04153 6
0.757631 0.0699331 2.04529 6
0.758063 0.0697152 2.049 6
0.758494 0.0694979 2.05266 6
0.758924 0.0692812 2.05628 6
0.759352 0.0690652 2.05985 6
0.75978 0.0688498 2.06338 6
0.760206 0.068635 2.06686 6
0.76063 0.0684209 2.07031 6
0.761054 0.0682073 2.07371 6
0.761476 0.0679943 2.07706 6
0.761898 0.0677821 2.08038 6
0.762318 0.0675703 2.08366 6
0.762737 0.0673592 2.08689 6
0.763154 0.0671487 2.09009 6
0.763571 0.0669389 2.09325 6
0.763987 0.0667298 2.09637 6
0.764402 0.0665212 2.09945 6
0.764815 0.0663133 2.10249 6
0.765228 0.066106 2.1055 6
0.76564 0.0658993 2.10847 6
0.766051 0.0656932 2.1114 6
0.766461 0.0654877 2.1143 6
0.76687 0.0652828 2.11716 6
0.767278 0.0650785 2.11999 6
0.767685 0.0648747 2.12278 6
0.768092 0.0646714 2.12554 6
0.768498 0.0644688 2.12827 6
0.768903 0.0642668 2.13096 6
0.769307 0.0640654 2.13362 6
0.769711 0.0638647 2.13625 6
0.770113 0.0636645 2.13885 6
0.770516 0.0634649 2.14142 6
0.770917 0.0632658 2.14395 6
0.771318 0.0630673 2.14645 6
0.771718 0.0628694 2.14893 6
0.772117 0.0626722 2.15137 6
0.772516 0.0624755 2.15379 6
0.772914 0.0622793 2.15617 6
0.773312 0.0620837 2.15853 6
0.773709 0.0618887 2.16086 6
0.774105 0.0616942 2.16316 6
0.774501 0.0615002 2.16543 6
0.774897 0.0613069 2.16768 6
0.775292 0.0611141 2.1699 6
0.775686 0.0609218 2.1721 6
0.776081 0.0607301 2.17427 6
0.776474 0.0605389 2.17641 6
0.776867 0.0603483 2.17853 6
0.77726 0.0601582 2.18062 6
0.777653 0.0599687 2.18269 6
0.778045 0.0597796 2.18473 6
0.778436 0.0595911 2.18675 6
0.778828 0.0594031 2.18875 6
0.779219 0.0592156 2.19072 6
0.779609 0.0590286 2.19267 6
0.78 0.0588421 2.1946 6
0.78039 0.0586562 2.1965 6
0.78078 0.0584708 2.19838 6
0.781169 0.0582859 2.20025 6
0.781559 0.0581016 2.20208 6
0.781947 0.0579178 2.2039 6
0.782336 0.0577347 2.2057 6
0.782725 0.057552 2.20747 7
0.783113 0.0573698 2.20904 7
0.783501 0.0571883 2.21031 7
0.783888 0.0570072 2.21128 7
0.784275 0.0568267 2.21196 7
0.784663 0.0566465 2.21236 7
0.785052 0.0564667 2.21251 7
0.785442 0.0562873 2.21241 7
0.785833 0.0561081 2.21207 7
0.786225 0.0559291 2.21151 7
0.786618 0.0557503 2.21073 7
0.787013 0.0555717 2.20976 7
0.78741 0.0553935 2.20859 7
0.787809 0.0552154 2.20724 7
0.788209 0.0550375 2.20571 7
0.788612 0.0548597 2.20402 7
0.789017 0.054682 2.20218 7
0.789424 0.0545044 2.20018 7
0.789834 0.054327 2.19805 7
0.790246 0.0541496 2.19578 7
0.79066 0.0539723 2.19338 7
0.791077 0.053795 2.19086 7
0.791497 0.0536177 2.18823 7
0.79192 0.0534404 2.18548 7
0.792346 0.053263 2.18263 7
0.792774 0.0530857 2.17968 7
0.793205 0.0529082 2.17664 7
0.79364 0.0527308 2.1735 7
0.794078 0.0525534 2.17028 7
0.794518 0.052376 2.16698 7
0.794962 0.0521987 2.1636 7
0.79541 0.0520213 2.16015 7
0.79586 0.0518439 2.15663 7
0.796314 0.0516665 2.15304 7
0.796771 0.0514891 2.14939 7
0.797232 0.0513116 2.14568 7
0.797695 0.0511342 2.14191 7
0.798163 0.0509566 2.13808 7
0.798634 0.050779 2.13421 7
0.799108 0.0506013 2.13028 7
0.799586 0.0504236 2.12631 7
0.800067 0.0502459 2.12229 7
0.800552 0.0500682 2.11823 7
0.801041 0.0498904 2.11413 7
0.801533 0.0497127 2.11 7
0.802029 0.0495348 2.10583 7
0.802528 0.0493569 2.10163 7
0.803031 0.0491791 2.09739 7
0.803538 0.0490011 2.09312 7
0.804048 0.0488232 2.08882 7
0.804562 0.0486451 2.0845 7
0.80508 0.048467 2.08015 7
0.805601 0.0482889 2.07577 7
0.806126 0.0481109 2.07137 7
0.806655 0.0479328 2.06694 7
0.807187 0.0477547 2.06249 7
0.807723 0.0475766 2.05802 7
0.808262 0.0473985 2.05353 7
0.808806 0.0472205 2.04902 7
0.809352 0.0470425 2.04449 7
0.809903 0.0468645 2.03994 7
0.810457 0.0466865 2.03538 7
0.811014 0.0465085 2.03079 7
0.811576 0.0463305 2.0262 7
0.81214 0.0461524 2.02159 7
0.812709 0.0459744 2.01696 7
0.813281 0.0457962 2.01232 7
0.813856 0.0456181 2.00767 7
0.814435 0.0454401 2.003 7
0.815018 0.0452622 1.99832 7
0.815604 0.0450841 1.99363 7
0.816194 0.0449061 1.98893 7
0.816787 0.0447281 1.98422 7
0.817384 0.0445502 1.97949 7
0.817985 0.0443722 1.97476 7
0.818589 0.0441943 1.97001 7
0.819197 0.0440165 1.96526 7
0.819808 0.0438387 1.9605 7
0.820422 0.0436611 1.95573 7
0.82104 0.0434835 1.95095 7
0.821662 0.043306 1.94616 7
0.822287 0.0431286 1.94136 7
0.822915 0.0429513 1.93656 7
0.823547 0.0427741 1.93175 7
0.824182 0.0425969 1.92693 7
0.82482 0.0424199 1.9221 7
0.825461 0.042243 1.91727 7
0.826106 0.0420663 1.91243 7
0.826755 0.0418897 1.90759 7
0.827406 0.0417132 1.90274 7
0.828061 0.0415368 1.89788 7
0.828719 0.0413606 1.89302 7
0.82938 0.0411845 1.88816 7
0.830044 0.0410084 1.88328 7
0.830712 0.0408325 1.87841 7
0.831383 0.0406569 1.87352 7
0.832057 0.0404815 1.86864 7
0.832734 0.0403062 1.86375 7
0.833415 0.0401311 1.85886 7
0.834098 0.0399562 1.85396 7
0.834785 0.0397814 1.84906 7
0.835474 0.0396069 1.84416 7
0.836167 0.0394327 1.83925 7
0.836862 0.0392587 1.83434 7
0.837561 0.039085 1.82943 7
0.838263 0.0389115 1.82452 7
0.838967 0.0387382 1.81961 7
0.839674 0.0385651 1.81469 7
0.840385 0.0383921 1.80977 7
0.841098 0.0382195 1.80484 7
0.841814 0.0380471 1.79992 7
0.842533 0.037875 1.79499 7
0.843255 0.0377032 1.79006 7
0.843979 0.0375316 1.78513 7
0.844706 0.0373602 1.78019 7
0.845436 0.037189 1.77526 7
0.846169 0.0370182 1.77032 7
0.846904 0.0368475 1.76538 7
0.847642 0.0366772 1.76044 7
0.848382 0.0365071 1.75549 7
0.849125 0.0363373 1.75055 7
0.849871 0.0361679 1.7456 7
0.850619 0.0359988 1.74065 7
0.85137 0.03583 1.7357 7
0.852124 0.0356615 1.73075 7
0.852879 0.0354933 1.72579 7
0.853638 0.0353255 1.72084 7
0.854398 0.035158 1.71588 7
0.855161 0.0349909 1.71092 7
0.855927 0.0348242 1.70597 7
0.856694 0.0346577 1.70102 7
0.857464 0.0344917 1.69607 7
0.858236 0.034326 1.69112 7
0.85901 0.0341608 1.68617 7
0.859787 0.0339959 1.68122 7
0.860566 0.0338315 1.67628 7
0.861346 0.0336675 1.67133 7
0.86213 0.033504 1.66639 7
0.862915 0.033341 1.66145 7
0.863702 0.0331784 1.65651 7
0.864492 0.0330162 1.65157 7
0.865283 0.0328544 1.64663 7
0.866077 0.032693 1.6417 7
0.866872 0.032532 1.63677 7
0.86767 0.0323714 1.63184 7
0.868469 0.0322112 1.62691 7
0.86927 0.0320515 1.62199 7
0.870073 0.0318924 1.61706 7
0.870878 0.0317337 1.61214 7
0.871685 0.0315755 1.60723 7
0.872493 0.0314179 1.60232 7
0.873303 0.0312607 1.59741 7
0.874115 0.031104 1.59251 7
0.874929 0.0309478 1.5876 7
0.875744 0.030792 1.58271 7
0.876561 0.0306367 1.57781 7
0.877379 0.0304819 1.57292 7
0.878199 0.0303277 1.56804 7
0.879021 0.0301739 1.56315 7
0.879844 0.0300207 1.55828 7
0.880669 0.029868 1.5534 7
0.881495 0.0297158 1.54853 7
0.882323 0.0295642 1.54367 7
0.883152 0.0294131 1.53881 7
0.883982 0.0292626 1.53396 7
0.884814 0.0291128 1.52911 7
0.885647 0.0289635 1.52427 7
0.886481 0.0288149 1.51943 7
0.887316 0.0286668 1.51459 7
0.888153 0.0285193 1.50977 7
0.888991 0.0283724 1.50495 7
0.88983 0.0282261 1.50013 7
0.89067 0.0280803 1.49533 7
0.891511 0.0279351 1.49052 7
0.892353 0.0277904 1.48572 7
0.893197 0.0276464 1.48092 7
0.894041 0.027503 1.47613 7
0.894886 0.0273601 1.47133 7
0.895733 0.0272179 1.46654 7
0.89658 0.0270764 1.46176 7
0.897428 0.0269355 1.45698 7
0.898277 0.0267953 1.4522 7
0.899127 0.0266557 1.44743 7
0.899978 0.0265168 1.44266 7
0.900829 0.0263786 1.4379 7
0.901681 0.026241 1.43315 7
0.902534 0.0261041 1.4284 7
0.903388 0.0259679 1.42365 7
0.904242 0.0258323 1.41892 7
0.905097 0.0256973 1.41419 7
0.905953 0.0255631 1.40946 7
0.906809 0.0254295 1.40475 7
0.907666 0.0252967 1.40004 7
0.908523 0.0251647 1.39534 7
0.90938 0.0250333 1.39065 7
0.910238 0.0249027 1.38597 7
0.911097 0.0247726 1.38129 7
0.911956 0.0246433 1.37663 7
0.912815 0.0245146 1.37197 7
0.913675 0.0243866 1.36732 7
0.914535 0.0242593 1.36269 7
0.915395 0.0241327 1.35807 7
0.916256 0.0240068 1.35345 7
0.917117 0.0238818 1.34886 7
0.917978 0.0237574 1.34427 7
0.918839 0.0236336 1.3397 7
0.919701 0.0235106 1.33514 7
0.920563 0.0233883 1.33061 7
0.921425 0.0232668 1.32608 7
0.922287 0.023146 1.32157 7
0.923149 0.0230259 1.31708 7
0.924011 0.0229066 1.31261 7
0.924874 0.0227882 1.30815 7
0.925736 0.0226704 1.3037 7
0.926598 0.0225533 1.29928 7
0.92746 0.022437 1.29487 7
0.928322 0.0223215 1.29047 7
0.929184 0.0222067 1.28609 7
0.930046 0.0220927 1.28173 7
0.930907 0.0219795 1.27739 7
0.931769 0.0218671 1.27306 7
0.93263 0.0217554 1.26875 7
0.933491 0.0216444 1.26446 7
0.934352 0.0215342 1.26018 7
0.935213 0.0214249 1.25593 7
0.936073 0.0213163 1.25169 7
0.936933 0.0212085 1.24748 7
0.937793 0.0211015 1.24328 7
0.938652 0.0209953 1.2391 7
0.939511 0.0208898 1.23494 7
0.940369 0.0207851 1.2308 7
0.941227 0.0206812 1.22668 7
0.942085 0.0205781 1.22258 7
0.942942 0.0204757 1.21849 7
0.943799 0.0203741 1.21443 7
0.944655 0.0202732 1.21039 7
0.945511 0.0201731 1.20637 7
0.946366 0.0200739 1.20237 7
0.947221 0.0199754 1.19839 7
0.948075 0.0198778 1.19443 7
0.948929 0.0197809 1.19049 7
0.949782 0.0196849 1.18657 7
0.950635 0.0195896 1.18267 7
0.951487 0.0194951 1.17879 7
0.952338 0.0194014 1.17493 7
0.953189 0.0193085 1.1711 7
0.954039 0.0192165 1.16729 7
0.954889 0.0191252 1.16349 7
0.955738 0.0190347 1.15972 7
0.956586 0.018945 1.15597 7
0.957434 0.0188562 1.15225 7
0.958281 0.0187681 1.14854 7
0.959127 0.0186809 1.14486 7
0.959973 0.0185945 1.14121 7
0.960818 0.0185089 1.13757 7
0.961662 0.0184242 1.13396 7
0.962505 0.0183402 1.13038 7
0.963347 0.018257 1.12681 7
0.964189 0.0181747 1.12327 7
0.96503 0.0180931 1.11976 7
0.96587 0.0180124 1.11627 7
0.966709 0.0179324 1.1128 7
0.967547 0.0178531 1.10936 7
0.968385 0.0177746 1.10594 7
0.969221 0.017697 1.10254 7
0.970057 0.0176201 1.09917 7
0.970892 0.017544 1.09582 7
0.971726 0.0174687 1.0925 7
0.972559 0.0173942 1.0892 7
0.973391 0.0173205 1.08593 7
0.974222 0.0172476 1.08268 7
0.975053 0.0171755 1.07946 7
0.975882 0.0171042 1.07626 7
0.976711 0.0170338 1.07309 7
0.977538 0.0169641 1.06994 7
0.978365 0.0168952 1.06681 7
0.979191 0.0168272 1.06371 7
0.980015 0.0167598 1.06064 7
0.980839 0.0166933 1.05759 7
0.981662 0.0166275 1.05457 7
0.982484 0.0165625 1.05157 7
0.983305 0.0164982 1.04859 7
0.984126 0.0164346 1.04565 7
0.984945 0.0163718 1.04272 7
0.985763 0.0163098 1.03982 7
0.98658 0.0162486 1.03694 7
0.987397 0.0161882 1.03408 7
0.988212 0.0161285 1.03124 7
0.989026 0.0160695 1.02842 7
0.98984 0.0160113 1.02563 7
0.990652 0.0159539 1.02285 7
0.991464 0.0158972 1.02009 7
0.992274 0.0158413 1.01736 7
0.993084 0.0157861 1.01465 7
0.993892 0.0157317 1.01196 7
0.9947 0.0156781 1.00929 7
0.995506 0.0156252 1.00664 7
0.996312 0.0155731 1.00401 7
0.997116 0.0155217 1.00141 7
0.99792 0.0154711 0.998828 7
0.998723 0.0154211 0.996268 7
0.999524 0.0153719 0.99373 7
1.00032 0.0153236 0.991214 7
1.00112 0.015276 0.98872 7
1.00192 0.0152291 0.986248 7
1.00272 0.0151829 0.983798 7
1.00352 0.0151375 0.98137 7
1.00431 0.0150927 0.978965 7
1.00511 0.0150487 0.976581 7
1.0059 0.0150054 0.97422 7
1.00669 0.0149628 0.97188 7
1.00749 0.014921 0.969562 7
1.00828 0.01488 0.967269 7
1.00907 0.0148397 0.965 7
1.00985 0.0148002 0.962755 7
1.01064 0.0147615 0.960534 7
1.01143 0.0147236 0.958337 7
1.01221 0.0146864 0.956165 7
1.013 0.0146497 0.954016 7
1.01378 0.0146139 0.951891 7
1.01457 0.0145788 0.949789 7
1.01535 0.0145444 0.947711 7
1.01613 0.0145107 0.945656 7
1.01691 0.0144777 0.943624 7
1.01769 0.0144453 0.941614 7
1.01847 0.0144136 0.939626 7
1.01924 0.0143826 0.937661 7
1.02002 0.0143522 0.935719 7
1.02079 0.0143226 0.933799 7
1.02157 0.0142936 0.931902 7
1.02234 0.0142653 0.930026 7
1.02311 0.0142377 0.928171 7
1.02389 0.0142108 0.926338 7
1.02466 0.0141846 0.924526 7
1.02543 0.014159 0.922736 7
1.02619 0.0141341 0.920966 7
1.02696 0.01411 0.919217 7
1.02773 0.0140865 0.917488 7
1.0285 0.0140637 0.91578 7
1.02926 0.0140415 0.914092 7
1.03003 0.0140201 0.912425 7
1.03079 0.0139993 0.910778 7
1.03155 0.0139792 0.909151 7
1.03231 0.0139598 0.907545 7
1.03307 0.0139411 0.905958 7
1.03383 0.0139232 0.904391 7
1.03459 0.0139059 0.902843 7
1.03535 0.0138893 0.901316 7
1.03611 0.0138733 0.899807 7
1.03686 0.013858 0.898318 7
1.03762 0.0138432 0.896848 7
1.03837 0.0138291 0.895396 7
1.03913 0.0138157 0.893964 7
1.03988 0.0138029 0.89255 7
1.04063 0.0137909 0.891155 7
1.04139 0.0137795 0.889779 7
1.04214 0.0137687 0.888421 7
1.04289 0.0137585 0.887081 7
1.04364 0.0137489 0.885758 7
1.04439 0.01374 0.884454 7
1.04513 0.0137317 0.88317 7
1.04588 0.0137241 0.881907 7
1.04663 0.0137171 0.880666 7
1.04737 0.0137107 0.879447 7
1.04812 0.0137049 0.878247 7
1.04886 0.0136998 0.877067 7
1.04961 0.0136953 0.875907 7
1.05035 0.0136914 0.874767 7
1.05109 0.0136882 0.873647 7
1.05183 0.0136856 0.872545 7
1.05257 0.0136835 0.871462 7
1.05331 0.013682 0.870398 7
1.05405 0.0136812 0.869352 7
1.05479 0.013681 0.868325 7
1.05553 0.0136814 0.867315 7
1.05627 0.0136823 0.866323 7
1.057 0.0136838 0.865348 8
1.05774 0.013686 0.864312 8
1.05848 0.0136886 0.863178 8
1.05921 0.0136919 0.861939 8
1.05995 0.0136957 0.860601 8
1.06068 0.0137001 0.859167 8
1.06141 0.0137053 0.85764 8
1.06214 0.013711 0.856023 8
1.06287 0.0137174 0.854321 8
1.0636 0.0137246 0.852536 8
1.06433 0.0137325 0.850671 8
1.06506 0.0137411 0.848729 8
1.06579 0.0137505 0.846714 8
1.06651 0.0137605 0.844631 8
1.06723 0.0137713 0.842485 8
1.06795 0.0137829 0.840277 8
1.06868 0.0137951 0.838009 8
1.06939 0.0138081 0.835684 8
1.07011 0.0138218 0.833302 8
1.07083 0.0138362 0.830867 8
1.07154 0.0138514 0.82838 8
1.07225 0.0138674 0.825842 8
1.07296 0.013884 0.823255 8
1.07367 0.0139014 0.820621 8
1.07438 0.0139197 0.817942 8
1.07509 0.0139386 0.815217 8
1.07579 0.0139583 0.81245 8
1.07649 0.0139787 0.809639 8
1.07719 0.0139999 0.806788 8
1.07789 0.014022 0.803897 8
1.07859 0.0140448 0.800967 8
1.07928 0.0140684 0.797999 8
1.07997 0.0140928 0.794995 8
1.08066 0.014118 0.791955 8
1.08135 0.014144 0.788879 8
1.08204 0.0141708 0.78577 8
1.08272 0.0141984 0.782628 8
1.0834 0.0142269 0.779453 8
1.08408 0.0142561 0.776247 8
1.08476 0.0142862 0.773009 8
1.08543 0.0143171 0.769742 8
1.0861 0.0143489 0.766445 8
1.08677 0.0143815 0.76312 8
1.08744 0.014415 0.759765 8
1.08811 0.0144493 0.756385 8
1.08877 0.0144844 0.752977 8
1.08943 0.0145204 0.749543 8
1.09009 0.0145572 0.746084 8
1.09074 0.0145948 0.7426 8
1.0914 0.0146333 0.739091 8
1.09205 0.0146727 0.735558 8
1.09269 0.014713 0.732001 8
1.09334 0.014754 0.728421 8
1.09398 0.0147958 0.724818 8
1.09462 0.0148385 0.721193 8
1.09526 0.0148821 0.717545 8
1.09589 0.0149265 0.713875 8
1.09652 0.0149717 0.710184 8
1.09715 0.0150177 0.706472 8
1.09778 0.0150646 0.702739 8
1.0984 0.0151123 0.698985 8
1.09902 0.0151608 0.695212 8
1.09964 0.0152103 0.691419 8
1.10025 0.0152607 0.687607 8
1.10087 0.0153119 0.683776 8
1.10147 0.015364 0.679926 8
1.10208 0.0154168 0.676057 8
1.10268 0.0154705 0.67217 8
1.10328 0.0155251 0.668265 8
1.10388 0.0155805 0.664342 8
1.10447 0.0156367 0.660402 8
1.10506 0.0156937 0.656445 8
1.10565 0.0157515 0.65247 8
1.10623 0.0158101 0.64848 8
1.10682 0.0158696 0.644473 8
1.10739 0.01593 0.64045 8
1.10797 0.0159912 0.636411 8
1.10854 0.0160533 0.632357 8
1.10911 0.0161164 0.628288 8
1.10967 0.0161803 0.624202 8
1.11024 0.0162451 0.620102 8
1.11079 0.0163107 0.615988 8
1.11135 0.0163772 0.611858 8
1.1119 0.0164444 0.607713 8
1.11245 0.0165126 0.603553 8
1.11299 0.0165815 0.599379 8
1.11354 0.0166513 0.595191 8
1.11407 0.016722 0.590989 8
1.11461 0.0167934 0.586773 8
1.11514 0.0168657 0.582544 8
1.11567 0.0169388 0.578302 8
1.11619 0.0170128 0.574047 8
1.11671 0.0170877 0.569778 8
1.11723 0.0171634 0.565498 8
1.11774 0.01724 0.561205 8
1.11825 0.0173175 0.556899 8
1.11876 0.0173958 0.552581 8
1.11926 0.017475 0.548251 8
1.11976 0.0175551 0.543909 8
1.12026 0.0176359 0.539557 8
1.12075 0.0177176 0.535193 8
1.12124 0.0178001 0.530817 8
1.12172 0.0178835 0.526429 8
1.1222 0.0179677 0.52203 8
1.12268 0.0180527 0.51762 8
1.12315 0.0181384 0.513198 8
1.12362 0.018225 0.508765 8
1.12408 0.0183124 0.50432 8
1.12455 0.0184006 0.499865 8
1.125 0.0184897 0.4954 8
1.12546 0.0185796 0.490925 8
1.12591 0.0186703 0.48644 8
1.12635 0.0187618 0.481945 8
1.12679 0.0188541 0.47744 8
1.12723 0.0189471 0.472925 8
1.12767 0.0190411 0.468402 8
1.1281 0.0191358 0.463869 8
1.12852 0.0192313 0.459328 8
1.12894 0.0193277 0.454778 8
1.12936 0.0194248 0.450219 8
1.12978 0.0195228 0.445652 8
1.13019 0.0196216 0.441076 8
1.13059 0.0197212 0.436491 8
1.131 0.0198216 0.431898 8
1.13139 0.0199228 0.427297 8
1.13179 0.0200247 0.422688 8
1.13218 0.0201275 0.418071 8
1.13256 0.020231 0.413446 8
1.13294 0.0203353 0.408814 8
1.13332 0.0204403 0.404173 8
1.13369 0.0205461 0.399522 8
1.13406 0.0206526 0.394862 8
1.13443 0.0207598 0.390193 8
1.13479 0.0208678 0.385516 8
1.13514 0.0209766 0.380831 8
1.1355 0.0210861 0.376138 8
1.13584 0.0211964 0.371437 8
1.13619 0.0213074 0.366727 8
1.13653 0.0214191 0.36201 8
1.13686 0.0215316 0.357286 8
1.13719 0.0216448 0.352555 8
1.13752 0.0217588 0.347817 8
1.13784 0.0218736 0.343072 8
1.13816 0.0219891 0.33832 8
1.13847 0.0221053 0.333562 8
1.13878 0.0222223 0.328798 8
1.13909 0.0223401 0.324028 8
1.13939 0.0224586 0.319252 8
1.13969 0.0225778 0.31447 8
1.13998 0.0226977 0.309682 8
1.14027 0.0228182 0.304889 8
1.14055 0.0229394 0.300089 8
1.14083 0.0230613 0.295285 8
1.1411 0.023184 0.290474 8
1.14137 0.0233074 0.285658 8
1.14164 0.0234315 0.280837 8
1.1419 0.0235564 0.276011 8
1.14216 0.0236819 0.271181 8
1.14241 0.0238081 0.266346 8
1.14266 0.023935 0.261506 8
1.1429 0.0240627 0.256662 8
1.14314 0.024191 0.251813 8
1.14338 0.02432 0.246961 8
1.14361 0.0244495 0.242104 8
1.14383 0.0245797 0.237243 8
1.14406 0.0247106 0.232379 8
1.14427 0.0248421 0.227512 8
1.14449 0.0249744 0.222641 8
1.14469 0.0251072 0.217766 8
1.1449 0.0252406 0.212889 8
1.1451 0.0253747 0.20801 8
1.14529 0.0255094 0.203129 8
1.14548 0.0256447 0.198248 8
1.14567 0.0257806 0.193365 8
1.14585 0.0259173 0.188483 8
1.14603 0.0260545 0.183599 8
1.1462 0.0261925 0.178715 8
1.14637 0.0263311 0.17383 8
1.14653 0.0264703 0.168945 8
1.14669 0.02661 0.16406 8
1.14684 0.0267503 0.159174 8
1.14699 0.0268912 0.154287 8
1.14714 0.0270327 0.149401 8
1.14728 0.0271748 0.144515 8
1.14742 0.0273175 0.139629 8
1.14755 0.0274608 0.134744 8
1.14768 0.0276046 0.12986 8
1.1478 0.027749 0.124976 8
1.14792 0.0278941 0.120093 8
1.14803 0.0280397 0.11521 8
1.14814 0.0281858 0.110327 8
1.14825 0.0283326 0.105444 8
1.14835 0.0284798 0.100562 8
1.14845 0.0286276 0.095682 8
1.14854 0.028776 0.0908032 8
1.14863 0.028925 0.0859248 8
1.14871 0.0290745 0.0810476 8
1.14879 0.0292245 0.0761714 8
1.14887 0.0293751 0.0712961 8
1.14894 0.0295262 0.066422 8
1.149 0.0296778 0.0615491 8
1.14906 0.0298299 0.0566781 8
1.14912 0.0299827 0.0518096 8
1.14917 0.030136 0.0469433 8
1.14922 0.0302898 0.0420795 8
1.14927 0.0304442 0.0372187 8
1.14931 0.030599 0.0323604 8
1.14934 0.0307544 0.0275056 8
1.14937 0.0309103 0.0226548 8
1.1494 0.0310667 0.0178071 8
1.14942 0.0312237 0.0129629 8
1.14944 0.031381 0.0081228 8
1.14945 0.0315389 0.00328662 8
1.14946 0.0316972 -0.00154565 8
1.14947 0.0318561 -0.00637514 8
1.14947 0.0320154 -0.011201 8
1.14947 0.0321751 -0.0160223 8
1.14946 0.0323353 -0.0208401 8
1.14945 0.032496 -0.0256545 8
1.14943 0.0326571 -0.0304641 8
1.14941 0.0328186 -0.0352691 8
1.14939 0.0329807 -0.0400696 8
1.14936 0.0331431 -0.0448655 8
1.14933 0.033306 -0.0496565 8
1.14929 0.0334693 -0.0544418 8
1.14925 0.0336332 -0.0592219 8
1.1492 0.0337974 -0.0639959 8
1.14915 0.0339619 -0.068763 8
1.1491 0.034127 -0.0735241 8
1.14904 0.0342924 -0.0782796 8
1.14898 0.0344582 -0.0830284 8
1.14892 0.0346244 -0.0877703 8
1.14885 0.034791 -0.0925057 8
1.14877 0.0349581 -0.0972342 8
1.1487 0.0351256 -0.101955 8
1.14862 0.0352934 -0.106668 8
1.14853 0.0354616 -0.111374 8
1.14844 0.0356303 -0.116073 8
1.14835 0.0357994 -0.120765 8
1.14825 0.0359689 -0.125449 8
1.14815 0.0361388 -0.130126 8
1.14804 0.036309 -0.134794 8
1.14793 0.0364795 -0.139455 8
1.14782 0.0366504 -0.144108 8
1.1477 0.0368217 -0.148754 8
1.14758 0.0369934 -0.15339 8
1.14746 0.0371655 -0.15802 8
1.14733 0.0373379 -0.162641 8
1.1472 0.0375107 -0.167254 8
1.14706 0.0376838 -0.171859 8
1.14692 0.0378572 -0.176455 8
1.14678 0.038031 -0.181042 8
1.14663 0.0382052 -0.185621 8
1.14648 0.0383796 -0.190191 8
1.14633 0.0385545 -0.194751 8
1.14617 0.0387297 -0.199302 8
1.14601 0.0389053 -0.203844 8
1.14584 0.0390812 -0.208377 8
1.14567 0.0392574 -0.212899 8
1.1455 0.039434 -0.217413 8
1.14532 0.0396109 -0.221915 8
1.14514 0.0397881 -0.226407 8
1.14496 0.0399656 -0.230887 8
1.14477 0.0401435 -0.235355 8
1.14458 0.0403217 -0.239812 8
1.14439 0.0405002 -0.244255 8
1.14419 0.0406791 -0.248686 8
1.14399 0.0408582 -0.253106 8
1.14379 0.0410377 -0.257513 8
1.14358 0.0412176 -0.26191 8
1.14337 0.0413977 -0.266295 8
1.14316 0.0415782 -0.270669 8
1.14294 0.041759 -0.275031 8
1.14272 0.0419401 -0.27938 8
1.14249 0.0421213 -0.283716 8
1.14227 0.042303 -0.28804 8
1.14204 0.0424848 -0.292353 8
1.1418 0.0426668 -0.296651 8
1.14156 0.0428492 -0.300938 8
1.14132 0.0430319 -0.30521 8
1.14108 0.0432147 -0.30947 8
1.14083 0.0433978 -0.313714 8
1.14059 0.0435811 -0.317946 8
1.14033 0.0437647 -0.322163 8
1.14008 0.0439486 -0.326367 8
1.13982 0.0441327 -0.330556 8
1.13956 0.0443171 -0.334731 8
1.13929 0.0445017 -0.338891 8
1.13902 0.0446865 -0.343037 8
1.13875 0.0448716 -0.347169 8
1.13848 0.0450571 -0.351284 8
1.1382 0.0452427 -0.355386 8
1.13792 0.0454286 -0.359473 8
1.13764 0.0456147 -0.363547 8
1.13736 0.0458011 -0.367607 8
1.13707 0.0459877 -0.371653 8
1.13678 0.0461747 -0.375683 8
1.13649 0.0463618 -0.379698 8
1.13619 0.0465491 -0.383699 8
1.13589 0.0467368 -0.387684 8
1.13559 0.0469246 -0.391655 8
1.13529 0.0471127 -0.395611 8
1.13498 0.047301 -0.399553 8
1.13467 0.0474896 -0.403479 8
1.13436 0.0476785 -0.407389 8
1.13404 0.0478676 -0.411284 8
1.13373 0.0480569 -0.415164 8
1.13341 0.0482465 -0.419027 8
1.13308 0.0484363 -0.422877 8
1.13276 0.0486263 -0.426712 8
1.13243 0.0488166 -0.430532 8
1.1321 0.0490073 -0.434338 8
1.13177 0.0491982 -0.438128 8
1.13144 0.0493893 -0.441902 8
1.1311 0.0495807 -0.445661 8
1.13076 0.0497723 -0.449404 9
1.13042 0.0499642 -0.453028 9
1.13008 0.0501563 -0.456481 9
1.12973 0.0503487 -0.459759 9
1.12938 0.0505412 -0.462871 9
1.12903 0.0507339 -0.465824 9
1.12868 0.0509269 -0.468624 9
1.12833 0.0511202 -0.471281 9
1.12798 0.0513137 -0.473799 9
1.12762 0.0515077 -0.476188 9
1.12726 0.0517019 -0.478453 9
1.12691 0.0518964 -0.4806 9
1.12655 0.0520912 -0.482636 9
1.12619 0.0522863 -0.484565 9
1.12583 0.0524819 -0.486391 9
1.12547 0.0526778 -0.488121 9
1.12511 0.0528741 -0.489758 9
1.12475 0.0530708 -0.49131 9
1.12439 0.0532679 -0.49278 9
1.12403 0.0534654 -0.494172 9
1.12367 0.0536633 -0.495488 9
1.12331 0.0538615 -0.496732 9
1.12294 0.0540601 -0.497909 9
1.12258 0.0542591 -0.499023 9
1.12222 0.0544586 -0.500076 9
1.12186 0.0546585 -0.501071 9
1.1215 0.0548587 -0.502012 9
1.12114 0.0550594 -0.502901 9
1.12078 0.0552606 -0.50374 9
1.12042 0.0554622 -0.504533 9
1.12006 0.0556642 -0.50528 9
1.1197 0.0558667 -0.505983 9
1.11935 0.0560696 -0.506645 9
1.11899 0.056273 -0.507269 9
1.11863 0.0564768 -0.507857 9
1.11828 0.056681 -0.508409 9
1.11792 0.0568856 -0.508927 9
1.11757 0.0570907 -0.509414 9
1.11721 0.0572963 -0.50987 9
1.11686 0.0575024 -0.510297 9
1.11651 0.0577088 -0.510698 9
1.11616 0.0579156 -0.511073 9
1.1158 0.0581228 -0.511424 9
1.11546 0.0583303 -0.511752 9
1.11511 0.0585385 -0.512056 9
1.11476 0.0587471 -0.512339 9
1.11441 0.0589561 -0.512602 9
1.11407 0.0591655 -0.512845 9
1.11372 0.0593754 -0.513069 9
1.11338 0.0595856 -0.513275 9
1.11303 0.0597963 -0.513463 9
1.11269 0.0600075 -0.513637 9
1.11235 0.0602192 -0.513797 9
1.11201 0.0604313 -0.513942 9
1.11167 0.0606439 -0.514073 9
1.11134 0.0608569 -0.514191 9
1.111 0.0610704 -0.514296 9
1.11066 0.0612844 -0.514389 9
1.11033 0.0614989 -0.514471 9
1.11 0.0617138 -0.514543 9
1.10966 0.0619293 -0.514602 9
1.10933 0.0621452 -0.514653 9
1.109 0.0623616 -0.514693 9
1.10868 0.0625785 -0.514725 9
1.10835 0.0627957 -0.51475 9
1.10802 0.0630135 -0.514766 9
1.1077 0.0632317 -0.514772 9
1.10737 0.0634503 -0.51477 9
1.10705 0.0636694 -0.514761 9
1.10673 0.0638889 -0.514746 9
1.10641 0.0641089 -0.514722 9
1.10609 0.0643294 -0.514693 9
1.10577 0.0645504 -0.514658 9
1.10546 0.0647719 -0.514618 9
1.10514 0.0649938 -0.51457 9
1.10483 0.0652163 -0.514512 9
1.10452 0.0654391 -0.514446 9
1.10421 0.0656624 -0.51437 9
1.1039 0.0658861 -0.514287 9
1.10359 0.0661103 -0.514196 9
1.10328 0.066335 -0.514098 9
1.10298 0.0665601 -0.513993 9
1.10267 0.0667857 -0.513881 9
1.10237 0.0670118 -0.51376 9
1.10207 0.0672385 -0.513634 9
1.10177 0.0674656 -0.513502 9
1.10147 0.0676932 -0.513364 9
1.10117 0.0679212 -0.513221 9
1.10088 0.0681498 -0.513073 9
1.10058 0.0683789 -0.512919 9
1.10029 0.0686084 -0.512759 9
1.1 0.0688384 -0.512594 9
1.09971 0.0690689 -0.512426 9
1.09942 0.0692999 -0.512254 9
1.09913 0.0695313 -0.512079 9
1.09885 0.0697633 -0.511901 9
1.09856 0.0699957 -0.511719 9
1.09828 0.0702287 -0.511534 9
1.098 0.070462 -0.511344 9
1.09772 0.0706957 -0.511151 9
1.09744 0.0709299 -0.510956 9
1.09716 0.0711647 -0.510755 9
1.09689 0.0713999 -0.510551 9
1.09661 0.0716356 -0.510345 9
1.09634 0.0718717 -0.510135 9
1.09607 0.0721083 -0.509924 9
1.0958 0.0723452 -0.509709 9
1.09553 0.0725826 -0.509494 9
1.09527 0.0728205 -0.509276 9
1.095 0.0730587 -0.509055 9
1.09474 0.0732975 -0.508831 9
1.09447 0.0735368 -0.508604 9
1.09421 0.0737765 -0.508374 9
1.09395 0.0740167 -0.508142 9
1.0937 0.0742574 -0.507908 9
1.09344 0.0744985 -0.507674 9
1.09319 0.0747402 -0.507439 9
1.09293 0.0749823 -0.507203 9
1.09268 0.075225 -0.506967 9
1.09243 0.0754682 -0.50673 9
1.09218 0.0757118 -0.506493 9
1.09194 0.0759559 -0.506255 9
1.09169 0.0762005 -0.506016 9
1.09145 0.0764455 -0.505777 9
1.0912 0.076691 -0.505538 9
1.09096 0.0769368 -0.505297 9
1.09073 0.0771831 -0.505056 9
1.09049 0.0774299 -0.504813 9
1.09025 0.0776773 -0.504568 9
1.09002 0.077925 -0.504322 9
1.08978 0.0781732 -0.504074 9
1.08955 0.0784219 -0.503824 9
1.08932 0.0786709 -0.503573 9
1.0891 0.0789204 -0.503321 9
1.08887 0.0791705 -0.503068 9
1.08864 0.079421 -0.502813 9
1.08842 0.079672 -0.502557 9
1.0882 0.0799235 -0.502301 9
1.08798 0.0801756 -0.502047 9
1.08776 0.0804281 -0.501792 9
1.08754 0.0806809 -0.501537 9
1.08733 0.0809342 -0.501281 9
1.08711 0.081188 -0.501026 9
1.0869 0.0814422 -0.500771 9
1.08669 0.081697 -0.500513 9
1.08648 0.0819523 -0.500256 9
1.08627 0.0822079 -0.499998 9
1.08607 0.082464 -0.499738 9
1.08586 0.0827206 -0.499479 9
1.08566 0.0829776 -0.499217 9
1.08546 0.0832351 -0.498956 9
1.08526 0.083493 -0.498694 9
1.08506 0.0837514 -0.498432 9
1.08487 0.0840104 -0.49817 9
1.08467 0.0842698 -0.497909 9
1.08448 0.0845296 -0.497648 9
1.08429 0.0847898 -0.497387 9
1.0841 0.0850505 -0.497126 9
1.08391 0.0853116 -0.496866 9
1.08372 0.0855731 -0.496606 9
1.08354 0.0858351 -0.496345 9
1.08335 0.0860976 -0.496086 9
1.08317 0.0863606 -0.495828 9
1.08299 0.086624 -0.495569 9
1.08281 0.0868878 -0.495309 9
1.08264 0.0871522 -0.49505 9
1.08246 0.087417 -0.494789 9
1.08229 0.0876823 -0.494527 9
1.08211 0.0879481 -0.494267 9
1.08194 0.0882143 -0.494008 9
1.08178 0.0884808 -0.49375 9
1.08161 0.0887478 -0.493492 9
1.08144 0.0890153 -0.493233 9
1.08128 0.0892832 -0.492973 9
1.08112 0.0895515 -0.492716 9
1.08096 0.0898203 -0.492459 9
1.0808 0.0900896 -0.492203 9
1.08064 0.0903593 -0.491949 9
1.08048 0.0906295 -0.491698 9
1.08033 0.0909002 -0.49145 9
1.08018 0.0911713 -0.4912 9
1.08003 0.0914429 -0.49095 9
1.07988 0.0917148 -0.490702 9
1.07973 0.0919872 -0.490457 9
1.07959 0.09226 -0.490211 9
1.07944 0.0925332 -0.489963 9
1.0793 0.0928069 -0.489719 9
1.07916 0.093081 -0.489475 9
1.07902 0.0933555 -0.489234 9
1.07888 0.0936305 -0.488993 9
1.07875 0.0939058 -0.48875 9
1.07861 0.0941816 -0.488507 9
1.07848 0.0944578 -0.488265 9
1.07835 0.0947345 -0.488022 9
1.07822 0.0950116 -0.48778 9
1.07809 0.0952892 -0.487542 9
1.07797 0.0955672 -0.487304 9
1.07784 0.0958457 -0.487068 9
1.07772 0.0961245 -0.486833 9
1.0776 0.0964038 -0.486601 9
1.07748 0.0966835 -0.486368 9
1.07736 0.0969636 -0.486136 9
1.07725 0.0972441 -0.485908 9
1.07714 0.0975252 -0.48568 9
1.07702 0.0978067 -0.485452 9
1.07691 0.0980886 -0.485226 9
1.0768 0.098371 -0.485003 9
1.0767 0.0986538 -0.484781 9
1.07659 0.098937 -0.484559 9
1.07649 0.0992207 -0.48434 9
1.07639 0.0995049 -0.48412 9
1.07628 0.0997896 -0.483903 9
1.07619 0.100075 -0.483686 9
1.07609 0.10036 -0.48347 9
1.07599 0.100646 -0.483252 9
1.0759 0.100932 -0.483037 9
1.07581 0.101219 -0.482825 9
1.07572 0.101507 -0.482615 9
1.07563 0.101794 -0.482405 9
1.07554 0.102082 -0.482195 9
1.07546 0.102371 -0.481986 9
1.07537 0.10266 -0.481777 9
1.07529 0.102949 -0.48157 9
1.07521 0.103239 -0.481364 9
1.07513 0.103529 -0.481162 9
1.07506 0.103819 -0.480959 9
1.07498 0.10411 -0.480756 9
1.07491 0.104402 -0.480554 9
1.07484 0.104693 -0.480355 9
1.07477 0.104986 -0.480159 9
1.0747 0.105278 -0.479966 9
1.07463 0.105571 -0.479774 9
1.07457 0.105865 -0.479581 9
1.0745 0.106159 -0.479395 9
1.07444 0.106453 -0.479212 9
1.07438 0.106748 -0.47903 9
1.07433 0.107043 -0.478848 9
1.07427 0.107339 -0.478666 9
1.07422 0.107635 -0.478486 9
1.07416 0.107931 -0.47831 9
1.07411 0.108228 -0.478139 9
1.07406 0.108525 -0.477969 9
1.07401 0.108823 -0.477805 9
1.07397 0.109121 -0.477643 9
1.07392 0.109419 -0.477482 9
1.07388 0.109718 -0.477323 9
1.07384 0.110017 -0.477168 9
1.0738 0.110317 -0.477018 9
1.07376 0.110617 -0.47687 9
1.07373 0.110917 -0.476724 9
1.07369 0.111218 -0.47658 9
1.07366 0.11152 -0.476438 9
1.07363 0.111821 -0.476296 9
1.0736 0.112124 -0.476158 9
1.07357 0.112426 -0.476021 9
1.07355 0.112729 -0.475887 9
1.07352 0.113033 -0.475753 9
1.0735 0.113337 -0.475624 9
1.07348 0.113641 -0.475498 9
1.07346 0.113946 -0.475376 9
1.07344 0.114251 -0.475259 9
1.07343 0.114556 -0.475146 9
1.07342 0.114862 -0.475036 9
1.0734 0.115168 -0.474928 9
1.07339 0.115475 -0.474823 9
1.07339 0.115782 -0.474723 9
1.07338 0.11609 -0.474626 9
1.07337 0.116398 -0.474532 9
1.07337 0.116706 -0.474441 9
1.07337 0.117015 -0.474351 9
1.07337 0.117324 -0.474266 9
1.07337 0.117634 -0.474185 9
1.07337 0.117944 -0.47411 9
1.07338 0.118254 -0.474036 9
1.07338 0.118565 -0.473964 9
1.07339 0.118876 -0.473896 9
1.0734 0.119188 -0.473828 9
1.07341 0.1195 -0.473765 9
1.07343 0.119812 -0.473704 9
1.07344 0.120125 -0.473646 9
1.07346 0.120438 -0.473589 9
1.07348 0.120751 -0.473537 9
1.0735 0.121065 -0.473488 9
1.07352 0.121379 -0.473442 9
1.07354 0.121694 -0.473403 9
1.07357 0.122009 -0.47337 9
1.0736 0.122324 -0.473343 9
1.07363 0.12264 -0.473319 9
1.07366 0.122956 -0.473301 9
1.07369 0.123273 -0.473291 9
1.07372 0.12359 -0.473283 9
1.07376 0.123907 -0.473276 9
1.0738 0.124225 -0.473272 9
1.07384 0.124543 -0.473271 9
1.07388 0.124861 -0.473276 9
1.07392 0.12518 -0.473287 9
1.07396 0.125499 -0.473307 9
1.07401 0.125819 -0.473328 9
1.07406 0.126139 -0.473355 9
1.07411 0.126459 -0.473388 9
1.07416 0.126779 -0.473426 9
1.07421 0.127101 -0.473467 9
1.07426 0.127422 -0.473508 10
1.07432 0.127744 -0.473641 10
1.07438 0.128066 -0.47391 10
1.07444 0.128389 -0.474313 10
1.0745 0.128712 -0.474852 10
1.07456 0.129035 -0.475513 10
1.07462 0.129359 -0.476295 10
1.07469 0.129683 -0.477194 10
1.07475 0.130007 -0.478202 10
1.07482 0.130332 -0.479317 10
1.07489 0.130657 -0.48053 10
1.07495 0.130983 -0.481847 10
1.07502 0.131309 -0.483257 10
1.07509 0.131636 -0.484755 10
1.07516 0.131963 -0.486342 10
1.07523 0.13229 -0.488011 10
1.0753 0.132618 -0.489762 10
1.07537 0.132946 -0.491594 10
1.07544 0.133275 -0.493505 10
1.07551 0.133604 -0.495486 10
1.07558 0.133933 -0.497537 10
1.07565 0.134263 -0.499656 10
1.07572 0.134593 -0.501841 10
1.07579 0.134924 -0.504088 10
1.07586 0.135255 -0.506391 10
1.07593 0.135587 -0.508748 10
1.07599 0.135919 -0.511164 10
1.07606 0.136251 -0.513632 10
1.07613 0.136584 -0.516154 10
1.0762 0.136917 -0.518727 10
1.07627 0.137251 -0.52135 10
1.07633 0.137585 -0.524022 10
1.0764 0.13792 -0.526743 10
1.07646 0.138255 -0.529513 10
1.07653 0.138591 -0.532324 10
1.07659 0.138926 -0.535177 10
1.07666 0.139263 -0.538067 10
1.07672 0.139599 -0.540994 10
1.07678 0.139937 -0.543962 10
1.07684 0.140274 -0.546971 10
1.07691 0.140612 -0.550018 10
1.07697 0.140951 -0.553106 10
1.07703 0.14129 -0.556228 10
1.07708 0.141629 -0.559391 10
1.07714 0.141969 -0.562587 10
1.0772 0.14231 -0.565812 10
1.07726 0.14265 -0.569075 10
1.07731 0.142992 -0.572376 10
1.07736 0.143333 -0.57571 10
1.07742 0.143675 -0.579077 10
1.07747 0.144018 -0.582477 10
1.07752 0.144361 -0.58591 10
1.07757 0.144704 -0.589379 10
1.07762 0.145048 -0.59288 10
1.07767 0.145392 -0.596412 10
1.07772 0.145737 -0.599974 10
1.07776 0.146082 -0.603566 10
1.07781 0.146427 -0.607185 10
1.07785 0.146773 -0.610833 10
1.0779 0.147119 -0.614514 10
1.07794 0.147466 -0.61823 10
1.07798 0.147813 -0.62198 10
1.07802 0.14816 -0.625755 10
1.07806 0.148508 -0.629553 10
1.0781 0.148856 -0.633387 10
1.07813 0.149205 -0.637256 10
1.07817 0.149554 -0.64115 10
1.0782 0.149904 -0.645072 10
1.07824 0.150254 -0.649017 10
1.07827 0.150605 -0.652988 10
1.0783 0.150955 -0.656995 10
1.07833 0.151307 -0.661032 10
1.07836 0.151658 -0.665102 10
1.07838 0.152011 -0.669196 10
1.07841 0.152363 -0.673322 10
1.07844 0.152716 -0.677483 10
1.07846 0.153069 -0.681671 10
1.07848 0.153423 -0.685894 10
1.0785 0.153777 -0.69015 10
1.07852 0.154132 -0.694436 10
1.07854 0.154487 -0.698751 10
1.07856 0.154842 -0.7031 10
1.07857 0.155198 -0.707478 10
1.07859 0.155554 -0.711883 10
1.0786 0.155911 -0.71631 10
1.07861 0.156267 -0.720768 10
1.07862 0.156625 -0.725253 10
1.07863 0.156982 -0.729766 10
1.07864 0.15734 -0.734314 10
1.07865 0.157699 -0.738885 10
1.07865 0.158058 -0.743487 10
1.07866 0.158417 -0.748124 10
1.07866 0.158777 -0.752786 10
1.07866 0.159136 -0.757483 10
1.07866 0.159497 -0.762206 10
1.07866 0.159858 -0.766959 10
1.07865 0.160219 -0.771744 10
1.07865 0.160581 -0.776562 10
1.07864 0.160943 -0.781413 10
1.07863 0.161305 -0.786295 10
1.07862 0.161668 -0.791208 10
1.07861 0.162031 -0.796151 10
1.0786 0.162395 -0.801123 10
1.07859 0.162759 -0.806129 10
1.07857 0.163123 -0.811163 10
1.07856 0.163488 -0.816223 10
1.07854 0.163853 -0.821317 10
1.07852 0.164218 -0.826443 10
1.0785 0.164584 -0.831601 10
1.07847 0.16495 -0.836789 10
1.07845 0.165317 -0.841999 10
1.07842 0.165684 -0.847246 10
1.0784 0.166051 -0.852522 10
1.07837 0.166418 -0.857828 10
1.07834 0.166786 -0.863164 10
1.0783 0.167155 -0.868533 10
1.07827 0.167523 -0.873938 10
1.07824 0.167893 -0.879369 10
1.0782 0.168262 -0.88483 10
1.07816 0.168632 -0.890329 10
1.07812 0.169002 -0.895858 10
1.07808 0.169372 -0.90142 10
1.07804 0.169743 -0.907014 10
1.07799 0.170114 -0.912637 10
1.07795 0.170485 -0.918297 10
1.0779 0.170857 -0.923985 10
1.07785 0.171229 -0.9297 10
1.0778 0.171601 -0.935445 10
1.07774 0.171974 -0.941224 10
1.07769 0.172347 -0.947043 10
1.07763 0.17272 -0.952888 10
1.07758 0.173093 -0.958761 10
1.07752 0.173467 -0.964662 10
1.07746 0.173841 -0.970601 10
1.07739 0.174216 -0.976564 10
1.07733 0.17459 -0.982556 10
1.07726 0.174965 -0.988571 10
1.07719 0.17534 -0.994619 10
1.07712 0.175716 -1.0007 10
1.07705 0.176092 -1.00682 10
1.07698 0.176468 -1.01296 10
1.07691 0.176845 -1.01913 10
1.07683 0.177222 -1.02535 10
1.07675 0.177599 -1.03159 10
1.07667 0.177976 -1.03787 10
1.07659 0.178354 -1.04418 10
1.07651 0.178732 -1.05053 10
1.07642 0.17911 -1.0569 10
1.07633 0.179488 -1.06332 10
1.07625 0.179867 -1.06976 10
1.07615 0.180246 -1.07623 10
1.07606 0.180626 -1.08273 10
1.07597 0.181005 -1.08927 10
1.07587 0.181385 -1.09583 10
1.07577 0.181766 -1.10241 10
1.07567 0.182146 -1.10902 10
1.07557 0.182527 -1.11566 10
1.07547 0.182908 -1.12232 10
1.07536 0.183289 -1.12902 10
1.07526 0.183671 -1.13575 10
1.07515 0.184052 -1.14251 10
1.07504 0.184434 -1.14931 10
1.07492 0.184816 -1.15612 10
1.07481 0.185199 -1.16296 10
1.07469 0.185582 -1.16981 10
1.07457 0.185965 -1.17669 10
1.07445 0.186348 -1.18359 10
1.07433 0.186731 -1.19053 10
1.07421 0.187115 -1.19748 10
1.07408 0.187498 -1.20448 10
1.07395 0.187883 -1.21149 10
1.07382 0.188267 -1.21851 10
1.07369 0.188652 -1.22556 10
1.07356 0.189036 -1.23263 10
1.07342 0.189421 -1.23974 10
1.07329 0.189806 -1.24686 10
1.07315 0.190192 -1.254 10
1.07301 0.190578 -1.26116 10
1.07286 0.190964 -1.26835 10
1.07272 0.19135 -1.27556 10
1.07257 0.191736 -1.28279 10
1.07242 0.192122 -1.29005 10
1.07227 0.192509 -1.29733 10
1.07212 0.192896 -1.30464 10
1.07197 0.193283 -1.31195 10
1.07181 0.19367 -1.31929 10
1.07165 0.194058 -1.32663 10
1.07149 0.194446 -1.33398 10
1.07133 0.194833 -1.34135 10
1.07116 0.195221 -1.34875 10
1.071 0.19561 -1.35615 10
1.07083 0.195998 -1.36358 10
1.07066 0.196386 -1.37102 10
1.07049 0.196775 -1.37848 10
1.07031 0.197163 -1.38595 10
1.07014 0.197552 -1.39343 10
1.06996 0.197941 -1.40092 10
1.06978 0.19833 -1.40841 10
1.0696 0.198719 -1.41591 10
1.06941 0.199108 -1.42343 10
1.06923 0.199498 -1.43096 10
1.06904 0.199887 -1.4385 10
1.06885 0.200277 -1.44605 10
1.06866 0.200667 -1.45361 10
1.06847 0.201057 -1.46118 10
1.06827 0.201447 -1.46874 10
1.06807 0.201837 -1.47632 10
1.06787 0.202228 -1.4839 10
1.06767 0.202618 -1.49149 10
1.06747 0.203009 -1.49908 10
1.06726 0.203399 -1.50666 10
1.06706 0.20379 -1.51425 10
1.06685 0.204181 -1.52185 10
1.06664 0.204572 -1.52945 10
1.06642 0.204963 -1.53705 10
1.06621 0.205354 -1.54464 10
1.06599 0.205745 -1.55225 10
1.06577 0.206137 -1.55985 10
1.06555 0.206528 -1.56744 10
1.06533 0.20692 -1.57503 10
1.06511 0.207312 -1.58262 10
1.06488 0.207704 -1.5902 10
1.06465 0.208096 -1.59778 10
1.06442 0.208488 -1.60536 10
1.06419 0.20888 -1.61293 10
1.06396 0.209272 -1.62049 10
1.06372 0.209664 -1.62805 10
1.06348 0.210057 -1.6356 10
1.06324 0.210449 -1.64315 10
1.063 0.210842 -1.65068 10
1.06276 0.211234 -1.65822 10
1.06251 0.211627 -1.66574 10
1.06227 0.212019 -1.67325 10
1.06202 0.212412 -1.68076 10
1.06177 0.212805 -1.68825 10
1.06151 0.213198 -1.69575 10
1.06126 0.213591 -1.70323 10
1.061 0.213983 -1.71069 10
1.06074 0.214376 -1.71815 10
1.06048 0.21477 -1.72559 10
1.06022 0.215163 -1.73301 10
1.05996 0.215556 -1.74042 10
1.05969 0.215949 -1.74783 10
1.05943 0.216342 -1.75521 10
1.05916 0.216736 -1.76259 10
1.05889 0.217129 -1.76995 10
1.05861 0.217523 -1.77729 10
1.05834 0.217916 -1.7846 10
1.05806 0.21831 -1.79189 10
1.05778 0.218703 -1.79916 10
1.0575 0.219097 -1.80641 10
1.05722 0.21949 -1.81365 10
1.05694 0.219884 -1.82086 10
1.05665 0.220277 -1.82805 10
1.05637 0.220671 -1.83522 10
1.05608 0.221065 -1.84237 10
1.05579 0.221458 -1.8495 10
1.0555 0.221852 -1.85662 10
1.0552 0.222246 -1.86372 10
1.05491 0.22264 -1.87081 10
1.05461 0.223034 -1.87787 10
1.05431 0.223428 -1.8849 10
1.05401 0.223821 -1.89192 10
1.05371 0.224215 -1.89891 10
1.0534 0.224609 -1.90587 10
1.0531 0.225003 -1.91281 10
1.05279 0.225397 -1.91973 10
1.05248 0.225791 -1.92662 10
1.05217 0.226185 -1.93349 10
1.05186 0.226578 -1.94033 10
1.05155 0.226972 -1.94715 10
1.05123 0.227366 -1.95393 10
1.05091 0.22776 -1.96069 10
1.05059 0.228154 -1.96742 10
1.05027 0.228548 -1.97414 10
1.04995 0.228942 -1.98082 10
1.04963 0.229336 -1.98749 10
1.0493 0.22973 -1.99412 10
1.04897 0.230124 -2.00073 10
1.04864 0.230518 -2.00732 10
1.04831 0.230911 -2.01388 10
1.04797 0.231312 -2.02056 10
0.997626 0.272398 -1.98231 10
