0
0
0
0
0
0
0
4.64352e-06
7.67415e-06
1.17596e-05
1.70677e-05
2.36748e-05
3.15138e-05
4.03163e-05
4.95913e-05
5.8662e-05
-0.000637897
-0.00106325
-0.00165963
-0.00244387
-0.00341324
-0.00454278
-0.005787
-0.00708658
-0.00839325
-0.00962268
-0.0107411
-0.0118794
-0.0127559
-0.0134866
-0.014079
-0.0145464
-0.0150728
-0.0153648
-0.0156605
-0.0158133
-0.0159141
-0.0159728
-0.015998
-0.0159968
-0.015975
-0.0159648
-0.0159221
-0.0157874
-0.0157275
-0.0156639
-0.0155981
-0.0155314
-0.0154648
-0.0153991
-0.0153349
-0.0152725
-0.0152125
-0.0151549
-0.0151
-0.0150478
-0.0150047
-0.0149582
-0.0149145
-0.0148735
-0.0148352
-0.0147993
-0.014766
-0.014735
-0.0147062
-0.0146797
-0.0146552
-0.0146327
-0.0146121
-0.0145933
-0.0145762
-0.0145607
-0.0145467
-0.0145342
-0.0145231
-0.0145133
-0.0145047
-0.0144973
-0.014491
-0.0144858
-0.0144816
-0.0144783
-0.0144759
-0.0144744
-0.0144736
-0.0144737
-0.0144745
-0.0144759
-0.0144781
-0.0144808
-0.0144842
-0.0144881
-0.0144925
-0.0144975
-0.0145029
-0.0145088
-0.0145152
-0.014522
-0.0145291
-0.0145367
-0.0145446
-0.0145529
-0.0145615
-0.0145705
-0.0145797
-0.0145893
-0.0145991
-0.0146092
-0.0146196
-0.0146302
-0.014641
-0.0146521
-0.0146634
-0.014675
-0.0146867
-0.0146987
-0.0147108
-0.0147231
-0.0147356
-0.0147483
-0.0147612
-0.0147742
-0.0147874
-0.0148007
-0.0148142
-0.0148278
-0.0148416
-0.0148556
-0.0148696
-0.0148838
-0.0148982
-0.0149126
-0.0149272
-0.014942
-0.0149568
-0.0149718
-0.0149869
-0.0150021
-0.0150174
-0.0150328
-0.0150484
-0.0150641
-0.0150799
-0.0150957
-0.0151117
-0.0151279
-0.0151441
-0.0151604
-0.0151769
-0.0151934
-0.0152101
-0.0152268
-0.0152437
-0.0152607
-0.0152778
-0.015295
-0.0153123
-0.0153297
-0.0153472
-0.0153649
-0.0153826
-0.0154005
-0.0154184
-0.0154365
-0.0154547
-0.015473
-0.0154914
-0.0155099
-0.0155285
-0.0155473
-0.0155661
-0.0155851
-0.0156042
-0.0156234
-0.0156427
-0.0156622
-0.0156818
-0.0157015
-0.0157213
-0.0157412
-0.0157613
-0.0157814
-0.0158018
-0.0158222
-0.0158428
-0.0158635
-0.0158843
-0.0159053
-0.0159263
-0.0159476
-0.0159689
-0.0159904
-0.0160121
-0.0160339
-0.0160558
-0.0160778
-0.0161
-0.0161224
-0.0161449
-0.0161675
-0.0161903
-0.0162133
-0.0162364
-0.0162596
-0.016283
-0.0163066
-0.0163303
-0.0163542
-0.0163783
-0.0164025
-0.0164125
-0.0164641
-0.0164892
-0.0165144
-0.0165398
-0.0165653
-0.0165911
-0.016617
-0.0166431
-0.0166694
-0.0166958
-0.0167225
-0.0167493
-0.0167763
-0.0168035
-0.0168309
-0.0168585
-0.0168863
-0.0169143
-0.0169424
-0.0169708
-0.0169994
-0.0170282
-0.0170571
-0.0170863
-0.0171157
-0.0171453
-0.0171751
-0.0172052
-0.0172354
-0.0172659
-0.0172966
-0.0173275
-0.0173586
-0.0173899
-0.0174215
-0.0174533
-0.0174853
-0.0175176
-0.01755
-0.0175828
-0.0176157
-0.0176489
-0.0176558
-0.0176898
-0.0177241
-0.0177586
-0.0177933
-0.0179485
-0.0179851
-0.018022
-0.0180592
-0.0180966
-0.0181344
-0.0181724
-0.0182107
-0.016485
-0.0165579
-0.016631
-0.0167043
-0.0167778
-0.0168514
-0.0169253
-0.0169994
-0.0170737
-0.0171483
-0.0172232
-0.0172984
-0.0173959
-0.0174717
-0.0175479
-0.0176835
-0.0177608
-0.0178385
-0.0179165
-0.017995
-0.0180738
-0.0181531
-0.0182328
-0.0183129
-0.0183934
-0.0184744
-0.0185558
-0.0186377
-0.0187201
-0.0188029
-0.0188862
-0.01897
-0.0190542
-0.019139
-0.0192242
-0.0193099
-0.0193961
-0.0196312
-0.0197202
-0.0198097
-0.0198998
-0.0199905
-0.0200817
-0.0201735
-0.0202658
-0.0203588
-0.0204522
-0.0205463
-0.0206409
-0.0207361
-0.0208318
-0.0209282
-0.021025
-0.0211225
-0.0212205
-0.0213191
-0.0214183
-0.021518
-0.0216182
-0.0217191
-0.0218204
-0.0219223
-0.0220248
-0.0221278
-0.0222314
-0.0223355
-0.0224401
-0.0225452
-0.0227704
-0.022878
-0.0229861
-0.0230948
-0.0232041
-0.0233138
-0.0234241
-0.0235349
-0.0236462
-0.0237579
-0.0238767
-0.0239894
-0.0241026
-0.0242162
-0.0243303
-0.0244719
-0.0245869
-0.0247024
-0.0248183
-0.0249346
-0.0250513
-0.0251683
-0.0252858
-0.0254035
-0.0255216
-0.02564
-0.0257587
-0.0258776
-0.0259969
-0.0261164
-0.0262361
-0.026356
-0.0264761
-0.0265964
-0.0267169
-0.0268375
-0.0269581
-0.0270789
-0.0271998
-0.0273207
-0.0274417
-0.0275626
-0.0276835
-0.0278044
-0.0279253
-0.028046
-0.0281666
-0.0282871
-0.0284074
-0.0285275
-0.0286474
-0.028767
-0.0288863
-0.0290053
-0.029124
-0.0292876
-0.0294064
-0.0295248
-0.0296428
-0.0297604
-0.0298774
-0.0299938
-0.0301098
-0.030225
-0.0303397
-0.0304536
-0.0305669
-0.0306794
-0.0307692
-0.0308802
-0.0309904
-0.0310996
-0.0312641
-0.0313726
-0.0314802
-0.0315867
-0.0316922
-0.0317966
-0.0318999
-0.032002
-0.0321028
-0.0322024
-0.0321793
-0.0322744
-0.0323681
-0.0324603
-0.032551
-0.0326402
-0.0327278
-0.0328138
-0.0328981
-0.0329807
-0.0330615
-0.0331406
-0.0332178
-0.0332932
-0.0333667
-0.0334382
-0.0335078
-0.0335753
-0.0336407
-0.0337267
-0.0337881
-0.0338473
-0.0339043
-0.033959
-0.0340076
-0.0340576
-0.0341052
-0.0341505
-0.0341932
-0.0342335
-0.0342444
-0.0342797
-0.0341697
-0.0342037
-0.034235
-0.0342635
-0.0342892
-0.034312
-0.034332
-0.0343492
-0.0343634
-0.0343746
-0.034383
-0.0343883
-0.0344311
-0.0344292
-0.0344243
-0.0344164
-0.0344054
-0.0343914
-0.0343743
-0.0343541
-0.0343307
-0.0343042
-0.0342746
-0.0342419
-0.034206
-0.0341669
-0.0341247
-0.0340793
-0.0340307
-0.0340101
-0.0339559
-0.0338985
-0.0338379
-0.0337884
-0.0337216
-0.0336517
-0.0335787
-0.0335026
-0.0334234
-0.0332822
-0.0331976
-0.0331099
-0.0330192
-0.0329255
-0.0328289
-0.0327293
-0.0326268
-0.0325312
-0.0324231
-0.0323123
-0.0321986
-0.0320822
-0.0319631
-0.0318413
-0.0317812
-0.0316561
-0.0315284
-0.031267
-0.0311374
-0.0310054
-0.030871
-0.0307343
-0.0305953
-0.0304542
-0.0303108
-0.0301654
-0.030018
-0.029859
-0.0297074
-0.0295539
-0.0293985
-0.0292414
-0.0290029
-0.0288443
-0.0286841
-0.0285224
-0.0283592
-0.0281946
-0.0280286
-0.0278613
-0.0276928
-0.0275231
-0.0273523
-0.0271804
-0.0270076
-0.0268338
-0.0266592
-0.0264837
-0.0263075
-0.0261306
-0.0259531
-0.025775
-0.0255964
-0.0254174
-0.0252379
-0.0250582
-0.0248781
-0.0246978
-0.0245173
-0.0243368
-0.0241561
-0.0239754
-0.0237947
-0.0236142
-0.0234196
-0.0232394
-0.0230594
-0.0228797
-0.0227003
-0.0225212
-0.0223426
-0.0221643
-0.0219866
-0.0218093
-0.0214746
-0.0213019
-0.0211298
-0.0209584
-0.0207875
-0.0206174
-0.0204479
-0.0202792
-0.0201112
-0.019944
-0.0197776
-0.0198024
-0.0196411
-0.0194807
-0.0193211
-0.0191624
-0.0187928
-0.0186408
-0.0184896
-0.0183393
-0.0181899
-0.0180415
-0.017894
-0.0177474
-0.0176019
-0.0174573
-0.0173137
-0.0171711
-0.0170295
-0.0168889
-0.0167493
-0.00034489
-0.000279054
-0.000214417
-0.000150966
-8.86363e-05
-2.73538e-05
3.29437e-05
9.23113e-05
0.000150801
0.000208464
0.000265356
0.000321525
0.000377013
0.000434934
0.000489144
0.000542793
0.000595916
0.000648545
0.000700716
0.000752453
0.000803781
0.000665706
0.000714237
0.000762444
0.000810342
0.000857951
0.000905294
0.000952386
0.000999245
0.00104589
0.00109233
0.00113858
0.00118465
0.00123055
0.00127629
0.00132188
0.00136733
0.00141265
0.00145784
0.00150292
0.00154787
0.00159272
0.00163746
0.00168211
0.00172667
0.00177114
0.00181553
0.00185983
0.00190406
0.00194822
0.00199232
0.00203634
0.00208029
0.00212417
0.00216799
0.00221175
0.00225545
0.00229909
0.00234267
0.00238619
0.00242965
0.00247305
0.00251639
0.00255968
0.00260289
0.00264605
0.00268914
0.00287972
0.00292191
0.00296404
0.00300609
0.00304808
0.00308999
0.00313182
0.00317358
0.00321526
0.00325687
0.0032984
0.00333985
0.00338122
0.0034225
0.0034637
0.00350482
0.00354584
0.00358677
0.00362761
0.00366836
0.003709
0.00374955
0.00378999
0.00383031
0.00387053
0.00391065
0.00395066
0.00399054
0.00403032
0.00406997
0.0041095
0.00414891
0.00418819
0.00421255
0.00425147
0.00429026
0.00432891
0.00436742
0.00440578
0.004444
0.00448208
0.00452001
0.00455779
0.00459541
0.00463286
0.00467017
0.0047073
0.00474428
0.00478109
0.00481772
0.00485419
0.00489048
0.00492659
0.00496253
0.00499828
0.00503386
0.00506925
0.00510445
0.00513947
0.00517428
0.0052089
0.00524332
0.00527754
0.00531156
0.00534538
0.00537899
0.00541239
0.00544558
0.00547856
0.00551132
0.00554388
0.00557621
0.00560832
0.00564021
0.00567188
0.00570332
0.00573453
0.00576551
0.00579626
0.00582676
0.00585703
0.00588706
0.00591684
0.00594639
0.0059757
0.00600476
0.00603357
0.00606213
0.00609044
0.0061185
0.00614631
0.00617387
0.00620117
0.00606135
0.00608583
0.00611003
0.00613395
0.00615756
0.00618089
0.00623443
0.00625692
0.00627911
0.00630099
0.00632257
0.00634386
0.00636485
0.00638553
0.00640592
0.006426
0.00644577
0.00646524
0.0064844
0.00650324
0.00652176
0.00653998
0.00655788
0.00657547
0.00659274
0.00660969
0.00662632
0.00664263
0.00665862
0.00667428
0.00668963
0.00670465
0.00673461
0.00674888
0.00676282
0.00677644
0.00678973
0.00680268
0.00681532
0.00687716
0.00688982
0.00690217
0.0069142
0.00692591
0.00693729
0.00694836
0.0069591
0.00696951
0.0069796
0.00698936
0.00699879
0.0070079
0.00701667
0.00702511
0.00703323
0.007041
0.00704845
0.00705556
0.00706234
0.00686851
0.0068724
0.00687593
0.00687911
0.00688192
0.00688438
0.00688648
0.00688822
0.00688961
0.00689064
0.00689132
0.00689165
0.00689161
0.00689121
0.00689044
0.00688932
0.00688784
0.00688601
0.00688381
0.00688126
0.00687835
0.00687508
0.00687145
0.00686747
0.00686313
0.00685842
0.00685336
0.00684796
0.00685348
0.00684726
0.00684068
0.00683376
0.00682648
0.00681886
0.00681088
0.00682978
0.00682142
0.00681272
0.00680367
0.00679427
0.00678453
0.00677443
0.00676399
0.00675321
0.00674209
0.00741343
0.00739449
0.0073753
0.00735587
0.00717876
0.00715691
0.00713478
0.00711237
0.00708968
0.00706671
0.00704346
0.00701993
0.00699611
0.00697202
0.00694763
0.00692295
0.00689799
0.00687274
0.00684722
0.00682139
0.00679529
0.00676889
0.0067422
0.00671522
0.00668794
0.00670501
0.00667655
0.00657786
0.00654786
0.00651755
0.00648695
0.00645606
0.00642487
0.00639338
0.0063616
0.00632953
0.00629716
0.0062645
0.00623154
0.00619828
0.00616473
0.0061309
0.00609677
0.033967
0.0338713
0.0337666
0.0336529
0.0335304
0.0333997
0.0332611
0.033115
0.0329618
0.0328018
0.0326354
0.0324628
0.0322845
0.0321007
0.0319118
0.0317179
0.0315194
0.0313166
0.0311096
0.0308988
0.0306511
0.0304332
0.0302122
0.0299883
0.0297616
0.0295325
0.0293011
0.0290675
0.028832
0.0285732
0.0283346
0.0280946
0.0278013
0.0275601
0.0273179
0.027075
0.0268313
0.0265872
0.0263426
0.0260977
0.0258473
0.0256023
0.0253573
0.0251124
0.0248678
0.0246235
0.0243095
0.024065
0.0238211
0.0235779
0.0233354
0.0230937
0.0228529
0.022613
0.0223742
0.0221363
0.0218996
0.021664
0.0214297
0.0211965
0.0209646
0.020734
0.0205047
0.0202768
0.0200503
0.0198253
0.0196016
0.0193794
0.0191587
0.0189395
0.0187218
0.0185056
0.0182909
0.0180778
0.0178662
0.0176562
0.0174477
0.0172408
0.0170354
0.0168316
0.0166293
0.0164286
0.0162295
0.0160319
0.0158359
0.0156414
0.0154485
0.015257
0.0150671
0.0148787
0.0146918
0.0145064
0.0143225
0.01414
0.013959
0.0137795
0.0136014
0.0134247
0.0132494
0.0130756
0.0129031
0.012732
0.0125622
0.0123938
0.0122268
0.0120611
0.0118966
0.0117335
0.0116049
0.0114442
0.0112847
0.0111265
0.0109696
0.0108138
0.0106593
0.0105059
0.0103537
0.0102026
0.0100527
0.00990394
0.00975628
0.00945392
0.00930788
0.00916293
0.00901909
0.00887631
0.0087346
0.00859394
0.00845432
0.00831573
0.00817814
0.00804155
0.00790594
0.0077713
0.00763761
0.00750487
0.00737307
0.0072422
0.00711224
0.00698319
0.00685503
0.00672775
0.00660133
0.00647577
0.00635104
0.00622715
0.00610408
0.00598184
0.0058604
0.00573976
0.0056199
0.0055008
0.00538248
0.00526492
0.0051481
0.00503203
0.0049167
0.00480211
0.00468824
0.0045751
0.00446265
0.00435087
0.00423979
0.0041294
0.00401968
0.00391064
0.00380227
0.00369456
0.00358749
0.00348107
0.00357724
0.00347109
0.00336553
0.00326058
0.00315622
0.00305244
0.00294924
0.00284663
0.00274461
0.00264316
0.00254229
0.00244198
0.00234223
0.00224305
0.00214444
0.00204637
0.00194886
0.00185189
0.00175547
0.0016596
0.00156426
0.00146945
0.00113478
0.00104337
0.00100333
0.00091337
0.000823913
0.000734966
0.000646516
0.000558559
0.000471096
0.000384124
0.000297641
0.000211646
0.000126136
4.11106e-05
-4.34328e-05
-0.000127502
-0.0002111
-0.000294243
-0.000376935
-0.000459168
-0.000540957
-0.000622305
-0.000703208
-0.000783658
-0.00086366
-0.000943224
-0.00102236
-0.00110105
-0.00117931
-0.00125714
-0.00133453
-0.00141149
-0.00148803
-0.00193527
-0.00201299
-0.00209025
-0.00216704
-0.00224336
-0.00231922
-0.00239462
-0.00246957
-0.00254407
-0.00261811
-0.00269171
-0.00276487
-0.00283758
-0.00290987
-0.00298172
-0.00305314
-0.00312414
-0.00319471
-0.00326485
-0.00333456
-0.00340385
-0.00344038
-0.00350895
-0.00357711
-0.00364484
-0.00371217
-0.00377908
-0.00384557
-0.00391165
-0.00397731
-0.00404257
-0.00408993
-0.00415415
-0.00421794
-0.00428134
-0.00434432
-0.00440689
-0.00446906
-0.00453081
-0.00459216
-0.0046531
-0.00471362
-0.00477373
-0.00483343
-0.00489271
-0.00495159
-0.00501005
-0.0050681
-0.00512574
-0.00518297
-0.0052398
-0.0052962
-0.0053522
-0.00540777
-0.00546293
-0.00551766
-0.00557197
-0.00562587
-0.00567934
-0.0057324
-0.00578505
-0.00583728
-0.00588909
-0.00594049
-0.00599147
-0.00604203
-0.00609218
-0.0061419
-0.0061912
-0.00624008
-0.00628854
-0.00633657
-0.00638417
-0.00643134
-0.0064781
-0.00652444
-0.0172736
-0.0173048
-0.0173357
-0.0173943
-0.0174249
-0.0174551
-0.0174851
-0.0175147
-0.017544
-0.0175729
-0.0176026
-0.0176308
-0.0176586
-0.017686
-0.0177131
-0.0177397
-0.017766
-0.0177918
-0.0178172
-0.0178421
-0.0178666
-0.0178907
-0.0179143
-0.0179375
-0.0179602
-0.0180041
-0.0180257
-0.0180468
-0.0180675
-0.0180876
-0.0181073
-0.0181264
-0.0181451
-0.0180486
-0.0180642
-0.0180792
-0.0180937
-0.0181076
-0.0181209
-0.0181337
-0.0181458
-0.0181574
-0.0181685
-0.0181789
-0.0182974
-0.0183077
-0.0183174
-0.0183265
-0.018335
-0.018343
-0.0183503
-0.018357
-0.0183632
-0.018698
-0.018699
-0.0186994
-0.0186992
-0.0186984
-0.0186969
-0.0186949
-0.0186923
-0.018689
-0.0186852
-0.0186807
-0.0186757
-0.01867
-0.0186638
-0.0186569
-0.0184048
-0.0183993
-0.0183933
-0.0184401
-0.0184337
-0.0184268
-0.0184193
-0.0184111
-0.0184024
-0.0183932
-0.0183833
-0.0183729
-0.0183619
-0.0183504
-0.0183382
-0.0182926
-0.01828
-0.0182668
-0.018253
-0.0182386
-0.0182237
-0.0182082
-0.0181922
-0.0181756
-0.0181584
-0.0181407
-0.0181224
-0.0181036
-0.0180843
-0.0180644
-0.0180439
-0.018023
-0.0180014
-0.0179794
-0.0179568
-0.0179337
-0.0179101
-0.017886
-0.0178613
-0.0178361
-0.0178105
-0.0177843
-0.0177576
-0.0177304
-0.0177028
-0.0176746
-0.0176459
-0.0176168
-0.0175872
-0.0175571
-0.0175265
-0.0174955
-0.017464
-0.017432
-0.0173996
-0.017349
-0.0173154
-0.0172814
-0.0172881
-0.0172526
-0.0172167
-0.0171804
-0.0171437
-0.0171066
-0.017069
-0.017031
-0.0169926
-0.0169538
-0.0169146
-0.016875
-0.0168351
-0.0167706
-0.0167297
-0.0166884
-0.0166468
-0.0166048
-0.0165624
-0.0165196
-0.0164765
-0.0164331
-0.0163893
-0.0163452
-0.0163007
-0.0162559
-0.0162107
-0.0161652
-0.0161194
-0.0160733
-0.0160269
-0.0159801
-0.0159331
-0.0158857
-0.0158381
-0.0157901
-0.0157419
-0.0156934
-0.0156446
-0.0155955
-0.0155461
-0.0154965
-0.0154466
-0.0153965
-0.0153382
-0.0152874
-0.0151316
-0.0150821
-0.0150323
-0.0149823
-0.0148552
-0.0148034
-0.0147513
-0.0150282
-0.0149742
-0.01492
-0.0148654
-0.0148107
-0.0147556
-0.0147003
-0.0146448
-0.014589
-0.0145813
-0.0145245
-0.0144676
-0.0144104
-0.014353
-0.0142953
-0.0142375
-0.0141794
-0.0141211
-0.0140627
-0.014004
-0.0139451
-0.0138972
-0.013838
-0.0137787
-0.0137192
-0.0136595
-0.0135997
-0.0135396
-0.0134795
-0.0134191
-0.0133587
-0.013298
-0.0132373
-0.0131764
-0.0131153
-0.0130542
-0.0129929
-0.0129314
-0.0128699
-0.0128083
-0.0127465
-0.0126846
-0.0126226
-0.0125606
-0.0124984
-0.0122773
-0.0122175
-0.0121576
-0.0120976
-0.0117143
-0.0116518
-0.0115892
-0.0115265
-0.0114638
-0.011401
-0.011338
-0.011275
-0.011212
-0.0111489
-0.0110857
-0.0110224
-0.0109723
-0.0109092
-0.010846
-0.0107828
-0.0107195
-0.0106562
-0.0105929
-0.0105295
-0.0104661
-0.0104027
-0.0103393
-0.0102759
-0.0102124
-0.0101489
-0.0100855
-0.010022
-0.00995852
-0.00982692
-0.0097641
-0.0097013
-0.00963852
-0.00957575
-0.009513
-0.00945027
-0.00938757
-0.00932488
-0.00926223
-0.00919961
-0.00913703
-0.00907448
-0.00901197
-0.0089495
-0.00888708
-0.0088247
-0.00876238
-0.0087001
-0.00863787
-0.0085757
-0.0085136
-0.00845155
-0.00838957
-0.00832767
-0.00826584
-0.0082041
-0.00814242
-0.00808083
-0.00801932
-0.0079579
-0.00789657
-0.00783533
-0.00777418
-0.00771589
-0.00734936
-0.00729186
-0.00720674
-0.00714956
-0.00709245
-0.00703544
-0.0069785
-0.00692165
-0.00686489
-0.00680822
-0.00675165
-0.00669517
-0.00663878
-0.00658249
-0.0065263
-0.00647021
-0.00641422
-0.00635835
-0.00630258
-0.00624692
-0.00619137
-0.00613593
-0.0060806
-0.00602539
-0.0059703
-0.00591533
-0.00586048
-0.00580576
-0.00575116
-0.00569669
-0.00564234
-0.00558812
-0.00553403
-0.00548008
-0.00542625
-0.00537256
-0.00531902
-0.0052656
-0.00521233
-0.0051592
-0.00511288
-0.0050601
-0.00500745
-0.00495495
-0.0049026
-0.00485039
-0.00478475
-0.00473267
-0.00468074
-0.00462898
-0.00457737
-0.00452592
-0.00447463
-0.0044235
-0.00437253
0.00682759
0.00687811
0.00692886
0.00697984
0.00703105
0.0070825
0.00713416
0.00718603
0.00723811
0.00729038
0.00734283
0.00739547
0.00744828
0.00750125
0.00755437
0.00760765
0.00766108
0.00771463
0.00776832
0.00782213
0.00787605
0.0079301
0.00798427
0.00803855
0.00809291
0.00814737
0.00820433
0.00825892
0.0083136
0.00836835
0.00842317
0.00847807
0.00853302
0.00750692
0.00755432
0.00760169
0.00764903
0.00769634
0.00774361
0.00779085
0.00783804
0.00788519
0.00793228
0.00797931
0.00802629
0.00807323
0.0081201
0.00831874
0.00836667
0.00841455
0.00846238
0.00851018
0.00855791
0.00860559
0.00865321
0.00870078
0.00874828
0.00879572
0.0088431
0.00889042
0.00893767
0.00898485
0.00903196
0.00907901
0.00912598
0.00917288
0.0092197
0.00926645
0.0093131
0.00935968
0.00940616
0.00945254
0.00950561
0.00955177
0.00959784
0.00964382
0.00968972
0.00973552
0.00978122
0.00982683
0.00987232
0.00991771
0.009963
0.0100082
0.0100533
0.0100982
0.0101431
0.0101878
0.0102324
0.0102769
0.0103213
0.0103655
0.0104097
0.0104537
0.0104976
0.0105413
0.010585
0.0106285
0.0106719
0.0107151
0.0107582
0.0108012
0.010844
0.0108867
0.0109293
0.0109717
0.0110139
0.011056
0.011098
0.0111398
0.0111815
0.011223
0.0112643
0.0113056
0.0113466
0.0113875
0.0114282
0.0114688
0.0115092
0.0115494
0.0115895
0.0116294
0.0116691
0.0117087
0.0117481
0.0117873
0.0118264
0.0118652
0.0119039
0.0119425
0.0119808
0.012019
0.0120569
0.0120947
0.0121323
0.0121698
0.012207
0.012244
0.0122809
0.0123176
0.012354
0.0123903
0.0124264
0.0124623
0.012498
0.0125334
0.0125687
0.0126038
0.0126387
0.0126733
0.0127078
0.012742
0.012776
0.0128099
0.0128443
0.0128777
0.0129109
0.0129678
0.0130004
0.0130327
0.0130649
0.0130967
0.0131284
0.0131599
0.0131911
0.0132221
0.0132529
0.0132835
0.0133138
0.0133439
0.0133738
0.0134034
0.0134541
0.0134834
0.0136098
0.0136374
0.0136647
0.0136919
0.0137188
0.0137454
0.0137719
0.0137981
0.0138241
0.0138499
0.0138754
0.0139007
0.0139257
0.0139505
0.0139751
0.0139995
0.0140236
0.0140474
0.0140711
0.0140945
0.0140692
0.0140923
0.0141152
0.0141379
0.0141603
0.0141824
0.0144991
0.014518
0.0145368
0.0145552
0.0145735
0.0145915
0.0146093
0.0146269
0.0146442
0.0146613
0.0146781
0.0146947
0.0147111
0.0147272
0.0147431
0.0147587
0.0147741
0.0147893
0.0148042
0.0148189
0.0148334
0.0148476
0.0148616
0.0148753
0.0148888
0.014902
0.014915
0.0149278
0.0149403
0.0149526
0.0149646
0.0149764
0.014988
0.0149993
0.0150104
0.0150212
0.0150318
0.0150421
0.0150522
0.0150621
0.0150717
0.0150811
0.0150902
0.0150991
0.0151077
0.0151161
0.0151243
0.0151409
0.0151487
0.0151024
0.0151089
0.0151153
0.0151213
0.0151272
0.0151327
0.0151381
0.0151431
0.015148
0.0151526
0.0151569
0.015161
0.0151648
0.0151684
0.0151718
0.0151749
0.0151778
0.0151804
0.0151828
0.0151849
0.0151868
0.0151885
0.0151899
0.015191
0.015192
0.0151926
0.0151931
0.0151933
0.0151932
0.015193
0.0152457
0.0152449
0.0152437
0.0152423
0.0152407
0.0152389
0.0152368
0.0152344
0.0152319
0.0152291
0.0152316
0.0153808
0.0153784
0.0153757
0.0153729
0.0153698
0.0153665
0.0153629
0.0153591
0.0153551
0.0153509
0.0153464
0.0153417
0.0153368
0.0153316
0.0153262
0.0153206
0.0153147
0.0153087
0.0153024
0.0152958
0.0152891
0.0152821
0.0152749
0.0152674
0.0152598
0.0152519
0.0152438
0.0152354
0.0152268
0.0152181
0.015209
0.0151998
0.0151903
0.0151806
0.0151707
0.0151606
0.0151502
0.0151396
0.0151288
0.0151177
0.0151065
0.015095
0.0150832
0.0150713
0.0150591
0.0150468
0.0150342
0.0150213
0.0150911
0.0151135
0.0150998
0.0150859
0.0150718
0.0150575
0.0150429
0.0150282
0.0150132
0.014998
0.0149826
0.014967
0.0150581
0.0150404
0.0150226
0.0150046
0.0149865
0.0149681
0.0149495
0.0149307
0.0149118
0.0148926
0.0148733
0.0148538
0.014834
0.0148141
0.014794
0.0147737
0.0147532
0.0147325
0.0147117
0.0146906
0.0146693
0.0146479
0.0145129
0.0144924
0.0144716
0.0144507
0.0144295
-0.0367581
-0.03673
-0.0367161
-0.0367168
-0.0367316
-0.0367597
-0.0368005
-0.0368533
-0.0369176
-0.0369926
-0.0370777
-0.0371722
-0.0372756
-0.0373872
-0.0375064
-0.0376326
-0.0377653
-0.0379039
-0.038048
-0.0381968
-0.0383501
-0.0385071
-0.0386676
-0.0382631
-0.0384206
-0.0385798
-0.0387403
-0.0389017
-0.0390637
-0.0392258
-0.0393877
-0.039549
-0.0397094
-0.0398686
-0.0400262
-0.0401819
-0.0403354
-0.0404864
-0.0406346
-0.0407797
-0.0409214
-0.0410596
-0.0412231
-0.0413526
-0.0414778
-0.0415984
-0.0417142
-0.0418249
-0.0419305
-0.0420842
-0.0423295
-0.0424157
-0.042496
-0.0425703
-0.0426382
-0.0426998
-0.0427549
-0.0427439
-0.0427832
-0.0428156
-0.0428408
-0.0428587
-0.0428693
-0.0428724
-0.0428681
-0.0427865
-0.0427687
-0.0427431
-0.0427096
-0.0426684
-0.0422599
-0.0421941
-0.0421201
-0.042038
-0.0419479
-0.0418496
-0.0417433
-0.0416289
-0.0415066
-0.0413763
-0.041238
-0.041092
-0.0409381
-0.0407766
-0.0406074
-0.0404307
-0.0400976
-0.0399029
-0.0397944
-0.0395834
-0.0393655
-0.0391407
-0.0389092
-0.0386711
-0.0384267
-0.038176
-0.0379193
-0.0376567
-0.0373884
-0.0371146
-0.0368355
-0.0365512
-0.036262
-0.035968
-0.0356695
-0.0353666
-0.0350596
-0.0347487
-0.0344341
-0.0341079
-0.0337865
-0.033462
-0.0331348
-0.0328049
-0.0319826
-0.0316362
-0.0312878
-0.0309377
-0.0305862
-0.0302333
-0.0298794
-0.0295246
-0.0291692
-0.0288133
-0.0286058
-0.0282449
-0.0278842
-0.027524
-0.0271644
-0.0268056
-0.0264491
-0.0260924
-0.0257371
-0.0253832
-0.0250309
-0.0246803
-0.0243316
-0.0239022
-0.0235592
-0.0232184
-0.02288
-0.022544
-0.0222105
-0.0218798
-0.0215517
-0.0212265
-0.0209042
-0.0205849
-0.0202687
-0.0199555
-0.0196454
-0.0193386
-0.019035
-0.0187346
-0.0184376
-0.0181439
-0.0178536
-0.0175667
-0.0172831
-0.017003
-0.0167264
-0.0164531
-0.0161833
-0.015917
-0.0156542
-0.0153947
-0.0151387
-0.014886
-0.0146368
-0.014391
-0.0141485
-0.0139094
-0.0136736
-0.0134411
-0.0132119
-0.0128633
-0.0126423
-0.0124244
-0.0122097
-0.0119982
-0.0117897
-0.0115843
-0.0113819
-0.0111825
-0.0109861
-0.0107982
-0.0106076
-0.0104198
-0.0102347
-0.0100525
-0.00987303
-0.00969621
-0.00952202
-0.00935042
-0.00918139
-0.0090149
-0.00885088
-0.0086893
-0.00853013
-0.00837331
-0.00821882
-0.00806661
-0.00791664
-0.00776888
-0.0076233
-0.00747986
-0.00733853
-0.00719926
-0.00706203
-0.00692679
-0.00679349
-0.0066621
-0.00653261
-0.00640498
-0.00627917
-0.00615516
-0.00603292
-0.00591243
-0.00579364
-0.00567655
-0.0055611
-0.00544725
-0.00533498
-0.00522428
-0.00511511
-0.00500743
-0.00490121
-0.00479642
-0.00469306
-0.00459111
-0.00449054
-0.00439132
-0.00429341
-0.00419681
-0.00410147
-0.00400739
-0.00391454
-0.0038229
-0.00373245
-0.0036432
-0.00355512
-0.00346817
-0.00338232
-0.00329755
-0.00321384
-0.00313118
-0.00304956
-0.00296897
0.0324747
0.0324955
0.0325164
0.0325373
0.0325582
0.0325793
0.0326004
0.0326217
0.0326431
0.0326646
0.0326862
0.0327079
0.0327298
0.0327518
0.0327739
0.0327962
0.0328186
0.0328412
0.0328639
0.0328868
0.0329098
0.0329411
0.0329644
0.0329878
0.0330113
0.033035
0.0330589
0.0330829
0.0331071
0.0331314
0.0331559
0.0331805
0.0332053
0.0332303
0.0332553
0.0332806
0.0333059
0.0333314
0.0333571
0.0331885
0.0332122
0.0332359
0.0332597
0.0332836
0.0333075
0.0333316
0.0333557
0.0333799
0.0334042
0.0334285
0.0334529
0.0334774
0.0335019
0.0335265
0.0335511
0.0335758
0.0336005
0.0336252
0.0336499
0.0336747
0.0336995
0.0337243
0.0337491
0.0337738
0.0337986
0.0338224
0.0338472
0.0338719
0.0338966
0.0339212
0.0339458
0.0339704
0.0339949
0.0340193
0.0340436
0.0340679
0.0340921
0.0341161
0.0341401
0.0341639
0.0341876
0.0342112
0.0342346
0.0342579
0.034281
0.0342358
0.0342595
0.034283
0.0343063
0.0343294
0.0343523
0.0343749
0.0343973
0.0344194
0.0344413
0.0342824
0.0342999
0.034317
0.0343338
0.0343501
0.034366
0.0343815
0.0343611
0.0343755
0.0343895
0.034403
0.0344159
0.0344284
0.0344404
0.0344518
0.0344627
0.034473
0.0344827
0.0344919
0.0345004
0.0345083
0.0345156
0.0345223
0.0345283
0.0345336
0.0345539
0.0345579
0.0345611
0.0345637
0.0345655
0.0345665
0.0342818
0.0342744
0.0342662
0.034257
0.0342468
0.0342356
0.0342234
0.0342102
0.034196
0.0341807
0.0341644
0.0341469
0.0341284
0.0341088
0.034088
0.0340661
0.034043
0.0340188
0.0339934
0.0338939
0.0338676
0.0338401
0.0338114
0.0337813
0.0337499
0.0337173
0.0336833
0.033648
0.0336113
0.0335733
0.0335339
0.0334931
0.0334509
0.0334073
0.0333623
0.0333159
0.033268
0.0332187
0.0331679
0.0331156
0.0330619
0.0330067
0.03295
0.0328918
0.0327749
0.0327144
0.0332442
0.0331903
0.033135
0.0330782
0.0330199
0.0329601
0.0328989
0.0328361
0.0327719
0.0327062
0.032639
0.0325703
0.0325001
0.0324283
0.0323551
0.0322804
0.0322042
0.0321264
0.0320472
0.0319664
0.0318842
0.0318004
0.0317152
0.0316285
0.0315402
0.0314505
0.0313593
0.0310454
0.0309478
0.0308487
0.0307481
0.0306461
0.0301963
0.0301008
0.0300037
0.0299049
0.0298046
0.0297027
0.0295992
0.0294942
0.0293877
0.0292796
0.0291701
0.0290591
0.0289467
0.028775
0.0286582
0.0285399
0.0284203
0.0282992
0.0280464
0.0279246
0.0278014
0.027677
0.0275513
0.0274243
0.0272961
0.0271668
0.0270362
0.0269045
0.0267717
0.0266378
0.0265029
0.0263669
0.0262298
0.0260918
0.0259528
0.0258129
0.025672
0.0255303
0.0253877
0.0252442
0.0251
0.024955
0.0248092
0.0246627
0.0245155
0.0242472
0.0241004
0.0239531
0.0238051
0.0236566
0.0235076
0.0233581
0.0231877
0.023037
0.0228859
0.0227345
0.0225827
0.0224149
0.0222626
0.0221099
0.021957
0.0218039
0.0216506
0.0214971
0.0213435
0.0211898
0.021036
0.0208821
0.0207282
0.0205742
0.0204203
0.0202665
0.0201127
0.0199589
0.0198053
0.0196519
0.0194986
0.0193455
0.0191925
0.019626
0.0194836
0.0193414
0.0191995
0.0190579
0.0189167
0.0187757
0.0186351
0.0184949
0.0183551
0.0182157
0.0180767
0.0179382
0.0178002
0.0176626
0.0175256
0.0173891
0.0172531
0.0171177
0.0169829
0.0168487
0.016715
0.016582
0.0164495
0.0163178
0.0161866
0.0160562
0.0159264
0.0154904
0.0153675
0.0152453
0.0151237
0.0150028
0.0148826
0.0147631
0.0146443
0.0145262
0.0144088
0.0142922
0.0141763
0.0140611
0.0139466
0.0138328
0.0137198
0.0136075
0.013496
0.0133852
0.0132752
0.0131659
0.0130574
0.0129496
0.0128425
0.0127362
0.0126307
0.0125259
0.0124219
0.0123186
0.0122161
0.0121143
0.0120133
0.0119131
0.0118136
0.0117149
0.0116169
0.0115197
0.0114232
0.0113275
0.0112325
0.0111382
0.0110448
0.010952
0.01086
0.0107687
0.0106782
0.0105884
0.0104993
0.00992868
0.00984636
0.00976475
0.00968384
0.00960362
0.00952407
0.0094452
0.00936699
0.00928946
0.00921259
0.00913636
0.00906078
0.00898583
0.00891152
0.00883784
0.00876523
0.00869279
0.0233497
0.0234641
0.0235774
0.0236895
0.0238004
0.0239102
0.0240188
0.0241262
0.0242325
0.0243377
0.0244419
0.0245431
0.0240841
0.0241899
0.0242947
0.0243986
0.0245015
0.0246034
0.0247043
0.0248043
0.0249033
0.0250014
0.0250985
0.0251947
0.0252899
0.0253841
0.0254775
0.0255698
0.0256612
0.0257516
0.0258411
0.0259296
0.0260172
0.0261038
0.0261894
0.0262741
0.0263578
0.0264405
0.0265223
0.0266031
0.0266829
0.0267618
0.0268396
0.0268598
0.0269352
0.0270096
0.027083
0.0271555
0.0272269
0.0272974
0.0273669
0.0274354
0.027503
0.0275695
0.0276351
0.0276997
0.0277633
0.0278259
0.0278876
0.0279483
0.0280079
0.0280666
0.0281243
0.0281811
0.0282368
0.0282916
0.0283454
0.0283982
0.02845
0.0285009
0.0285508
0.0285997
0.0286476
0.0286946
0.0287407
0.0287857
0.0288299
0.0288731
0.0289153
0.0289566
0.0289969
0.0290363
0.0290748
0.0291123
0.0291489
0.0291846
0.0292193
0.0292531
0.029286
0.0293179
0.029349
0.0293791
0.0294083
0.0294366
0.029464
0.0294905
0.0295162
0.0295409
0.0295648
0.0295878
0.0296099
0.0296311
0.0296515
0.0296709
0.0296896
0.0297073
0.0297242
0.0297402
0.0297554
0.0297697
0.0297832
0.0297959
0.0298077
0.0298187
0.0298192
0.0298284
0.0298368
0.0298443
0.0298511
0.029857
0.0298621
0.0298664
0.0298699
0.0298726
0.0298746
0.0298757
0.0298761
0.0298756
0.0300538
0.0300502
0.0300457
0.0300404
0.0300343
0.0300275
0.0300198
0.0300114
0.0300023
0.0299923
0.0299816
0.0299701
0.0299578
0.029953
0.0299393
0.0299248
0.0299096
0.0298936
0.0298769
0.0298594
0.0298411
0.0298222
0.0298024
0.0297819
0.0297607
0.0297635
0.0297404
0.0297165
0.0296919
0.0296666
0.0296405
0.0296137
0.0295861
0.0295578
0.0295288
0.029499
0.0294684
0.0294372
0.0294051
0.0293724
0.0293389
0.0290704
0.0290311
0.0289909
0.02895
0.0289083
0.0288658
0.0288225
0.0287784
0.0287335
0.0286878
0.0286413
0.028594
0.0285458
0.0284969
0.0284471
0.0283965
0.0283451
0.0282929
0.0282399
0.028186
0.0281313
0.0280757
0.0280194
0.0279621
0.0279041
0.0278452
0.0277854
0.0277248
0.0276633
0.027601
0.0275378
0.0274738
0.0274089
0.0273431
0.0272001
0.0271315
0.0270619
0.0269915
0.0269203
0.0268481
0.0267751
0.0267013
0.0266265
0.0265509
0.0264744
0.026397
0.0263187
0.0262395
0.0261595
0.0260786
0.0259968
0.0259141
0.0258305
0.0257461
0.0255633
0.0254786
0.025393
0.0253065
0.0252192
0.025131
0.0250418
0.0249519
0.024861
0.0247693
0.0246768
0.0245834
0.0244891
0.0243941
0.0242981
0.0242013
0.0241037
0.0240053
0.0239061
0.023806
0.0237051
0.0236035
0.023501
0.0233977
0.0232937
0.0231888
0.0230832
0.0229768
0.0228697
0.0227618
0.0226532
0.0225439
0.0224338
0.022323
0.0222116
0.0220994
0.0217638
0.0216541
0.0215437
0.0214326
0.0213209
0.0212085
0.0210955
0.0209819
0.0208676
0.0207528
0.0206373
0.0205213
0.0204046
0.0202874
0.0201697
0.0200515
0.0199327
0.0198135
0.0196937
0.019406
0.0192831
0.0191597
0.0190359
0.0189117
0.018787
0.018662
0.0185366
0.0184109
0.0182848
0.0181584
0.0180317
0.0179047
0.0177774
0.0176499
0.0175221
0.017394
0.0172657
0.0171372
0.0170085
0.0168796
0.0167506
0.0166214
0.0164921
0.0163627
0.0162331
0.0161035
0.0159738
0.0158441
0.0157137
0.0155839
0.015454
0.0153241
0.0151942
0.0150643
0.0149345
0.0148047
-0.00523669
-0.00525423
-0.00549456
-0.00550811
-0.00552158
-0.00553496
-0.00554825
-0.00556146
-0.00557459
-0.00558765
-0.00560066
-0.00561361
-0.0056265
-0.00563934
-0.00565214
-0.00566489
-0.00567759
-0.00569026
-0.0057029
-0.00571551
-0.00572808
-0.00574063
-0.00575315
-0.00576564
-0.0057781
-0.00579055
-0.00580296
-0.00581536
-0.00582774
-0.0058401
-0.00585245
-0.00586477
-0.00587707
-0.00588936
-0.00590163
-0.00591388
-0.00592611
-0.00593832
-0.00595052
-0.0059627
-0.00597486
-0.00598701
-0.00599914
-0.00601126
-0.00602336
-0.00603543
-0.0060475
-0.00605954
-0.00607156
-0.00608356
-0.00609555
-0.00610751
-0.00611946
-0.00613139
-0.0061433
-0.00615519
-0.00616706
-0.0061789
-0.00619072
-0.00620252
-0.00621429
-0.00622604
-0.00623777
-0.00624947
-0.00626115
-0.0062728
-0.00628442
-0.00629602
-0.00630759
-0.00631913
-0.00633065
-0.00634213
-0.00635358
-0.00694387
-0.00695444
-0.00696499
-0.00697551
-0.00698601
-0.00699649
-0.00700693
-0.00701735
-0.00702774
-0.00703809
-0.00704842
-0.00705871
-0.00706897
-0.0070792
-0.0070894
-0.00709956
-0.0071097
-0.00711979
-0.00712985
-0.00713986
-0.00714984
-0.00715978
-0.00716968
-0.00717955
-0.00718937
-0.00719915
-0.00720889
-0.00721858
-0.00722823
-0.00723784
-0.0072474
-0.00725692
-0.00726639
-0.00727582
-0.0072852
-0.00729454
-0.00730383
-0.00731308
-0.00732228
-0.00733142
-0.00734052
-0.00734956
-0.00735855
-0.00736749
-0.00737638
-0.00738521
-0.00739398
-0.0074027
-0.00741136
-0.00741997
-0.00742852
-0.00743701
-0.00745172
-0.00746011
-0.00746844
-0.00747671
-0.00748492
-0.00749308
-0.00750118
-0.00750921
-0.00751719
-0.0075251
-0.00753295
-0.00754074
-0.00754846
-0.00755611
-0.00756371
-0.00757124
-0.00757871
-0.00758612
-0.00759345
-0.00760073
-0.00760794
-0.00761508
-0.00762217
-0.00762918
-0.00763613
-0.00764301
-0.00764982
-0.00765656
-0.00766323
-0.00766982
-0.00767635
-0.0076828
-0.00768919
-0.0076955
-0.00770175
-0.00770792
-0.00771402
-0.00772004
-0.007726
-0.00773188
-0.00773769
-0.00774343
-0.0077491
-0.00775469
-0.0077602
-0.00776564
-0.007771
-0.00777627
-0.00778148
-0.00778661
-0.00779165
-0.00779662
-0.00780151
-0.00780632
-0.00781105
-0.0078157
-0.00782028
-0.00782477
-0.00782918
-0.00783352
-0.00783777
-0.00784195
-0.00784604
-0.00785005
-0.00785398
-0.00785783
-0.00787842
-0.0078822
-0.0078859
-0.00788951
-0.00789304
-0.00789648
-0.00789983
-0.0079031
-0.00790629
-0.0079094
-0.00791243
-0.00791537
-0.00791822
-0.00792099
-0.00792367
-0.00792627
-0.00792878
-0.0079312
-0.00793353
-0.00793577
-0.00793793
-0.00794
-0.00794199
-0.00794389
-0.0079457
-0.00794742
-0.00794906
-0.00795061
-0.00795207
-0.00795345
-0.00795474
-0.00795594
-0.00795705
-0.00795807
-0.00795901
-0.00795987
-0.00794099
-0.00794158
-0.00794207
-0.00794248
-0.00794279
-0.00794301
-0.00794313
-0.00794316
-0.0079431
-0.00794295
-0.00794271
-0.00794237
-0.00794195
-0.00794142
-0.0079408
-0.00794009
-0.00793928
-0.00793838
-0.0079374
-0.00793632
-0.00793515
-0.00793389
-0.00793253
-0.00793109
-0.00792955
-0.00792792
-0.0079262
-0.00792439
-0.00792247
-0.00792047
-0.00791837
-0.00791618
-0.00791388
-0.00791148
-0.00790899
-0.0079064
-0.00790372
-0.00790095
-0.00789808
-0.00789511
-0.00789206
-0.0078889
-0.00788566
-0.00788232
-0.00787888
-0.00787535
-0.00787172
-0.007868
-0.00786419
-0.00786028
-0.00785627
-0.00785218
-0.00784799
-0.0078437
-0.00783932
-0.00783484
-0.00783027
-0.00782559
-0.00782082
-0.00781595
-0.00781099
-0.00780593
-0.00780077
-0.00779552
-0.00779018
-0.00778474
-0.00777921
-0.00777359
-0.00776787
-0.00776204
-0.00775613
-0.00775012
-0.00774401
-0.00773781
-0.00773151
0.00896939
0.00897034
0.00897298
0.00897727
0.0089832
0.00899063
0.00899949
0.00900977
0.00902135
0.00903421
0.00904824
0.00906349
0.00907985
0.00909726
0.00911572
0.00913514
0.00918768
0.00920924
0.00923174
0.00925505
0.00927918
0.00930411
0.0093298
0.00935621
0.00938326
0.00941093
0.00943926
0.00946819
0.00949772
0.00952783
0.0095585
0.00958971
0.00962146
0.00965376
0.00968649
0.00971967
0.00975325
0.00978719
0.00982158
0.00985639
0.00989157
0.00992718
0.00996312
0.00999947
0.0100361
0.010073
0.0101103
0.0101479
0.0101858
0.010224
0.0102625
0.0103013
0.0103404
0.0103797
0.0104192
0.010459
0.010521
0.0105614
0.010602
0.0106428
0.0106839
0.0107252
0.0107666
0.0108081
0.0108498
0.0108918
0.0109338
0.010976
0.0110182
0.0110605
0.0111029
0.0111455
0.0111882
0.011231
0.0112738
0.0113168
0.0113598
0.0114029
0.0114461
0.0114893
0.0115325
0.0115758
0.011619
0.0116622
0.0117053
0.0117484
0.0117914
0.0118342
0.0118757
0.0119184
0.011961
0.0120036
0.012046
0.0120882
0.0121303
0.0121722
0.012214
0.0122556
0.0122969
0.0123381
0.012379
0.0124197
0.0124601
0.0125002
0.01254
0.0125795
0.0126186
0.0126574
0.0126959
0.0127339
0.0127715
0.0128087
0.0128455
0.0128818
0.0129176
0.012953
0.0129879
0.0130222
0.013056
0.0130893
0.013122
0.0131541
0.0131856
0.0132165
0.0132468
0.0132763
0.0133052
0.013608
0.0136413
0.0136741
0.0137062
0.0137376
0.0137684
0.0137985
0.0138279
0.0138565
0.0138844
0.0139116
0.0139381
0.0139567
0.0139816
0.0140058
0.0140291
0.0140517
0.0142631
0.0142881
0.0143123
0.0143358
0.0143584
0.0143802
0.0144012
0.0144213
0.0144405
0.0145694
0.0145764
0.0145957
0.0146142
0.0146317
0.0146484
0.0146643
0.0146793
0.0146935
0.0147067
0.0147189
0.0147303
0.0147406
0.01475
0.0147585
0.0147661
0.0148484
0.0148558
0.0148623
0.0148678
0.0148724
0.0148762
0.0148789
0.0148615
0.0148627
0.0149305
0.0149317
0.014932
0.0149314
0.01493
0.0149277
0.0148908
0.0148875
0.0148832
0.0148781
0.014872
0.0148651
0.0148573
0.0148486
0.0148833
0.014874
0.0148639
0.0148529
0.0148972
0.0148861
0.0148742
0.0149302
0.0149149
0.014899
0.0147653
0.0147514
0.0147368
0.0147214
0.0147053
0.0146884
0.0146708
0.0146906
0.0146725
0.0146538
0.0146345
0.0146145
0.0145502
0.0145304
0.0145098
0.0144886
0.0144668
0.0144444
0.0144214
0.0143979
0.0143737
0.014349
0.0143238
0.0142981
0.0142718
0.0142451
0.0142178
0.0141901
0.014162
0.0141334
0.0141044
0.014075
0.0140452
0.014015
0.0139844
0.0139535
0.0139222
0.0138907
0.0138587
0.0138265
0.013794
0.0137612
0.0137282
0.0136949
0.0136613
0.0136275
0.0135935
0.0135593
0.0135249
0.0134903
0.0134555
0.0134206
0.0133855
0.0133503
0.0133149
0.0132794
0.0132438
0.0132081
0.0131723
0.0131364
0.0131004
0.0130644
0.0130283
0.0129921
0.0129559
0.0129196
0.0128833
0.0128469
0.0128106
0.0127742
0.0127378
0.0127014
0.012665
0.0126286
0.0125922
0.0125558
0.0125195
0.0124832
0.0124469
0.0124098
