0
0
0
0
0
0
0
0.159623
0.159623
0.159623
0.159623
0.159623
0.159623
0.159623
0.159623
0.173626
0.184541
0.184541
0.184541
0.184541
0.184541
0.184541
0.184541
0.184541
0.184541
0.184541
0.184541
0.184894
0.184894
0.190304
0.190304
0.190304
0.190304
0.198309
0.198309
0.202819
0.202819
0.202819
0.202819
0.202819
0.202819
0.202819
0.202819
0.205444
0.205444
0.206844
0.206844
0.206844
0.206844
0.206844
0.206844
0.206844
0.206844
0.206844
0.206844
0.206844
0.206844
0.207833
0.207833
0.208854
0.208854
0.208854
0.208854
0.208854
0.208854
0.212293
0.212293
0.214789
0.214789
0.215478
0.215478
0.215478
0.215478
0.215478
0.215478
0.215478
0.215478
0.215478
0.215478
0.215478
0.215478
0.216573
0.216573
0.216573
0.216573
0.216573
0.216573
0.216573
0.219671
0.221175
0.221175
0.221175
0.221175
0.221175
0.221175
0.221175
0.221175
0.221175
0.221175
0.221175
0.221175
0.221175
0.221175
0.221175
0.221175
0.221175
0.221175
0.221175
0.221175
0.221175
0.221175
0.221175
0.221175
0.221175
0.221175
0.221175
0.221175
0.221175
0.221175
0.221175
0.221175
0.221175
0.221175
0.221175
0.221175
0.221175
0.221175
0.221175
0.221175
0.221175
0.221175
0.221175
0.221175
0.221175
0.221175
0.221175
0.221175
0.221175
0.221175
0.221175
0.221175
0.221175
0.222643
0.223703
0.224189
0.224189
0.224189
0.224189
0.224189
0.224189
0.224189
0.224189
0.224189
0.224189
0.224189
0.224189
0.224189
0.224189
0.224189
0.224189
0.224189
0.224189
0.224189
0.224189
0.224189
0.224189
0.224189
0.224189
0.224189
0.224189
0.224189
0.224189
0.224189
0.224189
0.224189
0.224189
0.224189
0.224189
0.224189
0.224189
0.224189
0.224189
0.224189
0.224189
0.224189
0.224189
0.224189
0.224189
0.224189
0.224678
0.224678
0.224678
0.224678
0.224678
0.224678
0.224678
0.224678
0.224678
0.224678
0.224678
0.224678
0.224678
0.224678
0.224678
0.224678
0.224678
0.224678
0.224678
0.224678
0.224678
0.224678
0.224678
0.224678
0.224678
0.224678
0.224678
0.224678
0.224678
0.224678
0.224678
0.224678
0.224678
0.224678
0.224678
0.224678
0.224678
0.224678
0.224678
0.224678
0.224678
0.224678
0.224678
0.224678