0
-0.04
-0.04
-0.0397555
-0.0369276
-0.0348282
-0.0329368
-0.031246
-0.0297427
-0.02841
-0.0272298
-0.0261858
-0.0252621
-0.0244444
-0.02372
-0.0230776
-0.0225078
-0.0220015
-0.0215515
-0.0211501
-0.0207928
-0.0204732
-0.0201875
-0.0199313
-0.019702
-0.0194972
-0.0193148
-0.019153
-0.0190092
-0.0188819
-0.0187696
-0.0186709
-0.0185843
-0.0185091
-0.0184433
-0.0183865
-0.0183372
-0.0182949
-0.0182592
-0.0182294
-0.0182053
-0.0181862
-0.018172
-0.0181616
-0.0181553
-0.0181518
-0.0181514
-0.0181534
-0.0181573
-0.018163
-0.0181705
-0.0181797
-0.0181904
-0.0182024
-0.0182155
-0.0182298
-0.0182454
-0.0182616
-0.018279
-0.0182973
-0.0183162
-0.0183356
-0.018356
-0.0183766
-0.0183979
-0.0184193
-0.0184415
-0.0184639
-0.0184866
-0.0185099
-0.0185338
-0.0185575
-0.0185816
-0.0186063
-0.0186307
-0.0186554
-0.0186806
-0.0187062
-0.0187317
-0.0187578
-0.018784
-0.0188105
-0.0188366
-0.0188634
-0.0188901
-0.018917
-0.0189442
-0.0189715
-0.0189987
-0.0190264
-0.0190541
-0.0190819
-0.0191101
-0.0191386
-0.019167
-0.0191959
-0.0192246
-0.0192533
-0.0192821
-0.0193113
-0.0193409
-0.0193706
-0.0194002
-0.01943
-0.0194598
-0.0194898
-0.0195204
-0.0195512
-0.0195818
-0.0196125
-0.0196433
-0.0196744
-0.0197056
-0.0197371
-0.0197686
-0.0198008
-0.0198329
-0.019865
-0.0198974
-0.0199299
-0.0199626
-0.0199955
-0.0200288
-0.0200622
-0.0200955
-0.0201293
-0.0201634
-0.0201971
-0.0202313
-0.0202658
-0.0203002
-0.0203348
-0.0203695
-0.0204044
-0.02044
-0.0204757
-0.0205118
-0.0205476
-0.0205838
-0.02062
-0.0206567
-0.0206933
-0.02073
-0.020767
-0.0208043
-0.0208415
-0.0208788
-0.0209166
-0.020955
-0.0209934
-0.0210318
-0.0210706
-0.0211096
-0.0211486
-0.0211881
-0.0212272
-0.0212673
-0.0213074
-0.0213473
-0.0213877
-0.0214284
-0.0214695
-0.0215104
-0.0215515
-0.0215931
-0.0216349
-0.0216768
-0.0217185
-0.0217611
-0.0218037
-0.0218464
-0.0218897
-0.0219328
-0.0220617
-0.0221055
-0.0221499
-0.0221943
-0.0222387
-0.0222836
-0.0223294
-0.0223749
-0.0224205
-0.0224671
-0.0225137
-0.0225602
-0.0226071
-0.0226541
-0.0227015
-0.0227494
-0.0227978
-0.0228464
-0.0228952
-0.0229438
-0.0229929
-0.0230423
-0.0230923
-0.0231423
-0.0231925
-0.0232431
-0.0232941
-0.0233449
-0.0233966
-0.0234481
-0.0234999
-0.0235524
-0.0236048
-0.0236577
-0.0237112
-0.0237643
-0.0238184
-0.0238721
-0.0239263
-0.0239807
-0.0240356
-0.0240905
-0.0241461
-0.0242023
-0.0242583
-0.0243148
-0.0243715
-0.024429
-0.0244863
-0.0245438
-0.0246019
-0.0246606
-0.0247194
-0.0247786
-0.0248382
-0.0248984
-0.0249582
-0.0250186
-0.0250793
-0.0251403
-0.0252018
-0.025264
-0.0253263
-0.0253886
-0.0254519
-0.0273332
-0.0274132
-0.0274943
-0.0275765
-0.0276591
-0.0277429
-0.0278277
-0.0279131
-0.0279996
-0.0280864
-0.028175
-0.028264
-0.0283536
-0.0284442
-0.0285353
-0.0286281
-0.0287214
-0.0288159
-0.02891
-0.0290055
-0.0291016
-0.0291991
-0.0292974
-0.0293963
-0.0294953
-0.0295958
-0.0296972
-0.0297986
-0.0299008
-0.030005
-0.0301094
-0.0302148
-0.0303207
-0.0304272
-0.0305346
-0.0306434
-0.0307523
-0.0308624
-0.0309733
-0.0310853
-0.0311987
-0.0313121
-0.0314262
-0.0315424
-0.0316584
-0.0317764
-0.0318949
-0.0320151
-0.0321348
-0.0322557
-0.0323774
-0.0325006
-0.0326256
-0.0327502
-0.032876
-0.0334061
-0.0335374
-0.0336697
-0.0338028
-0.0339373
-0.0340725
-0.0342089
-0.034346
-0.0344849
-0.0346253
-0.0347667
-0.0349087
-0.0350538
-0.035199
-0.0353446
-0.0354919
-0.0356414
-0.0357919
-0.0359417
-0.0360938
-0.0362465
-0.0364013
-0.0365584
-0.036715
-0.0368742
-0.0370342
-0.0371947
-0.0373578
-0.0375221
-0.0376874
-0.0378531
-0.0380208
-0.0381895
-0.0383595
-0.0385306
-0.0387036
-0.0388784
-0.0390535
-0.0392299
-0.0394086
-0.0395884
-0.0397689
-0.039951
-0.04
-0.04
-0.04
-0.04
-0.04
-0.04
-0.04
-0.04
-0.04
-0.04
-0.04
-0.04
-0.04
-0.04
-0.04
-0.04
-0.04
-0.04
-0.04
-0.04
-0.04
-0.04
-0.04
-0.04
-0.04
-0.04
-0.04
-0.04
-0.04
-0.04
-0.04
-0.04
-0.04
-0.04
-0.04
-0.04
-0.04
-0.04
-0.04
-0.04
-0.04
-0.04
-0.04
-0.04
-0.04
-0.04
-0.04
-0.04
-0.04
-0.04
-0.04
-0.04
-0.04
-0.04
-0.04
-0.04
-0.04
-0.04
-0.04
-0.04
-0.04
-0.04
-0.04
-0.04
-0.04
-0.04
-0.04
-0.04
-0.04
-0.04
-0.04
-0.04
-0.04
-0.04
-0.04
-0.04
-0.04
-0.04
-0.04
-0.04
-0.04
-0.04
-0.04
-0.04
-0.04
-0.04
-0.04
-0.04
-0.04
-0.04
-0.04
-0.04
-0.04
-0.04
-0.04
-0.04
-0.04
-0.04
-0.04
-0.04
-0.04
-0.04
-0.04
-0.04
-0.04
-0.04
-0.04
-0.04
-0.04
-0.04
-0.04
-0.04
-0.04
-0.04
-0.04
-0.04
-0.04
-0.04
-0.04
-0.04
-0.04
-0.04
-0.04
-0.04
-0.04
-0.04
-0.04
-0.04
-0.04
-0.04
-0.04
-0.04
-0.04
-0.04
-0.04
-0.04
-0.04
-0.04
-0.04
-0.04
-0.04
-0.04
-0.04
-0.04
-0.04
-0.04
-0.04
-0.04
-0.04
-0.04
-0.04
-0.04
-0.04
-0.04
-0.04
-0.04
-0.04
-0.04
-0.04
-0.04
-0.04
-0.04
-0.04
-0.04
-0.04
-0.04
-0.04
-0.04
-0.04
-0.04
-0.04
-0.04
-0.04
-0.04
-0.04
-0.04
-0.04
-0.04
-0.04
-0.04
-0.04
-0.04
-0.04
-0.04
-0.04
-0.04
-0.04
-0.04
-0.04
-0.04
-0.04
-0.04
-0.04
-0.04
-0.04
-0.04
-0.04
-0.04
-0.04
-0.04
-0.04
-0.04
-0.04
-0.04
-0.04
-0.04
-0.04
-0.04
-0.04
-0.04
-0.04
-0.04
-0.04
-0.04
-0.04
-0.04
-0.04
-0.04
-0.04
-0.04
-0.04
-0.04
-0.04
-0.04
-0.04
-0.04
-0.04
-0.04
-0.04
-0.04
-0.04
-0.04
-0.04
-0.04
-0.04
-0.04
-0.04
-0.04
-0.04
-0.04
-0.04
-0.04
-0.04
-0.04
-0.04
-0.04
-0.04
-0.04
-0.04
-0.04
-0.04
-0.04
-0.04
-0.04
-0.04
-0.04
-0.04
-0.04
-0.04
-0.04
-0.04
-0.04
-0.04
-0.04
-0.04
-0.04
-0.04
-0.04
-0.04
-0.04
-0.04
-0.04
-0.04
-0.04
-0.04
-0.04
-0.04
-0.04
-0.04
-0.04
-0.04
-0.04
-0.04
-0.04
-0.04
-0.04
-0.04
-0.04
-0.04
-0.04
-0.04
-0.04
-0.04
-0.04
-0.04
-0.04
-0.04
-0.04
-0.04
-0.04
-0.04
-0.04
-0.04
-0.04
-0.04
-0.04
-0.04
-0.04
-0.04
-0.04
-0.04
-0.04
-0.04
-0.04
-0.04
-0.04
-0.04
-0.04
-0.04
-0.04
-0.04
-0.04
-0.04
-0.04
-0.04
-0.04
-0.04
-0.04
-0.04
-0.04
-0.04
-0.04
-0.04
-0.04
-0.04
-0.04
-0.04
-0.04
-0.04
-0.04
-0.04
-0.04
-0.04
-0.04
-0.04
-0.04
-0.04
-0.04
-0.04
-0.04
-0.04
-0.04
-0.04
-0.04
-0.04
-0.04
-0.04
-0.04
-0.04
-0.04
-0.04
-0.04
-0.04
-0.04
-0.04
-0.04
-0.04
-0.04
-0.04
-0.04
-0.04
-0.04
-0.04
-0.04
-0.04
-0.04
-0.04
-0.04
-0.04
-0.04
-0.04
-0.04
-0.04
-0.04
-0.04
-0.04
-0.04
-0.04
-0.04
-0.04
-0.04
-0.04
-0.04
-0.04
-0.04
-0.04
-0.04
-0.04
-0.04
-0.04
-0.04
-0.04
-0.04
-0.04
-0.04
-0.04
-0.04
-0.04
-0.04
-0.04
-0.04
-0.04
-0.04
-0.04
-0.04
-0.04
-0.04
-0.04
-0.04
-0.04
-0.04
-0.04
-0.04
-0.04
-0.04
-0.04
-0.04
-0.04
-0.04
-0.04
-0.04
-0.04
-0.04
-0.04
-0.04
-0.04
-0.04
-0.04
-0.04
-0.04
-0.04
-0.04
-0.04
-0.04
-0.04
-0.04
-0.04
-0.04
-0.04
-0.04
-0.04
-0.04
-0.039808
-0.0395018
-0.0391959
-0.0388924
-0.0385914
-0.0382888
-0.0379914
-0.0376935
-0.0374007
-0.0371077
-0.0368197
-0.0365274
-0.0362416
-0.0359557
-0.0356687
-0.0353859
-0.0351063
-0.0348289
-0.0345531
-0.0342809
-0.0340041
-0.0337346
-0.0334677
-0.0331994
-0.0329315
-0.0326701
-0.0324073
-0.032149
-0.0318906
-0.0316352
-0.00506425
-0.00503796
-0.00501
-0.00498313
-0.00495634
-0.00492891
-0.00490111
-0.00487316
-0.00484537
-0.00481752
-0.0047789
-0.00475063
-0.00472227
-0.00469355
-0.00466519
-0.00463652
-0.00460797
-0.00457946
-0.00455019
-0.00452156
-0.00449227
-0.00446321
-0.00443389
-0.00440477
-0.00437551
-0.0043461
-0.00431699
-0.00428794
-0.00385461
-0.00382916
-0.00380356
-0.0037777
-0.0037518
-0.00372599
-0.00369986
-0.00367373
-0.00364716
-0.00362084
-0.00359469
-0.0035684
-0.00354201
-0.00351512
-0.00348792
-0.00346056
-0.00343353
-0.00340618
-0.00337921
-0.00189624
-0.00188127
-0.00186624
-0.00185101
-0.00183555
-0.00181972
-0.00180406
-0.00178796
-0.00177178
-0.00175549
-0.00173896
-0.00172215
-0.00170512
-0.00168775
-0.00167062
-0.00165324
-0.00163555
-0.0016174
-0.00159926
-0.00158077
-0.0015622
-0.00154351
-0.00152491
-0.00150579
-0.00148644
-0.00146701
-0.0014472
-0.00142733
-0.00140707
-0.00138701
-0.00136655
-0.00134605
-0.00132527
-0.0013045
-0.00128322
-0.00126168
-0.00124018
-0.0012184
-0.00119629
-0.00117413
-0.00115147
-0.00112888
-0.00110618
-0.00108325
-0.00106002
-0.00103656
-0.00101264
-0.000989198
-0.000964871
-0.000940756
-0.000916181
-0.000891897
-0.000866879
-0.000841681
-0.000816438
-0.000790865
-0.000765118
-0.000738879
-0.000712731
-0.000686721
-0.000659994
-0.000633283
-0.000606294
-0.000578905
-0.000551435
-0.000523689
-0.000495928
-0.000467739
-0.000439947
-0.000411852
-0.000383294
-0.000354572
-0.000204299
-0.000174152
-0.000143751
-0.000113229
-8.246e-05
-5.10834e-05
-1.97274e-05
1.21645e-05
4.38105e-05
7.60928e-05
0.000108916
0.000141801
0.000174739
0.000135129
0.00016796
0.00020057
0.000233419
0.000266361
0.000299477
0.000332742
0.000366602
0.000400103
0.000433986
0.000468646
0.000503786
0.000538783
0.000573577
0.000608741
0.000644718
0.000680831
0.000716846
0.000753114
0.000789293
0.000958995
0.000995826
0.00103288
0.00107047
0.00110882
0.0011467
0.00118503
0.00122315
0.00126209
0.00130054
0.00132672
0.00136628
0.00140546
0.00144528
0.00148542
0.00152475
0.00154102
0.00158094
0.00162204
0.00166301
0.00170403
0.00174545
0.00178629
0.00182803
0.00186905
0.00193648
0.00197897
0.00202145
0.0020637
0.00210566
0.00214844
0.0021911
0.00223414
0.00227738
0.00232141
0.00236569
0.00240966
0.00245402
0.00249894
0.00254423
0.00258884
0.00263438
0.00268024
0.00272602
0.00277158
0.0028186
0.00286499
0.00291204
0.00295781
0.00300407
0.00305137
0.00309799
0.00314562
0.0031937
0.00324116
0.00328859
0.00333702
0.00338508
0.00343451
0.00348288
0.00353191
0.00358126
0.00363089
0.0036804
0.0037307
0.0037814
0.00386148
0.00392554
0.00397642
0.00402639
0.00407674
0.00412817
0.00417972
0.00423057
0.00428173
0.00433367
0.00547311
0.00553134
0.00558971
0.00564846
0.00570752
0.0057669
0.00582717
0.00588694
0.00594691
0.00600746
0.00606791
0.00612957
0.00619118
0.00625251
0.0063143
0.00637558
0.00643784
0.00650049
0.00656305
0.00662538
0.00668763
0.00675146
0.00681462
0.00687762
0.00694236
0.00700736
0.00707216
0.00713668
0.00720112
0.00726657
0.0073318
0.00739743
0.00749552
0.00756122
0.0076274
0.00769397
0.00776044
0.00782666
0.00789268
0.00796055
0.00802846
0.00809534
0.00816303
0.00823122
0.00816677
0.00823609
0.00830575
0.00837554
0.00844439
0.0085229
0.00859317
0.00866234
0.0087318
0.00880228
0.00887363
0.00894549
0.00901581
0.00908654
0.00915866
0.00922971
0.00930177
0.00937369
0.00944691
0.00951854
0.00959134
0.00966455
0.00973657
0.00980887
0.00988351
0.00995684
0.0100296
0.0101038
0.0101781
0.0102523
0.0103266
0.0104019
0.0104779
0.0105541
0.0106291
0.0107045
0.0107815
0.0108576
0.0109346
0.011011
0.0110879
0.0111651
0.0112422
0.0113197
0.011397
0.0114756
0.0115549
0.0116324
0.0117117
0.0117896
0.0118681
0.0119467
0.0120256
0.0121056
0.0121854
0.0122638
0.0123431
0.0124228
0.0125031
0.0125838
0.0126649
0.0127448
0.012825
0.0129065
0.013999
0.0140899
0.0141812
0.0142725
0.0143642
0.0144565
0.0145488
0.0146415
0.0147239
0.0148187
0.0149117
0.0150052
0.0150988
0.0151942
0.0152901
0.015385
0.0154799
0.0155757
0.0156715
0.0157679
0.0158641
0.0159616
0.0160579
0.0161558
0.0162524
0.016351
0.0164499
0.0165481
0.0166467
0.0167466
0.0168469
0.0169464
0.0170461
0.0171462
0.0172471
0.0173467
0.0174491
0.0175507
0.0176525
0.0177537
0.0178564
0.0179591
0.0180637
0.0181668
0.0182706
0.0183737
0.0184777
0.0185819
0.018687
0.018792
0.0188971
0.0190035
0.0191102
0.0190419
0.0191507
0.0192601
0.0193672
0.0194754
0.0195837
0.0196935
0.0198034
0.0199129
0.0200224
0.0201332
0.0202427
0.0203535
0.0204641
0.0205743
0.0206863
0.0207985
0.0209092
0.0210223
0.0211352
0.0212492
0.0213623
0.0214761
0.0215891
0.0217031
0.0218157
0.0219303
0.0220443
0.0221597
0.0224142
0.0225302
0.0226451
0.0227622
0.0228767
0.0229937
0.0231102
0.0232279
0.0233453
0.0234622
0.0235799
0.023698
0.0238165
0.0239363
0.0240558
0.0241738
0.0242942
0.0244137
0.024534
0.0246559
0.0247764
0.0248958
0.0250161
0.0251368
0.025259
0.025381
0.0255033
0.0256249
0.0257467
0.0258679
0.0259907
0.0261128
0.0262349
0.0263575
0.0264809
0.0266044
0.0267282
0.0268519
0.0269765
0.0271006
0.0272261
0.0273516
0.0274772
0.0276028
0.0277285
0.027855
0.0279823
0.0281084
0.0282356
0.0283623
0.0284903
0.0286168
0.0287439
0.028896
0.0290233
0.0291501
0.0292764
0.0294036
0.0295331
0.0296614
0.0297899
0.0299183
0.0300468
0.0301886
0.0303175
0.0304467
0.0305768
0.0307064
0.0308365
0.0309664
0.0310954
0.0314597
0.0315914
0.0317239
0.0318567
0.0319893
0.0321215
0.0322542
0.0323962
0.0325294
0.0326624
0.0327954
0.0329297
0.0330621
0.0331956
0.0333284
0.0334628
0.0335956
0.0337294
0.0340839
0.0342208
0.034357
0.0344939
0.0346307
0.034768
0.0349033
0.0350394
0.0351771
0.0353139
0.0354523
0.0355891
0.0357402
0.0358783
0.0360152
0.0361461
0.0362839
0.0364212
0.0365578
0.0366953
0.0380187
0.0381751
0.0383331
0.0385892
0.038748
0.0389046
0.0390619
0.039219
0.0393782
0.0395374
0.0396963
0.0398565
0.04
0.04
0.04
0.04
0.04
0.04
0.04
0.04
0.04
0.04
0.04
0.04
0.04
0.04
0.04
0.04
0.04
0.04
0.04
0.04
0.04
0.04
0.04
0.04
0.04
0.04
0.04
0.04
0.04
0.04
0.04
0.04
0.04
0.04
0.04
0.04
0.04
0.04
0.04
0.04
0.04
0.04
0.04
0.04
0.04
0.04
0.04
0.04
0.04
0.04
0.04
0.04
0.04
0.04
0.04
0.04
0.04
0.04
0.04
0.04
0.04
0.04
0.04
0.04
0.04
0.04
0.04
0.04
0.04
0.04
0.04
0.04
0.04
0.04
0.04
0.04
0.04
0.04
0.04
0.04
0.04
0.04
0.04
0.04
0.04
0.04
0.04
0.04
0.04
0.04
0.04
0.04
0.04
0.04
0.04
0.04
0.04
0.04
0.04
0.04
0.04
0.04
0.04
0.04
0.04
0.04
0.04
0.04
0.04
0.04
0.04
0.04
0.04
0.04
0.04
0.04
0.04
0.04
0.04
0.04
0.04
0.04
0.04
0.04
0.04
0.04
0.04
0.04
0.04
0.04
0.04
0.04
0.04
0.04
0.04
0.04
0.04
0.04
0.04
0.04
0.04
0.04
0.04
0.04
0.04
0.04
0.04
0.04
0.04
0.04
0.04
0.04
0.04
0.04
0.04
0.04
0.04
0.04
0.04
0.04
0.04
0.04
0.04
0.04
0.04
0.04
0.04
0.04
0.04
0.04
0.04
0.04
0.04
0.04
0.04
0.04
0.04
0.04
0.04
0.04
0.04
0.04
0.04
0.04
0.04
0.04
0.04
0.04
0.04
0.04
0.04
0.04
0.04
0.04
0.04
0.04
0.04
0.04
0.04
0.04
0.04
0.04
0.04
0.04
0.04
0.04
0.04
0.04
0.04
0.04
0.04
0.04
0.04
0.04
0.04
0.04
0.04
0.04
0.04
0.04
0.04
0.04
0.04
0.04
0.04
0.04
0.04
0.04
0.04
0.04
0.04
0.04
0.04
0.04
0.04
0.04
0.04
0.04
0.04
0.04
0.04
0.04
0.04
0.04
0.04
0.04
0.04
0.04
0.04
0.04
0.04
0.04
0.04
0.04
0.04
0.04
0.04
0.04
0.04
0.04
0.04
0.04
0.04
0.04
0.04
0.04
0.04
0.04
0.04
0.04
0.04
0.04
0.04
0.04
0.04
0.04
0.04
0.04
0.04
0.04
0.04
0.04
0.04
0.04
0.04
0.04
0.04
0.04
0.04
0.04
0.04
0.04
0.04
0.04
0.04
0.04
0.04
0.04
0.04
0.04
0.04
0.04
0.04
0.04
0.04
0.04
0.04
0.04
0.04
0.04
0.04
0.04
0.04
0.04
0.04
0.04
0.04
0.04
0.04
0.04
0.04
0.04
0.04
0.04
0.04
0.04
0.04
0.04
0.04
0.04
0.04
0.04
0.04
0.04
0.04
0.04
0.04
0.04
0.04
0.04
0.04
0.04
0.04
0.04
0.04
0.04
0.04
0.04
0.04
0.04
0.04
0.04
0.04
0.04
0.04
0.04
0.04
0.04
0.04
0.04
0.04
0.04
0.04
0.04
0.04
0.04
0.04
0.04
0.04
0.04
0.04
0.04
0.04
0.04
0.04
0.04
0.04
0.04
0.04
0.04
0.04
0.04
0.04
0.04
0.04
0.04
0.04
0.04
0.04
0.04
0.04
0.04
0.04
0.04
0.04
0.04
0.04
0.04
0.04
0.04
0.04
0.04
0.04
0.04
0.04
0.04
0.04
0.04
0.04
0.04
0.04
0.04
0.04
0.04
0.04
0.04
0.04
0.04
0.04
0.04
0.04
0.04
0.04
0.04
0.04
0.04
0.04
0.04
0.04
0.04
0.04
0.04
0.04
0.04
0.04
0.04
0.04
0.04
0.04
0.04
0.04
0.04
0.04
0.04
0.04
0.04
0.04
0.04
0.04
0.04
0.04
0.04
0.04
0.04
0.04
0.04
0.04
0.04
0.04
0.04
0.04
0.04
0.04
0.04
0.04
0.04
0.04
0.04
0.04
0.04
0.04
0.04
0.04
0.04
0.04
0.04
0.04
0.04
0.04
0.04
0.04
0.04
0.04
0.04
0.04
0.04
0.04
0.04
0.04
0.04
0.04
0.04
0.04
0.04
0.04
0.04
0.04
0.04
0.04
0.04
0.04
0.04
0.04
0.04
0.04
0.04
0.04
0.04
0.04
0.04
0.04
0.0397865
0.039535
0.0392854
0.0390322
0.038782
0.0385292
0.0382795
0.0380309
0.0377818
0.0375302
0.0372802
0.0370321
0.0367823
0.036536
0.0362894
0.0360416
0.0357957
0.0355513
0.035305
0.03506
0.0348182
0.0345756
0.0343345
0.0330956
0.0328709
0.0315689
0.0313544
0.0311447
0.0309376
0.0307312
0.0305245
0.0303202
0.0301176
0.0299142
0.0297121
0.0295114
0.0293123
0.0291129
0.0289147
0.00739913
0.00737419
0.00735014
0.00732716
0.00730531
0.00728443
0.0072645
0.00724534
0.00722685
0.00720907
0.00719183
0.00717516
0.00715886
0.00714308
0.00712763
0.00711266
0.00709788
0.00708339
0.00706919
0.00705521
0.00703861
0.00702499
0.00701143
0.00699803
0.00698474
0.00697166
0.00695867
0.00694586
0.00693308
0.0069204
0.00690783
0.00689527
0.00688291
0.00687053
0.00685828
0.00684598
0.00683363
0.00682136
0.00680914
0.00679689
0.00678477
0.00677259
0.00676056
0.0067486
0.00673657
0.0067245
0.00671244
0.00670047
0.00668844
0.00667656
0.00666467
0.00665276
0.00664355
0.00663163
0.00661979
0.0066079
0.00659605
0.00658412
0.00657218
0.00656028
0.00654841
0.0065365
0.00652455
0.00651268
0.00650082
0.00648897
0.00647709
0.00646512
0.00645314
0.00644126
0.00642936
0.00641757
0.00640574
0.00639384
0.006382
0.00645386
0.00644283
0.00643182
0.00642081
0.00640976
0.0063987
0.00638769
0.00637681
0.00636588
0.00635493
0.006344
0.00633316
0.00632232
0.0063114
0.00630065
0.00628985
0.00627908
0.00626833
0.00625768
0.00624691
0.00623625
0.00622563
0.00621507
0.00620451
0.00619402
0.00618351
0.00617303
0.00616256
0.00615222
0.00614175
0.00613138
0.00612102
0.00611071
0.00610056
0.00609033
0.00608013
0.00607003
0.00605997
0.00604999
0.00604002
0.00603013
0.00602031
0.00601045
0.00600061
0.00599094
0.00598125
0.00597162
0.00596202
0.00595236
0.00594282
0.00593332
0.00592385
0.00591443
0.005905
0.00589565
0.00588633
0.00587704
0.00586787
0.00585873
0.00584968
0.00584057
0.00583161
0.00582266
0.0058138
0.00580491
0.00579613
0.00578742
0.00577866
0.00577001
0.0057614
0.00575278
0.00574432
0.00573595
0.00572767
0.00571938
0.00571114
0.00570296
0.00569496
0.0056869
0.00567899
0.00567114
0.00566338
0.00565563
0.00564782
0.00564009
0.00563248
0.00562501
0.00561756
0.00561018
0.00560293
0.00559575
0.00558858
0.0055815
0.00557456
0.00556768
0.00556085
0.0055541
0.00554739
0.00554085
0.00553431
0.00552786
0.00552155
0.00551516
0.00550899
0.00550282
0.00549671
0.00549073
0.00548486
0.00547911
0.00547335
0.00546769
0.00546221
0.00545688
0.00545156
0.0054464
0.00544129
0.00543625
0.00543119
0.00542629
0.00542153
0.00541682
0.00541222
0.00540766
0.00540315
0.00539882
0.00539452
0.0053903
0.00538621
0.00538221
0.00537833
0.0053745
0.00537078
0.00536721
0.0053637
0.00536027
0.00535694
0.00535384
0.0053509
0.00534789
0.00534508
0.00534237
0.00533978
0.0053373
0.00533491
0.00533254
0.00533043
0.00532832
0.00532636
0.00532458
0.00532284
0.00532126
0.00531976
0.00531835
0.00531705
0.00531579
0.0053146
0.00531363
0.00531268
0.00531192
0.00531122
0.00531077
0.00531032
0.00530998
0.00530989
0.00530991
0.00530993
0.00531011
0.00531052
0.00531092
0.0053115
0.00531206
0.00531276
0.00531368
0.00531463
0.00531574
0.00531714
0.00531846
0.00531997
0.00532153
0.00532322
0.00532503
0.00532716
0.00532933
0.00533144
0.0053337
0.00533614
0.00533868
0.00534145
0.00534444
0.00534739
0.00535052
0.00535383
0.00535725
0.00536073
0.00536428
0.00536811
0.00537186
0.00537573
0.00537992
0.00538411
0.00538849
0.00539304
0.00539757
0.00540232
0.00540704
0.00541186
0.00541678
0.00542193
0.0054272
0.00543258
0.00543808
0.00544377
0.00544956
0.00545535
0.00546145
0.00546745
0.00547379
0.00548015
0.00548661
0.00549329
0.00550003
0.00550689
0.00551402
0.00552105
0.00552827
0.00553558
0.00554302
0.0055505
0.00555806
0.00556591
0.00557378
0.00558191
0.00558984
0.0055981
0.00560657
0.00561492
0.00562334
0.00563206
0.00564077
0.00564976
0.00565866
0.00566771
0.00567688
0.00568611
0.00569554
0.005705
0.00571464
0.00572454
0.00573434
0.00574415
0.00575405
0.00576419
0.00573223
0.00574297
0.00575389
0.00576475
0.00610274
0.00611789
0.00613315
0.00614849
0.00616369
0.00617941
0.00619517
0.00621117
0.00622699
0.00624291
0.00625917
0.00627551
0.00629192
0.00630831
0.00632479
0.00634166
0.00635847
0.00637544
0.00639259
0.00641008
0.0064274
0.00644473
0.00646251
0.00648008
0.00649774
0.00651567
0.00653363
0.00655164
0.00657001
0.00658832
0.00660666
0.00662521
0.00664382
0.00666224
0.00668105
0.00669991
0.00671897
0.006738
0.00675708
0.00710215
0.00711944
0.00714176
0.0071642
0.00718652
0.00720945
0.00723244
0.0072552
0.00727808
0.00730134
0.00732424
0.00734781
0.00737072
0.00739416
0.00722617
0.00725292
0.0072798
0.0073065
0.00733288
0.00735944
0.00738626
0.00741295
0.00743948
0.00746606
0.0078082
0.00783448
0.00786542
0.00789664
0.00786097
0.00789295
0.00806686
0.00810089
0.00813459
0.0081687
0.00820254
0.00823657
0.00827045
0.00830487
0.00833868
0.00837321
0.00840773
0.00844228
0.00847677
0.00851156
0.00854656
0.00858113
0.00861569
0.00865011
0.00868482
0.00871977
0.00875418
0.00878935
0.0088244
0.00885953
0.00889449
0.00892926
0.00896442
0.00899926
0.00903435
0.00906967
0.00910466
0.00914002
0.00917523
0.00921101
0.00925012
0.00928607
0.00932178
0.00935776
0.00940175
0.00943738
0.00947295
0.00950834
0.00954429
0.00957981
0.0096154
0.00965113
0.00968708
0.00972305
0.00975877
0.00979449
0.00982531
0.00986086
0.00989669
0.00993215
0.00996782
0.0100036
0.00989383
0.00993193
0.00997009
0.0100081
0.0101599
0.0101991
0.0102375
0.0102767
0.0103156
0.010346
0.0103848
0.0104236
0.0104624
0.0105012
0.0105396
0.0105781
0.010617
0.0106553
0.0106938
0.0107324
0.0107705
0.0108084
0.0108464
0.010885
0.0110693
0.0111078
0.0111463
0.0111849
0.0112233
0.0112621
0.0113004
0.0113393
0.0113775
0.011416
0.0114542
0.0114923
0.0115296
0.0115668
0.0116045
0.0116418
0.0116793
0.0117163
0.0117534
0.0117905
0.0118273
0.0118641
0.0119012
0.0119375
0.0119735
0.0120095
0.0120456
0.0120818
0.0121177
0.0121533
0.0121886
0.0122242
0.0122596
0.0122963
0.0123312
0.0123661
0.0124005
0.0124349
0.0124656
0.0124995
0.0125333
0.0131767
0.0132215
0.0132663
0.0133115
0.0133563
0.0134018
0.013444
0.0134889
0.0135336
0.0135788
0.0136238
0.0136691
0.0137143
0.0137599
0.013805
0.0138505
0.013896
0.0139413
0.0139864
0.0140316
0.0140771
0.0141228
0.0141681
0.0142193
0.0142647
0.0143103
0.0143557
0.0144013
0.0144468
0.0144924
0.0145382
0.0145836
0.0146298
0.0146754
0.014721
0.014767
0.014813
0.0148586
0.0149046
0.0149507
0.0149965
0.015213
0.0152603
0.0153077
0.0153554
0.0154031
0.0157156
0.015768
0.0158204
0.0158733
0.0159263
0.0159792
0.016026
0.0160789
0.0161323
0.0161859
0.0162397
0.0162936
0.0163475
0.0164014
0.0164556
0.0165099
0.0165639
0.0166183
0.0166728
0.0167275
0.0167826
0.0168376
0.0168928
0.0169481
0.0170034
0.0170362
0.017092
0.017148
0.0172042
0.0172606
0.0173174
0.0173736
0.0174305
0.0174875
0.0175447
0.0176022
0.0176643
0.0177215
0.017779
0.0178369
0.0178942
0.0179524
0.0180104
0.0180684
0.0181264
0.0181848
0.018243
0.0183016
0.0183602
0.018419
0.0184784
0.0185377
0.0185972
0.0186564
0.0182968
0.0183534
0.0184102
0.0184668
0.0185027
0.0185602
0.0186177
0.0186757
0.0187336
0.0187919
0.0188496
0.018908
0.0189663
0.0190251
0.0190836
0.0191424
0.0192013
0.0192606
0.0191906
0.0192481
0.0193059
0.0193637
0.0194217
0.0194798
0.0195384
0.0195971
0.0196556
0.0197145
0.0197675
0.0198269
0.0198862
0.0199457
0.0200055
0.0200651
0.0201247
0.0200391
0.0200996
0.0201606
0.0202215
0.0202828
0.0203436
0.0204046
0.0204662
0.0205273
0.0205916
0.0206532
0.0207152
0.0207771
0.020839
0.0209008
0.0209633
0.0210252
0.0210876
0.0211502
0.0212127
0.0212755
0.0213379
0.0214003
0.0214631
0.0215261
0.0215889
0.0216521
0.0217154
0.0217788
0.0218423
0.0219056
0.021969
0.0220325
0.0220965
0.0221603
0.0222238
0.0222876
0.0223517
0.0224155
0.0224793
0.022543
0.0226069
0.022671
0.0227351
0.0227991
0.022863
0.022927
0.0229912
0.0230555
0.0231195
0.0231835
0.0232476
0.0233117
0.0233755
0.0234398
0.0235003
0.0235641
0.0236282
0.0236923
0.0237562
0.0238201
0.0238839
0.0239476
0.0240114
0.0239989
0.0240623
0.0241249
0.0241879
0.0242508
0.0243134
0.0243762
0.0244383
0.0245004
0.0245625
0.0246178
0.0246794
0.0247415
0.0248034
0.0248649
0.0249261
0.0249877
0.0250491
0.0251101
0.024851
0.0249156
0.0249806
0.0250453
0.0251093
0.025173
0.0252368
0.0253003
0.0253638
0.025427
0.0254898
0.0255523
0.0256143
0.0256767
0.0257383
0.0257999
0.025861
0.0259219
0.0259827
0.0260426
0.0261024
0.0261618
0.0262209
0.02628
0.0263387
0.0263968
0.0264552
0.0265127
0.0265698
0.0266271
0.0266836
0.0267403
0.0267963
0.026852
0.0269073
0.0269623
0.0270169
0.0270713
0.027155
0.0272089
0.0272624
0.0273154
0.0273678
0.0274198
0.0274717
0.0275229
0.0275737
0.0276241
0.0276742
0.0277238
0.0277728
0.0278216
0.0278699
0.0279178
0.0279594
0.0280062
0.0280526
0.0280984
0.028144
0.0281892
0.0282337
0.0282776
0.0283213
0.0283645
0.0288252
0.0288643
0.0289027
0.0289406
0.0289781
0.029015
0.0290515
0.0290875
0.0291229
0.0291577
0.0291094
0.0291445
0.0291791
0.0292131
0.0292467
0.0292796
0.029312
0.0293435
0.0293745
0.0294048
0.0294346
0.0294639
0.0294924
0.0295203
0.0295477
0.0295744
0.0296004
0.0297359
0.0297622
0.029788
0.0298131
0.0298378
0.0298617
0.0298853
0.0299082
0.0299301
0.0299516
0.0299724
0.0299928
0.0300123
0.0300313
0.0300498
0.0300674
0.0300844
0.0299327
0.0299504
0.0299674
0.0299836
0.0299992
0.0300142
0.0300285
0.0300422
0.0300552
0.0300673
0.0300788
0.0299026
0.0299164
0.0299292
0.0299412
0.0299527
0.0299631
0.0299729
0.0299821
0.0299907
0.0299985
0.0300056
0.0300121
0.0300176
0.0300224
0.0300262
0.0300211
0.030024
0.0300256
0.0300266
0.0300271
0.0300268
0.0300259
0.0300241
0.0300215
0.030018
0.030014
0.0300094
0.0300038
0.0299976
0.0299907
0.0299832
0.0299745
0.0299654
0.0299554
0.0299444
0.0299328
0.0299204
0.0299077
0.0298943
0.0298801
0.029865
0.0298496
0.0298329
0.0298156
0.0297974
0.0297784
0.0297584
0.0297376
0.0297041
0.0296823
0.0296595
0.0296362
0.0296123
0.0295878
0.0295622
0.0295361
0.0295087
0.0294804
0.0294518
0.0294224
0.0293919
0.0293609
0.0293292
0.029297
0.0292636
0.0292297
0.0291959
0.0291604
0.0291244
0.0290876
0.0290503
0.0290126
0.0289739
0.028935
0.0288946
0.0288539
0.0288128
0.0287706
0.0287274
0.0286835
0.0286387
0.0285935
0.0285472
0.0285003
0.0284529
0.0284048
0.028357
0.0283075
0.0282572
0.0282072
0.0281559
0.02799
0.0279379
0.0278849
0.0278322
0.0277787
0.0277244
0.0276692
0.0276136
0.027557
0.0275002
0.0274427
0.0273845
0.0273247
0.027265
0.027185
0.0271238
0.0270611
0.0269986
0.00538707
0.00539355
0.00539954
0.00540548
0.00541134
0.0054171
0.00542245
0.00542753
0.00543239
0.00543758
0.00544249
0.00530631
0.00531287
0.00531888
0.00532504
0.00533113
0.00533716
0.00534304
0.005349
0.00535516
0.00536107
0.00537011
0.00537573
0.00538133
0.00538667
0.00539232
0.00539776
0.00540324
0.00540801
0.00541292
0.00541834
0.00542378
0.00542862
0.00543367
0.00543694
0.00543784
0.0054375
0.00543667
0.00543609
0.00543602
0.00543746
0.00544028
0.00544404
0.00544949
0.00545602
0.00546356
0.00547094
0.00547868
0.00548717
0.00549532
0.00550305
0.00477962
0.00256802
0.000977541
0.000292255
0.00042943
0.00056981
0.000700171
0.00104588
0.0013775
0.00161215
0.00177901
0.00192859
0.00195293
0.00168491
0.00159164
0.00140166
0.0012768
0.00117008
0.00107137
0.00098976
0.000922112
0.000864568
0.00082272
0.000763345
0.000732564
0.000706137
0.000683052
0.000662491
0.000643683
0.000626859
0.000611009
0.000604914
0.00059059
0.000576762
0.000438706
0.000429261
0.000401142
0.000391521
0.000381697
0.000371611
0.000361213
0.000350576
0.000339612
0.000328077
0.00031617
0.000303598
0.00029092
0.000279032
0.000265425
0.000251363
0.000236816
0.000221974
0.000225801
0.000210683
0.000195599
0.000179908
0.000163528
0.000146747
0.000129319
0.00011185
9.54522e-05
6.86035e-05
5.0505e-05
3.22204e-05
1.41751e-05
-4.01095e-06
-2.38026e-05
-4.40639e-05
-6.48239e-05
-8.71049e-05
-0.000110661
-0.000136842
-0.000164783
-0.000193612
-0.000222704
-0.000250652
-0.000277398
-0.000302199
-0.000326046
-0.000349101
-0.000371438
-0.00039378
-0.000416798
-0.000440099
-0.000464386
-0.00048918
-0.00051475
-0.000540819
-0.000567851
-0.000595205
-0.000622739
-0.000650977
-0.000679205
-0.000707201
-0.000734827
-0.00076183
-0.000789159
-0.00081599
-0.000842511
-0.000869499
-0.000896603
-0.000923791
-0.000951555
-0.000979564
-0.00100732
-0.00103584
-0.00106413
-0.0010924
-0.0011213
-0.00114998
-0.00117904
-0.0012084
-0.00123856
-0.00126775
-0.00129682
-0.00132598
-0.00135521
-0.00138451
-0.00141374
-0.0014431
-0.00147264
-0.00150192
-0.00153122
-0.00156119
-0.00159116
-0.00162111
-0.00165131
-0.00168117
-0.00171155
-0.00174214
-0.00177287
-0.00180341
-0.00183371
-0.00186385
-0.00189468
-0.00192511
-0.00195565
-0.00198625
-0.00201748
-0.00204822
-0.00207923
-0.00210983
-0.00214062
-0.00217179
-0.00220264
-0.00223367
-0.00226478
-0.00229622
-0.00232722
-0.00235847
-0.00239008
-0.00242098
-0.00245226
-0.00248366
-0.00251469
-0.00254624
-0.00257736
-0.00260897
-0.00264021
-0.00268993
-0.00272124
-0.00275286
-0.0027842
-0.00281553
-0.00284653
-0.00287788
-0.00290936
-0.00294091
-0.00297219
-0.00300378
-0.00303516
-0.00306636
-0.0030976
-0.00312894
-0.00315984
-0.0031929
-0.00322408
-0.00325562
-0.00328651
-0.00331789
-0.00334911
-0.00338016
-0.00341125
-0.00344223
-0.00347346
-0.00350425
-0.00353516
-0.00356601
-0.00359679
-0.00362756
-0.00365835
-0.00368919
-0.00372009
-0.00375091
-0.00378173
-0.00381209
-0.0038426
-0.00387308
-0.00390376
-0.00393406
-0.00396425
-0.00399425
-0.00402456
-0.00405484
-0.00408523
-0.00411491
-0.00414475
-0.00417445
-0.00420474
-0.00423449
-0.00426417
-0.00429342
-0.00432316
-0.00435279
-0.0043821
-0.00441182
-0.00444138
-0.0044705
-0.00465962
-0.00469096
-0.00472241
-0.00475355
-0.00478495
-0.00481606
-0.00484762
-0.00487866
-0.00490958
-0.00494084
-0.00497175
-0.00500257
-0.00503335
-0.00506405
-0.00509523
-0.00512608
-0.00515684
-0.0051872
-0.00523197
-0.00528605
-0.00531655
-0.00534706
-0.00537727
-0.00540739
-0.00543776
-0.00546807
-0.00549797
-0.00552832
-0.00555851
-0.00558846
-0.00561795
-0.00564768
-0.00567743
-0.00570727
-0.00573716
-0.00576675
-0.00579626
-0.00582577
-0.00585504
-0.00588403
-0.00591291
-0.00594222
-0.00597105
-0.00600009
-0.00602899
-0.0060577
-0.00608628
-0.00611508
-0.00614384
-0.00617215
-0.00620036
-0.00622833
-0.00625619
-0.00628443
-0.00631212
-0.00634006
-0.00636799
-0.0063957
-0.00642357
-0.00645093
-0.00654987
-0.00657809
-0.00660633
-0.00663437
-0.00666219
-0.00669003
-0.00671812
-0.00674567
-0.00677337
-0.00680061
-0.00649087
-0.00651499
-0.00653865
-0.00656235
-0.00658599
-0.00660953
-0.00663292
-0.00665603
-0.00667899
-0.00670197
-0.00672461
-0.00674733
-0.00676998
-0.00679223
-0.00681457
-0.00683675
-0.00685838
-0.00687998
-0.00690155
-0.0069144
-0.00693577
-0.00695703
-0.00697805
-0.00699917
-0.00701985
-0.00704056
-0.00706125
-0.00708169
-0.00710213
-0.0071224
-0.00714266
-0.00716268
-0.00718213
-0.00720147
-0.00722103
-0.00724027
-0.00725937
-0.00727828
-0.00729706
-0.00731568
-0.00738127
-0.00739905
-0.00741681
-0.00743433
-0.00745161
-0.00746872
-0.00748545
-0.00750222
-0.00751898
-0.0075355
-0.00755205
-0.00756816
-0.00758434
-0.00760017
-0.00761594
-0.00763151
-0.00764697
-0.00766227
-0.00767726
-0.0076922
-0.00770675
-0.00772128
-0.00773564
-0.00774989
-0.00776388
-0.00777772
-0.00779152
-0.0078051
-0.00781828
-0.0078313
-0.00784438
-0.00785712
-0.00786947
-0.00788175
-0.00789404
-0.00790612
-0.00791795
-0.00792958
-0.00794106
-0.00795226
-0.00796352
-0.00797459
-0.00798524
-0.00784335
-0.00785218
-0.00786078
-0.00786932
-0.0078774
-0.00788534
-0.00789307
-0.00790057
-0.00790807
-0.00791509
-0.00792199
-0.00792864
-0.0079351
-0.00794131
-0.00794728
-0.00795471
-0.00796026
-0.0079656
-0.00797056
-0.00797523
-0.00797997
-0.00798421
-0.00798842
-0.00799213
-0.00799588
-0.00799921
-0.00800245
-0.00800525
-0.00800778
-0.0080103
-0.00801258
-0.00801445
-0.00801626
-0.00801783
-0.00801895
-0.00801965
-0.00802047
-0.00802091
-0.00802112
-0.00802106
-0.00802075
-0.00802014
-0.00801929
-0.00801813
-0.00801677
-0.00801506
-0.00801315
-0.00801087
-0.00800835
-0.0080057
-0.0080025
-0.00799925
-0.00799561
-0.00799161
-0.00798757
-0.00798296
-0.00797807
-0.00797295
-0.00796749
-0.00796187
-0.00795605
-0.00794975
-0.00794335
-0.00793673
-0.00796012
-0.00795307
-0.00794595
-0.00793811
-0.00793041
-0.0079221
-0.00791373
-0.00790514
-0.00789595
-0.00788662
-0.00787693
-0.00786705
-0.00785676
-0.00784634
-0.00783545
-0.00782416
-0.00781257
-0.00780094
-0.007789
-0.00777646
-0.00776367
-0.00775036
-0.00773723
-0.0077232
-0.00770887
-0.00769432
-0.00767968
-0.00766466
-0.00764916
-0.00763333
-0.00767431
-0.00765754
-0.00763997
-0.00762266
-0.00760463
-0.00758667
-0.00756816
-0.00754888
-0.00752976
-0.0075102
-0.00749018
-0.0074699
-0.00744916
-0.00742841
-0.00740729
-0.00738537
-0.00736311
-0.00734028
-0.00731746
-0.0072944
-0.00727149
-0.00724745
-0.00722354
-0.00719901
-0.00717388
-0.00716353
-0.00713785
-0.0071118
-0.0070857
-0.00705909
-0.00703266
-0.0070057
-0.00697771
-0.00694998
-0.00692186
-0.00689292
-0.00686364
-0.00683426
-0.0068048
-0.00677432
-0.00674364
-0.00671305
-0.00668152
-0.00664958
-0.00661724
-0.00658491
-0.00655252
-0.00651909
-0.00648566
-0.00645163
-0.00641752
-0.00638214
-0.00634707
-0.00631198
-0.00627562
-0.00623954
-0.00620326
-0.00616647
-0.00612882
-0.00609073
-0.0060295
-0.00599114
-0.00595148
-0.00591233
-0.00587292
-0.00577646
-0.00573721
-0.00569738
-0.00565693
-0.00561627
-0.00557514
-0.00553368
-0.00549145
-0.00544907
-0.0054066
-0.00536372
-0.00532007
-0.00527599
-0.00523177
-0.00518707
-0.00514227
-0.00509654
-0.00505131
-0.00500534
-0.00495955
-0.00491192
-0.00486459
-0.00481725
-0.00476947
-0.0047217
-0.00467272
-0.00462401
-0.00457536
-0.00452558
-0.00447514
-0.00442506
-0.00437325
-0.00432202
-0.0042705
-0.00421824
-0.00416559
-0.004113
-0.00405999
-0.00400711
-0.00404185
-0.00398768
-0.00393233
-0.00387725
-0.0038211
-0.00376589
-0.00370873
-0.00365182
-0.00359522
-0.00353807
-0.00348076
-0.00342357
-0.00336567
-0.00330695
-0.00324875
-0.00315305
-0.00309425
-0.00303522
-0.00297627
-0.00291771
-0.00285819
-0.00279899
-0.00273798
-0.00267686
-0.00261633
-0.0025552
-0.00249391
-0.00243317
-0.00237159
-0.00231034
-0.00224795
-0.00217224
-0.00210967
-0.00204796
-0.0019844
-0.00192095
-0.00185751
-0.00179348
-0.0017303
-0.00166554
-0.00160114
-0.00153682
-0.00147271
-0.00140716
-0.00134304
-0.00127828
-0.0012125
-0.00114766
-0.00108223
-0.00101666
-0.000951997
-0.000885671
-0.000820112
-0.000754423
-0.000689036
-0.000623487
-0.000558075
-0.000491487
-0.000426352
-0.000360625
-0.000294716
-0.000228436
-0.000161843
-9.41393e-05
-2.7426e-05
3.99974e-05
0.0001068
0.00017263
0.000239302
0.000306258
0.000372508
0.000438746
0.000505208
0.000571694
0.000638949
0.000705847
0.0007726
0.000837857
0.000903673
0.000969481
0.00103512
0.00110164
0.00116823
0.0012348
0.0013006
0.00136559
0.0014297
0.00149563
0.00156079
0.00162572
0.00168963
0.00175344
0.00181918
0.00188293
0.00194729
0.00201134
0.00207545
0.00213977
0.00220313
0.00226575
0.00232954
0.00239183
0.00245559
0.00251846
0.00258136
0.00264362
0.00270531
0.00276704
0.00282881
0.00288935
0.00295094
0.00301054
0.00307119
0.0031312
0.00319012
0.00324899
0.0033077
0.00336703
0.00342625
0.00348517
0.00354278
0.00359961
0.00365647
0.0037141
0.00377198
0.00382679
0.00388325
0.00393837
0.0039935
0.00404803
0.00410269
0.00415696
0.00421034
0.00426432
0.00431784
0.00437045
0.00442382
0.00447575
0.00452683
0.00457888
0.00462949
0.00467965
