-0.212893553
0.113193403
0.323838081
0.810344828
0.18065967
-0.583208396
0.124437781
0.008245877
0.570464768
0.296851574
0.877811094
0.465517241
0.840329835
0.592953523
-0.062968516
1
0.13868066
0.724137931
-0.167166417
0.639430285
0.885307346
0.491754123
-0.119190405
0.06071964
-0.34107946
-0.010494753
-0.347076462
-0.100449775
-0.797601199
-0.317841079
-0.18065967
-0.383058471
0.146926537
0.53898051
-0.025487256
7.50E-04
-0.117691154
-0.33958021
0.251874063
-0.371814093
0.454272864
-0.344077961
0.056971514
-0.006746627
0.263118441
0.326836582
0.52173913
-0.297601199
0.368065967
0.266866567
0.784107946
0.101949025
0.15892054
0.22113943
0.242878561
0.658170915
0.356821589
0.16191904
0.368065967
0.105697151
0.413043478
0.334332834
0.064467766
0.589205397
-1
-0.344077961
0.45802099
0.443028486
0.536731634
-0.081709145
0.240629685
0.229385307
0.064467766
0.394302849
0.649175412
0.176911544
-0.276611694
0.1994003
-0.156671664
-0.239130435
-0.070464768
-0.190404798
-0.104197901
0.42053973
0.266866567
0.086956522
-0.445277361
-0.576461769
-0.130434783
-0.025487256
-0.317841079
0.045727136
0.345577211
0.4017991
0.690404798
0.3005997
-0.145427286
0.435532234
0.259370315
-0.077961019
0.652923538
0.008245877
-0.074212894
-0.025487256
0.233133433
0.55922039
0.090704648
0.158170915
0.158170915
-0.212893553
0.113193403
0.323838081
0.810344828
0.18065967
-0.583208396
0.124437781
0.008245877
0.570464768
0.296851574
0.877811094
0.465517241
0.840329835
0.592953523
-0.062968516
1
0.13868066
0.724137931
-0.167166417
0.639430285
0.885307346
0.491754123
-0.119190405
0.06071964
-0.34107946
-0.010494753
-0.347076462
-0.100449775
-0.797601199
-0.317841079
-0.18065967
-0.383058471
0.146926537
0.53898051
-0.025487256
7.50E-04
-0.117691154
-0.33958021
0.251874063
-0.371814093
0.454272864
-0.344077961
0.056971514
-0.006746627
0.263118441
0.326836582
0.52173913
-0.297601199
0.368065967
0.266866567
0.784107946
0.101949025
0.15892054
0.22113943
0.242878561
0.658170915
0.356821589
0.16191904
0.368065967
0.105697151
0.413043478
0.334332834
0.064467766
0.589205397
-1
-0.344077961
0.45802099
0.443028486
0.536731634
-0.081709145
0.240629685
0.229385307
0.064467766
0.394302849
0.649175412
0.176911544
-0.276611694
0.1994003
-0.156671664
-0.239130435
-0.070464768
-0.190404798
-0.104197901
0.42053973
0.266866567
0.086956522
-0.445277361
-0.576461769
-0.130434783
-0.025487256
-0.317841079
0.045727136
0.345577211
0.4017991
0.690404798
0.3005997
-0.145427286
0.435532234
0.259370315
-0.077961019
0.652923538
0.008245877
-0.074212894
-0.025487256
0.233133433
0.55922039
0.090704648
0.158170915
0.158170915
-0.212893553
0.113193403
0.323838081
0.810344828
0.18065967
-0.583208396
0.124437781
0.008245877
0.570464768
0.296851574
0.877811094
0.465517241
0.840329835
0.592953523
-0.062968516
1
0.13868066
0.724137931
-0.167166417
0.639430285
0.885307346
0.491754123
-0.119190405
0.06071964
-0.34107946
-0.010494753
-0.347076462
-0.100449775
-0.797601199
-0.317841079
-0.18065967
-0.383058471
0.146926537
0.53898051
-0.025487256
7.50E-04
-0.117691154
-0.33958021
0.251874063
-0.371814093
0.454272864
-0.344077961
0.056971514
-0.006746627
0.263118441
0.326836582
0.52173913
-0.297601199
0.368065967
0.266866567
0.784107946
0.101949025
0.15892054
0.22113943
0.242878561
0.658170915
0.356821589
0.16191904
0.368065967
0.105697151
0.413043478
0.334332834
0.064467766
0.589205397
-1
-0.344077961
0.45802099
0.443028486
0.536731634
-0.081709145
0.240629685
0.229385307
0.064467766
0.394302849
0.649175412
0.176911544
-0.276611694
0.1994003
-0.156671664
-0.239130435
-0.070464768
-0.190404798
-0.104197901
0.42053973
0.266866567
0.086956522
-0.445277361
-0.576461769
-0.130434783
-0.025487256
-0.317841079
0.045727136
0.345577211
0.4017991
0.690404798
0.3005997
-0.145427286
0.435532234
0.259370315
-0.077961019
0.652923538
0.008245877
-0.074212894
-0.025487256
0.233133433
0.55922039
0.090704648
0.158170915
0.158170915
-0.212893553
0.113193403
0.323838081
0.810344828
0.18065967
-0.583208396
0.124437781
0.008245877
0.570464768
0.296851574
0.877811094
0.465517241
0.840329835
0.592953523
-0.062968516
1
0.13868066
0.724137931
-0.167166417
0.639430285
0.885307346
0.491754123
-0.119190405
0.06071964
-0.34107946
-0.010494753
-0.347076462
-0.100449775
-0.797601199
-0.317841079
-0.18065967
-0.383058471
0.146926537
0.53898051
-0.025487256
7.50E-04
-0.117691154
-0.33958021
0.251874063
-0.371814093
0.454272864
-0.344077961
0.056971514
-0.006746627
0.263118441
0.326836582
0.52173913
-0.297601199
0.368065967
0.266866567
0.784107946
0.101949025
0.15892054
0.22113943
0.242878561
0.658170915
0.356821589
0.16191904
0.368065967
0.105697151
0.413043478
0.334332834
0.064467766
0.589205397
-1
-0.344077961
0.45802099
0.443028486
0.536731634
-0.081709145
0.240629685
0.229385307
0.064467766
0.394302849
0.649175412
0.176911544
-0.276611694
0.1994003
-0.156671664
-0.239130435
-0.070464768
-0.190404798
-0.104197901
0.42053973
0.266866567
0.086956522
-0.445277361
-0.576461769
-0.130434783
-0.025487256
-0.317841079
0.045727136
0.345577211
0.4017991
0.690404798
0.3005997
-0.145427286
0.435532234
0.259370315
-0.077961019
0.652923538
0.008245877
-0.074212894
-0.025487256
0.233133433
0.55922039
0.090704648
0.158170915
0.158170915
-0.212893553
0.113193403
0.323838081
0.810344828
0.18065967
-0.583208396
0.124437781
0.008245877
0.570464768
0.296851574
0.877811094
0.465517241
0.840329835
0.592953523
-0.062968516
1
0.13868066
0.724137931
-0.167166417
0.639430285
0.885307346
0.491754123
-0.119190405
0.06071964
-0.34107946
-0.010494753
-0.347076462
-0.100449775
-0.797601199
-0.317841079
-0.18065967
-0.383058471
0.146926537
0.53898051
-0.025487256
7.50E-04
-0.117691154
-0.33958021
0.251874063
-0.371814093
0.454272864
-0.344077961
0.056971514
-0.006746627
0.263118441
0.326836582
0.52173913
-0.297601199
0.368065967
0.266866567
0.784107946
0.101949025
0.15892054
0.22113943
0.242878561
0.658170915
0.356821589
0.16191904
0.368065967
0.105697151
0.413043478
0.334332834
0.064467766
0.589205397
-1
-0.344077961
0.45802099
0.443028486
0.536731634
-0.081709145
0.240629685
0.229385307
0.064467766
0.394302849
0.649175412
0.176911544
-0.276611694
0.1994003
-0.156671664
-0.239130435
-0.070464768
-0.190404798
-0.104197901
0.42053973
0.266866567
0.086956522
-0.445277361
-0.576461769
-0.130434783
-0.025487256
-0.317841079
0.045727136
0.345577211
0.4017991
0.690404798
0.3005997
-0.145427286
0.435532234
0.259370315
-0.077961019
0.652923538
0.008245877
-0.074212894
-0.025487256
0.233133433
0.55922039
0.090704648
0.158170915
0.158170915
-0.212893553
0.113193403
0.323838081
0.810344828
0.18065967
-0.583208396
0.124437781
0.008245877
0.570464768
0.296851574
0.877811094
0.465517241
0.840329835
0.592953523
-0.062968516
1
0.13868066
0.724137931
-0.167166417
0.639430285
0.885307346
0.491754123
-0.119190405
0.06071964
-0.34107946
-0.010494753
-0.347076462
-0.100449775
-0.797601199
-0.317841079
-0.18065967
-0.383058471
0.146926537
0.53898051
-0.025487256
7.50E-04
-0.117691154
-0.33958021
0.251874063
-0.371814093
0.454272864
-0.344077961
0.056971514
-0.006746627
0.263118441
0.326836582
0.52173913
-0.297601199
0.368065967
0.266866567
0.784107946
0.101949025
0.15892054
0.22113943
0.242878561
0.658170915
0.356821589
0.16191904
0.368065967
0.105697151
0.413043478
0.334332834
0.064467766
0.589205397
-1
-0.344077961
0.45802099
0.443028486
0.536731634
-0.081709145
0.240629685
0.229385307
0.064467766
0.394302849
0.649175412
0.176911544
-0.276611694
0.1994003
-0.156671664
-0.239130435
-0.070464768
-0.190404798
-0.104197901
0.42053973
0.266866567
0.086956522
-0.445277361
-0.576461769
-0.130434783
-0.025487256
-0.317841079
0.045727136
0.345577211
0.4017991
0.690404798
0.3005997
-0.145427286
0.435532234
0.259370315
-0.077961019
0.652923538
0.008245877
-0.074212894
-0.025487256
0.233133433
0.55922039
0.090704648
0.158170915
0.158170915
-0.212893553
0.113193403
0.323838081
0.810344828
0.18065967
-0.583208396
0.124437781
0.008245877
0.570464768
0.296851574
0.877811094
0.465517241
0.840329835
0.592953523
-0.062968516
1
0.13868066
0.724137931
-0.167166417
0.639430285
0.885307346
0.491754123
-0.119190405
0.06071964
-0.34107946
-0.010494753
-0.347076462
-0.100449775
-0.797601199
-0.317841079
-0.18065967
-0.383058471
0.146926537
0.53898051
-0.025487256
7.50E-04
-0.117691154
-0.33958021
0.251874063
-0.371814093
0.454272864
-0.344077961
0.056971514
-0.006746627
0.263118441
0.326836582
0.52173913
-0.297601199
0.368065967
0.266866567
0.784107946
0.101949025
0.15892054
0.22113943
0.242878561
0.658170915
0.356821589
0.16191904
0.368065967
0.105697151
0.413043478
0.334332834
0.064467766
0.589205397
-1
-0.344077961
0.45802099
0.443028486
0.536731634
-0.081709145
0.240629685
0.229385307
0.064467766
0.394302849
0.649175412
0.176911544
-0.276611694
0.1994003
-0.156671664
-0.239130435
-0.070464768
-0.190404798
-0.104197901
0.42053973
0.266866567
0.086956522
-0.445277361
-0.576461769
-0.130434783
-0.025487256
-0.317841079
0.045727136
0.345577211
0.4017991
0.690404798
0.3005997
-0.145427286
0.435532234
0.259370315
-0.077961019
0.652923538
0.008245877
-0.074212894
-0.025487256
0.233133433
0.55922039
0.090704648
0.158170915
0.158170915
-0.212893553
0.113193403
0.323838081
0.810344828
0.18065967
-0.583208396
0.124437781
0.008245877
0.570464768
0.296851574
0.877811094
0.465517241
0.840329835
0.592953523
-0.062968516
1
0.13868066
0.724137931
-0.167166417
0.639430285
0.885307346
0.491754123
-0.119190405
0.06071964
-0.34107946
-0.010494753
-0.347076462
-0.100449775
-0.797601199
-0.317841079
-0.18065967
-0.383058471
0.146926537
0.53898051
-0.025487256
7.50E-04
-0.117691154
-0.33958021
0.251874063
-0.371814093
0.454272864
-0.344077961
0.056971514
-0.006746627
0.263118441
0.326836582
0.52173913
-0.297601199
0.368065967
0.266866567
0.784107946
0.101949025
0.15892054
0.22113943
0.242878561
0.658170915
0.356821589
0.16191904
0.368065967
0.105697151
0.413043478
0.334332834
0.064467766
0.589205397
-1
-0.344077961
0.45802099
0.443028486
0.536731634
-0.081709145
0.240629685
0.229385307
0.064467766
0.394302849
0.649175412
0.176911544
-0.276611694
0.1994003
-0.156671664
-0.239130435
-0.070464768
-0.190404798
-0.104197901
0.42053973
0.266866567
0.086956522
-0.445277361
-0.576461769
-0.130434783
-0.025487256
-0.317841079
0.045727136
0.345577211
0.4017991
0.690404798
0.3005997
-0.145427286
0.435532234
0.259370315
-0.077961019
0.652923538
0.008245877
-0.074212894
-0.025487256
0.233133433
0.55922039
0.090704648
0.158170915
0.158170915
-0.212893553
0.113193403
0.323838081
0.810344828
0.18065967
-0.583208396
0.124437781
0.008245877
0.570464768
0.296851574
0.877811094
0.465517241
0.840329835
0.592953523
-0.062968516
1
0.13868066
0.724137931
-0.167166417
0.639430285
0.885307346
0.491754123
-0.119190405
0.06071964
-0.34107946
-0.010494753
-0.347076462
-0.100449775
-0.797601199
-0.317841079
-0.18065967
-0.383058471
0.146926537
0.53898051
-0.025487256
7.50E-04
-0.117691154
-0.33958021
0.251874063
-0.371814093
0.454272864
-0.344077961
0.056971514
-0.006746627
0.263118441
0.326836582
0.52173913
-0.297601199
0.368065967
0.266866567
0.784107946
0.101949025
0.15892054
0.22113943
0.242878561
0.658170915
0.356821589
0.16191904
0.368065967
0.105697151
0.413043478
0.334332834
0.064467766
0.589205397
-1
-0.344077961
0.45802099
0.443028486
0.536731634
-0.081709145
0.240629685
0.229385307
0.064467766
0.394302849
0.649175412
0.176911544
-0.276611694
0.1994003
-0.156671664
-0.239130435
-0.070464768
-0.190404798
-0.104197901
0.42053973
0.266866567
0.086956522
-0.445277361
-0.576461769
-0.130434783
-0.025487256
-0.317841079
0.045727136
0.345577211
0.4017991
0.690404798
0.3005997
-0.145427286
0.435532234
0.259370315
-0.077961019
0.652923538
0.008245877
-0.074212894
-0.025487256
0.233133433
0.55922039
0.090704648
0.158170915
0.158170915
-0.212893553
0.113193403
0.323838081
0.810344828
0.18065967
-0.583208396
0.124437781
0.008245877
0.570464768
0.296851574
0.877811094
0.465517241
0.840329835
0.592953523
-0.062968516
1
0.13868066
0.724137931
-0.167166417
0.639430285
0.885307346
0.491754123
-0.119190405
0.06071964
-0.34107946
-0.010494753
-0.347076462
-0.100449775
-0.797601199
-0.317841079
-0.18065967
-0.383058471
0.146926537
0.53898051
-0.025487256
7.50E-04
-0.117691154
-0.33958021
0.251874063
-0.371814093
0.454272864
-0.344077961
0.056971514
-0.006746627
0.263118441
0.326836582
0.52173913
-0.297601199
0.368065967
0.266866567
0.784107946
0.101949025
0.15892054
0.22113943
0.242878561
0.658170915
0.356821589
0.16191904
0.368065967
0.105697151
0.413043478
0.334332834
0.064467766
0.589205397
-1
-0.344077961
0.45802099
0.443028486
0.536731634
-0.081709145
0.240629685
0.229385307
0.064467766
0.394302849
0.649175412
0.176911544
-0.276611694
0.1994003
-0.156671664
-0.239130435
-0.070464768
-0.190404798
-0.104197901
0.42053973
0.266866567
0.086956522
-0.445277361
-0.576461769
-0.130434783
-0.025487256
-0.317841079
0.045727136
0.345577211
0.4017991
0.690404798
0.3005997
-0.145427286
0.435532234
0.259370315
-0.077961019
0.652923538
0.008245877
-0.074212894
-0.025487256
0.233133433
0.55922039
0.090704648
0.158170915
0.158170915
-0.212893553
0.113193403
0.323838081
0.810344828
0.18065967
-0.583208396
0.124437781
0.008245877
0.570464768
0.296851574
0.877811094
0.465517241
0.840329835
0.592953523
-0.062968516
1
0.13868066
0.724137931
-0.167166417
0.639430285
0.885307346
0.491754123
-0.119190405
0.06071964
-0.34107946
-0.010494753
-0.347076462
-0.100449775
-0.797601199
-0.317841079
-0.18065967
-0.383058471
0.146926537
0.53898051
-0.025487256
7.50E-04
-0.117691154
-0.33958021
0.251874063
-0.371814093
0.454272864
-0.344077961
0.056971514
-0.006746627
0.263118441
0.326836582
0.52173913
-0.297601199
0.368065967
0.266866567
0.784107946
0.101949025
0.15892054
0.22113943
0.242878561
0.658170915
0.356821589
0.16191904
0.368065967
0.105697151
0.413043478
0.334332834
0.064467766
0.589205397
-1
-0.344077961
0.45802099
0.443028486
0.536731634
-0.081709145
0.240629685
0.229385307
0.064467766
0.394302849
0.649175412
0.176911544
-0.276611694
0.1994003
-0.156671664
-0.239130435
-0.070464768
-0.190404798
-0.104197901
0.42053973
0.266866567
0.086956522
-0.445277361
-0.576461769
-0.130434783
-0.025487256
-0.317841079
0.045727136
0.345577211
0.4017991
0.690404798
0.3005997
-0.145427286
0.435532234
0.259370315
-0.077961019
0.652923538
0.008245877
-0.074212894
-0.025487256
0.233133433
0.55922039
0.090704648
0.158170915
0.158170915
-0.212893553
0.113193403
0.323838081
0.810344828
0.18065967
-0.583208396
0.124437781
0.008245877
0.570464768
0.296851574
0.877811094
0.465517241
0.840329835
0.592953523
-0.062968516
1
0.13868066
0.724137931
-0.167166417
0.639430285
0.885307346
0.491754123
-0.119190405
0.06071964
-0.34107946
-0.010494753
-0.347076462
-0.100449775
-0.797601199
-0.317841079
-0.18065967
-0.383058471
0.146926537
0.53898051
-0.025487256
7.50E-04
-0.117691154
-0.33958021
0.251874063
-0.371814093
0.454272864
-0.344077961
0.056971514
-0.006746627
0.263118441
0.326836582
0.52173913
-0.297601199
0.368065967
0.266866567
0.784107946
0.101949025
0.15892054
0.22113943
0.242878561
0.658170915
0.356821589
0.16191904
0.368065967
0.105697151
0.413043478
0.334332834
0.064467766
0.589205397
-1
-0.344077961
0.45802099
0.443028486
0.536731634
-0.081709145
0.240629685
0.229385307
0.064467766
0.394302849
0.649175412
0.176911544
-0.276611694
0.1994003
-0.156671664
-0.239130435
-0.070464768
-0.190404798
-0.104197901
0.42053973
0.266866567
0.086956522
-0.445277361
-0.576461769
-0.130434783
-0.025487256
-0.317841079
0.045727136
0.345577211
0.4017991
0.690404798
0.3005997
-0.145427286
0.435532234
0.259370315
-0.077961019
0.652923538
0.008245877
-0.074212894
-0.025487256
0.233133433
0.55922039
0.090704648
0.158170915
0.158170915
-0.212893553
0.113193403
0.323838081
0.810344828
0.18065967
-0.583208396
0.124437781
0.008245877
0.570464768
0.296851574
0.877811094
0.465517241
0.840329835
0.592953523
-0.062968516
1
0.13868066
0.724137931
-0.167166417
0.639430285
0.885307346
0.491754123
-0.119190405
0.06071964
-0.34107946
-0.010494753
-0.347076462
-0.100449775
-0.797601199
-0.317841079
-0.18065967
-0.383058471
0.146926537
0.53898051
-0.025487256
7.50E-04
-0.117691154
-0.33958021
0.251874063
-0.371814093
0.454272864
-0.344077961
0.056971514
-0.006746627
0.263118441
0.326836582
0.52173913
-0.297601199
0.368065967
0.266866567
0.784107946
0.101949025
0.15892054
0.22113943
0.242878561
0.658170915
0.356821589
0.16191904
0.368065967
0.105697151
0.413043478
0.334332834
0.064467766
0.589205397
-1
-0.344077961
0.45802099
0.443028486
0.536731634
-0.081709145
0.240629685
0.229385307
0.064467766
0.394302849
0.649175412
0.176911544
-0.276611694
0.1994003
-0.156671664
-0.239130435
-0.070464768
-0.190404798
-0.104197901
0.42053973
0.266866567
0.086956522
-0.445277361
-0.576461769
-0.130434783
-0.025487256
-0.317841079
0.045727136
0.345577211
0.4017991
0.690404798
0.3005997
-0.145427286
0.435532234
0.259370315
-0.077961019
0.652923538
0.008245877
-0.074212894
-0.025487256
0.233133433
0.55922039
0.090704648
0.158170915
0.158170915
-0.212893553
0.113193403
0.323838081
0.810344828
0.18065967
-0.583208396
0.124437781
0.008245877
0.570464768
0.296851574
0.877811094
0.465517241
0.840329835
0.592953523
-0.062968516
1
0.13868066
0.724137931
-0.167166417
0.639430285
0.885307346
0.491754123
-0.119190405
0.06071964
-0.34107946
-0.010494753
-0.347076462
-0.100449775
-0.797601199
-0.317841079
-0.18065967
-0.383058471
0.146926537
0.53898051
-0.025487256
7.50E-04
-0.117691154
-0.33958021
0.251874063
-0.371814093
0.454272864
-0.344077961
0.056971514
-0.006746627
0.263118441
0.326836582
0.52173913
-0.297601199
0.368065967
0.266866567
0.784107946
0.101949025
0.15892054
0.22113943
0.242878561
0.658170915
0.356821589
0.16191904
0.368065967
0.105697151
0.413043478
0.334332834
0.064467766
0.589205397
-1
-0.344077961
0.45802099
0.443028486
0.536731634
-0.081709145
0.240629685
0.229385307
0.064467766
0.394302849
0.649175412
0.176911544
-0.276611694
0.1994003
-0.156671664
-0.239130435
-0.070464768
-0.190404798
-0.104197901
0.42053973
0.266866567
0.086956522
-0.445277361
-0.576461769
-0.130434783
-0.025487256
-0.317841079
0.045727136
0.345577211
0.4017991
0.690404798
0.3005997
-0.145427286
0.435532234
0.259370315
-0.077961019
0.652923538
0.008245877
-0.074212894
-0.025487256
0.233133433
0.55922039
0.090704648
0.158170915
0.158170915
-0.212893553
0.113193403
0.323838081
0.810344828
0.18065967
-0.583208396
0.124437781
0.008245877
0.570464768
0.296851574
0.877811094
0.465517241
0.840329835
0.592953523
-0.062968516
1
0.13868066
0.724137931
-0.167166417
0.639430285
0.885307346
0.491754123
-0.119190405
0.06071964
-0.34107946
-0.010494753
-0.347076462
-0.100449775
-0.797601199
-0.317841079
-0.18065967
-0.383058471
0.146926537
0.53898051
-0.025487256
7.50E-04
-0.117691154
-0.33958021
0.251874063
-0.371814093
0.454272864
-0.344077961
0.056971514
-0.006746627
0.263118441
0.326836582
0.52173913
-0.297601199
0.368065967
0.266866567
0.784107946
0.101949025
0.15892054
0.22113943
0.242878561
0.658170915
0.356821589
0.16191904
0.368065967
0.105697151
0.413043478
0.334332834
0.064467766
0.589205397
-1
-0.344077961
0.45802099
0.443028486
0.536731634
-0.081709145
0.240629685
0.229385307
0.064467766
0.394302849
0.649175412
0.176911544
-0.276611694
0.1994003
-0.156671664
-0.239130435
-0.070464768
-0.190404798
-0.104197901
0.42053973
0.266866567
0.086956522
-0.445277361
-0.576461769
-0.130434783
-0.025487256
-0.317841079
0.045727136
0.345577211
0.4017991
0.690404798
0.3005997
-0.145427286
0.435532234
0.259370315
-0.077961019
0.652923538
0.008245877
-0.074212894
-0.025487256
0.233133433
0.55922039
0.090704648
0.158170915
0.158170915
-0.212893553
0.113193403
0.323838081
0.810344828
0.18065967
-0.583208396
0.124437781
0.008245877
0.570464768
0.296851574
0.877811094
0.465517241
0.840329835
0.592953523
-0.062968516
1
0.13868066
0.724137931
-0.167166417
0.639430285
0.885307346
0.491754123
-0.119190405
0.06071964
-0.34107946
-0.010494753
-0.347076462
-0.100449775
-0.797601199
-0.317841079
-0.18065967
-0.383058471
0.146926537
0.53898051
-0.025487256
7.50E-04
-0.117691154
-0.33958021
0.251874063
-0.371814093
0.454272864
-0.344077961
0.056971514
-0.006746627
0.263118441
0.326836582
0.52173913
-0.297601199
0.368065967
0.266866567
0.784107946
0.101949025
0.15892054
0.22113943
0.242878561
0.658170915
0.356821589
0.16191904
0.368065967
0.105697151
0.413043478
0.334332834
0.064467766
0.589205397
-1
-0.344077961
0.45802099
0.443028486
0.536731634
-0.081709145
0.240629685
0.229385307
0.064467766
0.394302849
0.649175412
0.176911544
-0.276611694
0.1994003
-0.156671664
-0.239130435
-0.070464768
-0.190404798
-0.104197901
0.42053973
0.266866567
0.086956522
-0.445277361
-0.576461769
-0.130434783
-0.025487256
-0.317841079
0.045727136
0.345577211
0.4017991
0.690404798
0.3005997
-0.145427286
0.435532234
0.259370315
-0.077961019
0.652923538
0.008245877
-0.074212894
-0.025487256
0.233133433
0.55922039
0.090704648
0.158170915
0.158170915
-0.212893553
0.113193403
0.323838081
0.810344828
0.18065967
-0.583208396
0.124437781
0.008245877
0.570464768
0.296851574
0.877811094
0.465517241
0.840329835
0.592953523
-0.062968516
1
0.13868066
0.724137931
-0.167166417
0.639430285
0.885307346
0.491754123
-0.119190405
0.06071964
-0.34107946
-0.010494753
-0.347076462
-0.100449775
-0.797601199
-0.317841079
-0.18065967
-0.383058471
0.146926537
0.53898051
-0.025487256
7.50E-04
-0.117691154
-0.33958021
0.251874063
-0.371814093
0.454272864
-0.344077961
0.056971514
-0.006746627
0.263118441
0.326836582
0.52173913
-0.297601199
0.368065967
0.266866567
0.784107946
0.101949025
0.15892054
0.22113943
0.242878561
0.658170915
0.356821589
0.16191904
0.368065967
0.105697151
0.413043478
0.334332834
0.064467766
0.589205397
-1
-0.344077961
0.45802099
0.443028486
0.536731634
-0.081709145
0.240629685
0.229385307
0.064467766
0.394302849
0.649175412
0.176911544
-0.276611694
0.1994003
-0.156671664
-0.239130435
-0.070464768
-0.190404798
-0.104197901
0.42053973
0.266866567
0.086956522
-0.445277361
-0.576461769
-0.130434783
-0.025487256
-0.317841079
0.045727136
0.345577211
0.4017991
0.690404798
0.3005997
-0.145427286
0.435532234
0.259370315
-0.077961019
0.652923538
0.008245877
-0.074212894
-0.025487256
0.233133433
0.55922039
0.090704648
0.158170915
0.158170915
-0.212893553
0.113193403
0.323838081
0.810344828
0.18065967
-0.583208396
0.124437781
0.008245877
0.570464768
0.296851574
0.877811094
0.465517241
0.840329835
0.592953523
-0.062968516
1
0.13868066
0.724137931
-0.167166417
0.639430285
0.885307346
0.491754123
-0.119190405
0.06071964
-0.34107946
-0.010494753
-0.347076462
-0.100449775
-0.797601199
-0.317841079
-0.18065967
-0.383058471
0.146926537
0.53898051
-0.025487256
7.50E-04
-0.117691154
-0.33958021
0.251874063
-0.371814093
0.454272864
-0.344077961
0.056971514
-0.006746627
0.263118441
0.326836582
0.52173913
-0.297601199
0.368065967
0.266866567
0.784107946
0.101949025
0.15892054
0.22113943
0.242878561
0.658170915
0.356821589
0.16191904
0.368065967
0.105697151
0.413043478
0.334332834
0.064467766
0.589205397
-1
-0.344077961
0.45802099
0.443028486
0.536731634
-0.081709145
0.240629685
0.229385307
0.064467766
0.394302849
0.649175412
0.176911544
-0.276611694
0.1994003
-0.156671664
-0.239130435
-0.070464768
-0.190404798
-0.104197901
0.42053973
0.266866567
0.086956522
-0.445277361
-0.576461769
-0.130434783
-0.025487256
-0.317841079
0.045727136
0.345577211
0.4017991
0.690404798
0.3005997
-0.145427286
0.435532234
0.259370315
-0.077961019
0.652923538
0.008245877
-0.074212894
-0.025487256
0.233133433
0.55922039
0.090704648
0.158170915
0.158170915
-0.212893553
0.113193403
0.323838081
0.810344828
0.18065967
-0.583208396
0.124437781
0.008245877
0.570464768
0.296851574
0.877811094
0.465517241
0.840329835
0.592953523
-0.062968516
1
0.13868066
0.724137931
-0.167166417
0.639430285
0.885307346
0.491754123
-0.119190405
0.06071964
-0.34107946
-0.010494753
-0.347076462
-0.100449775
-0.797601199
-0.317841079
-0.18065967
-0.383058471
0.146926537
0.53898051
-0.025487256
7.50E-04
-0.117691154
-0.33958021
