0
-0.0189047
-0.0189796
-0.0190277
-0.0190526
-0.0191571
-0.0191583
-0.0191456
-0.0191211
-0.0190867
-0.0192605
-0.019222
-0.0191598
-0.0191247
-0.0190715
-0.0190151
-0.0189565
-0.0188963
-0.019045
-0.0189862
-0.0189259
-0.0188639
-0.0187993
-0.0187316
-0.0187034
-0.0186282
-0.0185523
-0.0184771
-0.0184042
-0.0183344
-0.0182687
-0.0182074
-0.0181504
-0.0180973
-0.0182601
-0.0182186
-0.0181794
-0.0181419
-0.0181059
-0.0180711
-0.0180374
-0.0180048
-0.0179733
-0.0178854
-0.0178555
-0.0178273
-0.0178007
-0.0177759
-0.0177531
-0.017732
-0.0177128
-0.0176952
-0.0176791
-0.0176644
-0.017651
-0.0176387
-0.0176275
-0.0176171
-0.0176075
-0.0175988
-0.0175908
-0.0175835
-0.017577
-0.0175712
-0.0175662
-0.0175619
-0.0175583
-0.0175554
-0.0175532
-0.0175515
-0.0175504
-0.0175499
-0.01755
-0.0175505
-0.0175515
-0.0175529
-0.0175547
-0.0175567
-0.0175591
-0.0175617
-0.0175647
-0.017568
-0.0175714
-0.017575
-0.0175789
-0.0175831
-0.0175876
-0.0175922
-0.017597
-0.0176019
-0.0176071
-0.0176123
-0.0176177
-0.0176233
-0.0176289
-0.0176346
-0.0176405
-0.0176464
-0.0176523
-0.0176582
-0.0176643
-0.0176705
-0.0176768
-0.0176831
-0.0176894
-0.0176958
-0.0177023
-0.0177089
-0.0177155
-0.017722
-0.0177287
-0.0177353
-0.0177421
-0.017749
-0.0177559
-0.0177627
-0.0177694
-0.0177762
-0.017783
-0.0177898
-0.0177966
-0.0178032
-0.0178098
-0.0178165
-0.0178231
-0.0178297
-0.0178364
-0.017843
-0.0178497
-0.0178563
-0.017863
-0.0178695
-0.017876
-0.0178825
-0.017889
-0.0178955
-0.0179019
-0.0179082
-0.0179145
-0.0179207
-0.0179268
-0.0179327
-0.0179386
-0.0179444
-0.0179502
-0.0179559
-0.0179615
-0.0179669
-0.0179723
-0.0179775
-0.0179826
-0.0179876
-0.0179925
-0.0179973
-0.018002
-0.0180069
-0.017806
-0.0178125
-0.017819
-0.0178253
-0.0178315
-0.0178377
-0.0178438
-0.0178499
-0.0178559
-0.0178617
-0.0178673
-0.0178728
-0.0178781
-0.0178832
-0.0178882
-0.0178931
-0.0178979
-0.0179026
-0.0179394
-0.0179437
-0.017948
-0.0179522
-0.0179562
-0.01796
-0.0179637
-0.0179671
-0.0179703
-0.0179734
-0.0179764
-0.0179792
-0.0179818
-0.0179842
-0.0179865
-0.0179887
-0.0179908
-0.0179928
-0.0179947
-0.0179964
-0.0179979
-0.0179993
-0.0180006
-0.0180016
-0.0180025
-0.0180033
-0.0180037
-0.0180039
-0.0180041
-0.018004
-0.0180041
-0.0180041
-0.0180041
-0.018004
-0.0180037
-0.0180032
-0.0180026
-0.0180019
-0.0180007
-0.0179995
-0.0179981
-0.0179965
-0.0179946
-0.0179927
-0.0179907
-0.0179885
-0.0179863
-0.0179838
-0.0179812
-0.0179784
-0.0179753
-0.0179722
-0.0179691
-0.0179657
-0.0179619
-0.017958
-0.0179539
-0.0179497
-0.0177338
-0.0177301
-0.017726
-0.0177216
-0.0177171
-0.0177125
-0.0177075
-0.0177026
-0.0176972
-0.0176916
-0.0176859
-0.0176802
-0.0176743
-0.0176681
-0.0176617
-0.017655
-0.017648
-0.0176085
-0.0176012
-0.0175935
-0.0175853
-0.0175769
-0.0175682
-0.0175593
-0.0175501
-0.0175407
-0.0175312
-0.0175213
-0.0175112
-0.017501
-0.0174908
-0.0174801
-0.0174693
-0.0174581
-0.0174465
-0.0174346
-0.0174225
-0.0174102
-0.0173976
-0.017385
-0.0173723
-0.0173592
-0.0173457
-0.0173322
-0.0172842
-0.0172701
-0.0172556
-0.0172409
-0.0172258
-0.0172107
-0.0171953
-0.0171798
-0.017164
-0.0171476
-0.0171309
-0.0171142
-0.0170971
-0.0170797
-0.0170622
-0.0170441
-0.0170256
-0.0170069
-0.0169879
-0.0169686
-0.0169492
-0.0169294
-0.0169093
-0.0168891
-0.0168688
-0.0168483
-0.0168274
-0.0168061
-0.0167841
-0.016762
-0.0167396
-0.016717
-0.0166944
-0.0166715
-0.0166484
-0.0166251
-0.0166015
-0.0165777
-0.0165536
-0.0165293
-0.0165045
-0.0164793
-0.016454
-0.0164281
-0.0164016
-0.0163744
-0.0163472
-0.0163198
-0.0162917
-0.0162634
-0.0162705
-0.0162421
-0.0162137
-0.0161848
-0.0161556
-0.0161262
-0.0160964
-0.0160661
-0.0160358
-0.0160053
-0.0159742
-0.0159426
-0.015911
-0.0158792
-0.0158379
-0.0158051
-0.0157723
-0.0157392
-0.0157056
-0.0156719
-0.0156381
-0.0156039
-0.0155693
-0.0155343
-0.0154989
-0.0154633
-0.0154277
-0.0153919
-0.0153562
-0.0153196
-0.0152824
-0.0152447
-0.0152066
-0.0151686
-0.0151303
-0.0150913
-0.0150518
-0.0150119
-0.0149716
-0.0149314
-0.0148905
-0.014849
-0.0148073
-0.0147659
-0.0147241
-0.0146821
-0.0146399
-0.0145973
-0.0145544
-0.014511
-0.0144674
-0.0144238
-0.0143801
-0.0143356
-0.0142908
-0.0142459
-0.0142003
-0.0141549
-0.0141091
-0.014063
-0.0140168
-0.0139702
-0.013923
-0.0138752
-0.0138269
-0.013778
-0.0137285
-0.0136789
-0.0136288
-0.0135786
-0.013528
-0.013477
-0.0134253
-0.0133737
-0.0133214
-0.0132682
-0.0132149
-0.0131614
-0.0131075
-0.0130536
-0.0129997
-0.0129449
-0.0128895
-0.0128337
-0.0127774
-0.0127208
-0.012664
-0.0126068
-0.0125486
-0.0124902
-0.0124319
-0.0123736
-0.0123142
-0.0122549
-0.012196
-0.0121361
-0.0120755
-0.0120146
-0.0119537
-0.0118922
-0.0118305
-0.0117683
-0.0117059
-0.0116432
-0.0115797
-0.0115153
-0.0114501
-0.0113845
-0.0113191
-0.011254
-0.0111885
-0.0111229
-0.0110568
-0.0109909
-0.0109243
-0.010857
-0.0107894
-0.0107216
-0.0106535
-0.0105855
-0.0105166
-0.0104473
-0.0103779
-0.0103075
-0.0102367
-0.0101661
-0.0100952
-0.0100247
-0.00995415
-0.00988313
-0.00981159
-0.00973931
-0.00966596
-0.00959236
-0.00951807
-0.00944365
-0.00936883
-0.00929299
-0.00921617
-0.00913896
-0.00906188
-0.00898437
-0.0089066
-0.00882866
-0.00875093
-0.00867312
-0.00859492
-0.00851595
-0.00826302
-0.00818616
-0.00810926
-0.00803144
-0.00795344
-0.00787479
-0.00779618
-0.00771709
-0.00763819
-0.00755893
-0.00747923
-0.00739843
-0.00731783
-0.00723717
-0.0071308
-0.00705005
-0.00696985
-0.00688957
-0.00680847
-0.00672707
-0.00664519
-0.00656334
-0.00648058
-0.00639804
-0.00631528
-0.00623214
-0.00614899
-0.00606558
-0.00598268
-0.00558254
-0.00550438
-0.00542533
-0.00534592
-0.00526605
-0.00510004
-0.00502218
-0.00494423
-0.0048666
-0.0047884
-0.0047094
-0.00463005
-0.00455039
-0.00447148
-0.0043928
-0.00431406
-0.00423504
-0.00415623
-0.00407669
-0.00399718
-0.0039179
-0.00412347
-0.0040489
-0.00397462
-0.00390106
-0.00382705
-0.00375273
-0.00367926
-0.00360538
-0.00353215
-0.00345916
-0.00338673
-0.00331522
-0.00324476
-0.00317461
-0.00310522
-0.00303662
-0.00296868
-0.00290131
-0.00283378
-0.00276607
-0.00269945
-0.00263312
-0.00256715
-0.00253388
-0.00246899
-0.00240461
-0.00227148
-0.00220645
-0.00214185
-0.00207784
-0.00201498
-0.00195261
-0.00189129
-0.00183064
-0.00177074
-0.00171183
-0.00165197
0.0242386
0.0242441
0.0242507
0.0242584
0.0242671
0.0242769
0.0242879
0.0242998
0.0243128
0.0243267
0.0243417
0.0243578
0.0243748
0.0243929
0.0244121
0.0242982
0.0243231
0.0243488
0.0243754
0.0244028
0.024431
0.0244602
0.0244902
0.0245212
0.0243735
0.0244119
0.0244511
0.0246091
0.0246524
0.0246965
0.024741
0.0247861
0.0248673
0.0249146
0.0249625
0.0250112
0.0250609
0.0251113
0.0251622
0.025214
0.0252665
0.0253196
0.0253731
0.0254271
0.0254817
0.0255364
0.0255919
0.0256479
0.0257039
0.0253069
0.0253824
0.0254576
0.0255322
0.0256068
0.0256807
0.0257538
0.0259179
0.0259924
0.0260667
0.0261407
0.0262141
0.0262869
0.0263554
0.0264269
0.0266301
0.0267038
0.0267772
0.0268503
0.0269228
0.0269946
0.0270659
0.0271366
0.0272071
0.0272767
0.0273457
0.0274141
0.0274821
0.0275496
0.0276162
0.0276826
0.0277481
0.0278135
0.0278784
0.0278725
0.0279367
0.0280007
0.0280639
0.0281265
0.0282585
0.0283205
0.028382
0.0284427
0.0285027
0.0285619
0.0286203
0.0286779
0.0287346
0.0287906
0.0289664
0.0289737
0.0290299
0.0290853
0.0291398
0.0291937
0.0292469
0.0292993
0.029351
0.029402
0.0294521
0.0295015
0.0295501
0.029598
0.0296454
0.0296593
0.0297061
0.0297522
0.0297977
0.0298424
0.0298868
0.0299305
0.0299737
0.0300163
0.0300581
0.0300991
0.0301395
0.0301792
0.0301205
0.0301606
0.0302001
0.0302388
0.0302769
0.0303146
0.0303516
0.030388
0.0304238
0.0304592
0.030494
0.0305281
0.0305616
0.0305946
0.0306271
0.030659
0.0306198
0.0306522
0.030684
0.0307152
0.0307458
0.030776
0.0308056
0.0308347
0.0308634
0.0308915
0.0309192
0.0309462
0.0309726
0.0309985
0.0310239
0.0310489
0.0310734
0.0310974
0.031121
0.0311441
0.0311668
0.0311891
0.0312111
0.0312326
0.0312537
0.0312744
0.0312946
0.0313145
0.0313339
0.031353
0.0313716
0.0313899
0.0314078
0.0314254
0.0314426
0.0314594
0.0314758
0.0314919
0.0315075
0.0315228
0.0315378
0.0315524
0.0314972
0.0315113
0.0315251
0.0315385
0.0315516
0.0315643
0.0315767
0.0315888
0.0316005
0.0316119
0.0316229
0.0316337
0.0316442
0.0316544
0.0316643
0.0316739
0.0316833
0.0316923
0.0317011
0.0317095
0.0317177
0.0317255
0.031733
0.0317403
0.0317472
0.0317539
0.0317603
0.0317664
0.0317722
0.0317777
0.0317829
0.0317879
0.0317925
0.0317969
0.031801
0.0318049
0.0318084
0.0318117
0.0318146
0.0318173
0.0318197
0.0318219
0.0318238
0.0318254
0.0318267
0.0318277
0.0318285
0.031829
0.0318292
0.0315117
0.0315144
0.0315168
0.0315189
0.0315207
0.0315223
0.0315235
0.0315245
0.0315252
0.0315256
0.0315256
0.0315254
0.0315248
0.031524
0.0315229
0.0315216
0.0315199
0.031518
0.0315158
0.0315133
0.0310896
0.031092
0.0310939
0.0310956
0.0310969
0.0310979
0.0310985
0.0310988
0.0310988
0.0310984
0.0310977
0.0310967
0.0310952
0.0310935
0.0310914
0.0310891
0.0310864
0.0310834
0.0310801
0.0310766
0.0310727
0.0310686
0.0310642
0.0310594
0.0310544
0.0310491
0.0310435
0.0310375
0.0310314
0.0310249
0.0310181
0.0310111
0.0310037
0.0309961
0.0309882
0.03098
0.0310993
0.030335
0.0292988
0.0275846
0.0254801
0.0243951
0.0233199
0.0226255
0.021538
0.0211769
0.0205621
0.019808
0.0188891
0.0179088
0.0166255
0.014553
0.0131105
0.0113981
0.00990679
0.00856851
0.00787595
0.00723959
0.00680222
0.0066179
0.00671469
0.00686687
0.00712936
0.00711064
0.00766561
0.00821725
0.00873062
0.00924423
0.00994591
0.0104077
0.0108283
0.0112074
0.0115462
0.0118295
0.0120978
0.0123345
0.0125431
0.0127268
0.0128886
0.0130313
0.0131574
0.0132358
0.0133374
0.013428
0.0135128
0.0135851
0.0136645
0.0137229
0.0137756
0.0138233
0.0138666
0.013906
0.0139419
0.0139748
0.0140051
0.0140329
0.0140587
0.0140827
0.014105
0.0141259
0.0141455
0.0141637
0.014181
0.0141971
0.0142124
0.0142268
0.0142404
0.0142131
0.0141337
0.0141485
0.0141627
0.0141762
0.0141893
0.0142019
0.0142137
0.014225
0.0142359
0.0142463
0.0142564
0.0142664
0.0142761
0.0142857
0.0142952
0.0143045
0.0143134
0.014322
0.0143302
0.0143383
0.0143463
0.0143543
0.0143623
0.0143701
0.0143777
0.0143854
0.0143931
0.0144006
0.0144078
0.0144151
0.0144227
0.0144299
0.0144374
0.0144448
0.0144522
0.0144596
0.0144668
0.0144742
0.0144815
0.0144887
0.014496
0.0145035
0.014511
0.0145183
0.0145255
0.0145328
0.0145401
0.0145473
0.0145545
0.0145617
0.014569
0.0145764
0.0145839
0.0145913
0.0145986
0.0146059
0.0146133
0.014621
0.0146286
0.0146361
0.0146436
0.0146512
0.0146589
0.0146666
0.0146746
0.0146824
0.0146903
0.0146986
0.014707
0.0147156
0.0147243
0.0147331
0.014742
0.0147512
0.0147605
0.0147697
0.0147789
0.0147884
0.0147979
0.0148073
0.0148166
0.0148261
0.0148357
0.0148452
0.0148548
0.0148643
0.0148741
0.0148837
0.0148931
0.0149025
0.0149123
0.0149218
0.0149314
0.0149414
0.0149518
0.0149622
0.0149728
0.0149832
0.014994
0.0150045
0.015015
0.0150253
0.0150361
0.0150468
0.015058
0.0150693
0.0150809
0.0150926
0.0151047
0.0151172
0.0151293
0.0151413
0.0151532
0.0152585
0.0152713
0.0152841
0.0152969
0.0153096
0.0153223
0.0153351
0.0153483
0.0153611
0.0153742
0.0153871
0.0154001
0.0154131
0.0154265
0.0154396
0.0154489
0.0154623
0.0154759
0.0154899
0.0155036
0.0155173
0.015531
0.0155447
0.0155588
0.0155729
0.0155868
0.0156008
0.0156149
0.0156293
0.0156433
0.0156574
0.0156717
0.0156863
0.015701
0.0157157
0.0160448
0.0160578
0.0160757
0.0160932
0.016111
0.0161289
0.0161471
0.0161653
0.0161837
0.0162019
0.0162204
0.0162388
0.0162572
0.016276
0.0162946
0.0163132
0.0163323
0.0163512
0.0163703
0.0163899
0.0164096
0.0164298
0.0164501
0.0164707
0.016491
0.0165116
0.0165319
0.0165521
0.0165722
0.0165919
0.0166121
0.0166321
0.0166524
0.0166722
0.0166917
0.0167112
0.0167305
0.01675
0.0167696
0.0167892
0.0168085
0.0168284
0.0168485
0.0168688
0.0168893
0.0169101
0.0169311
0.0169522
0.0169736
0.016995
0.0170165
0.017038
0.0170594
0.0170809
0.017102
0.0171232
0.017144
0.0171646
0.0171847
0.0172046
0.017225
0.0172457
0.0172662
0.0172866
0.0173072
0.017328
0.017349
0.0173699
0.0173913
0.0174125
0.0174336
0.0174549
0.0174762
0.0174972
0.0175179
0.0175391
0.0175599
0.0175805
0.0176006
0.0176203
0.0176399
0.0176594
0.0176791
0.017699
0.0177187
0.0177385
0.0177583
0.0177778
0.017797
0.0178161
0.0178447
0.0178642
0.0178835
0.017903
0.0179225
0.0179416
0.0179609
0.0179799
0.0179986
0.018017
0.0180351
0.0180534
0.0180718
0.01809
0.0181078
0.0181256
0.0181434
0.0181611
0.0181785
0.0181958
0.0182131
0.01823
0.0182467
0.0182629
0.018279
0.0182947
0.0183101
0.018325
0.0183398
0.0183546
0.0183688
0.0183828
0.0183965
0.0184098
0.018403
0.018416
0.0184284
0.0184406
0.0184524
0.0184638
0.0184747
0.0184852
0.0184952
0.0185048
0.0185141
0.018523
0.0185319
0.0185472
0.0185553
0.018563
0.0185705
0.0185776
0.0185843
0.0185908
0.0185969
0.0186023
0.0186073
0.0186119
0.0186163
0.0186202
0.0186237
0.0186269
0.0186296
0.0186318
0.0186337
0.0186354
0.0186365
0.0186373
0.0186377
0.0186375
0.0186367
0.0186356
0.0186339
0.0186319
0.0186292
0.0186263
0.0186229
0.0300419
0.0300382
0.0300333
0.0300271
0.0300196
0.0300108
0.0300008
0.0299896
0.0299771
0.0299635
0.0299487
0.0299329
0.0299159
0.0298978
0.0298787
0.0298585
0.0298372
0.0298148
0.0297914
0.0297668
0.029741
0.0297141
0.0296863
0.0296574
0.0296278
0.0295971
0.0295655
0.0295328
0.0294995
0.0294652
0.02943
0.0293941
0.029357
0.0293193
0.0292807
0.0292412
0.0292012
0.0291602
0.029084
0.0290406
0.0289965
0.0289516
0.0289054
0.0288582
0.0288105
0.0287619
0.0287125
0.0286625
0.028612
0.0285603
0.028508
0.0284548
0.028401
0.0283465
0.0282911
0.0282126
0.0281563
0.0280995
0.0280421
0.0279834
0.0279099
0.0278502
0.0277904
0.0277301
0.0276694
0.0276702
0.0276086
0.0275461
0.027483
0.0274199
0.0273557
0.027291
0.027226
0.0271605
0.0270942
0.0270273
0.0269224
0.0268555
0.0267884
0.0267214
0.026654
0.0265868
0.026519
0.0264509
0.0263826
0.0263145
0.0262462
0.0261771
0.0261076
0.0260378
0.0259677
0.0258979
0.0258284
0.0257592
0.0256906
0.025622
0.0255538
0.0254855
0.0254174
0.0253491
0.0252802
0.0252111
0.0251415
0.0250717
0.0250023
0.0249325
0.024863
0.0247933
0.024724
0.0246548
0.024586
0.0245167
0.0244476
0.0243787
0.0243104
0.0242417
0.0241729
0.0241045
0.0240367
0.0239691
0.0239016
0.0238338
0.0237667
0.0236998
0.0236325
0.0235657
0.0234987
0.0234321
0.0233664
0.0233013
0.0232368
0.0231729
0.0231093
0.0230457
0.0229828
0.0229204
0.0228578
0.0227957
0.0227335
0.0226718
0.0226098
0.0225484
0.0224874
0.022427
0.0223666
0.0223061
0.0222463
0.0221864
0.0221266
0.0220671
0.0220076
0.0219489
0.0218911
0.021834
0.0217768
0.0217201
0.0216637
0.0216078
0.0215521
0.0214964
0.0214412
0.0213862
0.0213319
0.0212776
0.0212233
0.021169
0.0211152
0.0210619
0.0210088
0.0209565
0.0209046
0.0208536
0.0208029
0.0207528
0.0207032
0.0206536
0.0206046
0.0205562
0.0205083
0.0204609
0.020414
0.0203669
0.0203203
0.0202741
0.0202283
0.0201831
0.020138
0.0200931
0.0200486
0.0200051
0.0199619
0.0199191
0.0198768
0.0198346
0.0197926
0.0197507
0.0197091
0.019668
0.0196275
0.0195873
0.0195477
0.0195083
0.019469
0.0194303
0.0193918
0.0193531
0.019315
0.019277
0.0192395
0.0192023
0.0191655
0.0191288
0.0190919
0.0190557
0.0190195
0.0189835
0.0189476
0.0189121
0.0188771
0.0188423
0.0188081
0.0187744
0.018741
0.0187082
0.018676
0.0186436
0.0186115
0.0185795
0.0185478
0.0185164
0.0184853
0.018454
0.0184233
0.018393
0.0183628
0.0183331
0.0183032
0.0182738
0.0182443
0.018215
0.0181858
0.0181567
0.0181279
0.0180994
0.0180711
0.0180429
0.0180151
0.0179875
0.01796
0.017933
0.0179063
0.0178799
0.0178536
0.0178277
0.0178021
0.0177764
0.017751
0.0177259
0.0177007
0.0176759
0.0176515
0.0176274
0.0176033
0.0175796
0.017556
0.0175324
0.017509
0.0174859
0.0174631
0.0174406
0.0174183
0.017355
0.0173326
0.0173105
0.0172884
0.0172666
0.0172448
0.0172231
0.0172016
0.0171803
0.0171592
0.0171383
0.0171174
0.0170967
0.0170761
0.0170557
0.0170353
0.0170151
0.0169951
0.0169752
0.0169554
0.0169358
0.0169166
0.0168972
0.0168781
0.0168592
0.0168404
0.0168217
0.0168031
0.0167846
0.0167661
0.0167477
0.0167296
0.0167116
0.0166937
0.016676
0.0166585
0.0166412
0.0166241
0.0166071
0.0165901
0.0165734
0.0165568
0.0165402
0.0165237
0.0165072
0.0164907
0.0164743
0.0164581
0.0164419
0.0164258
0.0164097
0.0163937
0.0163779
0.0163622
0.0163464
0.0163309
0.0163155
0.0163001
0.0162846
0.0162692
0.0162539
0.0162387
0.0162236
0.0162087
0.0161939
0.0161792
0.0161647
0.0161503
0.0161359
0.0161216
0.0161074
0.0160931
0.0160791
0.0160651
0.0160512
0.0160374
0.0160237
0.0160101
0.0159964
0.0159829
0.0159694
0.0159561
0.0159429
0.0159297
0.0159165
0.0159034
0.0158903
0.0158773
0.0158645
0.0158517
0.015839
0.0158264
0.0158138
0.0158013
0.0157888
0.0157765
0.0157641
0.0157519
0.0157398
0.0157276
0.0157155
0.0157035
0.0156915
0.0156796
0.0156678
0.015656
0.0156443
0.0156326
0.015621
0.0156094
0.0155979
0.0155865
0.0155753
0.0155748
0.0155637
0.0155526
0.0155416
0.0155306
0.0155196
0.0155087
0.0154978
0.015487
0.0154763
0.0154656
0.015455
0.0154445
0.0154341
0.0154236
0.0154132
0.0154027
0.0153922
0.0153818
0.0153715
0.0153611
0.0153507
0.0153404
0.0153303
0.0153202
0.0153101
0.0153
0.01529
0.01528
0.0152702
0.0152604
0.0152507
0.015241
0.0152314
0.0152218
0.0152122
0.0152027
0.0151932
0.0151839
0.0151745
0.0151652
0.015156
0.0151468
0.0151377
0.0151287
0.0151196
0.0151106
0.0151016
0.0150927
0.0150838
0.0150749
0.015066
0.0150571
0.0150483
0.0150395
0.0150306
0.0150218
0.015013
0.0150043
0.0149956
0.0149869
0.0149783
0.0149695
0.0149609
0.0149523
0.0149437
0.0149351
0.0149266
0.0149181
0.0149097
0.0149013
0.0148931
0.0148848
0.0148766
0.0148685
0.0148604
0.0148524
0.0148444
0.0148364
0.0148285
0.0148205
0.0148126
0.0148047
0.0147968
0.0147889
0.0147811
0.0147732
0.0147653
0.0147575
0.0147497
0.0147419
0.0147341
0.0147263
0.0147186
0.0147108
0.0147031
0.0146955
0.0146878
0.0146801
0.0146725
0.0146649
0.0146574
0.0146499
0.0146425
0.0146351
0.0146277
0.0146204
0.0146131
0.0146058
0.0145986
0.0145913
0.014584
0.0145767
0.0145694
0.0145622
0.0145549
0.0145477
0.0145406
0.0145334
0.0145262
0.0145192
0.0145121
0.0145051
0.0144981
0.0144912
0.0144842
0.0144772
0.0144703
0.0144634
0.0144566
0.0144498
0.0144431
0.0144364
0.0144296
0.0144229
0.0144163
0.0144096
0.014403
0.0143964
0.0143898
0.0143832
0.0143765
0.0143699
0.0143634
0.014357
0.0143505
0.0143441
0.0143378
0.0143314
0.0143251
0.0143187
0.0143124
0.0143061
0.0142999
0.0142936
0.0142874
0.0142811
0.0142749
0.0142687
0.0142625
0.0142563
0.0142501
0.014244
0.0142378
0.0142317
0.0142256
0.0142195
0.0142134
0.0142073
0.0142013
0.0141953
0.0141893
0.0141834
0.0141774
0.0141716
0.0141658
0.0141599
0.0141541
0.0141484
0.0141426
0.0141369
0.0141312
0.0141255
0.0141198
0.0141141
0.0141084
0.0141028
0.0140971
0.0140915
0.014086
0.0140804
0.0140748
0.0140692
0.0140635
0.014058
0.0140524
0.0140469
0.0140413
0.0140358
0.0140303
0.0140248
0.0140193
0.0140138
0.0140084
0.014003
0.0139976
0.0139923
0.013987
0.0139816
0.0139764
0.0139711
0.0139659
0.0139607
0.0139555
0.0139503
0.0139451
0.01394
0.0139348
0.0139297
0.0139247
0.0139196
0.0139145
0.0139094
0.0139044
0.0138993
0.0138942
0.0138892
0.0138841
0.0138791
0.0138741
0.0138691
0.0138641
0.0138591
0.013854
0.013849
0.0138439
0.0138389
0.0138339
0.013829
0.0138242
0.0138193
0.0138144
0.0138096
0.0138047
0.0137999
0.0137952
0.0137905
0.0137858
0.0137812
0.0137766
0.0137721
0.0137675
0.0137629
0.0137583
0.0137538
0.0137492
0.0137447
0.0137401
0.0137357
0.0137313
0.0137268
0.0137224
0.013718
0.0137136
0.0137093
0.013705
0.0137007
0.0136964
0.0136921
0.0136877
0.0136834
0.0136791
0.0136748
0.0136706
0.0136663
0.0136621
0.0136579
0.0136537
0.0136495
0.0136454
0.0136412
0.0136371
0.0136329
0.0136288
0.0136246
0.0136205
0.0136163
0.0136122
0.013608
0.0136039
0.0135999
0.0135853
0.0135813
0.0135774
0.0135735
0.0135696
0.0135657
0.0135619
0.013558
0.0135542
0.0135503
0.0135465
0.0135427
0.0135388
0.0135349
0.0135311
0.0135273
0.0135235
0.0135198
0.013516
0.0135122
0.0135085
0.0135047
0.013501
0.0134972
0.0134936
0.0134899
0.0134862
0.0134826
0.013479
0.0134754
0.0134717
0.0134681
0.0134645
0.0134609
0.0134575
0.013454
0.0134505
0.0134471
0.0134437
0.0134404
0.013437
0.0134338
0.0134306
0.0134273
0.0134242
0.0134211
0.013418
0.0134148
0.0134118
0.0134087
0.0134056
0.0134026
0.0133995
0.0133964
0.0133933
0.0133902
0.0133871
0.0133841
0.0133811
0.0133781
0.0133751
0.0133721
0.0133692
0.0133662
0.0133633
0.0133604
0.0133576
0.0133548
0.013352
0.0133491
0.0133463
0.0133434
0.0133405
0.0133377
0.0133349
0.013332
0.0133292
0.0133264
0.0133236
0.0133209
0.0133181
0.0133154
0.0133128
0.0133102
0.0133076
0.0133051
0.0133026
0.0133001
0.0132977
0.0132953
0.0132929
0.0132904
0.013288
0.0132855
0.0132831
0.0132807
0.0132783
0.013276
0.0132736
0.0132714
0.0132691
0.0132669
0.0132646
0.0132623
0.0132601
0.0132579
0.0132557
0.0132536
0.0132513
0.0132492
0.013247
0.0132449
0.0132427
0.0132406
0.0132385
0.0132365
0.0132345
0.0132325
0.0132305
0.0132285
0.0132266
0.0132246
0.0132226
0.0132206
0.0132186
0.0132165
0.0132145
0.0132125
0.0132104
0.0132084
0.0132065
0.0132045
0.0132026
0.0132007
0.0131988
0.0131968
0.0131947
0.0131926
0.0131905
0.0131885
0.0131864
0.0131844
0.0131824
0.0131804
0.0131783
0.0131763
0.0131742
0.0131721
0.0131701
0.0131681
0.0131661
0.013164
0.0131618
0.0131597
0.0131981
0.0131953
0.0131925
0.0131897
0.0131868
0.013184
0.0131811
0.0131781
0.0131752
0.0131722
0.0131691
0.013166
0.0131627
0.0131594
0.0131561
0.0131526
0.0131491
0.0131454
0.0131417
0.0131379
0.0131341
0.0131301
0.013126
0.0131219
0.0131176
0.0131133
0.013109
