Input2	Input3	Output
0.209525062	-0.977004904	-0.594332898
0.114914794	-0.972582489	-0.580484514
-0.158704116	-0.794773613	-0.575068374
0.001911592	-0.76042455	-0.470542854
0.243313085	-0.445099635	-0.521991893
0.156050186	-0.580974162	-0.611565858
0.08841095	-0.592043605	-0.717457927
-0.016051824	-0.265059313	-0.617468136
0.27786006	-0.719866682	-0.635680504
-0.037913569	-0.71502828	-0.66787395
0.161679343	-0.261743316	-0.507962814
-0.113632727	-0.794037993	-0.51491986
-0.123317038	-0.870860879	-0.752672479
0.061541032	-0.692357732	-0.585970152
0.186695131	-0.769696491	-0.62045013
0.247481825	-0.855585496	-0.626477288
-0.120722788	-0.558474157	-0.664543188
0.214040377	-0.782954425	-0.605743989
0.116084759	-0.829454901	-0.740608448
-0.165543	-0.863107884	-0.706337216
-0.018519612	-0.797271715	-0.594332898
0.210555492	-0.833364608	-0.536496625
-0.125267136	-0.77886733	-0.605743989
-0.147512631	-0.771013982	-0.691946446
-0.423724501	-0.809912747	-0.844902662
-0.461368877	-0.881795603	-0.914041256
-0.574523065	-0.76676134	-0.872321951
-0.527124457	-0.665544991	-0.833129912
-0.913147881	-0.75663741	-0.912996079
-0.128131619	-0.595706048	-0.819275922
-0.636222117	-0.695441524	-0.871462868
-0.645127041	-0.790324924	-0.876670285
-0.556457109	-0.839566126	-0.924786288
-0.385483338	-0.646425461	-0.851823282
0.25178679	-0.164919308	-0.79520877
-0.68137278	-0.587004893	-0.893105672
-0.288823395	-0.760960543	-0.869755059
-0.249744778	-0.726914431	-0.853392305
-0.003299465	-0.575957639	-0.80817098
-0.027433588	-0.91114117	-0.874920252
-0.366823882	-0.72642747	-0.864712521
0.42678231	-0.801977263	-0.526772369
-0.100480608	-0.802968937	-0.591527098
-0.249881151	-0.959387217	-0.654703985
-0.046915483	-0.785965939	-0.632590685
-0.020413559	-0.626686306	-0.548971301
-0.2134316	-0.820251259	-0.638792832
0.011126294	-0.913325562	-0.602862528
0.435946985	-0.603704042	-0.492156481
-0.2134316	-0.602692327	-0.638792832
-0.140289306	-0.489007905	-0.561820787
-0.230833553	-0.338895287	-0.664543188
0.088227913	-0.674285829	-0.583218535
-0.098586273	-0.415945746	-0.614506807
0.141601675	-0.797230276	-0.577767867
-0.044388708	-0.637486993	-0.551510498
0.376217101	-0.506797089	-0.531606867
0.125259078	-0.48601711	-0.479057806
0.184435656	-0.487403913	-0.505668709
0.247481825	-0.709297814	-0.626477288
0.185212409	-0.79633652	-0.561820787
-0.028304569	-0.938512097	-0.572385817
0.275036081	-0.85748629	-0.564437673
0.247481825	-0.569736295	-0.626477288
0.055351946	-0.817504375	-0.575068374
0.01501762	-0.843636865	-0.674614441
-0.623108414	-0.816153216	-0.90886609
-0.511609161	-0.918355819	-0.887484654
-0.689294505	-0.99557736	-0.912996079
-0.588828146	-0.938324026	-0.892158439
-0.770951808	-0.887201961	-0.894057149
-0.248287503	-0.858146384	-0.901826509
-0.58837016	-0.716226552	-0.901826509
-0.418946379	-0.731847454	-0.882008626
-0.136778417	-0.424812142	-0.847184574
-0.918577342	-0.63370429	-0.903814108
-0.464932521	-0.637965729	-0.950535043
-0.534750953	-0.397579166	-0.87932268
-0.675585695	-0.387855499	-0.864712521
-0.224595498	-0.214253925	-0.875793466
-0.746001384	-0.580216751	-0.906830845
0.029692724	-0.415386023	-0.797617584
-0.655797384	-0.780440037	-0.868060874
-0.530392247	-0.598799189	-0.883818321
-0.599536896	-0.32092957	-0.84642121
0.746092239	-0.356947228	-0.852606345
-0.249744778	-0.274424339	-0.853392305
-0.760807123	-0.659929647	-0.856565558
0.210406221	0.012166889	-0.792826948
-0.540066931	-0.722647661	-0.874920252
-0.178640899	-0.884820858	-0.611565858
0.013617034	-0.807387121	-0.556634572
0.01501762	-0.873841443	-0.674614441
0.037577744	-0.716546282	-0.635680504
0.168288556	-0.963993528	-0.575068374
0.067401222	-0.874545336	-0.632590685
-0.104905674	-0.576901584	-0.638792832
-0.269825821	-0.756338614	-0.645086352
-0.227377747	-0.912300554	-0.688423299
0.12705509	-0.506086194	-0.614506807
0.147412487	-0.834056236	-0.531606867
0.037577744	-0.820070103	-0.635680504
0.297122837	-0.549524939	-0.472655768
-0.065883792	-0.721575076	-0.531606867
0.013617034	-0.835217237	-0.556634572
0.370216696	-0.522002176	-0.614506807
0.187719467	-0.322846065	-0.494379101
0.42678231	-0.891471487	-0.526772369
-0.413455866	-0.86279091	-0.835288182
-0.498083795	-0.874936605	-0.863057935
-0.366694556	-0.837577835	-0.806270131
-0.179143913	-0.606260531	-0.854181185
-0.228431182	-0.906953387	-0.866380098
-0.372362866	-0.752033415	-0.869755059
-0.829615767	-0.828241599	-0.883818321
0.03366744	-0.597437792	-0.876670285
-0.283787546	-0.718438718	-0.864712521
-0.573468845	-0.804480326	-0.905820495
-0.74601378	-0.746872864	-0.946834359
-0.215960826	-0.848119661	-0.89501291
-0.156357139	-0.721539804	-0.901826509
-0.303921448	-0.683383145	-0.870607247
-0.461556704	-0.497806226	-0.865544673
-0.871306258	-0.877447112	-0.924786288
-0.53986733	-0.602666185	-0.898879576
-0.462282516	-0.71456999	-0.842645002
-0.620980567	-0.526919006	-0.88934184
0.031712232	-0.336256002	-0.89693744
-0.408098533	-0.704828006	-0.910921039
-0.122657622	-0.449803639	-0.84642121
-0.592829833	-0.852297571	-0.927002158
-0.436940069	0.380064509	-0.841153115
-0.154586896	-0.434877716	-0.906830845
-0.656728983	-0.104349399	-0.858977002
0.012145286	-0.727141343	-0.614506807
0.096736619	-0.703616423	-0.605743989
0.483064579	-0.55982959	-0.49885927
0.08760197	-0.365335051	-0.430336723
0.14579184	-0.484164984	-0.487745569
0.202395649	-0.292718561	-0.51491986
0.823460754	-0.838131147	-0.40247989
0.391791185	-0.786480097	-0.442007261
0.392989148	-0.931259937	-0.541442923
-0.171658102	-0.946729685	-0.99997577
0.576077786	-0.779110041	-0.479057806
0.185212409	-0.750819168	-0.561820787
0.189298469	-0.817143262	-0.430336723
-0.043367093	-0.068553316	-0.496613323
-0.072446046	-0.843131486	-0.623453082
0.15313084	-0.70670289	-0.600000363
-0.077865954	-0.790759393	-0.543937688
0.145122861	-0.723487452	-0.466348055
0.233609675	-0.683489279	-0.345331493
0.28540771	-0.694836041	-0.575068374
0.382876643	-0.707173077	-0.519621537
0.171387637	-0.839135611	-0.529182789
-0.290532473	-0.778800232	-0.695498912
0.143149514	-0.894357378	-0.699081189
-0.394676008	-0.805097215	-0.54644709
0.12083886	-0.949558461	-0.591527098
0.03485415	-0.843192003	-0.588739596
0.124746954	-0.930270128	-0.638792832
-0.031155687	-0.955070816	-0.538962624
-0.080067245	-0.854156211	-0.447963988
0.320786215	-0.738281586	-0.481213272
0.252704597	-0.773539434	-0.49885927
-0.310227838	-0.387732323	-0.833846902
-0.443854864	-0.284689139	-0.828177608
-0.238285624	-0.274390519	-0.812024456
0.11541241	-0.544197451	-0.780183585
-0.787059153	-0.221763115	-0.899857349
0.139032285	-0.503611793	-0.796409765
-0.576219081	-0.096754932	-0.789303517
-0.636222117	0.174189088	-0.871462868
-0.337756198	-0.073267726	-0.775220477
-0.434390176	0.861539086	-0.882911546
-0.53216068	-0.020268194	-0.869755059
-0.414051973	0.404547163	-0.813324633
-0.012546713	0.039737254	-0.769838471
-0.430171941	0.072580233	-0.818606377
-0.165392553	-0.34154211	-0.761500936
-0.066174441	0.493453722	-0.843394892
-0.568940772	-0.444402788	-0.876670285
-0.427041668	-0.17807255	-0.797012817
-0.296541786	-0.210079145	-0.815289935
0.199858127	0.476148796	-0.7589611
-0.206790616	-0.037548717	-0.788721915
0.206814236	-0.53591095	-0.801899831
-0.03520613	-0.311613867	-0.89027656
-0.574206799	-0.565250097	-0.840411083
-0.604271942	-0.245792108	-0.893105672
0.237156593	-0.594779507	-0.556634572
-0.034058445	-0.8277662	-0.51726424
-0.043367093	-0.739194074	-0.496613323
0.315072871	-0.865375202	-0.548971301
0.547026616	-0.720766055	-0.354878746
0.289012717	-0.756450952	-0.451981672
0.24374283	-0.62478768	-0.404281711
0.247901329	-0.616433463	-0.456037406
-0.039878383	-0.776083444	-0.485557042
0.498208545	-0.781727627	-0.464265967
0.497460051	-0.871854973	-0.390074909
-0.106601907	-0.937888759	-0.503386836
-0.051892688	-0.911188965	-0.645086352
0.010297137	-0.896129895	-0.512588254
-0.204368978	-0.953839535	-0.602862528
-0.017920387	-0.872634855	-0.629523052
0.1246049	-0.943117086	-0.406091141
0.276786075	-0.658327664	-0.274421402
-0.0703953	-0.818719421	-0.510269284
0.742164248	-0.740205389	-0.442007261
0.541904892	-0.89369747	-0.538962624
-0.289995721	-0.15007933	-0.801899831
-0.15416804	-0.269731013	-0.785837535
-0.140537021	-0.544040529	-0.819947583
-0.547603535	1	-0.787563463
-0.145594606	-0.447352753	-0.871462868
-0.385483338	0.044363956	-0.851823282
-0.643784289	0.440405334	-0.858170141
-0.401402879	-0.012006773	-0.821297307
-0.09690405	0.284565775	-0.77851631
-0.459514487	-0.296104115	-0.786411289
-0.10372712	-0.266968724	-0.79164597
-0.303921448	0.287624478	-0.870607247
-0.069474598	-0.29351699	-0.820621373
-0.999999998	0.348924489	-0.990091875
-0.100475182	0.443770822	-0.813324633
0.008180068	-0.267686058	-0.803139346
-0.255443486	0.871394823	-0.835288182
0.449976559	-0.614496256	-0.559219818
-0.034993357	-0.743749226	-0.372954067
-0.061437332	0.018640618	-0.445969193
-0.212524732	-0.46603034	-0.699081189
-0.204368978	-0.052764566	-0.602862528
-0.027157872	-0.065626681	-0.505668709
0.112086263	-0.848262185	-0.54644709
0.124746954	-0.791775969	-0.638792832
-0.069490932	-0.971163232	-0.671230896
0.295686158	-0.792601619	-0.671230896
0.177525275	-0.740621475	-0.760908986
0.214189992	-0.759557059	-0.691946446
0.294356648	-0.810601763	-0.430336723
0.470905426	-1	-0.534044759
0.275036081	-0.747988972	-0.564437673
-0.230637643	-0.834496299	-0.474779161
-0.322109836	-0.909357408	-0.699081189
-0.032523707	0.23216523	-0.758456752
-0.053760867	-0.591436409	-0.784694652
-0.671382516	-0.37670602	-0.84642121
-0.261588089	-0.309258064	-0.813324633
-0.366694556	-0.176887533	-0.806270131
-0.169232101	-0.401428293	-0.839671633
-0.053699207	0.011620938	-0.815289935
0.022205981	-0.02219045	-0.872321951
-0.115169292	0.08787511	-0.836739306
0.419322531	-0.547889252	0.162143979
0.217554766	-0.834797829	0.10222556
0.35313644	-0.237267078	0.152533832
0.397854039	-0.62801432	0.173960039
0.355477465	-0.491479763	0.137846503
0.569456626	-0.665698914	0.227864441
0.24975467	-0.62360437	0.267578134
0.236177941	-0.488124659	0.150108903
0.157657979	-0.444574184	-0.277097518
0.108827481	0.049155531	-0.167519254
0.220087159	-0.276636659	-0.156228824
0.058334233	-0.46535404	-0.372954067
-0.043023024	0.338429975	-0.208976134
-0.180029461	-0.400488334	-0.258705875
-0.014281192	-0.548751126	-0.294911241
0.234197533	-0.584352807	0.347606974
0.414758259	-0.467018159	0.146454443
0.188614163	-0.601964265	0.201471169
0.513828281	-0.714385358	0.263510173
0.511027308	-0.903781697	0.190149462
-0.133316002	-0.848419998	0.221365947
0.270403825	-0.724562625	0.140317584
-0.208795319	-0.820289013	0.09433128
0.690798789	-0.679070893	0.372236079
0.408953691	-0.503801101	0.305005145
0.19733625	-0.82290686	0.273632749
0.247901329	-0.731637419	-0.002577106
0.266659149	-0.61953516	0.09433128
0.160996003	-0.519336227	0.402591885
0.235672928	-0.507195468	0.027459221
0.374018211	-0.650836406	0.327579781
0.734774611	-0.768005119	0.145231703
0.203842721	-0.817733893	0.145231703
0.123004672	-0.796100198	0.132875939
0.450981216	-0.610159823	0.225705489
0.392162849	-0.821660545	0.050524715
0.088627937	-0.57904176	0.171613965
0.24513689	-0.685803014	0.180947835
0.344364586	-0.714982471	0.281618861
0.430189259	-0.621472137	0.178626913
0.504667964	-0.625106226	0.018593582
0.109594501	-0.282369189	-0.31938102
-0.169232101	-0.137314174	-0.320864823
-0.122008529	-0.491397172	-0.243545371
0.095251302	-0.506805892	-0.265184238
-0.005900865	-0.110424942	-0.331397687
-0.071006646	-0.667190278	-0.386595593
0.160996003	-0.541023257	-0.187747941
0.239639826	-0.524327582	-0.232516238
-0.122657622	-0.691323651	-0.334455202
-0.060526634	-0.344527166	-0.395347422
0.079554004	0.073263015	-0.23983743
0.210406221	-0.25480205	-0.226509162
0.107571019	-0.389857418	-0.254865268
0.094063237	-0.684011019	-0.274421402
-0.213755499	-0.563380165	-0.176982686
-0.039402557	0.270583562	-0.252323819
-0.128684994	-0.190033353	-0.316428725
0.263270372	-0.209213369	-0.275757374
0.351575869	-0.349655338	-0.143256977
0.157192628	-0.102051539	-0.249797324
-0.065953649	-0.575285993	-0.194338968
0.131205799	-0.59043942	-0.279790425
-0.145594606	0.133002624	-0.38486647
-0.193261597	0.172188345	-0.342195734
-0.117537651	-0.678690438	-0.199909791
0.103266107	-0.37673453	-0.118431367
0.057949411	-0.597302856	-0.25999375
0.38250151	-0.156853386	-0.254865268
0.456514653	-0.871811712	0.32572819
0.423226944	-0.526481026	0.147674883
0.35100225	-0.610451356	0.225705489
0.106142717	-0.738211755	0.159754744
0.286845436	-0.769513514	0.244882632
0.306057452	-0.715522057	0.33126723
0.506873046	-0.842767602	0.373960154
0.28468077	-0.121528459	0.157356686
0.437442536	-0.868550337	0.072797784
0.475387996	-0.657696015	0.342205846
0.326148312	-0.712296819	0.236429235
0.210565477	-0.661686678	0.28950809
0.061489153	-0.474124902	0.078248546
0.455070624	-0.139914018	0.283600158
0.222916767	0.078068456	-0.164410519
0.319435143	-0.772548158	-0.16337925
0.246282697	-0.560464338	-0.120290971
0.067658348	-0.818434922	-0.241069856
0.268810081	-0.169377621	-0.185573208
0.171733847	-0.623569268	-0.186659198
0.169514578	-0.146936159	-0.161324106
0.300000683	-0.355016232	-0.31938102
-0.143259249	-0.576085904	-0.404281711
0.06225772	-0.503444006	-0.106536053
-0.203331926	-0.560890958	-0.261285501
-0.097482663	-0.605383901	-0.322353775
0.330868256	-0.53532897	-0.232516238
-0.035383698	-0.485661998	-0.287972031
0.050342144	-0.618807454	-0.434191679
0.122689446	-0.527686874	-0.208976134
-0.043023024	-0.342750468	-0.208976134
0.430462453	-0.473568879	-0.316428725
-0.156726996	-0.376011924	-0.256141657
0.202009318	-0.033413153	-0.348490351
0.020075724	-0.367689534	-0.246035239
0.275288945	-0.557634763	-0.256141657
-0.07085619	-0.148019703	-0.220584944
0.264682896	-0.565124688	0.859833711
0.999999999	-0.626612664	0.764898406
0.286691808	-0.176359796	0.700326362
0.335798492	-0.758375532	0.911730583
0.306523123	-0.797080261	0.79177197
0.812213809	0.443371586	0.81932896
0.557548326	-0.397284198	0.881563215
0.202983332	0.276432012	0.776152638
0.656198535	-0.408020957	0.707594592
0.129563949	-0.613924219	0.192429645
0.087435553	-0.683369988	0.011168763
0.221012773	-0.508423468	-0.074376476
0.348431519	-0.052128634	-0.077739547
0.816404157	-0.526058522	-0.075214783
-0.175902327	-0.415043497	-0.14819994
0.398380838	-0.197819205	0.020003257
-0.185503934	-0.676527897	-0.277097518
0.224982175	-0.495936276	-0.189933736
-0.050793536	-0.141397713	-0.374635705
-0.038671426	-0.472957296	-0.383144295
0.697064987	-0.513672142	0.040366788
0.190515666	-0.77198203	0.651567322
0.500082212	-0.651443001	0.742771294
0.618627323	-0.631798978	0.643644648
0.388106763	-0.750893351	0.598874309
0.851731728	-0.760493435	0.879184104
0.429462244	-0.713392164	0.798995243
0.553326723	-0.731461175	0.816712273
0.403972337	-0.705085071	0.806139687
0.510069868	-0.71288511	0.73291236
0.171403465	-0.663149693	0.590281612
0.388974867	-0.56521054	0.610956706
0.670997978	-0.759271402	0.833110738
0.113946286	-0.725444387	0.707594592
0.454225353	-0.715893312	0.724916806
0.094063237	-0.743581984	0.704489524
0.280774256	-0.688348162	0.459363342
0.606252081	-0.689529363	0.65381341
0.618923759	-0.769572618	0.736873782
0.509974155	-0.640216128	0.810565697
0.269105662	-0.510310556	0.6169151
0.420218017	-0.76142155	0.591516085
0.206362715	-0.819089987	0.46087184
0.421782361	-0.719566459	0.615727762
0.419342919	-0.532515196	0.639073896
0.231279078	-0.449962518	0.769611212
0.641930978	-0.431156115	0.68233108
0.349016906	-0.437020721	0.507388334
0.27436934	-0.192718584	0.533515122
0.07277249	-0.389388143	0.633315117
0.166692772	-0.564943262	0.454816787
0.386626532	-0.58820353	0.525377042
0.433360966	-0.621145541	0.687675423
0.367914021	-0.868242055	0.522641632
0.312785365	-0.717354658	0.399288052
0.268400629	-0.758425462	0.227864441
0.541569536	-0.75675229	0.238552914
0.528152891	-0.656949942	0.251151306
0.383895994	-0.748204299	0.244882632
0.123008426	-0.77152074	0.147674883
0.09140807	-0.577366819	0.142779293
0.123538652	-0.515159758	0.234298595
0.184485985	-0.664600873	-0.102047116
0.34685408	0.201648863	-0.030616267
0.249291474	-0.554406853	0.180003203
0.599826753	-0.361094263	0.083090571
0.513152742	-0.613979853	0.110662762
0.002827851	-0.063566793	0.212194295
0.366526836	-0.407940525	0.082509104
0.360536652	0.045612412	0.081926853
0.105197135	-0.284558261	-0.009217234
0.450958859	-0.59846416	0.118762596
0.75683154	-0.315207118	0.075469658
0.227976626	-0.284638883	0.15810458
0.280978569	-0.377449466	0.116079513
0.360704323	-0.773838227	0.137603426
0.27861898	-0.898413644	0.052388163
0.133142011	-0.69411812	0.168239769
0.528254549	-0.433110853	0.017304194
0.253547424	-0.225852891	0.020675389
0.40470633	-0.203038951	0.135035324
-0.124515224	0.310570982	0.080759987
0.021638527	-0.449295995	0.156637073
-0.046020843	-0.436335342	-0.086264044
0.089154305	-0.504835551	-0.31203803
-0.213755499	-0.713675835	-0.176982686
0.040945993	-0.743712337	-0.487745569
-0.098470833	-0.409527272	-0.249797324
0.277012887	-0.69807271	-0.045235925
-0.055355845	-0.202350443	-0.026100792
0.228668914	-0.22557098	-0.097604536
0.509619055	-0.48048897	0.640219585
0.564630439	-0.65950062	0.785385555
0.194376977	-0.785163183	0.807027286
0.228233447	-0.799851759	0.75824293
0.598453405	-0.660917426	1.000012475
0.169514578	-0.827328335	0.442535264
0.096945453	-0.812695494	0.530813692
0.390318812	-0.914729646	0.726924876
0.155564741	-0.877475057	0.503165681
0.617650196	-0.743748389	0.781708003
0.269105662	-0.694797088	0.6169151
0.501566303	-0.651366822	0.639073896
0.590146576	-0.643569679	0.651567322
0.44133006	-0.788814787	0.711711879
0.778250096	-0.764486908	0.567652383
0.863795572	-0.896888898	0.591516085
0.611251682	-0.386417931	0.70136964
0.495854385	-0.604232845	0.590281612
0.305451171	-0.147008715	0.450238295
0.482796212	-0.632568422	0.751519062
0.569580176	-0.637530546	0.660505721
0.299077615	-0.671709947	0.487444405
0.028854685	-0.782945971	0.544210362
0.3957276	-0.379839776	0.303088084
0.499335161	-0.738199779	0.014588117
0.392308973	-0.341961029	0.041648102
0.151130498	-0.770519716	0.20873373
0.533002464	-0.686765861	0.147225168
0.29575126	0.560071616	0.18462028
0.127327771	-0.340921563	0.268278563
0.397176741	-0.82373166	-0.049167164
0.369169884	-0.51461103	0.0467356
0.24538399	-0.660225919	-0.048378039
-0.003371471	-0.683539775	0.173455209
0.27861898	-0.571703189	0.052388163
0.31561779	-0.730935686	-0.010659377
0.817448433	-0.050649664	0.043562958
0.167524284	-0.730821445	-0.071871308
0.299361601	-0.415134821	-0.090590471
0.059542364	-0.374652892	-0.059559642
-0.083348326	-0.147553138	-0.187747941
0.008327803	-0.507068482	-0.265184238
-0.048295252	-0.594527153	-0.364643428
-0.220705657	-0.666980057	-0.211272934
0.055229156	-0.349865682	-0.278441859
0.249543019	-0.590535796	-0.063624525
0.309570519	-0.726911221	-0.073539799
0.209525062	-0.977004904	-0.594332898
0.114914794	-0.972582489	-0.580484514
-0.158704116	-0.794773613	-0.575068374
0.001911592	-0.76042455	-0.470542854
0.243313085	-0.445099635	-0.521991893
0.156050186	-0.580974162	-0.611565858
0.08841095	-0.592043605	-0.717457927
-0.016051824	-0.265059313	-0.617468136
0.27786006	-0.719866682	-0.635680504
-0.037913569	-0.71502828	-0.66787395
0.161679343	-0.261743316	-0.507962814
-0.113632727	-0.794037993	-0.51491986
-0.123317038	-0.870860879	-0.752672479
0.061541032	-0.692357732	-0.585970152
0.186695131	-0.769696491	-0.62045013
0.247481825	-0.855585496	-0.626477288
-0.120722788	-0.558474157	-0.664543188
0.214040377	-0.782954425	-0.605743989
0.116084759	-0.829454901	-0.740608448
-0.165543	-0.863107884	-0.706337216
-0.018519612	-0.797271715	-0.594332898
0.210555492	-0.833364608	-0.536496625
-0.125267136	-0.77886733	-0.605743989
-0.147512631	-0.771013982	-0.691946446
-0.423724501	-0.809912747	-0.844902662
-0.461368877	-0.881795603	-0.914041256
-0.574523065	-0.76676134	-0.872321951
-0.527124457	-0.665544991	-0.833129912
-0.913147881	-0.75663741	-0.912996079
-0.128131619	-0.595706048	-0.819275922
-0.636222117	-0.695441524	-0.871462868
-0.645127041	-0.790324924	-0.876670285
-0.556457109	-0.839566126	-0.924786288
-0.385483338	-0.646425461	-0.851823282
0.25178679	-0.164919308	-0.79520877
-0.68137278	-0.587004893	-0.893105672
-0.288823395	-0.760960543	-0.869755059
-0.249744778	-0.726914431	-0.853392305
-0.003299465	-0.575957639	-0.80817098
-0.027433588	-0.91114117	-0.874920252
-0.366823882	-0.72642747	-0.864712521
0.42678231	-0.801977263	-0.526772369
-0.100480608	-0.802968937	-0.591527098
-0.249881151	-0.959387217	-0.654703985
-0.046915483	-0.785965939	-0.632590685
-0.020413559	-0.626686306	-0.548971301
-0.2134316	-0.820251259	-0.638792832
0.011126294	-0.913325562	-0.602862528
0.435946985	-0.603704042	-0.492156481
-0.2134316	-0.602692327	-0.638792832
-0.140289306	-0.489007905	-0.561820787
-0.230833553	-0.338895287	-0.664543188
0.088227913	-0.674285829	-0.583218535
-0.098586273	-0.415945746	-0.614506807
0.141601675	-0.797230276	-0.577767867
-0.044388708	-0.637486993	-0.551510498
0.376217101	-0.506797089	-0.531606867
0.125259078	-0.48601711	-0.479057806
0.184435656	-0.487403913	-0.505668709
0.247481825	-0.709297814	-0.626477288
0.185212409	-0.79633652	-0.561820787
-0.028304569	-0.938512097	-0.572385817
0.275036081	-0.85748629	-0.564437673
0.247481825	-0.569736295	-0.626477288
0.055351946	-0.817504375	-0.575068374
0.01501762	-0.843636865	-0.674614441
-0.623108414	-0.816153216	-0.90886609
-0.511609161	-0.918355819	-0.887484654
-0.689294505	-0.99557736	-0.912996079
-0.588828146	-0.938324026	-0.892158439
-0.770951808	-0.887201961	-0.894057149
-0.248287503	-0.858146384	-0.901826509
-0.58837016	-0.716226552	-0.901826509
-0.418946379	-0.731847454	-0.882008626
-0.136778417	-0.424812142	-0.847184574
-0.918577342	-0.63370429	-0.903814108
-0.464932521	-0.637965729	-0.950535043
-0.534750953	-0.397579166	-0.87932268
-0.675585695	-0.387855499	-0.864712521
-0.224595498	-0.214253925	-0.875793466
-0.746001384	-0.580216751	-0.906830845
0.029692724	-0.415386023	-0.797617584
-0.655797384	-0.780440037	-0.868060874
-0.530392247	-0.598799189	-0.883818321
-0.599536896	-0.32092957	-0.84642121
0.746092239	-0.356947228	-0.852606345
-0.249744778	-0.274424339	-0.853392305
-0.760807123	-0.659929647	-0.856565558
0.210406221	0.012166889	-0.792826948
-0.540066931	-0.722647661	-0.874920252
-0.178640899	-0.884820858	-0.611565858
0.013617034	-0.807387121	-0.556634572
0.01501762	-0.873841443	-0.674614441
0.037577744	-0.716546282	-0.635680504
0.168288556	-0.963993528	-0.575068374
0.067401222	-0.874545336	-0.632590685
-0.104905674	-0.576901584	-0.638792832
-0.269825821	-0.756338614	-0.645086352
-0.227377747	-0.912300554	-0.688423299
0.12705509	-0.506086194	-0.614506807
0.147412487	-0.834056236	-0.531606867
0.037577744	-0.820070103	-0.635680504
0.297122837	-0.549524939	-0.472655768
-0.065883792	-0.721575076	-0.531606867
0.013617034	-0.835217237	-0.556634572
0.370216696	-0.522002176	-0.614506807
0.187719467	-0.322846065	-0.494379101
0.42678231	-0.891471487	-0.526772369
-0.413455866	-0.86279091	-0.835288182
-0.498083795	-0.874936605	-0.863057935
-0.366694556	-0.837577835	-0.806270131
-0.179143913	-0.606260531	-0.854181185
-0.228431182	-0.906953387	-0.866380098
-0.372362866	-0.752033415	-0.869755059
-0.829615767	-0.828241599	-0.883818321
0.03366744	-0.597437792	-0.876670285
-0.283787546	-0.718438718	-0.864712521
-0.573468845	-0.804480326	-0.905820495
-0.74601378	-0.746872864	-0.946834359
-0.215960826	-0.848119661	-0.89501291
-0.156357139	-0.721539804	-0.901826509
-0.303921448	-0.683383145	-0.870607247
-0.461556704	-0.497806226	-0.865544673
-0.871306258	-0.877447112	-0.924786288
-0.53986733	-0.602666185	-0.898879576
-0.462282516	-0.71456999	-0.842645002
-0.620980567	-0.526919006	-0.88934184
0.031712232	-0.336256002	-0.89693744
-0.408098533	-0.704828006	-0.910921039
-0.122657622	-0.449803639	-0.84642121
-0.592829833	-0.852297571	-0.927002158
-0.436940069	0.380064509	-0.841153115
-0.154586896	-0.434877716	-0.906830845
-0.656728983	-0.104349399	-0.858977002
0.012145286	-0.727141343	-0.614506807
0.096736619	-0.703616423	-0.605743989
0.483064579	-0.55982959	-0.49885927
0.08760197	-0.365335051	-0.430336723
0.14579184	-0.484164984	-0.487745569
0.202395649	-0.292718561	-0.51491986
0.823460754	-0.838131147	-0.40247989
0.391791185	-0.786480097	-0.442007261
0.392989148	-0.931259937	-0.541442923
-0.171658102	-0.946729685	-0.99997577
0.576077786	-0.779110041	-0.479057806
0.185212409	-0.750819168	-0.561820787
0.189298469	-0.817143262	-0.430336723
-0.043367093	-0.068553316	-0.496613323
-0.072446046	-0.843131486	-0.623453082
0.15313084	-0.70670289	-0.600000363
-0.077865954	-0.790759393	-0.543937688
0.145122861	-0.723487452	-0.466348055
0.233609675	-0.683489279	-0.345331493
0.28540771	-0.694836041	-0.575068374
0.382876643	-0.707173077	-0.519621537
0.171387637	-0.839135611	-0.529182789
-0.290532473	-0.778800232	-0.695498912
0.143149514	-0.894357378	-0.699081189
-0.394676008	-0.805097215	-0.54644709
0.12083886	-0.949558461	-0.591527098
0.03485415	-0.843192003	-0.588739596
0.124746954	-0.930270128	-0.638792832
-0.031155687	-0.955070816	-0.538962624
-0.080067245	-0.854156211	-0.447963988
0.320786215	-0.738281586	-0.481213272
0.252704597	-0.773539434	-0.49885927
-0.310227838	-0.387732323	-0.833846902
-0.443854864	-0.284689139	-0.828177608
-0.238285624	-0.274390519	-0.812024456
0.11541241	-0.544197451	-0.780183585
-0.787059153	-0.221763115	-0.899857349
0.139032285	-0.503611793	-0.796409765
-0.576219081	-0.096754932	-0.789303517
-0.636222117	0.174189088	-0.871462868
-0.337756198	-0.073267726	-0.775220477
-0.434390176	0.861539086	-0.882911546
-0.53216068	-0.020268194	-0.869755059
-0.414051973	0.404547163	-0.813324633
-0.012546713	0.039737254	-0.769838471
-0.430171941	0.072580233	-0.818606377
-0.165392553	-0.34154211	-0.761500936
-0.066174441	0.493453722	-0.843394892
-0.568940772	-0.444402788	-0.876670285
-0.427041668	-0.17807255	-0.797012817
-0.296541786	-0.210079145	-0.815289935
0.199858127	0.476148796	-0.7589611
-0.206790616	-0.037548717	-0.788721915
0.206814236	-0.53591095	-0.801899831
-0.03520613	-0.311613867	-0.89027656
-0.574206799	-0.565250097	-0.840411083
-0.604271942	-0.245792108	-0.893105672
0.237156593	-0.594779507	-0.556634572
-0.034058445	-0.8277662	-0.51726424
-0.043367093	-0.739194074	-0.496613323
0.315072871	-0.865375202	-0.548971301
0.547026616	-0.720766055	-0.354878746
0.289012717	-0.756450952	-0.451981672
0.24374283	-0.62478768	-0.404281711
0.247901329	-0.616433463	-0.456037406
-0.039878383	-0.776083444	-0.485557042
0.498208545	-0.781727627	-0.464265967
0.497460051	-0.871854973	-0.390074909
-0.106601907	-0.937888759	-0.503386836
-0.051892688	-0.911188965	-0.645086352
0.010297137	-0.896129895	-0.512588254
-0.204368978	-0.953839535	-0.602862528
-0.017920387	-0.872634855	-0.629523052
0.1246049	-0.943117086	-0.406091141
0.276786075	-0.658327664	-0.274421402
-0.0703953	-0.818719421	-0.510269284
0.742164248	-0.740205389	-0.442007261
0.541904892	-0.89369747	-0.538962624
-0.289995721	-0.15007933	-0.801899831
-0.15416804	-0.269731013	-0.785837535
-0.140537021	-0.544040529	-0.819947583
-0.547603535	1	-0.787563463
-0.145594606	-0.447352753	-0.871462868
-0.385483338	0.044363956	-0.851823282
-0.643784289	0.440405334	-0.858170141
-0.401402879	-0.012006773	-0.821297307
-0.09690405	0.284565775	-0.77851631
-0.459514487	-0.296104115	-0.786411289
-0.10372712	-0.266968724	-0.79164597
-0.303921448	0.287624478	-0.870607247
-0.069474598	-0.29351699	-0.820621373
-0.999999998	0.348924489	-0.990091875
-0.100475182	0.443770822	-0.813324633
0.008180068	-0.267686058	-0.803139346
-0.255443486	0.871394823	-0.835288182
0.449976559	-0.614496256	-0.559219818
-0.034993357	-0.743749226	-0.372954067
-0.061437332	0.018640618	-0.445969193
-0.212524732	-0.46603034	-0.699081189
-0.204368978	-0.052764566	-0.602862528
-0.027157872	-0.065626681	-0.505668709
0.112086263	-0.848262185	-0.54644709
0.124746954	-0.791775969	-0.638792832
-0.069490932	-0.971163232	-0.671230896
0.295686158	-0.792601619	-0.671230896
0.177525275	-0.740621475	-0.760908986
0.214189992	-0.759557059	-0.691946446
0.294356648	-0.810601763	-0.430336723
0.470905426	-1	-0.534044759
0.275036081	-0.747988972	-0.564437673
-0.230637643	-0.834496299	-0.474779161
-0.322109836	-0.909357408	-0.699081189
-0.032523707	0.23216523	-0.758456752
-0.053760867	-0.591436409	-0.784694652
-0.671382516	-0.37670602	-0.84642121
-0.261588089	-0.309258064	-0.813324633
-0.366694556	-0.176887533	-0.806270131
-0.169232101	-0.401428293	-0.839671633
-0.053699207	0.011620938	-0.815289935
0.022205981	-0.02219045	-0.872321951
-0.115169292	0.08787511	-0.836739306
0.419322531	-0.547889252	0.162143979
0.217554766	-0.834797829	0.10222556
0.35313644	-0.237267078	0.152533832
0.397854039	-0.62801432	0.173960039
0.355477465	-0.491479763	0.137846503
0.569456626	-0.665698914	0.227864441
0.24975467	-0.62360437	0.267578134
0.236177941	-0.488124659	0.150108903
0.157657979	-0.444574184	-0.277097518
0.108827481	0.049155531	-0.167519254
0.220087159	-0.276636659	-0.156228824
0.058334233	-0.46535404	-0.372954067
-0.043023024	0.338429975	-0.208976134
-0.180029461	-0.400488334	-0.258705875
-0.014281192	-0.548751126	-0.294911241
0.234197533	-0.584352807	0.347606974
0.414758259	-0.467018159	0.146454443
0.188614163	-0.601964265	0.201471169
0.513828281	-0.714385358	0.263510173
0.511027308	-0.903781697	0.190149462
-0.133316002	-0.848419998	0.221365947
0.270403825	-0.724562625	0.140317584
-0.208795319	-0.820289013	0.09433128
0.690798789	-0.679070893	0.372236079
0.408953691	-0.503801101	0.305005145
0.19733625	-0.82290686	0.273632749
0.247901329	-0.731637419	-0.002577106
0.266659149	-0.61953516	0.09433128
0.160996003	-0.519336227	0.402591885
0.235672928	-0.507195468	0.027459221
0.374018211	-0.650836406	0.327579781
0.734774611	-0.768005119	0.145231703
0.203842721	-0.817733893	0.145231703
0.123004672	-0.796100198	0.132875939
0.450981216	-0.610159823	0.225705489
0.392162849	-0.821660545	0.050524715
0.088627937	-0.57904176	0.171613965
0.24513689	-0.685803014	0.180947835
0.344364586	-0.714982471	0.281618861
0.430189259	-0.621472137	0.178626913
0.504667964	-0.625106226	0.018593582
0.109594501	-0.282369189	-0.31938102
-0.169232101	-0.137314174	-0.320864823
-0.122008529	-0.491397172	-0.243545371
0.095251302	-0.506805892	-0.265184238
-0.005900865	-0.110424942	-0.331397687
-0.071006646	-0.667190278	-0.386595593
0.160996003	-0.541023257	-0.187747941
0.239639826	-0.524327582	-0.232516238
-0.122657622	-0.691323651	-0.334455202
-0.060526634	-0.344527166	-0.395347422
0.079554004	0.073263015	-0.23983743
0.210406221	-0.25480205	-0.226509162
0.107571019	-0.389857418	-0.254865268
0.094063237	-0.684011019	-0.274421402
-0.213755499	-0.563380165	-0.176982686
-0.039402557	0.270583562	-0.252323819
-0.128684994	-0.190033353	-0.316428725
0.263270372	-0.209213369	-0.275757374
0.351575869	-0.349655338	-0.143256977
0.157192628	-0.102051539	-0.249797324
-0.065953649	-0.575285993	-0.194338968
0.131205799	-0.59043942	-0.279790425
-0.145594606	0.133002624	-0.38486647
-0.193261597	0.172188345	-0.342195734
-0.117537651	-0.678690438	-0.199909791
0.103266107	-0.37673453	-0.118431367
0.057949411	-0.597302856	-0.25999375
0.38250151	-0.156853386	-0.254865268
0.456514653	-0.871811712	0.32572819
0.423226944	-0.526481026	0.147674883
0.35100225	-0.610451356	0.225705489
0.106142717	-0.738211755	0.159754744
0.286845436	-0.769513514	0.244882632
0.306057452	-0.715522057	0.33126723
0.506873046	-0.842767602	0.373960154
0.28468077	-0.121528459	0.157356686
0.437442536	-0.868550337	0.072797784
0.475387996	-0.657696015	0.342205846
0.326148312	-0.712296819	0.236429235
0.210565477	-0.661686678	0.28950809
0.061489153	-0.474124902	0.078248546
0.455070624	-0.139914018	0.283600158
0.222916767	0.078068456	-0.164410519
0.319435143	-0.772548158	-0.16337925
0.246282697	-0.560464338	-0.120290971
0.067658348	-0.818434922	-0.241069856
0.268810081	-0.169377621	-0.185573208
0.171733847	-0.623569268	-0.186659198
0.169514578	-0.146936159	-0.161324106
0.300000683	-0.355016232	-0.31938102
-0.143259249	-0.576085904	-0.404281711
0.06225772	-0.503444006	-0.106536053
-0.203331926	-0.560890958	-0.261285501
-0.097482663	-0.605383901	-0.322353775
0.330868256	-0.53532897	-0.232516238
-0.035383698	-0.485661998	-0.287972031
0.050342144	-0.618807454	-0.434191679
0.122689446	-0.527686874	-0.208976134
-0.043023024	-0.342750468	-0.208976134
0.430462453	-0.473568879	-0.316428725
-0.156726996	-0.376011924	-0.256141657
0.202009318	-0.033413153	-0.348490351
0.020075724	-0.367689534	-0.246035239
0.275288945	-0.557634763	-0.256141657
-0.07085619	-0.148019703	-0.220584944
0.264682896	-0.565124688	0.859833711
0.999999999	-0.626612664	0.764898406
0.286691808	-0.176359796	0.700326362
0.335798492	-0.758375532	0.911730583
0.306523123	-0.797080261	0.79177197
0.812213809	0.443371586	0.81932896
0.557548326	-0.397284198	0.881563215
0.202983332	0.276432012	0.776152638
0.656198535	-0.408020957	0.707594592
0.129563949	-0.613924219	0.192429645
0.087435553	-0.683369988	0.011168763
0.221012773	-0.508423468	-0.074376476
0.348431519	-0.052128634	-0.077739547
0.816404157	-0.526058522	-0.075214783
-0.175902327	-0.415043497	-0.14819994
0.398380838	-0.197819205	0.020003257
-0.185503934	-0.676527897	-0.277097518
0.224982175	-0.495936276	-0.189933736
-0.050793536	-0.141397713	-0.374635705
-0.038671426	-0.472957296	-0.383144295
0.697064987	-0.513672142	0.040366788
0.190515666	-0.77198203	0.651567322
0.500082212	-0.651443001	0.742771294
0.618627323	-0.631798978	0.643644648
0.388106763	-0.750893351	0.598874309
0.851731728	-0.760493435	0.879184104
0.429462244	-0.713392164	0.798995243
0.553326723	-0.731461175	0.816712273
0.403972337	-0.705085071	0.806139687
0.510069868	-0.71288511	0.73291236
0.171403465	-0.663149693	0.590281612
0.388974867	-0.56521054	0.610956706
0.670997978	-0.759271402	0.833110738
0.113946286	-0.725444387	0.707594592
0.454225353	-0.715893312	0.724916806
0.094063237	-0.743581984	0.704489524
0.280774256	-0.688348162	0.459363342
0.606252081	-0.689529363	0.65381341
0.618923759	-0.769572618	0.736873782
0.509974155	-0.640216128	0.810565697
0.269105662	-0.510310556	0.6169151
0.420218017	-0.76142155	0.591516085
0.206362715	-0.819089987	0.46087184
0.421782361	-0.719566459	0.615727762
0.419342919	-0.532515196	0.639073896
0.231279078	-0.449962518	0.769611212
0.641930978	-0.431156115	0.68233108
0.349016906	-0.437020721	0.507388334
0.27436934	-0.192718584	0.533515122
0.07277249	-0.389388143	0.633315117
0.166692772	-0.564943262	0.454816787
0.386626532	-0.58820353	0.525377042
0.433360966	-0.621145541	0.687675423
0.367914021	-0.868242055	0.522641632
0.312785365	-0.717354658	0.399288052
0.268400629	-0.758425462	0.227864441
0.541569536	-0.75675229	0.238552914
0.528152891	-0.656949942	0.251151306
0.383895994	-0.748204299	0.244882632
0.123008426	-0.77152074	0.147674883
0.09140807	-0.577366819	0.142779293
0.123538652	-0.515159758	0.234298595
0.184485985	-0.664600873	-0.102047116
0.34685408	0.201648863	-0.030616267
0.249291474	-0.554406853	0.180003203
0.599826753	-0.361094263	0.083090571
0.513152742	-0.613979853	0.110662762
0.002827851	-0.063566793	0.212194295
0.366526836	-0.407940525	0.082509104
0.360536652	0.045612412	0.081926853
0.105197135	-0.284558261	-0.009217234
0.450958859	-0.59846416	0.118762596
0.75683154	-0.315207118	0.075469658
0.227976626	-0.284638883	0.15810458
0.280978569	-0.377449466	0.116079513
0.360704323	-0.773838227	0.137603426
0.27861898	-0.898413644	0.052388163
0.133142011	-0.69411812	0.168239769
0.528254549	-0.433110853	0.017304194
0.253547424	-0.225852891	0.020675389
0.40470633	-0.203038951	0.135035324
-0.124515224	0.310570982	0.080759987
0.021638527	-0.449295995	0.156637073
-0.046020843	-0.436335342	-0.086264044
0.089154305	-0.504835551	-0.31203803
-0.213755499	-0.713675835	-0.176982686
0.040945993	-0.743712337	-0.487745569
-0.098470833	-0.409527272	-0.249797324
0.277012887	-0.69807271	-0.045235925
-0.055355845	-0.202350443	-0.026100792
0.228668914	-0.22557098	-0.097604536
0.509619055	-0.48048897	0.640219585
0.564630439	-0.65950062	0.785385555
0.194376977	-0.785163183	0.807027286
0.228233447	-0.799851759	0.75824293
0.598453405	-0.660917426	1.000012475
0.169514578	-0.827328335	0.442535264
0.096945453	-0.812695494	0.530813692
0.390318812	-0.914729646	0.726924876
0.155564741	-0.877475057	0.503165681
0.617650196	-0.743748389	0.781708003
0.269105662	-0.694797088	0.6169151
0.501566303	-0.651366822	0.639073896
0.590146576	-0.643569679	0.651567322
0.44133006	-0.788814787	0.711711879
0.778250096	-0.764486908	0.567652383
0.863795572	-0.896888898	0.591516085
0.611251682	-0.386417931	0.70136964
0.495854385	-0.604232845	0.590281612
0.305451171	-0.147008715	0.450238295
0.482796212	-0.632568422	0.751519062
0.569580176	-0.637530546	0.660505721
0.299077615	-0.671709947	0.487444405
0.028854685	-0.782945971	0.544210362
0.3957276	-0.379839776	0.303088084
0.499335161	-0.738199779	0.014588117
0.392308973	-0.341961029	0.041648102
0.151130498	-0.770519716	0.20873373
0.533002464	-0.686765861	0.147225168
0.29575126	0.560071616	0.18462028
0.127327771	-0.340921563	0.268278563
0.397176741	-0.82373166	-0.049167164
0.369169884	-0.51461103	0.0467356
0.24538399	-0.660225919	-0.048378039
-0.003371471	-0.683539775	0.173455209
0.27861898	-0.571703189	0.052388163
0.31561779	-0.730935686	-0.010659377
0.817448433	-0.050649664	0.043562958
0.167524284	-0.730821445	-0.071871308
0.299361601	-0.415134821	-0.090590471
0.059542364	-0.374652892	-0.059559642
-0.083348326	-0.147553138	-0.187747941
0.008327803	-0.507068482	-0.265184238
-0.048295252	-0.594527153	-0.364643428
-0.220705657	-0.666980057	-0.211272934
0.055229156	-0.349865682	-0.278441859
0.249543019	-0.590535796	-0.063624525
0.309570519	-0.726911221	-0.073539799
0.209525062	-0.977004904	-0.594332898
0.114914794	-0.972582489	-0.580484514
-0.158704116	-0.794773613	-0.575068374
0.001911592	-0.76042455	-0.470542854
0.243313085	-0.445099635	-0.521991893
0.156050186	-0.580974162	-0.611565858
0.08841095	-0.592043605	-0.717457927
-0.016051824	-0.265059313	-0.617468136
0.27786006	-0.719866682	-0.635680504
-0.037913569	-0.71502828	-0.66787395
0.161679343	-0.261743316	-0.507962814
-0.113632727	-0.794037993	-0.51491986
-0.123317038	-0.870860879	-0.752672479
0.061541032	-0.692357732	-0.585970152
0.186695131	-0.769696491	-0.62045013
0.247481825	-0.855585496	-0.626477288
-0.120722788	-0.558474157	-0.664543188
0.214040377	-0.782954425	-0.605743989
0.116084759	-0.829454901	-0.740608448
-0.165543	-0.863107884	-0.706337216
-0.018519612	-0.797271715	-0.594332898
0.210555492	-0.833364608	-0.536496625
-0.125267136	-0.77886733	-0.605743989
-0.147512631	-0.771013982	-0.691946446
-0.423724501	-0.809912747	-0.844902662
-0.461368877	-0.881795603	-0.914041256
-0.574523065	-0.76676134	-0.872321951
-0.527124457	-0.665544991	-0.833129912
-0.913147881	-0.75663741	-0.912996079
-0.128131619	-0.595706048	-0.819275922
-0.636222117	-0.695441524	-0.871462868
-0.645127041	-0.790324924	-0.876670285
-0.556457109	-0.839566126	-0.924786288
-0.385483338	-0.646425461	-0.851823282
0.25178679	-0.164919308	-0.79520877
-0.68137278	-0.587004893	-0.893105672
-0.288823395	-0.760960543	-0.869755059
-0.249744778	-0.726914431	-0.853392305
-0.003299465	-0.575957639	-0.80817098
-0.027433588	-0.91114117	-0.874920252
-0.366823882	-0.72642747	-0.864712521
0.42678231	-0.801977263	-0.526772369
-0.100480608	-0.802968937	-0.591527098
-0.249881151	-0.959387217	-0.654703985
-0.046915483	-0.785965939	-0.632590685
-0.020413559	-0.626686306	-0.548971301
-0.2134316	-0.820251259	-0.638792832
0.011126294	-0.913325562	-0.602862528
0.435946985	-0.603704042	-0.492156481
-0.2134316	-0.602692327	-0.638792832
-0.140289306	-0.489007905	-0.561820787
-0.230833553	-0.338895287	-0.664543188
0.088227913	-0.674285829	-0.583218535
-0.098586273	-0.415945746	-0.614506807
0.141601675	-0.797230276	-0.577767867
-0.044388708	-0.637486993	-0.551510498
0.376217101	-0.506797089	-0.531606867
0.125259078	-0.48601711	-0.479057806
0.184435656	-0.487403913	-0.505668709
0.247481825	-0.709297814	-0.626477288
0.185212409	-0.79633652	-0.561820787
-0.028304569	-0.938512097	-0.572385817
0.275036081	-0.85748629	-0.564437673
0.247481825	-0.569736295	-0.626477288
0.055351946	-0.817504375	-0.575068374
0.01501762	-0.843636865	-0.674614441
-0.623108414	-0.816153216	-0.90886609
-0.511609161	-0.918355819	-0.887484654
-0.689294505	-0.99557736	-0.912996079
-0.588828146	-0.938324026	-0.892158439
-0.770951808	-0.887201961	-0.894057149
-0.248287503	-0.858146384	-0.901826509
-0.58837016	-0.716226552	-0.901826509
-0.418946379	-0.731847454	-0.882008626
-0.136778417	-0.424812142	-0.847184574
-0.918577342	-0.63370429	-0.903814108
-0.464932521	-0.637965729	-0.950535043
-0.534750953	-0.397579166	-0.87932268
-0.675585695	-0.387855499	-0.864712521
-0.224595498	-0.214253925	-0.875793466
-0.746001384	-0.580216751	-0.906830845
0.029692724	-0.415386023	-0.797617584
-0.655797384	-0.780440037	-0.868060874
-0.530392247	-0.598799189	-0.883818321
-0.599536896	-0.32092957	-0.84642121
0.746092239	-0.356947228	-0.852606345
-0.249744778	-0.274424339	-0.853392305
-0.760807123	-0.659929647	-0.856565558
0.210406221	0.012166889	-0.792826948
-0.540066931	-0.722647661	-0.874920252
-0.178640899	-0.884820858	-0.611565858
0.013617034	-0.807387121	-0.556634572
0.01501762	-0.873841443	-0.674614441
0.037577744	-0.716546282	-0.635680504
0.168288556	-0.963993528	-0.575068374
0.067401222	-0.874545336	-0.632590685
-0.104905674	-0.576901584	-0.638792832
-0.269825821	-0.756338614	-0.645086352
-0.227377747	-0.912300554	-0.688423299
0.12705509	-0.506086194	-0.614506807
0.147412487	-0.834056236	-0.531606867
0.037577744	-0.820070103	-0.635680504
0.297122837	-0.549524939	-0.472655768
-0.065883792	-0.721575076	-0.531606867
0.013617034	-0.835217237	-0.556634572
0.370216696	-0.522002176	-0.614506807
0.187719467	-0.322846065	-0.494379101
0.42678231	-0.891471487	-0.526772369
-0.413455866	-0.86279091	-0.835288182
-0.498083795	-0.874936605	-0.863057935
-0.366694556	-0.837577835	-0.806270131
-0.179143913	-0.606260531	-0.854181185
-0.228431182	-0.906953387	-0.866380098
-0.372362866	-0.752033415	-0.869755059
-0.829615767	-0.828241599	-0.883818321
0.03366744	-0.597437792	-0.876670285
-0.283787546	-0.718438718	-0.864712521
-0.573468845	-0.804480326	-0.905820495
-0.74601378	-0.746872864	-0.946834359
-0.215960826	-0.848119661	-0.89501291
-0.156357139	-0.721539804	-0.901826509
-0.303921448	-0.683383145	-0.870607247
-0.461556704	-0.497806226	-0.865544673
-0.871306258	-0.877447112	-0.924786288
-0.53986733	-0.602666185	-0.898879576
-0.462282516	-0.71456999	-0.842645002
-0.620980567	-0.526919006	-0.88934184
0.031712232	-0.336256002	-0.89693744
-0.408098533	-0.704828006	-0.910921039
-0.122657622	-0.449803639	-0.84642121
-0.592829833	-0.852297571	-0.927002158
-0.436940069	0.380064509	-0.841153115
-0.154586896	-0.434877716	-0.906830845
-0.656728983	-0.104349399	-0.858977002
0.012145286	-0.727141343	-0.614506807
0.096736619	-0.703616423	-0.605743989
0.483064579	-0.55982959	-0.49885927
0.08760197	-0.365335051	-0.430336723
0.14579184	-0.484164984	-0.487745569
0.202395649	-0.292718561	-0.51491986
0.823460754	-0.838131147	-0.40247989
0.391791185	-0.786480097	-0.442007261
0.392989148	-0.931259937	-0.541442923
-0.171658102	-0.946729685	-0.99997577
0.576077786	-0.779110041	-0.479057806
0.185212409	-0.750819168	-0.561820787
0.189298469	-0.817143262	-0.430336723
-0.043367093	-0.068553316	-0.496613323
-0.072446046	-0.843131486	-0.623453082
0.15313084	-0.70670289	-0.600000363
-0.077865954	-0.790759393	-0.543937688
0.145122861	-0.723487452	-0.466348055
0.233609675	-0.683489279	-0.345331493
0.28540771	-0.694836041	-0.575068374
0.382876643	-0.707173077	-0.519621537
0.171387637	-0.839135611	-0.529182789
-0.290532473	-0.778800232	-0.695498912
0.143149514	-0.894357378	-0.699081189
-0.394676008	-0.805097215	-0.54644709
0.12083886	-0.949558461	-0.591527098
0.03485415	-0.843192003	-0.588739596
0.124746954	-0.930270128	-0.638792832
-0.031155687	-0.955070816	-0.538962624
-0.080067245	-0.854156211	-0.447963988
0.320786215	-0.738281586	-0.481213272
0.252704597	-0.773539434	-0.49885927
-0.310227838	-0.387732323	-0.833846902
-0.443854864	-0.284689139	-0.828177608
-0.238285624	-0.274390519	-0.812024456
0.11541241	-0.544197451	-0.780183585
-0.787059153	-0.221763115	-0.899857349
0.139032285	-0.503611793	-0.796409765
-0.576219081	-0.096754932	-0.789303517
-0.636222117	0.174189088	-0.871462868
-0.337756198	-0.073267726	-0.775220477
-0.434390176	0.861539086	-0.882911546
-0.53216068	-0.020268194	-0.869755059
-0.414051973	0.404547163	-0.813324633
-0.012546713	0.039737254	-0.769838471
-0.430171941	0.072580233	-0.818606377
-0.165392553	-0.34154211	-0.761500936
-0.066174441	0.493453722	-0.843394892
-0.568940772	-0.444402788	-0.876670285
-0.427041668	-0.17807255	-0.797012817
-0.296541786	-0.210079145	-0.815289935
0.199858127	0.476148796	-0.7589611
-0.206790616	-0.037548717	-0.788721915
0.206814236	-0.53591095	-0.801899831
-0.03520613	-0.311613867	-0.89027656
-0.574206799	-0.565250097	-0.840411083
-0.604271942	-0.245792108	-0.893105672
0.237156593	-0.594779507	-0.556634572
-0.034058445	-0.8277662	-0.51726424
-0.043367093	-0.739194074	-0.496613323
0.315072871	-0.865375202	-0.548971301
0.547026616	-0.720766055	-0.354878746
0.289012717	-0.756450952	-0.451981672
0.24374283	-0.62478768	-0.404281711
0.247901329	-0.616433463	-0.456037406
-0.039878383	-0.776083444	-0.485557042
0.498208545	-0.781727627	-0.464265967
0.497460051	-0.871854973	-0.390074909
-0.106601907	-0.937888759	-0.503386836
-0.051892688	-0.911188965	-0.645086352
0.010297137	-0.896129895	-0.512588254
-0.204368978	-0.953839535	-0.602862528
-0.017920387	-0.872634855	-0.629523052
0.1246049	-0.943117086	-0.406091141
0.276786075	-0.658327664	-0.274421402
-0.0703953	-0.818719421	-0.510269284
0.742164248	-0.740205389	-0.442007261
0.541904892	-0.89369747	-0.538962624
-0.289995721	-0.15007933	-0.801899831
-0.15416804	-0.269731013	-0.785837535
-0.140537021	-0.544040529	-0.819947583
-0.547603535	1	-0.787563463
-0.145594606	-0.447352753	-0.871462868
-0.385483338	0.044363956	-0.851823282
-0.643784289	0.440405334	-0.858170141
-0.401402879	-0.012006773	-0.821297307
-0.09690405	0.284565775	-0.77851631
-0.459514487	-0.296104115	-0.786411289
-0.10372712	-0.266968724	-0.79164597
-0.303921448	0.287624478	-0.870607247
-0.069474598	-0.29351699	-0.820621373
-0.999999998	0.348924489	-0.990091875
-0.100475182	0.443770822	-0.813324633
0.008180068	-0.267686058	-0.803139346
-0.255443486	0.871394823	-0.835288182
0.449976559	-0.614496256	-0.559219818
-0.034993357	-0.743749226	-0.372954067
-0.061437332	0.018640618	-0.445969193
-0.212524732	-0.46603034	-0.699081189
-0.204368978	-0.052764566	-0.602862528
-0.027157872	-0.065626681	-0.505668709
0.112086263	-0.848262185	-0.54644709
0.124746954	-0.791775969	-0.638792832
-0.069490932	-0.971163232	-0.671230896
0.295686158	-0.792601619	-0.671230896
0.177525275	-0.740621475	-0.760908986
0.214189992	-0.759557059	-0.691946446
0.294356648	-0.810601763	-0.430336723
0.470905426	-1	-0.534044759
0.275036081	-0.747988972	-0.564437673
-0.230637643	-0.834496299	-0.474779161
-0.322109836	-0.909357408	-0.699081189
-0.032523707	0.23216523	-0.758456752
-0.053760867	-0.591436409	-0.784694652
-0.671382516	-0.37670602	-0.84642121
-0.261588089	-0.309258064	-0.813324633
-0.366694556	-0.176887533	-0.806270131
-0.169232101	-0.401428293	-0.839671633
-0.053699207	0.011620938	-0.815289935
0.022205981	-0.02219045	-0.872321951
-0.115169292	0.08787511	-0.836739306
0.419322531	-0.547889252	0.162143979
0.217554766	-0.834797829	0.10222556
0.35313644	-0.237267078	0.152533832
0.397854039	-0.62801432	0.173960039
0.355477465	-0.491479763	0.137846503
0.569456626	-0.665698914	0.227864441
0.24975467	-0.62360437	0.267578134
0.236177941	-0.488124659	0.150108903
0.157657979	-0.444574184	-0.277097518
0.108827481	0.049155531	-0.167519254
0.220087159	-0.276636659	-0.156228824
0.058334233	-0.46535404	-0.372954067
-0.043023024	0.338429975	-0.208976134
-0.180029461	-0.400488334	-0.258705875
-0.014281192	-0.548751126	-0.294911241
0.234197533	-0.584352807	0.347606974
0.414758259	-0.467018159	0.146454443
0.188614163	-0.601964265	0.201471169
0.513828281	-0.714385358	0.263510173
0.511027308	-0.903781697	0.190149462
-0.133316002	-0.848419998	0.221365947
0.270403825	-0.724562625	0.140317584
-0.208795319	-0.820289013	0.09433128
0.690798789	-0.679070893	0.372236079
0.408953691	-0.503801101	0.305005145
0.19733625	-0.82290686	0.273632749
0.247901329	-0.731637419	-0.002577106
0.266659149	-0.61953516	0.09433128
0.160996003	-0.519336227	0.402591885
0.235672928	-0.507195468	0.027459221
0.374018211	-0.650836406	0.327579781
0.734774611	-0.768005119	0.145231703
0.203842721	-0.817733893	0.145231703
0.123004672	-0.796100198	0.132875939
0.450981216	-0.610159823	0.225705489
0.392162849	-0.821660545	0.050524715
0.088627937	-0.57904176	0.171613965
0.24513689	-0.685803014	0.180947835
0.344364586	-0.714982471	0.281618861
0.430189259	-0.621472137	0.178626913
0.504667964	-0.625106226	0.018593582
0.109594501	-0.282369189	-0.31938102
-0.169232101	-0.137314174	-0.320864823
-0.122008529	-0.491397172	-0.243545371
0.095251302	-0.506805892	-0.265184238
-0.005900865	-0.110424942	-0.331397687
-0.071006646	-0.667190278	-0.386595593
0.160996003	-0.541023257	-0.187747941
0.239639826	-0.524327582	-0.232516238
-0.122657622	-0.691323651	-0.334455202
-0.060526634	-0.344527166	-0.395347422
0.079554004	0.073263015	-0.23983743
0.210406221	-0.25480205	-0.226509162
0.107571019	-0.389857418	-0.254865268
0.094063237	-0.684011019	-0.274421402
-0.213755499	-0.563380165	-0.176982686
-0.039402557	0.270583562	-0.252323819
-0.128684994	-0.190033353	-0.316428725
0.263270372	-0.209213369	-0.275757374
0.351575869	-0.349655338	-0.143256977
0.157192628	-0.102051539	-0.249797324
-0.065953649	-0.575285993	-0.194338968
0.131205799	-0.59043942	-0.279790425
-0.145594606	0.133002624	-0.38486647
-0.193261597	0.172188345	-0.342195734
-0.117537651	-0.678690438	-0.199909791
0.103266107	-0.37673453	-0.118431367
0.057949411	-0.597302856	-0.25999375
0.38250151	-0.156853386	-0.254865268
0.456514653	-0.871811712	0.32572819
0.423226944	-0.526481026	0.147674883
0.35100225	-0.610451356	0.225705489
0.106142717	-0.738211755	0.159754744
0.286845436	-0.769513514	0.244882632
0.306057452	-0.715522057	0.33126723
0.506873046	-0.842767602	0.373960154
0.28468077	-0.121528459	0.157356686
0.437442536	-0.868550337	0.072797784
0.475387996	-0.657696015	0.342205846
0.326148312	-0.712296819	0.236429235
0.210565477	-0.661686678	0.28950809
0.061489153	-0.474124902	0.078248546
0.455070624	-0.139914018	0.283600158
0.222916767	0.078068456	-0.164410519
0.319435143	-0.772548158	-0.16337925
0.246282697	-0.560464338	-0.120290971
0.067658348	-0.818434922	-0.241069856
0.268810081	-0.169377621	-0.185573208
0.171733847	-0.623569268	-0.186659198
0.169514578	-0.146936159	-0.161324106
0.300000683	-0.355016232	-0.31938102
-0.143259249	-0.576085904	-0.404281711
0.06225772	-0.503444006	-0.106536053
-0.203331926	-0.560890958	-0.261285501
-0.097482663	-0.605383901	-0.322353775
0.330868256	-0.53532897	-0.232516238
-0.035383698	-0.485661998	-0.287972031
0.050342144	-0.618807454	-0.434191679
0.122689446	-0.527686874	-0.208976134
-0.043023024	-0.342750468	-0.208976134
0.430462453	-0.473568879	-0.316428725
-0.156726996	-0.376011924	-0.256141657
0.202009318	-0.033413153	-0.348490351
0.020075724	-0.367689534	-0.246035239
0.275288945	-0.557634763	-0.256141657
-0.07085619	-0.148019703	-0.220584944
0.264682896	-0.565124688	0.859833711
0.999999999	-0.626612664	0.764898406
0.286691808	-0.176359796	0.700326362
0.335798492	-0.758375532	0.911730583
0.306523123	-0.797080261	0.79177197
0.812213809	0.443371586	0.81932896
0.557548326	-0.397284198	0.881563215
0.202983332	0.276432012	0.776152638
0.656198535	-0.408020957	0.707594592
0.129563949	-0.613924219	0.192429645
0.087435553	-0.683369988	0.011168763
0.221012773	-0.508423468	-0.074376476
0.348431519	-0.052128634	-0.077739547
0.816404157	-0.526058522	-0.075214783
-0.175902327	-0.415043497	-0.14819994
0.398380838	-0.197819205	0.020003257
-0.185503934	-0.676527897	-0.277097518
0.224982175	-0.495936276	-0.189933736
-0.050793536	-0.141397713	-0.374635705
-0.038671426	-0.472957296	-0.383144295
0.697064987	-0.513672142	0.040366788
0.190515666	-0.77198203	0.651567322
0.500082212	-0.651443001	0.742771294
0.618627323	-0.631798978	0.643644648
0.388106763	-0.750893351	0.598874309
0.851731728	-0.760493435	0.879184104
0.429462244	-0.713392164	0.798995243
0.553326723	-0.731461175	0.816712273
0.403972337	-0.705085071	0.806139687
0.510069868	-0.71288511	0.73291236
0.171403465	-0.663149693	0.590281612
0.388974867	-0.56521054	0.610956706
0.670997978	-0.759271402	0.833110738
0.113946286	-0.725444387	0.707594592
0.454225353	-0.715893312	0.724916806
0.094063237	-0.743581984	0.704489524
0.280774256	-0.688348162	0.459363342
0.606252081	-0.689529363	0.65381341
0.618923759	-0.769572618	0.736873782
0.509974155	-0.640216128	0.810565697
0.269105662	-0.510310556	0.6169151
0.420218017	-0.76142155	0.591516085
0.206362715	-0.819089987	0.46087184
0.421782361	-0.719566459	0.615727762
0.419342919	-0.532515196	0.639073896
0.231279078	-0.449962518	0.769611212
0.641930978	-0.431156115	0.68233108
0.349016906	-0.437020721	0.507388334
0.27436934	-0.192718584	0.533515122
0.07277249	-0.389388143	0.633315117
0.166692772	-0.564943262	0.454816787
0.386626532	-0.58820353	0.525377042
0.433360966	-0.621145541	0.687675423
0.367914021	-0.868242055	0.522641632
0.312785365	-0.717354658	0.399288052
0.268400629	-0.758425462	0.227864441
0.541569536	-0.75675229	0.238552914
0.528152891	-0.656949942	0.251151306
0.383895994	-0.748204299	0.244882632
0.123008426	-0.77152074	0.147674883
0.09140807	-0.577366819	0.142779293
0.123538652	-0.515159758	0.234298595
0.184485985	-0.664600873	-0.102047116
0.34685408	0.201648863	-0.030616267
0.249291474	-0.554406853	0.180003203
0.599826753	-0.361094263	0.083090571
0.513152742	-0.613979853	0.110662762
0.002827851	-0.063566793	0.212194295
0.366526836	-0.407940525	0.082509104
0.360536652	0.045612412	0.081926853
0.105197135	-0.284558261	-0.009217234
0.450958859	-0.59846416	0.118762596
0.75683154	-0.315207118	0.075469658
0.227976626	-0.284638883	0.15810458
0.280978569	-0.377449466	0.116079513
0.360704323	-0.773838227	0.137603426
0.27861898	-0.898413644	0.052388163
0.133142011	-0.69411812	0.168239769
0.528254549	-0.433110853	0.017304194
0.253547424	-0.225852891	0.020675389
0.40470633	-0.203038951	0.135035324
-0.124515224	0.310570982	0.080759987
0.021638527	-0.449295995	0.156637073
-0.046020843	-0.436335342	-0.086264044
0.089154305	-0.504835551	-0.31203803
-0.213755499	-0.713675835	-0.176982686
0.040945993	-0.743712337	-0.487745569
-0.098470833	-0.409527272	-0.249797324
0.277012887	-0.69807271	-0.045235925
-0.055355845	-0.202350443	-0.026100792
0.228668914	-0.22557098	-0.097604536
0.509619055	-0.48048897	0.640219585
0.564630439	-0.65950062	0.785385555
0.194376977	-0.785163183	0.807027286
0.228233447	-0.799851759	0.75824293
0.598453405	-0.660917426	1.000012475
0.169514578	-0.827328335	0.442535264
0.096945453	-0.812695494	0.530813692
0.390318812	-0.914729646	0.726924876
0.155564741	-0.877475057	0.503165681
0.617650196	-0.743748389	0.781708003
0.269105662	-0.694797088	0.6169151
0.501566303	-0.651366822	0.639073896
0.590146576	-0.643569679	0.651567322
0.44133006	-0.788814787	0.711711879
0.778250096	-0.764486908	0.567652383
0.863795572	-0.896888898	0.591516085
0.611251682	-0.386417931	0.70136964
0.495854385	-0.604232845	0.590281612
0.305451171	-0.147008715	0.450238295
0.482796212	-0.632568422	0.751519062
0.569580176	-0.637530546	0.660505721
0.299077615	-0.671709947	0.487444405
0.028854685	-0.782945971	0.544210362
0.3957276	-0.379839776	0.303088084
0.499335161	-0.738199779	0.014588117
0.392308973	-0.341961029	0.041648102
0.151130498	-0.770519716	0.20873373
0.533002464	-0.686765861	0.147225168
0.29575126	0.560071616	0.18462028
0.127327771	-0.340921563	0.268278563
0.397176741	-0.82373166	-0.049167164
0.369169884	-0.51461103	0.0467356
0.24538399	-0.660225919	-0.048378039
-0.003371471	-0.683539775	0.173455209
0.27861898	-0.571703189	0.052388163
0.31561779	-0.730935686	-0.010659377
0.817448433	-0.050649664	0.043562958
0.167524284	-0.730821445	-0.071871308
0.299361601	-0.415134821	-0.090590471
0.059542364	-0.374652892	-0.059559642
-0.083348326	-0.147553138	-0.187747941
0.008327803	-0.507068482	-0.265184238
-0.048295252	-0.594527153	-0.364643428
-0.220705657	-0.666980057	-0.211272934
0.055229156	-0.349865682	-0.278441859
0.249543019	-0.590535796	-0.063624525
0.309570519	-0.726911221	-0.073539799
0.209525062	-0.977004904	-0.594332898
0.114914794	-0.972582489	-0.580484514
-0.158704116	-0.794773613	-0.575068374
0.001911592	-0.76042455	-0.470542854
0.243313085	-0.445099635	-0.521991893
0.156050186	-0.580974162	-0.611565858
0.08841095	-0.592043605	-0.717457927
-0.016051824	-0.265059313	-0.617468136
0.27786006	-0.719866682	-0.635680504
-0.037913569	-0.71502828	-0.66787395
0.161679343	-0.261743316	-0.507962814
-0.113632727	-0.794037993	-0.51491986
-0.123317038	-0.870860879	-0.752672479
0.061541032	-0.692357732	-0.585970152
0.186695131	-0.769696491	-0.62045013
0.247481825	-0.855585496	-0.626477288
-0.120722788	-0.558474157	-0.664543188
0.214040377	-0.782954425	-0.605743989
0.116084759	-0.829454901	-0.740608448
-0.165543	-0.863107884	-0.706337216
-0.018519612	-0.797271715	-0.594332898
0.210555492	-0.833364608	-0.536496625
-0.125267136	-0.77886733	-0.605743989
-0.147512631	-0.771013982	-0.691946446
-0.423724501	-0.809912747	-0.844902662
-0.461368877	-0.881795603	-0.914041256
-0.574523065	-0.76676134	-0.872321951
-0.527124457	-0.665544991	-0.833129912
-0.913147881	-0.75663741	-0.912996079
-0.128131619	-0.595706048	-0.819275922
-0.636222117	-0.695441524	-0.871462868
-0.645127041	-0.790324924	-0.876670285
-0.556457109	-0.839566126	-0.924786288
-0.385483338	-0.646425461	-0.851823282
0.25178679	-0.164919308	-0.79520877
-0.68137278	-0.587004893	-0.893105672
-0.288823395	-0.760960543	-0.869755059
-0.249744778	-0.726914431	-0.853392305
-0.003299465	-0.575957639	-0.80817098
-0.027433588	-0.91114117	-0.874920252
-0.366823882	-0.72642747	-0.864712521
0.42678231	-0.801977263	-0.526772369
-0.100480608	-0.802968937	-0.591527098
-0.249881151	-0.959387217	-0.654703985
-0.046915483	-0.785965939	-0.632590685
-0.020413559	-0.626686306	-0.548971301
-0.2134316	-0.820251259	-0.638792832
0.011126294	-0.913325562	-0.602862528
0.435946985	-0.603704042	-0.492156481
-0.2134316	-0.602692327	-0.638792832
-0.140289306	-0.489007905	-0.561820787
-0.230833553	-0.338895287	-0.664543188
0.088227913	-0.674285829	-0.583218535
-0.098586273	-0.415945746	-0.614506807
0.141601675	-0.797230276	-0.577767867
-0.044388708	-0.637486993	-0.551510498
0.376217101	-0.506797089	-0.531606867
0.125259078	-0.48601711	-0.479057806
0.184435656	-0.487403913	-0.505668709
0.247481825	-0.709297814	-0.626477288
0.185212409	-0.79633652	-0.561820787
-0.028304569	-0.938512097	-0.572385817
0.275036081	-0.85748629	-0.564437673
0.247481825	-0.569736295	-0.626477288
0.055351946	-0.817504375	-0.575068374
0.01501762	-0.843636865	-0.674614441
-0.623108414	-0.816153216	-0.90886609
-0.511609161	-0.918355819	-0.887484654
-0.689294505	-0.99557736	-0.912996079
-0.588828146	-0.938324026	-0.892158439
-0.770951808	-0.887201961	-0.894057149
-0.248287503	-0.858146384	-0.901826509
-0.58837016	-0.716226552	-0.901826509
-0.418946379	-0.731847454	-0.882008626
-0.136778417	-0.424812142	-0.847184574
-0.918577342	-0.63370429	-0.903814108
-0.464932521	-0.637965729	-0.950535043
-0.534750953	-0.397579166	-0.87932268
-0.675585695	-0.387855499	-0.864712521
-0.224595498	-0.214253925	-0.875793466
-0.746001384	-0.580216751	-0.906830845
0.029692724	-0.415386023	-0.797617584
-0.655797384	-0.780440037	-0.868060874
-0.530392247	-0.598799189	-0.883818321
-0.599536896	-0.32092957	-0.84642121
0.746092239	-0.356947228	-0.852606345
-0.249744778	-0.274424339	-0.853392305
-0.760807123	-0.659929647	-0.856565558
0.210406221	0.012166889	-0.792826948
-0.540066931	-0.722647661	-0.874920252
-0.178640899	-0.884820858	-0.611565858
0.013617034	-0.807387121	-0.556634572
0.01501762	-0.873841443	-0.674614441
0.037577744	-0.716546282	-0.635680504
0.168288556	-0.963993528	-0.575068374
0.067401222	-0.874545336	-0.632590685
-0.104905674	-0.576901584	-0.638792832
-0.269825821	-0.756338614	-0.645086352
-0.227377747	-0.912300554	-0.688423299
0.12705509	-0.506086194	-0.614506807
0.147412487	-0.834056236	-0.531606867
0.037577744	-0.820070103	-0.635680504
0.297122837	-0.549524939	-0.472655768
-0.065883792	-0.721575076	-0.531606867
0.013617034	-0.835217237	-0.556634572
0.370216696	-0.522002176	-0.614506807
0.187719467	-0.322846065	-0.494379101
0.42678231	-0.891471487	-0.526772369
-0.413455866	-0.86279091	-0.835288182
-0.498083795	-0.874936605	-0.863057935
-0.366694556	-0.837577835	-0.806270131
-0.179143913	-0.606260531	-0.854181185
-0.228431182	-0.906953387	-0.866380098
-0.372362866	-0.752033415	-0.869755059
-0.829615767	-0.828241599	-0.883818321
0.03366744	-0.597437792	-0.876670285
-0.283787546	-0.718438718	-0.864712521
-0.573468845	-0.804480326	-0.905820495
-0.74601378	-0.746872864	-0.946834359
-0.215960826	-0.848119661	-0.89501291
-0.156357139	-0.721539804	-0.901826509
-0.303921448	-0.683383145	-0.870607247
-0.461556704	-0.497806226	-0.865544673
-0.871306258	-0.877447112	-0.924786288
-0.53986733	-0.602666185	-0.898879576
-0.462282516	-0.71456999	-0.842645002
-0.620980567	-0.526919006	-0.88934184
0.031712232	-0.336256002	-0.89693744
-0.408098533	-0.704828006	-0.910921039
-0.122657622	-0.449803639	-0.84642121
-0.592829833	-0.852297571	-0.927002158
-0.436940069	0.380064509	-0.841153115
-0.154586896	-0.434877716	-0.906830845
-0.656728983	-0.104349399	-0.858977002
0.012145286	-0.727141343	-0.614506807
0.096736619	-0.703616423	-0.605743989
0.483064579	-0.55982959	-0.49885927
0.08760197	-0.365335051	-0.430336723
0.14579184	-0.484164984	-0.487745569
0.202395649	-0.292718561	-0.51491986
0.823460754	-0.838131147	-0.40247989
0.391791185	-0.786480097	-0.442007261
0.392989148	-0.931259937	-0.541442923
-0.171658102	-0.946729685	-0.99997577
0.576077786	-0.779110041	-0.479057806
0.185212409	-0.750819168	-0.561820787
0.189298469	-0.817143262	-0.430336723
-0.043367093	-0.068553316	-0.496613323
-0.072446046	-0.843131486	-0.623453082
0.15313084	-0.70670289	-0.600000363
-0.077865954	-0.790759393	-0.543937688
0.145122861	-0.723487452	-0.466348055
0.233609675	-0.683489279	-0.345331493
0.28540771	-0.694836041	-0.575068374
0.382876643	-0.707173077	-0.519621537
0.171387637	-0.839135611	-0.529182789
-0.290532473	-0.778800232	-0.695498912
0.143149514	-0.894357378	-0.699081189
-0.394676008	-0.805097215	-0.54644709
0.12083886	-0.949558461	-0.591527098
0.03485415	-0.843192003	-0.588739596
0.124746954	-0.930270128	-0.638792832
-0.031155687	-0.955070816	-0.538962624
-0.080067245	-0.854156211	-0.447963988
0.320786215	-0.738281586	-0.481213272
0.252704597	-0.773539434	-0.49885927
-0.310227838	-0.387732323	-0.833846902
-0.443854864	-0.284689139	-0.828177608
-0.238285624	-0.274390519	-0.812024456
0.11541241	-0.544197451	-0.780183585
-0.787059153	-0.221763115	-0.899857349
0.139032285	-0.503611793	-0.796409765
-0.576219081	-0.096754932	-0.789303517
-0.636222117	0.174189088	-0.871462868
-0.337756198	-0.073267726	-0.775220477
-0.434390176	0.861539086	-0.882911546
-0.53216068	-0.020268194	-0.869755059
-0.414051973	0.404547163	-0.813324633
-0.012546713	0.039737254	-0.769838471
-0.430171941	0.072580233	-0.818606377
-0.165392553	-0.34154211	-0.761500936
-0.066174441	0.493453722	-0.843394892
-0.568940772	-0.444402788	-0.876670285
-0.427041668	-0.17807255	-0.797012817
-0.296541786	-0.210079145	-0.815289935
0.199858127	0.476148796	-0.7589611
-0.206790616	-0.037548717	-0.788721915
0.206814236	-0.53591095	-0.801899831
-0.03520613	-0.311613867	-0.89027656
-0.574206799	-0.565250097	-0.840411083
-0.604271942	-0.245792108	-0.893105672
0.237156593	-0.594779507	-0.556634572
-0.034058445	-0.8277662	-0.51726424
-0.043367093	-0.739194074	-0.496613323
0.315072871	-0.865375202	-0.548971301
0.547026616	-0.720766055	-0.354878746
0.289012717	-0.756450952	-0.451981672
0.24374283	-0.62478768	-0.404281711
0.247901329	-0.616433463	-0.456037406
-0.039878383	-0.776083444	-0.485557042
0.498208545	-0.781727627	-0.464265967
0.497460051	-0.871854973	-0.390074909
-0.106601907	-0.937888759	-0.503386836
-0.051892688	-0.911188965	-0.645086352
0.010297137	-0.896129895	-0.512588254
-0.204368978	-0.953839535	-0.602862528
-0.017920387	-0.872634855	-0.629523052
0.1246049	-0.943117086	-0.406091141
0.276786075	-0.658327664	-0.274421402
-0.0703953	-0.818719421	-0.510269284
0.742164248	-0.740205389	-0.442007261
0.541904892	-0.89369747	-0.538962624
-0.289995721	-0.15007933	-0.801899831
-0.15416804	-0.269731013	-0.785837535
-0.140537021	-0.544040529	-0.819947583
-0.547603535	1	-0.787563463
-0.145594606	-0.447352753	-0.871462868
-0.385483338	0.044363956	-0.851823282
-0.643784289	0.440405334	-0.858170141
-0.401402879	-0.012006773	-0.821297307
-0.09690405	0.284565775	-0.77851631
-0.459514487	-0.296104115	-0.786411289
-0.10372712	-0.266968724	-0.79164597
-0.303921448	0.287624478	-0.870607247
-0.069474598	-0.29351699	-0.820621373
-0.999999998	0.348924489	-0.990091875
-0.100475182	0.443770822	-0.813324633
0.008180068	-0.267686058	-0.803139346
-0.255443486	0.871394823	-0.835288182
0.449976559	-0.614496256	-0.559219818
-0.034993357	-0.743749226	-0.372954067
-0.061437332	0.018640618	-0.445969193
-0.212524732	-0.46603034	-0.699081189
-0.204368978	-0.052764566	-0.602862528
-0.027157872	-0.065626681	-0.505668709
0.112086263	-0.848262185	-0.54644709
0.124746954	-0.791775969	-0.638792832
-0.069490932	-0.971163232	-0.671230896
0.295686158	-0.792601619	-0.671230896
0.177525275	-0.740621475	-0.760908986
0.214189992	-0.759557059	-0.691946446
0.294356648	-0.810601763	-0.430336723
0.470905426	-1	-0.534044759
0.275036081	-0.747988972	-0.564437673
-0.230637643	-0.834496299	-0.474779161
-0.322109836	-0.909357408	-0.699081189
-0.032523707	0.23216523	-0.758456752
-0.053760867	-0.591436409	-0.784694652
-0.671382516	-0.37670602	-0.84642121
-0.261588089	-0.309258064	-0.813324633
-0.366694556	-0.176887533	-0.806270131
-0.169232101	-0.401428293	-0.839671633
-0.053699207	0.011620938	-0.815289935
0.022205981	-0.02219045	-0.872321951
-0.115169292	0.08787511	-0.836739306
0.419322531	-0.547889252	0.162143979
0.217554766	-0.834797829	0.10222556
0.35313644	-0.237267078	0.152533832
0.397854039	-0.62801432	0.173960039
0.355477465	-0.491479763	0.137846503
0.569456626	-0.665698914	0.227864441
0.24975467	-0.62360437	0.267578134
0.236177941	-0.488124659	0.150108903
0.157657979	-0.444574184	-0.277097518
0.108827481	0.049155531	-0.167519254
0.220087159	-0.276636659	-0.156228824
0.058334233	-0.46535404	-0.372954067
-0.043023024	0.338429975	-0.208976134
-0.180029461	-0.400488334	-0.258705875
-0.014281192	-0.548751126	-0.294911241
0.234197533	-0.584352807	0.347606974
0.414758259	-0.467018159	0.146454443
0.188614163	-0.601964265	0.201471169
0.513828281	-0.714385358	0.263510173
0.511027308	-0.903781697	0.190149462
-0.133316002	-0.848419998	0.221365947
0.270403825	-0.724562625	0.140317584
-0.208795319	-0.820289013	0.09433128
0.690798789	-0.679070893	0.372236079
0.408953691	-0.503801101	0.305005145
0.19733625	-0.82290686	0.273632749
0.247901329	-0.731637419	-0.002577106
0.266659149	-0.61953516	0.09433128
0.160996003	-0.519336227	0.402591885
0.235672928	-0.507195468	0.027459221
0.374018211	-0.650836406	0.327579781
0.734774611	-0.768005119	0.145231703
0.203842721	-0.817733893	0.145231703
0.123004672	-0.796100198	0.132875939
0.450981216	-0.610159823	0.225705489
0.392162849	-0.821660545	0.050524715
0.088627937	-0.57904176	0.171613965
0.24513689	-0.685803014	0.180947835
0.344364586	-0.714982471	0.281618861
0.430189259	-0.621472137	0.178626913
0.504667964	-0.625106226	0.018593582
0.109594501	-0.282369189	-0.31938102
-0.169232101	-0.137314174	-0.320864823
-0.122008529	-0.491397172	-0.243545371
0.095251302	-0.506805892	-0.265184238
-0.005900865	-0.110424942	-0.331397687
-0.071006646	-0.667190278	-0.386595593
0.160996003	-0.541023257	-0.187747941
0.239639826	-0.524327582	-0.232516238
-0.122657622	-0.691323651	-0.334455202
-0.060526634	-0.344527166	-0.395347422
0.079554004	0.073263015	-0.23983743
0.210406221	-0.25480205	-0.226509162
0.107571019	-0.389857418	-0.254865268
0.094063237	-0.684011019	-0.274421402
-0.213755499	-0.563380165	-0.176982686
-0.039402557	0.270583562	-0.252323819
-0.128684994	-0.190033353	-0.316428725
0.263270372	-0.209213369	-0.275757374
0.351575869	-0.349655338	-0.143256977
0.157192628	-0.102051539	-0.249797324
-0.065953649	-0.575285993	-0.194338968
0.131205799	-0.59043942	-0.279790425
-0.145594606	0.133002624	-0.38486647
-0.193261597	0.172188345	-0.342195734
-0.117537651	-0.678690438	-0.199909791
0.103266107	-0.37673453	-0.118431367
0.057949411	-0.597302856	-0.25999375
0.38250151	-0.156853386	-0.254865268
0.456514653	-0.871811712	0.32572819
0.423226944	-0.526481026	0.147674883
0.35100225	-0.610451356	0.225705489
0.106142717	-0.738211755	0.159754744
0.286845436	-0.769513514	0.244882632
0.306057452	-0.715522057	0.33126723
0.506873046	-0.842767602	0.373960154
0.28468077	-0.121528459	0.157356686
0.437442536	-0.868550337	0.072797784
0.475387996	-0.657696015	0.342205846
0.326148312	-0.712296819	0.236429235
0.210565477	-0.661686678	0.28950809
0.061489153	-0.474124902	0.078248546
0.455070624	-0.139914018	0.283600158
0.222916767	0.078068456	-0.164410519
0.319435143	-0.772548158	-0.16337925
0.246282697	-0.560464338	-0.120290971
0.067658348	-0.818434922	-0.241069856
0.268810081	-0.169377621	-0.185573208
0.171733847	-0.623569268	-0.186659198
0.169514578	-0.146936159	-0.161324106
0.300000683	-0.355016232	-0.31938102
-0.143259249	-0.576085904	-0.404281711
0.06225772	-0.503444006	-0.106536053
-0.203331926	-0.560890958	-0.261285501
-0.097482663	-0.605383901	-0.322353775
0.330868256	-0.53532897	-0.232516238
-0.035383698	-0.485661998	-0.287972031
0.050342144	-0.618807454	-0.434191679
0.122689446	-0.527686874	-0.208976134
-0.043023024	-0.342750468	-0.208976134
0.430462453	-0.473568879	-0.316428725
-0.156726996	-0.376011924	-0.256141657
0.202009318	-0.033413153	-0.348490351
0.020075724	-0.367689534	-0.246035239
0.275288945	-0.557634763	-0.256141657
-0.07085619	-0.148019703	-0.220584944
0.264682896	-0.565124688	0.859833711
0.999999999	-0.626612664	0.764898406
0.286691808	-0.176359796	0.700326362
0.335798492	-0.758375532	0.911730583
0.306523123	-0.797080261	0.79177197
0.812213809	0.443371586	0.81932896
0.557548326	-0.397284198	0.881563215
0.202983332	0.276432012	0.776152638
0.656198535	-0.408020957	0.707594592
0.129563949	-0.613924219	0.192429645
0.087435553	-0.683369988	0.011168763
0.221012773	-0.508423468	-0.074376476
0.348431519	-0.052128634	-0.077739547
0.816404157	-0.526058522	-0.075214783
-0.175902327	-0.415043497	-0.14819994
0.398380838	-0.197819205	0.020003257
-0.185503934	-0.676527897	-0.277097518
0.224982175	-0.495936276	-0.189933736
-0.050793536	-0.141397713	-0.374635705
-0.038671426	-0.472957296	-0.383144295
0.697064987	-0.513672142	0.040366788
0.190515666	-0.77198203	0.651567322
0.500082212	-0.651443001	0.742771294
0.618627323	-0.631798978	0.643644648
0.388106763	-0.750893351	0.598874309
0.851731728	-0.760493435	0.879184104
0.429462244	-0.713392164	0.798995243
0.553326723	-0.731461175	0.816712273
0.403972337	-0.705085071	0.806139687
0.510069868	-0.71288511	0.73291236
0.171403465	-0.663149693	0.590281612
0.388974867	-0.56521054	0.610956706
0.670997978	-0.759271402	0.833110738
0.113946286	-0.725444387	0.707594592
0.454225353	-0.715893312	0.724916806
0.094063237	-0.743581984	0.704489524
0.280774256	-0.688348162	0.459363342
0.606252081	-0.689529363	0.65381341
0.618923759	-0.769572618	0.736873782
0.509974155	-0.640216128	0.810565697
0.269105662	-0.510310556	0.6169151
0.420218017	-0.76142155	0.591516085
0.206362715	-0.819089987	0.46087184
0.421782361	-0.719566459	0.615727762
0.419342919	-0.532515196	0.639073896
0.231279078	-0.449962518	0.769611212
0.641930978	-0.431156115	0.68233108
0.349016906	-0.437020721	0.507388334
0.27436934	-0.192718584	0.533515122
0.07277249	-0.389388143	0.633315117
0.166692772	-0.564943262	0.454816787
0.386626532	-0.58820353	0.525377042
0.433360966	-0.621145541	0.687675423
0.367914021	-0.868242055	0.522641632
0.312785365	-0.717354658	0.399288052
0.268400629	-0.758425462	0.227864441
0.541569536	-0.75675229	0.238552914
0.528152891	-0.656949942	0.251151306
0.383895994	-0.748204299	0.244882632
0.123008426	-0.77152074	0.147674883
0.09140807	-0.577366819	0.142779293
0.123538652	-0.515159758	0.234298595
0.184485985	-0.664600873	-0.102047116
0.34685408	0.201648863	-0.030616267
0.249291474	-0.554406853	0.180003203
0.599826753	-0.361094263	0.083090571
0.513152742	-0.613979853	0.110662762
0.002827851	-0.063566793	0.212194295
0.366526836	-0.407940525	0.082509104
0.360536652	0.045612412	0.081926853
0.105197135	-0.284558261	-0.009217234
0.450958859	-0.59846416	0.118762596
0.75683154	-0.315207118	0.075469658
0.227976626	-0.284638883	0.15810458
0.280978569	-0.377449466	0.116079513
0.360704323	-0.773838227	0.137603426
0.27861898	-0.898413644	0.052388163
0.133142011	-0.69411812	0.168239769
0.528254549	-0.433110853	0.017304194
0.253547424	-0.225852891	0.020675389
0.40470633	-0.203038951	0.135035324
-0.124515224	0.310570982	0.080759987
0.021638527	-0.449295995	0.156637073
-0.046020843	-0.436335342	-0.086264044
0.089154305	-0.504835551	-0.31203803
-0.213755499	-0.713675835	-0.176982686
0.040945993	-0.743712337	-0.487745569
-0.098470833	-0.409527272	-0.249797324
0.277012887	-0.69807271	-0.045235925
-0.055355845	-0.202350443	-0.026100792
0.228668914	-0.22557098	-0.097604536
0.509619055	-0.48048897	0.640219585
0.564630439	-0.65950062	0.785385555
0.194376977	-0.785163183	0.807027286
0.228233447	-0.799851759	0.75824293
0.598453405	-0.660917426	1.000012475
0.169514578	-0.827328335	0.442535264
0.096945453	-0.812695494	0.530813692
0.390318812	-0.914729646	0.726924876
0.155564741	-0.877475057	0.503165681
0.617650196	-0.743748389	0.781708003
0.269105662	-0.694797088	0.6169151
0.501566303	-0.651366822	0.639073896
0.590146576	-0.643569679	0.651567322
0.44133006	-0.788814787	0.711711879
0.778250096	-0.764486908	0.567652383
0.863795572	-0.896888898	0.591516085
0.611251682	-0.386417931	0.70136964
0.495854385	-0.604232845	0.590281612
0.305451171	-0.147008715	0.450238295
0.482796212	-0.632568422	0.751519062
0.569580176	-0.637530546	0.660505721
0.299077615	-0.671709947	0.487444405
0.028854685	-0.782945971	0.544210362
0.3957276	-0.379839776	0.303088084
0.499335161	-0.738199779	0.014588117
0.392308973	-0.341961029	0.041648102
0.151130498	-0.770519716	0.20873373
0.533002464	-0.686765861	0.147225168
0.29575126	0.560071616	0.18462028
0.127327771	-0.340921563	0.268278563
0.397176741	-0.82373166	-0.049167164
0.369169884	-0.51461103	0.0467356
0.24538399	-0.660225919	-0.048378039
-0.003371471	-0.683539775	0.173455209
0.27861898	-0.571703189	0.052388163
0.31561779	-0.730935686	-0.010659377
0.817448433	-0.050649664	0.043562958
0.167524284	-0.730821445	-0.071871308
0.299361601	-0.415134821	-0.090590471
0.059542364	-0.374652892	-0.059559642
-0.083348326	-0.147553138	-0.187747941
0.008327803	-0.507068482	-0.265184238
-0.048295252	-0.594527153	-0.364643428
-0.220705657	-0.666980057	-0.211272934
0.055229156	-0.349865682	-0.278441859
0.249543019	-0.590535796	-0.063624525
0.309570519	-0.726911221	-0.073539799
0.209525062	-0.977004904	-0.594332898
0.114914794	-0.972582489	-0.580484514
-0.158704116	-0.794773613	-0.575068374
0.001911592	-0.76042455	-0.470542854
