-0.699154 0 -1.34267 0 0
-0.699156 0 -1.3427 0 0
-0.699101 0 -1.34265 0 0
-0.699089 0 -1.34256 0 0
-0.699047 0 -1.3425 0 0
-0.699031 0 -1.34244 0 0
-0.699075 0 -1.34243 0 0
-0.699189 0 -1.34244 0 0
-0.699315 0 -1.3425 0 0
-0.699504 0 -1.34255 0 0
-0.699685 0 -1.34263 0 0
-0.699945 0 -1.34275 0 0
-0.700215 0 -1.34286 0 0
-0.700515 0 -1.34303 0 0
-0.700876 0 -1.34318 0 0
-0.701254 0 -1.34336 0 0
-0.701653 0 -1.34354 0 0
-0.702119 0 -1.34375 0 0
-0.702605 0 -1.34396 0 0
-0.703115 0 -1.34419 0 0
-0.703632 0 -1.34444 0 0
-0.704176 0 -1.3447 0 0
-0.704778 0 -1.34495 0 0
-0.70538 0 -1.34523 0 0
-0.706 0 -1.34548 0 0
-0.706655 0 -1.34574 0 0
-0.707334 0 -1.346 0 0
-0.708054 0 -1.34627 0 0
-0.708782 0 -1.34654 0 0
-0.709515 0 -1.34681 0 0
-0.710296 0 -1.34706 0 0
-0.711115 0 -1.34732 0 0
-0.711939 0 -1.34752 0 0
-0.712722 0 -1.34774 0 0
-0.713375 0 -1.34796 0 0
-0.713761 0 -1.34817 0 0
-0.713844 0 -1.3484 0 0
-0.713602 0 -1.3486 0 0
-0.712891 0 -1.34879 0 0
-0.711815 0 -1.34899 0 0
-0.710547 0 -1.34926 0 0
-0.709261 0 -1.34966 0 0
-0.708118 0 -1.35027 0 0
-0.707289 0 -1.35112 0 0
-0.70689 0 -1.35226 0 0
-0.707034 0 -1.35373 0 0
-0.707761 0 -1.35543 0 0
-0.708923 0 -1.35724 0 0
-0.710294 0 -1.35901 0 0
-0.711645 0 -1.36068 0 0
-0.712857 0 -1.36215 0 0
-0.713973 0 -1.36346 0 0
-0.714892 0 -1.3646 0 0
-0.715615 0 -1.36556 0 0
-0.71617 0 -1.36632 0 0
-0.716562 0 -1.36692 0 0
-0.716793 0 -1.36742 0 0
-0.716912 0 -1.36781 0 0
-0.716984 0 -1.36812 0 0
-0.717001 0 -1.36837 0 0
-0.716982 0 -1.36853 0 0
-0.716964 0 -1.36866 0 0
-0.716944 0 -1.36877 0 0
-0.716969 0 -1.3689 0 0
-0.71705 0 -1.36905 0 0
-0.717198 0 -1.36924 0 0
-0.7174 0 -1.36952 0 0
-0.717674 0 -1.36985 0 0
-0.71797 0 -1.37023 0 0
-0.718326 0 -1.37071 0 0
-0.71872 0 -1.37121 0 0
-0.719118 0 -1.37178 0 0
-0.71952 0 -1.37244 0 0
-0.71999 0 -1.37316 0 0
-0.720496 0 -1.37391 0 0
-0.720968 0 -1.37469 0 0
-0.721495 0 -1.37551 0 0
-0.722056 0 -1.37636 0 0
-0.722656 0 -1.37727 0 0
-0.723264 0 -1.3782 0 0
-0.723878 0 -1.37913 0 0
-0.724498 0 -1.38004 0 0
-0.725115 0 -1.38098 0 0
-0.725766 0 -1.38191 0 0
-0.726376 0 -1.38281 0 0
-0.726996 0 -1.38369 0 0
-0.727605 0 -1.38456 0 0
-0.728194 0 -1.38541 0 0
-0.728747 0 -1.38623 0 0
-0.729329 0 -1.38701 0 0
-0.729865 0 -1.38777 0 0
-0.730384 0 -1.38853 0 0
-0.730881 0 -1.38923 0 0
-0.731351 0 -1.38994 0 0
-0.731845 0 -1.39059 0 0
-0.732314 0 -1.39126 0 0
-0.732727 0 -1.39191 0 0
-0.733169 0 -1.39256 0 0
-0.733583 0 -1.39319 0 0
-0.734002 0 -1.39381 0 0
-0.734452 0 -1.39442 0 0
-0.734885 0 -1.39502 0 0
-0.735332 0 -1.39564 0 0
-0.735779 0 -1.39629 0 0
-0.736207 0 -1.39692 0 0
-0.736639 0 -1.39757 0 0
-0.737082 0 -1.39822 0 0
-0.737544 0 -1.39886 0 0
-0.738029 0 -1.39954 0 0
-0.738529 0 -1.40024 0 0
-0.739032 0 -1.40095 0 0
-0.739519 0 -1.40162 0 0
-0.740035 0 -1.40234 0 0
-0.740558 0 -1.40305 0 0
-0.741074 0 -1.40378 0 0
-0.741571 0 -1.40452 0 0
-0.742105 0 -1.4053 0 0
-0.742631 0 -1.40602 0 0
-0.743164 0 -1.40676 0 0
-0.743701 0 -1.40751 0 0
-0.744244 0 -1.40828 0 0
-0.744784 0 -1.40902 0 0
-0.745318 0 -1.40978 0 0
-0.745874 0 -1.41056 0 0
-0.746426 0 -1.41132 0 0
-0.746948 0 -1.41206 0 0
-0.747493 0 -1.41282 0 0
-0.748012 0 -1.41356 0 0
-0.748557 0 -1.41429 0 0
-0.749086 0 -1.41502 0 0
-0.749611 0 -1.41576 0 0
-0.750117 0 -1.41647 0 0
-0.750648 0 -1.41716 0 0
-0.751147 0 -1.41786 0 0
-0.751657 0 -1.41857 0 0
-0.752164 0 -1.41924 0 0
-0.752681 0 -1.41992 0 0
-0.753174 0 -1.4206 0 0
-0.753681 0 -1.42131 0 0
-0.754199 0 -1.42201 0 0
-0.754708 0 -1.42273 0 0
-0.755252 0 -1.42341 0 0
-0.755753 0 -1.42412 0 0
-0.756251 0 -1.42481 0 0
-0.756776 0 -1.42554 0 0
-0.757301 0 -1.42623 0 0
-0.757818 0 -1.42693 0 0
-0.758311 0 -1.42767 0 0
-0.758833 0 -1.42839 0 0
-0.759374 0 -1.42913 0 0
-0.759905 0 -1.42985 0 0
-0.760428 0 -1.43055 0 0
-0.760955 0 -1.43129 0 0
-0.761492 0 -1.43202 0 0
-0.762039 0 -1.43273 0 0
-0.762571 0 -1.43347 0 0
-0.763114 0 -1.4342 0 0
-0.763686 0 -1.43493 0 0
-0.764237 0 -1.43565 0 0
-0.764774 0 -1.43636 0 0
-0.765312 0 -1.43711 0 0
-0.765848 0 -1.43783 0 0
-0.766406 0 -1.43857 0 0
-0.766933 0 -1.43931 0 0
-0.767462 0 -1.44006 0 0
-0.768018 0 -1.44076 0 0
-0.768531 0 -1.44147 0 0
-0.769049 0 -1.4422 0 0
-0.76955 0 -1.44293 0 0
-0.770068 0 -1.44366 0 0
-0.770606 0 -1.44437 0 0
-0.77116 0 -1.4451 0 0
-0.771685 0 -1.44584 0 0
-0.772232 0 -1.44653 0 0
-0.772765 0 -1.44724 0 0
-0.773286 0 -1.44797 0 0
-0.773806 0 -1.44868 0 0
-0.774333 0 -1.4494 0 0
-0.774905 0 -1.45011 0 0
-0.775453 0 -1.45081 0 0
-0.775998 0 -1.45155 0 0
-0.776541 0 -1.45229 0 0
-0.77707 0 -1.45302 0 0
-0.777609 0 -1.45374 0 0
-0.778149 0 -1.45445 0 0
-0.778681 0 -1.45516 0 0
-0.77922 0 -1.4559 0 0
-0.779778 0 -1.45664 0 0
-0.780315 0 -1.45736 0 0
-0.780909 0 -1.45808 0 0
-0.781467 0 -1.45882 0 0
-0.782003 0 -1.45955 0 0
-0.782543 0 -1.4603 0 0
-0.783115 0 -1.46101 0 0
-0.78369 0 -1.46174 0 0
-0.784237 0 -1.46247 0 0
-0.784765 0 -1.46319 0 0
-0.785343 0 -1.46391 0 0
-0.7859 0 -1.46463 0 0
-0.786433 0 -1.46537 0 0
-0.787022 0 -1.46613 0 0
-0.787597 0 -1.46684 0 0
-0.788146 0 -1.46757 0 0
-0.788739 0 -1.4683 0 0
-0.789262 0 -1.46904 0 0
-0.789824 0 -1.46975 0 0
-0.790382 0 -1.47048 0 0
-0.790957 0 -1.47119 0 0
-0.791537 0 -1.47191 0 0
-0.792073 0 -1.47265 0 0
-0.792656 0 -1.4734 0 0
-0.793214 0 -1.47414 0 0
-0.793801 0 -1.47487 0 0
-0.794351 0 -1.4756 0 0
-0.794925 0 -1.47634 0 0
-0.795489 0 -1.47705 0 0
-0.796065 0 -1.4778 0 0
-0.796609 0 -1.47854 0 0
-0.797196 0 -1.47928 0 0
-0.797761 0 -1.47999 0 0
-0.798349 0 -1.4807 0 0
-0.798944 0 -1.48141 0 0
-0.799533 0 -1.48213 0 0
-0.800104 0 -1.48285 0 0
