# This is the Oscillation data of the neural bias and output and command data 
# 1 time(s), 2 osc[1].cpgPhase, 3 osc[1].outPhase, 4 -sin(osc[1].outPhase), 5 osc[1].footBias, 6 sDataSet.forceData[1], 7 ctr[1].l_toePos[x], 8 ctr[1].l_toePos[y], 9 ctr[1].l_toePos[z], 10 ctr[1].tAngle, 11 ctr[1].cAngle, 12 ctr[1].fAngle,           13 osc[2].cpgPhase, 14 osc[2].outPhase, 15 -sin(osc[2].outPhase), 16 osc[2].footBias, 17 sDataSet.forceData[2], 18 ctr[2].l_toePos[x], 19 ctr[2].l_toePos[y], 20 ctr[2].l_toePos[z], 21 ctr[2].tAngle, 22 ctr[2].cAngle, 23 ctr[2].fAngle,           
2.55, 5.00182  4.68148  0.999522 0 0 0.0891311 -0.14562 -0.0600287 -1.02154 -0.845669 1.95675       1.90832  1.59027  -0.99981 0 0.247352 0.089417 0.145125 -0.12 1.0186 -0.00229467 1.35242       
2.6, 5.09847  4.80229  0.995961 0 0 0.0921484 -0.140394 -0.0602423 -0.989967 -0.862771 2.00201       2.005  1.67083  -0.995001 0 0.250018 0.0874071 0.148606 -0.12 1.03911 0.00616907 1.3351       
2.65, 5.19512  4.92311  0.977881 0 0 0.0951329 -0.135225 -0.0613272 -0.957715 -0.865274 2.03562       2.10167  1.75139  -0.983737 0 0.254347 0.0854134 0.15206 -0.12 1.05901 0.0154279 1.31715       
2.7, 5.29178  5.04393  0.945543 0 0 0.0980412 -0.130188 -0.0632674 -0.925329 -0.852497 2.05509       2.19834  1.83195  -0.966092 0 0.25815 0.0834488 0.155462 -0.12 1.07816 0.0254588 1.29873       
2.75, 5.38843  5.16474  0.89942 0 0 0.100831 -0.125356 -0.0660348 -0.893403 -0.824263 2.0585       2.29502  1.91251  -0.942181 0 0.261482 0.0815262 0.158793 -0.12 1.09648 0.0362178 1.28       
2.8, 5.48509  5.28556  0.840184 0 0 0.103461 -0.1208 -0.069589 -0.862558 -0.781003 2.04497       2.39169  1.99307  -0.912159 0 0.264209 0.0796579 0.162029 -0.12 1.11387 0.0476372 1.26113       
2.85, 5.58174  5.40638  0.768697 0 0 0.105894 -0.116586 -0.0738782 -0.833419 -0.723768 2.01489       2.48836  2.07363  -0.87622 0 0.268483 0.077856 0.165149 -0.12 1.13027 0.0596245 1.2423       
2.9, 5.6784  5.52721  0.686002 0 0 0.108094 -0.112776 -0.0788399 -0.806594 -0.654135 1.96984       2.58503  2.15419  -0.834599 0 0.271551 0.0761324 0.168135 -0.12 1.14561 0.0720617 1.22372       
2.95, 5.77506  5.64803  0.593304 0 0 0.110028 -0.109425 -0.0844017 -0.782651 -0.574037 1.91221       2.68169  2.23475  -0.787565 0 0.274176 0.074498 0.170966 -0.12 1.15986 0.0848038 1.20558       
3, 5.87172  5.76885  0.491956 0 0 0.111669 -0.106583 -0.0904826 -0.762098 -0.485539 1.84474       2.77836  2.3153  -0.735423 0 0.27668 0.0729636 0.173623 -0.12 1.17296 0.0976795 1.18809       
3.05, 5.96838  5.88967  0.383434 0 0 0.112993 -0.10429 -0.096994 -0.745367 -0.390634 1.77005       2.87503  2.39586  -0.678511 0 0.280337 0.071539 0.176091 -0.12 1.1849 0.110492 1.17145       
3.1, 6.06504  6.0105  0.269321 0 0 0.11398 -0.102581 -0.103841 -0.732809 -0.291087 1.69048       2.9717  2.47642  -0.617199 0 0.28245 0.0702336 0.178352 -0.12 1.19565 0.123021 1.15585       
3.15, 6.16169  6.13132  0.15128 0 0 0.114616 -0.101479 -0.110923 -0.72468 -0.188345 1.60792       3.06837  2.55697  -0.551884 0 0.284327 0.0690558 0.180392 -0.12 1.2052 0.135027 1.14149       
3.2, 6.25835  6.25215  0.0310329 0 0 0.114892 -0.101002 -0.118138 -0.721149 -0.0834979 1.52387       3.16503  2.63753  -0.48299 0 0.286 0.0680132 0.182198 -0.12 1.21352 0.146253 1.12855       
3.25, 0.07183  0.0598584  -0.0598226 0 0 0.114859 -0.101058 -0.12 -0.721568 -0.0562857 1.50204       3.2617  2.71808  -0.410963 0 0.288068 0.0671125 0.183758 -0.12 1.22062 0.156438 1.11719       
3.3, 0.168491  0.140409  -0.139948 0 0 0.114658 -0.101407 -0.12 -0.724147 -0.0561246 1.50138       3.35836  2.79864  -0.336272 0 0.290357 0.0663597 0.185062 -0.12 1.2265 0.165322 1.10757       
3.35, 0.265152  0.22096  -0.219166 0 0 0.114296 -0.102034 -0.12 -0.728774 -0.0558278 1.50018       3.45503  2.87919  -0.2594 0 0.291202 0.0657596 0.186101 -0.12 1.23114 0.17266 1.09982       
3.4, 0.361813  0.301511  -0.296963 0 0 0.113776 -0.102934 -0.12 -0.73541 -0.0553849 1.4984       3.5517  2.95975  -0.180845 0 0.294492 0.065316 0.186869 -0.12 1.23454 0.178238 1.09404       
3.45, 0.458474  0.382062  -0.372834 0 0 0.113101 -0.104103 -0.12 -0.743994 -0.0547808 1.496       3.64836  3.0403  -0.101118 0 0.291922 0.065032 0.187361 -0.12 1.23671 0.181881 1.09032       
3.5, 0.555136  0.462613  -0.446288 0 0 0.112276 -0.105532 -0.12 -0.754446 -0.0539956 1.49295       3.74503  3.12086  -0.0207357 0 0.29401 0.0649092 0.187574 -0.12 1.23765 0.183474 1.08871       
3.55, 0.651797  0.543165  -0.516848 0 0.162277 0.111306 -0.107213 -0.12 -0.76667 -0.0530043 1.48917       3.84169  3.23132  0.0896051 0 0.283986 0.0650044 0.187409 -0.114624 1.23692 0.0952837 1.13881       
3.6, 0.748459  0.623716  -0.584056 0 0.237857 0.110197 -0.109134 -0.12 -0.780552 -0.0517772 1.4846       3.93836  3.35215  0.209004 0 0.259342 0.0654559 0.186627 -0.10746 1.23347 -0.0177057 1.20765       
3.65, 0.845121  0.704268  -0.647476 0 0.263619 0.108956 -0.111283 -0.12 -0.795963 -0.0502794 1.47919       4.03502  3.47298  0.325355 0 0.245841 0.066264 0.185227 -0.100479 1.22724 -0.12509 1.27769       
3.7, 0.941784  0.78482  -0.706698 0 0.26019 0.107592 -0.113646 -0.12 -0.812756 -0.0484709 1.47286       4.13169  3.59381  0.436962 0 0.161171 0.0674168 0.183231 -0.0937823 1.21823 -0.227378 1.34866       
3.75, 1.03845  0.865372  -0.761336 0 0.224392 0.106113 -0.116207 -0.12 -0.830773 -0.0463073 1.46557       4.22835  3.71464  0.542196 0 0 0.0688975 0.180666 -0.0874682 1.20647 -0.324615 1.42033       
3.8, 1.13511  0.945924  -0.811038 0 0.225241 0.104529 -0.118951 -0.12 -0.849844 -0.0437396 1.45725       4.32501  3.83547  0.639524 0 0 0.0706845 0.177571 -0.0816285 1.19196 -0.416535 1.49241       
3.85, 1.23177  1.02648  -0.855479 0 0.229233 0.10285 -0.121859 -0.12 -0.869792 -0.0407153 1.44787       4.42168  3.9563  0.727526 0 0 0.0727518 0.17399 -0.0763484 1.17475 -0.502633 1.56454       
3.9, 1.32843  1.10703  -0.894373 0 0.230768 0.101087 -0.124912 -0.12 -0.890433 -0.0371796 1.4374       4.51834  4.07713  0.80492 0 0 0.0750692 0.169976 -0.0717048 1.15491 -0.582199 1.63626       
3.95, 1.4251  1.18758  -0.927467 0 0.230747 0.0992514 -0.128091 -0.12 -0.911581 -0.0330766 1.42583       4.61501  4.19796  0.870575 0 0 0.0776029 0.165588 -0.0677655 1.13254 -0.654338 1.70693       
4, 1.52176  1.26813  -0.954546 0 0.235004 0.0973554 -0.131375 -0.12 -0.93305 -0.0283513 1.41317       4.71167  4.31879  0.923536 0 0 0.080316 0.160889 -0.0645879 1.10779 -0.717991 1.77569       
4.05, 1.61842  1.34868  -0.975434 0 0.238986 0.0954111 -0.134743 -0.12 -0.954658 -0.0229516 1.39943       4.80834  4.43962  0.963029 0 0 0.0831689 0.155947 -0.0622182 1.08085 -0.77196 1.84135       
4.1, 1.71508  1.42924  -0.989997 0 0.241644 0.093431 -0.138173 -0.12 -0.97623 -0.0168313 1.38468       4.905  4.56045  0.98848 0 0 0.08612 0.150836 -0.0606912 1.05201 -0.814948 1.90234       
4.15, 1.81175  1.50979  -0.99814 0 0.246292 0.091428 -0.141642 -0.12 -0.9976 -0.00995217 1.36897       5.00166  4.68128  0.999516 0 0 0.0891263 0.145629 -0.060029 1.02159 -0.84563 1.95667       
4.2, 1.90841  1.59034  -0.999809 0 0.247657 0.0894152 -0.145128 -0.12 -1.01861 -0.00228741 1.3524       5.09833  4.80211  0.995978 0 0 0.0921439 0.140402 -0.0602413 0.990015 -0.862756 2.00195       
4.25, 2.00507  1.67089  -0.994994 0 0.253029 0.0874055 -0.148609 -0.12 -1.03913 0.00617599 1.33508       5.19499  4.92294  0.977915 0 0 0.0951288 0.135232 -0.0613251 0.957759 -0.865281 2.03558       
4.3, 2.10174  1.75145  -0.983727 0 0.255743 0.0854121 -0.152062 -0.12 -1.05902 0.0154344 1.31714       5.29165  5.04377  0.945593 0 0 0.0980376 0.130194 -0.0632644 0.92537 -0.852523 2.05508       
4.35, 2.1984  1.832  -0.96608 0 0.260452 0.0834477 -0.155464 -0.12 -1.07817 0.0254648 1.29872       5.38832  5.1646  0.899483 0 0 0.100828 0.125361 -0.066031 0.893441 -0.824305 2.05851       
4.4, 2.29506  1.91255  -0.942168 0 0.262166 0.0815253 -0.158794 -0.12 -1.09648 0.0362232 1.27999       5.48498  5.28543  0.840255 0 0 0.103459 0.120804 -0.0695847 0.862591 -0.781059 2.045       
4.45, 2.39173  1.9931  -0.912145 0 0.266512 0.0796571 -0.16203 -0.12 -1.11388 0.0476419 1.26112       5.58165  5.40626  0.768776 0 0 0.105892 0.11659 -0.0738735 0.833447 -0.723833 2.01493       
4.5, 2.48839  2.07366  -0.876207 0 0.269827 0.0778554 -0.16515 -0.12 -1.13027 0.0596287 1.2423       5.67831  5.52709  0.686086 0 0 0.108092 0.112779 -0.0788349 0.806618 -0.654207 1.96989       
4.55, 2.58505  2.15421  -0.834587 0 0.272942 0.0761319 -0.168136 -0.12 -1.14562 0.0720651 1.22372       5.77497  5.64792  0.593391 0 0 0.110027 0.109428 -0.0843965 0.782671 -0.574112 1.91227       
4.6, 2.68172  2.23476  -0.787554 0 0.275145 0.0744977 -0.170966 -0.12 -1.15986 0.0848065 1.20558       5.87164  5.76875  0.492044 0 0 0.111668 0.106585 -0.0904774 0.762114 -0.485616 1.8448       
4.65, 2.77838  2.31532  -0.735414 0 0.2789 0.0729633 -0.173624 -0.12 -1.17297 0.0976816 1.18809       5.9683  5.88958  0.383522 0 0 0.112992 0.104292 -0.0969887 0.745379 -0.39071 1.77011       
4.7, 2.87504  2.39587  -0.678504 0 0.281093 0.0715389 -0.176091 -0.12 -1.1849 0.110494 1.17145       6.06496  6.01041  0.269407 0 0 0.113979 0.102582 -0.103836 0.732816 -0.291162 1.69054       
4.75, 2.97171  2.47642  -0.617194 0 0.284704 0.0702335 -0.178352 -0.12 -1.19565 0.123022 1.15585       6.16163  6.13124  0.151364 0 0 0.114616 0.10148 -0.110918 0.724684 -0.188418 1.60798       
4.8, 3.06837  2.55697  -0.551881 0 0.284184 0.0690557 -0.180392 -0.12 -1.2052 0.135027 1.14149       6.25829  6.25207  0.0311132 0 0 0.114892 0.101002 -0.118133 0.72115 -0.0835681 1.52393       
4.85, 3.16503  2.63753  -0.48299 0 0.28764 0.0680132 -0.182198 -0.12 -1.21352 0.146253 1.12855       0.071769  0.0598075  -0.0597718 0 0 0.114859 0.101058 -0.12 0.721567 -0.0562858 1.50204       
4.9, 3.2617  2.71808  -0.410966 0 0.289576 0.0671125 -0.183758 -0.12 -1.22062 0.156438 1.11719       0.168433  0.14036  -0.1399 0 0 0.114658 0.101407 -0.12 0.724144 -0.0561247 1.50138       
4.95, 3.35836  2.79863  -0.336277 0 0.293019 0.0663597 -0.185062 -0.12 -1.2265 0.165321 1.10757       0.265096  0.220913  -0.219121 0 0 0.114296 0.102033 -0.12 0.728771 -0.055828 1.50018       
5, 3.45502  2.87919  -0.259407 0 0.290805 0.0657596 -0.186101 -0.12 -1.23114 0.17266 1.09982       0.36176  0.301466  -0.296921 0 0 0.113776 0.102934 -0.12 0.735406 -0.0553852 1.4984       
5.05, 3.55169  2.95974  -0.180854 0 0.296214 0.0653161 -0.186869 -0.12 -1.23454 0.178237 1.09404       0.458423  0.382019  -0.372795 0 0 0.113102 0.104102 -0.12 0.743989 -0.0547812 1.49601       
5.1, 3.64835  3.04029  -0.101129 0 0.283931 0.065032 -0.187361 -0.12 -1.23671 0.181881 1.09032       0.555087  0.462572  -0.446251 0 0 0.112277 0.105531 -0.12 0.75444 -0.053996 1.49295       
5.15, 3.74501  3.12084  -0.0207478 0 0.279958 0.0649092 -0.187574 -0.12 -1.23765 0.183473 1.08871       0.65175  0.543125  -0.516814 0 0.19901 0.111306 0.107212 -0.12 0.766663 -0.0530049 1.48917       
5.2, 3.84168  3.2313  0.0895851 0 0.259384 0.0650043 -0.187409 -0.114625 -1.23692 0.0953031 1.1388       0.748413  0.623678  -0.584025 0 0.23902 0.110197 0.109133 -0.12 0.780545 -0.0517779 1.4846       
5.25, 3.93834  3.35213  0.208983 0 0.248422 0.0654558 -0.186627 -0.107461 -1.23347 -0.0176857 1.20764       0.845077  0.704231  -0.647448 0 0.265349 0.108957 0.111282 -0.12 0.795955 -0.0502802 1.47919       
5.3, 4.035  3.47296  0.325333 0 0.25628 0.0662638 -0.185228 -0.10048 -1.22724 -0.12507 1.27767       0.94174  0.784784  -0.706672 0 0.262531 0.107592 0.113645 -0.12 0.812748 -0.0484718 1.47287       
5.35, 4.13167  3.59379  0.436939 0 0.169589 0.0674165 -0.183231 -0.0937837 -1.21824 -0.227357 1.34865       1.0384  0.865337  -0.761314 0 0.253717 0.106113 0.116206 -0.12 0.830765 -0.0463083 1.46557       
5.4, 4.22833  3.71461  0.542174 0 0 0.0688972 -0.180667 -0.0874696 -1.20647 -0.324594 1.42032       1.13507  0.945889  -0.811018 0 0.226286 0.104529 0.11895 -0.12 0.849836 -0.0437408 1.45725       
5.45, 4.32499  3.83544  0.639503 0 0 0.0706841 -0.177572 -0.0816298 -1.19196 -0.416515 1.49239       1.23173  1.02644  -0.855462 0 0.225881 0.10285 0.121858 -0.12 0.869784 -0.0407167 1.44788       
5.5, 4.42166  3.95627  0.727507 0 0 0.0727513 -0.173991 -0.0763496 -1.17476 -0.502613 1.56452       1.32839  1.107  -0.894359 0 0.230069 0.101088 0.124911 -0.12 0.890425 -0.0371812 1.43741       
5.55, 4.51832  4.0771  0.804902 0 0 0.0750686 -0.169977 -0.0717059 -1.15492 -0.58218 1.63624       1.42506  1.18755  -0.927455 0 0.23117 0.0992522 0.12809 -0.12 0.911573 -0.0330784 1.42584       
5.6, 4.61498  4.19793  0.87056 0 0 0.0776023 -0.165589 -0.0677664 -1.13255 -0.654321 1.70692       1.52172  1.2681  -0.954536 0 0.23485 0.0973562 0.131374 -0.12 0.933041 -0.0283532 1.41317       
5.65, 4.71165  4.31876  0.923524 0 0 0.0803153 -0.16089 -0.0645886 -1.10779 -0.717976 1.77568       1.61838  1.34865  -0.975428 0 0.236496 0.0954118 0.134742 -0.12 0.954649 -0.0229538 1.39944       
5.7, 4.80831  4.43959  0.963021 0 0 0.0831681 -0.155949 -0.0622188 -1.08086 -0.771947 1.84134       1.71505  1.42921  -0.989993 0 0.240491 0.0934317 0.138171 -0.12 0.976222 -0.0168337 1.38468       
5.75, 4.90497  4.56042  0.988475 0 0 0.0861192 -0.150837 -0.0606915 -1.05202 -0.814938 1.90233       1.81171  1.50976  -0.998138 0 0.24369 0.0914288 0.141641 -0.12 0.997593 -0.00995488 1.36898       
5.8, 5.00164  4.68125  0.999515 0 0 0.0891254 -0.14563 -0.0600291 -1.0216 -0.845623 1.95665       1.90837  1.59031  -0.99981 0 0.246779 0.0894159 0.145127 -0.12 1.01861 -0.00229038 1.35241       
5.85, 5.0983  4.80208  0.995981 0 0 0.092143 -0.140404 -0.0602412 -0.990024 -0.862753 2.00194       2.00504  1.67087  -0.994997 0 0.250628 0.0874063 0.148608 -0.12 1.03912 0.00617276 1.33509       
5.9, 5.19496  4.92291  0.977923 0 0 0.095128 -0.135233 -0.0613246 -0.957769 -0.865283 2.03558       2.1017  1.75142  -0.983732 0 0.254598 0.0854128 0.152061 -0.12 1.05901 0.0154309 1.31715       
5.95, 5.29163  5.04374  0.945605 0 0 0.0980368 -0.130195 -0.0632637 -0.92538 -0.852529 2.05508       2.19837  1.83197  -0.966087 0 0.257976 0.0834484 0.155463 -0.12 1.07816 0.0254611 1.29873       
6, 5.38829  5.16457  0.899498 0 0 0.100827 -0.125363 -0.0660301 -0.89345 -0.824316 2.05851       2.29503  1.91252  -0.942177 0 0.260616 0.0815259 0.158793 -0.12 1.09648 0.0362193 1.28       
6.05, 5.48495  5.2854  0.840275 0 0 0.103458 -0.120806 -0.0695835 -0.8626 -0.781074 2.045       2.39169  1.99308  -0.912157 0 0.265254 0.0796578 0.162029 -0.12 1.11387 0.0476378 1.26112       
6.1, 5.58162  5.40622  0.768799 0 0 0.105891 -0.116591 -0.0738721 -0.833456 -0.723852 2.01494       2.48836  2.07363  -0.876221 0 0.268062 0.0778561 0.165149 -0.12 1.13027 0.0596244 1.2423       
6.15, 5.67828  5.52705  0.686112 0 0 0.108091 -0.112781 -0.0788333 -0.806626 -0.654229 1.9699       2.58502  2.15418  -0.834602 0 0.27144 0.0761325 0.168135 -0.12 1.14561 0.0720608 1.22372       
6.2, 5.77494  5.64788  0.593421 0 0 0.110026 -0.109429 -0.0843947 -0.782678 -0.574138 1.91229       2.68168  2.23474  -0.787571 0 0.273328 0.0744982 0.170965 -0.12 1.15986 0.0848021 1.20559       
6.25, 5.87161  5.76871  0.492076 0 0 0.111668 -0.106586 -0.0904754 -0.762119 -0.485644 1.84482       2.77835  2.31529  -0.735432 0 0.277651 0.0729639 0.173623 -0.12 1.17296 0.0976772 1.1881       
6.3, 5.96827  5.88954  0.383556 0 0 0.112992 -0.104293 -0.0969866 -0.745383 -0.390741 1.77014       2.87501  2.39584  -0.678524 0 0.280044 0.0715394 0.17609 -0.12 1.1849 0.110489 1.17145       
6.35, 6.06493  6.01037  0.269443 0 0 0.113979 -0.102582 -0.103833 -0.732819 -0.291194 1.69056       2.97167  2.47639  -0.617216 0 0.282312 0.070234 0.178351 -0.12 1.19565 0.123018 1.15585       
6.4, 6.1616  6.1312  0.151401 0 0 0.114616 -0.10148 -0.110916 -0.724686 -0.188451 1.60801       3.06834  2.55695  -0.551904 0 0.283435 0.0690561 0.180391 -0.12 1.20519 0.135023 1.14149       
6.45, 6.25826  6.25203  0.0311509 0 0 0.114892 -0.101002 -0.118131 -0.72115 -0.0836011 1.52395       3.165  2.6375  -0.483013 0 0.286815 0.0680135 0.182197 -0.12 1.21352 0.146249 1.12855       
6.5, 0.0717387  0.0597822  -0.0597466 0 0 0.114859 -0.101058 -0.12 -0.721567 -0.0562858 1.50204       3.26166  2.71805  -0.41099 0 0.287993 0.0671128 0.183757 -0.12 1.22062 0.156434 1.11719       
6.55, 0.168402  0.140335  -0.139875 0 0 0.114658 -0.101406 -0.12 -0.724143 -0.0561248 1.50138       3.35833  2.79861  -0.336302 0 0.289178 0.06636 0.185061 -0.12 1.22649 0.165319 1.10757       
6.6, 0.265066  0.220888  -0.219096 0 0 0.114296 -0.102033 -0.12 -0.728769 -0.0558281 1.50018       3.45499  2.87916  -0.259432 0 0.29604 0.0657598 0.186101 -0.12 1.23114 0.172658 1.09982       
6.65, 0.361729  0.301441  -0.296896 0 0 0.113777 -0.102933 -0.12 -0.735404 -0.0553853 1.4984       3.55165  2.95971  -0.18088 0 0.292005 0.0653162 0.186869 -0.12 1.23454 0.178236 1.09405       
6.7, 0.458392  0.381994  -0.372771 0 0 0.113102 -0.104102 -0.12 -0.743986 -0.0547814 1.49601       3.64832  3.04026  -0.101155 0 0.295033 0.065032 0.187361 -0.12 1.23671 0.18188 1.09032       
6.75, 0.555056  0.462546  -0.446228 0 0 0.112277 -0.105531 -0.12 -0.754436 -0.0539963 1.49295       3.74498  3.12082  -0.0207744 0 0.293571 0.0649092 0.187574 -0.12 1.23765 0.183473 1.08871       
6.8, 0.651719  0.543099  -0.516792 0 0.160012 0.111307 -0.107211 -0.12 -0.766659 -0.0530052 1.48917       3.84164  3.23126  0.0895453 0 0.285323 0.0650042 0.187409 -0.114627 1.23692 0.0953414 1.13878       
6.85, 0.748383  0.623652  -0.584004 0 0.242023 0.110198 -0.109132 -0.12 -0.780541 -0.0517783 1.4846       3.93831  3.35209  0.208944 0 0.253876 0.0654556 0.186628 -0.107463 1.23347 -0.0176494 1.20762       
6.9, 0.845046  0.704205  -0.647428 0 0.265037 0.108957 -0.111281 -0.12 -0.79595 -0.0502807 1.47919       4.03497  3.47292  0.325295 0 0.243218 0.0662635 0.185228 -0.100482 1.22724 -0.125035 1.27765       
6.95, 0.941709  0.784758  -0.706654 0 0.262923 0.107593 -0.113644 -0.12 -0.812742 -0.0484725 1.47287       4.13163  3.59375  0.436903 0 0.150847 0.0674161 0.183232 -0.0937858 1.21824 -0.227325 1.34862       
7, 1.03837  0.865311  -0.761297 0 0.224801 0.106114 -0.116205 -0.12 -0.830759 -0.0463091 1.46557       4.2283  3.71458  0.542141 0 0 0.0688966 0.180668 -0.0874716 1.20647 -0.324563 1.42029       
7.05, 1.13504  0.945864  -0.811002 0 0.226113 0.10453 -0.118949 -0.12 -0.84983 -0.0437416 1.45726       4.32496  3.8354  0.639472 0 0 0.0706835 0.177573 -0.0816317 1.19197 -0.416486 1.49237       
7.1, 1.2317  1.02642  -0.855449 0 0.226309 0.102851 -0.121857 -0.12 -0.869778 -0.0407177 1.44788       4.42162  3.95623  0.727479 0 0 0.0727506 0.173992 -0.0763512 1.17476 -0.502586 1.56449       
7.15, 1.32836  1.10697  -0.894347 0 0.230956 0.101088 -0.12491 -0.12 -0.890418 -0.0371824 1.43741       4.51829  4.07706  0.804878 0 0 0.0750678 0.169979 -0.0717073 1.15492 -0.582155 1.63622       
7.2, 1.42503  1.18752  -0.927445 0 0.232331 0.0992528 -0.128089 -0.12 -0.911566 -0.0330798 1.42584       4.61495  4.19789  0.870541 0 0 0.0776014 0.16559 -0.0677676 1.13255 -0.654298 1.70689       
7.25, 1.52169  1.26808  -0.954529 0 0.23546 0.0973568 -0.131373 -0.12 -0.933034 -0.0283549 1.41318       4.71161  4.31872  0.923509 0 0 0.0803144 0.160891 -0.0645895 1.1078 -0.717957 1.77565       
7.3, 1.61835  1.34863  -0.975422 0 0.237135 0.0954124 -0.134741 -0.12 -0.954643 -0.0229557 1.39944       4.80828  4.43955  0.96301 0 0 0.0831672 0.15595 -0.0622194 1.08087 -0.771931 1.84132       
7.35, 1.71502  1.42918  -0.989989 0 0.241627 0.0934324 -0.13817 -0.12 -0.976215 -0.0168358 1.38469       4.90494  4.56038  0.988469 0 0 0.0861182 0.150839 -0.0606919 1.05203 -0.814925 1.90231       
7.4, 1.81168  1.50973  -0.998136 0 0.245638 0.0914294 -0.14164 -0.12 -0.997586 -0.00995722 1.36898       5.0016  4.68121  0.999514 0 0 0.0891244 0.145632 -0.0600292 1.02161 -0.845615 1.95664       
7.45, 1.90834  1.59029  -0.99981 0 0.249391 0.0894166 -0.145126 -0.12 -1.0186 -0.00229298 1.35242       5.09827  4.80204  0.995984 0 0 0.0921421 0.140405 -0.060241 0.990035 -0.86275 2.00193       
7.5, 2.00501  1.67084  -0.995 0 0.251205 0.0874069 -0.148607 -0.12 -1.03912 0.0061699 1.3351       5.19493  4.92287  0.977931 0 0 0.095127 0.135235 -0.0613241 0.957779 -0.865284 2.03557       
7.55, 2.10167  1.75139  -0.983737 0 0.255999 0.0854134 -0.15206 -0.12 -1.05901 0.0154278 1.31715       5.29159  5.0437  0.945618 0 0 0.0980358 0.130197 -0.0632629 0.92539 -0.852536 2.05507       
7.6, 2.19833  1.83194  -0.966094 0 0.259784 0.083449 -0.155462 -0.12 -1.07816 0.0254578 1.29873       5.38826  5.16453  0.899515 0 0 0.100826 0.125364 -0.0660291 0.89346 -0.824328 2.05851       
7.65, 2.295  1.9125  -0.942186 0 0.262711 0.0815265 -0.158792 -0.12 -1.09647 0.0362157 1.28       5.48492  5.28536  0.840296 0 0 0.103457 0.120807 -0.0695822 0.862609 -0.78109 2.04501       
7.7, 2.39166  1.99305  -0.912167 0 0.265546 0.0796584 -0.162028 -0.12 -1.11386 0.047634 1.26113       5.58159  5.40619  0.768824 0 0 0.10589 0.116593 -0.0738706 0.833465 -0.723872 2.01495       
7.75, 2.48832  2.0736  -0.876233 0 0.269844 0.0778566 -0.165148 -0.12 -1.13026 0.0596205 1.24231       5.67825  5.52701  0.686141 0 0 0.108091 0.112782 -0.0788315 0.806634 -0.654254 1.96992       
7.8, 2.58499  2.15416  -0.834617 0 0.27281 0.076133 -0.168134 -0.12 -1.14561 0.0720567 1.22373       5.77491  5.64784  0.593452 0 0 0.110026 0.10943 -0.0843929 0.782685 -0.574166 1.91231       
7.85, 2.68165  2.23471  -0.787587 0 0.275676 0.0744987 -0.170964 -0.12 -1.15985 0.0847979 1.20559       5.87158  5.76867  0.49211 0 0 0.111667 0.106587 -0.0904734 0.762125 -0.485674 1.84484       
7.9, 2.77831  2.31526  -0.73545 0 0.279285 0.0729643 -0.173622 -0.12 -1.17296 0.0976731 1.1881       5.96824  5.8895  0.383592 0 0 0.112991 0.104293 -0.0969845 0.745388 -0.390772 1.77016       
7.95, 2.87498  2.39581  -0.678543 0 0.280786 0.0715398 -0.176089 -0.12 -1.1849 0.110485 1.17146       6.0649  6.01033  0.269481 0 0 0.113979 0.102583 -0.103831 0.732823 -0.291227 1.69059       
8, 2.97164  2.47637  -0.617236 0 0.2836 0.0702344 -0.178351 -0.12 -1.19565 0.123014 1.15586       6.16157  6.13116  0.15144 0 0 0.114615 0.10148 -0.110914 0.724688 -0.188484 1.60803       
8.05, 3.0683  2.55692  -0.551926 0 0.284465 0.0690565 -0.180391 -0.12 -1.20519 0.135019 1.1415       6.25823  6.25199  0.0311901 0 0 0.114892 0.101002 -0.118129 0.72115 -0.0836354 1.52398       
8.1, 3.16497  2.63747  -0.483036 0 0.287399 0.0680138 -0.182197 -0.12 -1.21352 0.146246 1.12855       0.0717073  0.0597561  -0.0597205 0 0 0.114859 0.101058 -0.12 0.721566 -0.0562858 1.50204       
8.15, 3.26163  2.71803  -0.411014 0 0.287829 0.0671131 -0.183757 -0.12 -1.22062 0.156431 1.1172       0.168371  0.140309  -0.139849 0 0 0.114658 0.101406 -0.12 0.724142 -0.0561248 1.50138       
8.2, 3.3583  2.79858  -0.336326 0 0.292132 0.0663602 -0.185061 -0.12 -1.22649 0.165316 1.10758       0.265034  0.220862  -0.219071 0 0 0.114297 0.102033 -0.12 0.728768 -0.0558282 1.50018       
8.25, 3.45496  2.87913  -0.259458 0 0.292216 0.0657599 -0.1861 -0.12 -1.23113 0.172656 1.09983       0.361698  0.301415  -0.296871 0 0 0.113777 0.102933 -0.12 0.735401 -0.0553855 1.4984       
8.3, 3.55162  2.95968  -0.180906 0 0.295847 0.0653163 -0.186869 -0.12 -1.23454 0.178234 1.09405       0.458361  0.381967  -0.372747 0 0 0.113102 0.104101 -0.12 0.743982 -0.0547816 1.49601       
8.35, 3.64829  3.04024  -0.101181 0 0.284352 0.0650321 -0.187361 -0.12 -1.23671 0.181879 1.09032       0.555024  0.46252  -0.446205 0 0 0.112277 0.10553 -0.12 0.754433 -0.0539966 1.49295       
8.4, 3.74495  3.12079  -0.0208005 0 0.280426 0.0649092 -0.187574 -0.12 -1.23765 0.183473 1.08871       0.651688  0.543073  -0.516769 0 0.192195 0.111307 0.107211 -0.12 0.766655 -0.0530056 1.48917       
8.45, 3.84161  3.23122  0.0895063 0 0.260078 0.0650042 -0.18741 -0.11463 -1.23692 0.095379 1.13876       0.748351  0.623626  -0.583982 0 0.238434 0.110198 0.109132 -0.12 0.780536 -0.0517788 1.48461       
8.5, 3.93828  3.35205  0.208905 0 0.250291 0.0654554 -0.186628 -0.107466 -1.23347 -0.0176138 1.20759       0.845015  0.704179  -0.647408 0 0.259681 0.108957 0.11128 -0.12 0.795945 -0.0502812 1.47919       
8.55, 4.03494  3.47288  0.325258 0 0.252331 0.0662632 -0.185229 -0.100485 -1.22725 -0.125001 1.27763       0.941678  0.784732  -0.706635 0 0.267181 0.107593 0.113643 -0.12 0.812737 -0.0484731 1.47287       
8.6, 4.1316  3.59371  0.436868 0 0.16934 0.0674157 -0.183233 -0.0937879 -1.21824 -0.227292 1.3486       1.03834  0.865285  -0.76128 0 0.254884 0.106114 0.116204 -0.12 0.830753 -0.0463098 1.46558       
8.65, 4.22827  3.71454  0.542108 0 0 0.0688961 -0.180668 -0.0874735 -1.20648 -0.324532 1.42027       1.135  0.945837  -0.810987 0 0.229835 0.10453 0.118948 -0.12 0.849823 -0.0437425 1.45726       
8.7, 4.32493  3.83537  0.639442 0 0 0.0706828 -0.177574 -0.0816335 -1.19197 -0.416457 1.49234       1.23167  1.02639  -0.855435 0 0.225572 0.102852 0.121856 -0.12 0.869771 -0.0407188 1.44788       
8.75, 4.42159  3.95619  0.727453 0 0 0.0727499 -0.173994 -0.0763528 -1.17477 -0.502559 1.56447       1.32833  1.10694  -0.894335 0 0.230287 0.101089 0.124909 -0.12 0.890411 -0.0371836 1.43741       
8.8, 4.51826  4.07702  0.804855 0 0 0.075067 -0.16998 -0.0717087 -1.15493 -0.58213 1.63619       1.425  1.1875  -0.927435 0 0.230975 0.0992534 0.128088 -0.12 0.911559 -0.0330812 1.42584       
8.85, 4.61492  4.19785  0.870521 0 0 0.0776005 -0.165592 -0.0677687 -1.13256 -0.654276 1.70687       1.52166  1.26805  -0.954521 0 0.233715 0.0973574 0.131372 -0.12 0.933027 -0.0283565 1.41318       
8.9, 4.71158  4.31868  0.923494 0 0 0.0803135 -0.160893 -0.0645904 -1.10781 -0.717938 1.77563       1.61832  1.3486  -0.975416 0 0.236023 0.0954131 0.13474 -0.12 0.954635 -0.0229575 1.39945       
8.95, 4.80825  4.43951  0.962999 0 0 0.0831662 -0.155952 -0.06222 -1.08088 -0.771915 1.84129       1.71499  1.42915  -0.989986 0 0.240464 0.093433 0.138169 -0.12 0.976208 -0.0168379 1.38469       
9, 4.90491  4.56034  0.988463 0 0 0.0861172 -0.150841 -0.0606922 -1.05204 -0.814913 1.90229       1.81165  1.50971  -0.998135 0 0.243874 0.0914301 0.141638 -0.12 0.997579 -0.00995958 1.36899       
9.05, 5.00157  4.68117  0.999513 0 0 0.0891235 -0.145634 -0.0600292 -1.02162 -0.845608 1.95662       1.90831  1.59026  -0.999811 0 0.247244 0.0894172 0.145125 -0.12 1.01859 -0.0022956 1.35242       
9.1, 5.09824  4.802  0.995988 0 0 0.0921411 -0.140407 -0.0602407 -0.990045 -0.862747 2.00191       2.00498  1.67081  -0.995002 0 0.249481 0.0874076 0.148606 -0.12 1.03911 0.00616702 1.3351       
9.15, 5.1949  4.92283  0.977939 0 0 0.0951261 -0.135237 -0.0613237 -0.95779 -0.865286 2.03556       2.10164  1.75137  -0.983742 0 0.254516 0.0854141 0.152059 -0.12 1.059 0.0154246 1.31716       
9.2, 5.29156  5.04366  0.94563 0 0 0.0980349 -0.130199 -0.0632622 -0.925401 -0.852542 2.05507       2.1983  1.83192  -0.966101 0 0.258223 0.0834497 0.155461 -0.12 1.07815 0.0254544 1.29874       
9.25, 5.38823  5.16449  0.899532 0 0 0.100825 -0.125366 -0.0660281 -0.89347 -0.824339 2.05852       2.29497  1.91247  -0.942195 0 0.261485 0.0815272 0.158791 -0.12 1.09647 0.0362121 1.28001       
9.3, 5.48489  5.28532  0.840317 0 0 0.103456 -0.120809 -0.069581 -0.862619 -0.781106 2.04502       2.39163  1.99302  -0.912178 0 0.26457 0.079659 0.162027 -0.12 1.11386 0.0476302 1.26114       
9.35, 5.58155  5.40615  0.768849 0 0 0.10589 -0.116594 -0.0738691 -0.833474 -0.723893 2.01496       2.48829  2.07358  -0.876246 0 0.26831 0.0778572 0.165147 -0.12 1.13026 0.0596165 1.24231       
9.4, 5.67822  5.52698  0.686169 0 0 0.10809 -0.112783 -0.0788298 -0.806643 -0.654278 1.96994       2.58496  2.15413  -0.834631 0 0.271459 0.0761336 0.168133 -0.12 1.1456 0.0720526 1.22373       
9.45, 5.77488  5.6478  0.593484 0 0 0.110025 -0.109431 -0.084391 -0.782693 -0.574193 1.91233       2.68162  2.23468  -0.787603 0 0.274243 0.0744992 0.170964 -0.12 1.15985 0.0847938 1.2056       
9.5, 5.87154  5.76863  0.492144 0 0 0.111667 -0.106588 -0.0904713 -0.762132 -0.485704 1.84487       2.77828  2.31524  -0.735468 0 0.277034 0.0729648 0.173621 -0.12 1.17295 0.0976689 1.18811       
9.55, 5.96821  5.88946  0.383628 0 0 0.112991 -0.104294 -0.0969823 -0.745393 -0.390804 1.77019       2.87495  2.39579  -0.678562 0 0.280231 0.0715402 0.176089 -0.12 1.18489 0.110481 1.17146       
9.6, 6.06487  6.01029  0.269518 0 0 0.113979 -0.102583 -0.103829 -0.732826 -0.29126 1.69062       2.97161  2.47634  -0.617257 0 0.282402 0.0702348 0.17835 -0.12 1.19564 0.12301 1.15586       
9.65, 6.16153  6.13112  0.151478 0 0 0.114615 -0.10148 -0.110911 -0.72469 -0.188518 1.60806       3.06827  2.55689  -0.551948 0 0.284459 0.0690568 0.18039 -0.12 1.20519 0.135016 1.1415       
9.7, 6.2582  6.25195  0.0312293 0 0 0.114892 -0.101002 -0.118126 -0.721151 -0.0836697 1.52401       3.16494  2.63745  -0.483059 0 0.28538 0.0680141 0.182196 -0.12 1.21352 0.146242 1.12856       
9.75, 0.0716759  0.0597299  -0.0596944 0 0 0.114859 -0.101058 -0.12 -0.721566 -0.0562859 1.50204       3.2616  2.718  -0.411038 0 0.288342 0.0671134 0.183756 -0.12 1.22062 0.156428 1.1172       
9.8, 0.168339  0.140283  -0.139823 0 0 0.114658 -0.101406 -0.12 -0.724141 -0.0561249 1.50138       3.35826  2.79855  -0.336351 0 0.290482 0.0663604 0.18506 -0.12 1.22649 0.165313 1.10758       
9.85, 0.265003  0.220836  -0.219045 0 0 0.114297 -0.102032 -0.12 -0.728766 -0.0558283 1.50018       3.45493  2.87911  -0.259483 0 0.291127 0.0657601 0.1861 -0.12 1.23113 0.172654 1.09983       
9.9, 0.361666  0.301389  -0.296846 0 0 0.113777 -0.102933 -0.12 -0.735399 -0.0553857 1.4984       3.55159  2.95966  -0.180932 0 0.29715 0.0653164 0.186869 -0.12 1.23454 0.178233 1.09405       
9.95, 0.45833  0.381941  -0.372723 0 0 0.113102 -0.104101 -0.12 -0.743979 -0.0547818 1.49601       3.64825  3.04021  -0.101207 0 0.293044 0.0650322 0.187361 -0.12 1.23671 0.181878 1.09032       
10, 0.554993  0.462494  -0.446182 0 0 0.112277 -0.10553 -0.12 -0.754429 -0.0539969 1.49295       3.74492  3.12076  -0.0208266 0 0.294447 0.0649092 0.187574 -0.12 1.23765 0.183473 1.08871       
10.05, 0.651656  0.543047  -0.516747 0 0.156611 0.111307 -0.10721 -0.12 -0.766651 -0.053006 1.48917       3.84158  3.23118  0.0894673 0 0.283984 0.0650041 0.18741 -0.114632 1.23693 0.0954167 1.13874       
10.1, 0.74832  0.6236  -0.583961 0 0.236956 0.110198 -0.109131 -0.12 -0.780531 -0.0517792 1.48461       3.93824  3.35201  0.208867 0 0.260123 0.0654552 0.186628 -0.107468 1.23348 -0.0175781 1.20757       
10.15, 0.844983  0.704153  -0.647388 0 0.264137 0.108958 -0.11128 -0.12 -0.79594 -0.0502817 1.4792       4.03491  3.47284  0.325221 0 0.244475 0.0662629 0.185229 -0.100487 1.22725 -0.124967 1.2776       
10.2, 0.941647  0.784706  -0.706617 0 0.262007 0.107594 -0.113642 -0.12 -0.812731 -0.0484737 1.47287       4.13157  3.59367  0.436833 0 0.158678 0.0674152 0.183233 -0.09379 1.21825 -0.22726 1.34858       
10.25, 1.03831  0.865258  -0.761263 0 0.224417 0.106115 -0.116204 -0.12 -0.830747 -0.0463106 1.46558       4.22823  3.7145  0.542075 0 0 0.0688956 0.180669 -0.0874755 1.20648 -0.324502 1.42024       
10.3, 1.13497  0.945811  -0.810972 0 0.226043 0.104531 -0.118947 -0.12 -0.849817 -0.0437435 1.45726       4.3249  3.83533  0.639412 0 0 0.0706822 0.177575 -0.0816353 1.19198 -0.416428 1.49232       
10.35, 1.23164  1.02636  -0.855422 0 0.228851 0.102852 -0.121855 -0.12 -0.869764 -0.0407198 1.44789       4.42156  3.95616  0.727426 0 0 0.0727491 0.173995 -0.0763545 1.17478 -0.502532 1.56445       
10.4, 1.3283  1.10692  -0.894324 0 0.230676 0.101089 -0.124908 -0.12 -0.890405 -0.0371849 1.43742       4.51822  4.07698  0.804832 0 0 0.0750662 0.169981 -0.0717101 1.15494 -0.582106 1.63617       
10.45, 1.42496  1.18747  -0.927426 0 0.229875 0.099254 -0.128087 -0.12 -0.911552 -0.0330827 1.42585       4.61489  4.19781  0.870502 0 0 0.0775997 0.165593 -0.0677699 1.13257 -0.654254 1.70685       
10.5, 1.52163  1.26802  -0.954513 0 0.234826 0.097358 -0.131371 -0.12 -0.93302 -0.0283582 1.41318       4.71155  4.31864  0.923478 0 0 0.0803126 0.160895 -0.0645913 1.10782 -0.717918 1.77561       
10.55, 1.61829  1.34858  -0.97541 0 0.239208 0.0954137 -0.134739 -0.12 -0.954628 -0.0229594 1.39945       4.80822  4.43947  0.962989 0 0 0.0831653 0.155954 -0.0622207 1.08089 -0.7719 1.84127       
10.6, 1.71495  1.42913  -0.989982 0 0.241387 0.0934337 -0.138168 -0.12 -0.976201 -0.01684 1.3847       4.90488  4.5603  0.988457 0 0 0.0861163 0.150842 -0.0606926 1.05205 -0.814901 1.90227       
10.65, 1.81162  1.50968  -0.998133 0 0.245619 0.0914307 -0.141637 -0.12 -0.997572 -0.00996194 1.36899       5.00154  4.68113  0.999512 0 0 0.0891225 0.145635 -0.0600293 1.02163 -0.8456 1.9566       
10.7, 1.90828  1.59023  -0.999811 0 0.248245 0.0894179 -0.145124 -0.12 -1.01859 -0.00229821 1.35243       5.09821  4.80196  0.995991 0 0 0.0921401 0.140409 -0.0602405 0.990055 -0.862743 2.0019       
10.75, 2.00494  1.67079  -0.995005 0 0.252937 0.0874082 -0.148605 -0.12 -1.0391 0.00616415 1.33511       5.19487  4.92279  0.977947 0 0 0.0951251 0.135238 -0.0613232 0.9578 -0.865288 2.03555       
10.8, 2.10161  1.75134  -0.983746 0 0.255586 0.0854147 -0.152057 -0.12 -1.05899 0.0154215 1.31716       5.29153  5.04362  0.945643 0 0 0.098034 0.1302 -0.0632614 0.925411 -0.852549 2.05506       
10.85, 2.19827  1.83189  -0.966108 0 0.259663 0.0834503 -0.15546 -0.12 -1.07815 0.025451 1.29875       5.3882  5.16445  0.899549 0 0 0.100824 0.125367 -0.066027 0.89348 -0.824351 2.05852       
10.9, 2.29493  1.91245  -0.942203 0 0.26257 0.0815278 -0.15879 -0.12 -1.09646 0.0362085 1.28001       5.48486  5.28528  0.840339 0 0 0.103455 0.12081 -0.0695797 0.862629 -0.781123 2.04502       
10.95, 2.3916  1.993  -0.912189 0 0.266193 0.0796596 -0.162026 -0.12 -1.11385 0.0476264 1.26114       5.58152  5.40611  0.768874 0 0 0.105889 0.116595 -0.0738675 0.833483 -0.723914 2.01497       
11, 2.48826  2.07355  -0.876258 0 0.269591 0.0778578 -0.165146 -0.12 -1.13025 0.0596125 1.24232       5.67819  5.52694  0.686198 0 0 0.108089 0.112784 -0.0788281 0.806651 -0.654303 1.96995       
11.05, 2.58492  2.1541  -0.834645 0 0.27222 0.0761341 -0.168132 -0.12 -1.1456 0.0720485 1.22374       5.77485  5.64777  0.593516 0 0 0.110024 0.109432 -0.0843891 0.7827 -0.574221 1.91235       
11.1, 2.68159  2.23466  -0.787619 0 0.275901 0.0744998 -0.170963 -0.12 -1.15984 0.0847896 1.2056       5.87151  5.76859  0.492179 0 0 0.111666 0.106589 -0.0904693 0.762138 -0.485734 1.84489       
11.15, 2.77825  2.31521  -0.735485 0 0.278872 0.0729653 -0.17362 -0.12 -1.17295 0.0976647 1.18811       5.96818  5.88942  0.383665 0 0 0.112991 0.104295 -0.0969801 0.745398 -0.390835 1.77021       
11.2, 2.87492  2.39576  -0.678582 0 0.281069 0.0715407 -0.176088 -0.12 -1.18489 0.110477 1.17147       6.06484  6.01025  0.269556 0 0 0.113978 0.102584 -0.103827 0.73283 -0.291293 1.69064       
