0.3575 -0.0835 -0.5005 0.3575 -0.0835 -0.5005
0.3575 -0.0835 -0.5005 0.3575 -0.0835 -0.5005
-0.00942046 -0.0835 -0.5005 0.3575 -0.0835 -0.5005
0.724576 -0.0835 -0.5005 0.3575 -0.0835 -0.5005
0.640965 -0.0835 -0.5005 0.3575 -0.0835 -0.5005
0.00138624 -0.0835 -0.5005 0.3575 -0.0835 -0.5005
0.00138624 -0.0835 -0.5005 0.3575 -0.0835 -0.5005
0.00138624 -0.0835 -0.5005 0.3575 -0.0835 -0.5005
0.00138624 -0.0835 -0.5005 0.3575 -0.0835 -0.5005
0.00138624 -0.0835 -0.5005 0.3575 -0.0835 -0.5005
0.00138624 -0.0835 -0.5005 0.3575 -0.0835 -0.5005
0.00138624 -0.0835 -0.5005 0.3575 -0.0835 -0.5005
0.00138624 -0.0835 -0.5005 0.3575 -0.0835 -0.5005
0.00138624 -0.0835 -0.5005 0.3575 -0.0835 -0.5005
0.00138624 -0.0835 -0.5005 0.3575 -0.0835 -0.5005
0.00138624 -0.0835 -0.5005 0.3575 -0.0835 -0.5005
0.00138624 -0.0835 -0.5005 0.3575 -0.0835 -0.5005
0.00138624 -0.0835 -0.5005 0.3575 -0.0835 -0.5005
0.00138624 -0.512002 -0.5005 0.3575 -0.0835 -0.5005
0.00138624 0.345183 -0.5005 0.3575 -0.0835 -0.5005
0.00138624 0.247539 -0.5005 0.3575 -0.0835 -0.5005
0.00138624 -0.499381 -0.5005 0.3575 -0.0835 -0.5005
0.00138624 -0.499381 -0.5005 0.3575 -0.0835 -0.5005
0.00138624 -0.499381 -0.5005 0.3575 -0.0835 -0.5005
0.00138624 -0.499381 -0.5005 0.3575 -0.0835 -0.5005
0.711202 -0.499381 -0.5005 0.3575 -0.0835 -0.5005
0.711202 -0.499381 -0.5005 0.3575 -0.0835 -0.5005
0.711202 -0.499381 -0.5005 0.3575 -0.0835 -0.5005
0.711202 -0.499381 -0.5005 0.3575 -0.0835 -0.5005
0.711202 -0.499381 -0.5005 0.3575 -0.0835 -0.5005
0.708486 -0.499381 -0.5005 0.3575 -0.0835 -0.5005
0.704798 -0.499381 -0.5005 0.3575 -0.0835 -0.5005
0.699658 -0.499381 -0.5005 0.3575 -0.0835 -0.5005
0.692988 -0.499381 -0.5005 0.3575 -0.0835 -0.5005
0.682431 -0.499381 -0.86742 0.3575 -0.0835 -0.5005
0.666495 -0.499381 -0.133424 0.3575 -0.0835 -0.5005
0.642029 -0.499381 -0.217035 0.3575 -0.0835 -0.5005
0.604536 -0.499381 -0.856614 0.3575 -0.0835 -0.5005
0.548604 -0.499381 -0.856614 0.3575 -0.0835 -0.5005
0.471566 -0.499381 -0.856614 0.3575 -0.0835 -0.5005
0.377354 -0.499381 -0.856614 0.3575 -0.0835 -0.5005
0.278371 0.329565 -0.856614 0.3575 -0.0835 -0.5005
0.190134 0.329565 -0.856614 0.3575 -0.0835 -0.5005
0.122556 0.329565 -0.856614 0.3575 -0.0835 -0.5005
0.0764548 0.329565 -0.856614 0.3575 -0.0835 -0.5005
0.0470538 0.329565 -0.856614 0.3575 -0.0835 -0.5005
0.0287233 0.326393 -0.856614 0.3575 -0.0835 -0.5005
0.0171996 0.322085 -0.856614 0.3575 -0.0835 -0.5005
0.00977275 0.316083 -0.856614 0.3575 -0.0835 -0.5005
0.00483461 0.308294 -0.856614 0.3575 -0.0835 -0.5005
0.00144499 0.295965 -0.856614 -0.00942046 -0.0835 -0.5005
0.00143912 0.277354 -0.856614 0.724576 -0.0835 -0.5005
0.00143364 0.248782 -0.856614 0.640965 -0.0835 -0.5005
0.00142853 0.204996 -0.856614 0.00138624 -0.0835 -0.5005
0.00142376 0.139678 -0.856614 0.00138624 -0.0835 -0.5005
0.0314547 0.0497098 -0.856614 0.00138624 -0.0835 -0.5005
0.220569 -0.0603136 -0.856614 0.00138624 -0.0835 -0.5005
0.581668 -0.17591 -0.146798 0.00138624 -0.0835 -0.5005
0.690545 -0.278955 -0.146798 0.00138624 -0.0835 -0.5005
0.711225 -0.357876 -0.146798 0.00138624 -0.0835 -0.5005
0.709 -0.411714 -0.146798 0.00138624 -0.0835 -0.5005
0.706131 -0.446049 -0.146798 0.00138624 -0.0835 -0.5005
0.702368 -0.467456 -0.149514 0.00138624 -0.0835 -0.5005
0.697361 -0.480914 -0.153202 0.00138624 -0.0835 -0.5005
0.690602 -0.489587 -0.158342 0.00138624 -0.0835 -0.5005
0.681285 -0.495354 -0.165012 0.00138624 -0.0835 -0.5005
0.668269 -0.499312 -0.175569 0.00138624 -0.512002 -0.5005
0.649976 -0.499319 -0.191505 0.00138624 0.345183 -0.5005
0.622742 -0.499326 -0.215971 0.00138624 0.247539 -0.5005
0.584124 -0.499332 -0.253464 0.00138624 -0.499381 -0.5005
0.531345 -0.499337 -0.309396 0.00138624 -0.499381 -0.5005
0.463656 -0.464266 -0.386434 0.00138624 -0.499381 -0.5005
0.384249 -0.243412 -0.480646 0.00138624 -0.499381 -0.5005
0.300655 0.178291 -0.579629 0.711202 -0.499381 -0.5005
0.222362 0.30544 -0.667866 0.711202 -0.499381 -0.5005
0.156861 0.329592 -0.735444 0.711202 -0.499381 -0.5005
0.107078 0.326993 -0.781545 0.711202 -0.499381 -0.5005
0.071777 0.323643 -0.810946 0.711202 -0.499381 -0.5005
0.047722 0.319248 -0.829277 0.708486 -0.499381 -0.5005
0.0315565 0.3134 -0.8408 0.704798 -0.499381 -0.5005
0.0206428 0.305507 -0.848227 0.699658 -0.499381 -0.5005
0.0131584 0.294626 -0.853165 0.692988 -0.499381 -0.5005
0.00791703 0.279426 -0.856555 0.682431 -0.499381 -0.86742
0.00416243 0.258063 -0.856561 0.666495 -0.499381 -0.133424
0.00141234 0.226258 -0.856566 0.642029 -0.499381 -0.217035
0.00140809 0.181158 -0.856571 0.604536 -0.499381 -0.856614
0.0313787 0.119522 -0.856576 0.548604 -0.499381 -0.856614
0.220167 0.0404721 -0.826545 0.471566 -0.499381 -0.856614
0.581398 -0.0522614 -0.637431 0.377354 -0.499381 -0.856614
0.69049 -0.149885 -0.276332 0.278371 0.329565 -0.856614
0.711209 -0.241318 -0.167455 0.190134 0.329565 -0.856614
0.709077 -0.317813 -0.146775 0.122556 0.329565 -0.856614
0.706357 -0.375951 -0.149 0.0764548 0.329565 -0.856614
0.70287 -0.417176 -0.151869 0.0470538 0.329565 -0.856614
0.698298 -0.445269 -0.155632 0.0287233 0.326393 -0.856614
0.692211 -0.464147 -0.160639 0.0171996 0.322085 -0.856614
0.683994 -0.476893 -0.167398 0.00977275 0.316083 -0.856614
0.672788 -0.485633 -0.176715 0.00483461 0.308294 -0.856614
0.656355 -0.491754 -0.189731 0.00144499 0.295965 -0.856614
0.633037 -0.496139 -0.208024 0.00143912 0.277354 -0.856614
0.60019 -0.499351 -0.235258 0.00143364 0.248782 -0.856614
0.555106 -0.499356 -0.273876 0.00142853 0.204996 -0.856614
0.496165 -0.464355 -0.326655 0.00142376 0.139678 -0.856614
0.424502 -0.243882 -0.394344 0.0314547 0.0497098 -0.856614
0.345091 0.177976 -0.473751 0.220569 -0.0603136 -0.856614
0.265901 0.305377 -0.557345 0.581668 -0.17591 -0.146798
0.195017 0.329573 -0.635638 0.690545 -0.278955 -0.146798
0.137575 0.327082 -0.701139 0.711225 -0.357876 -0.146798
0.0946216 0.323907 -0.750922 0.709 -0.411714 -0.146798
0.0642216 0.319834 -0.786223 0.706131 -0.446049 -0.146798
0.0433226 0.314495 -0.810278 0.702368 -0.467456 -0.149514
0.0290655 0.307386 -0.826443 0.697361 -0.480914 -0.153202
0.0192702 0.297791 -0.837357 0.690602 -0.489587 -0.158342
0.0124337 0.284704 -0.844842 0.681285 -0.495354 -0.165012
0.00756705 0.265513 -0.850083 0.668269 -0.499312 -0.175569
0.00402925 0.23828 -0.853838 0.649976 -0.499319 -0.191505
0.0313787 0.199921 -0.856588 0.622742 -0.499326 -0.215971
0.220167 0.14727 -0.856592 0.584124 -0.499332 -0.253464
0.581398 0.0784373 -0.826621 0.531345 -0.499337 -0.309396
0.69049 -0.00525295 -0.637833 0.463656 -0.464266 -0.386434
0.711209 -0.0979914 -0.276602 0.384249 -0.243412 -0.480646
0.70898 -0.190473 -0.16751 0.300655 0.178291 -0.579629
0.706109 -0.273253 -0.146791 0.222362 0.30544 -0.667866
0.702346 -0.340336 -0.148923 0.156861 0.329592 -0.735444
0.697361 -0.390498 -0.151643 0.107078 0.326993 -0.781545
0.690602 -0.426 -0.15513 0.071777 0.323643 -0.810946
0.681285 -0.450406 -0.159702 0.047722 0.319248 -0.829277
0.668269 -0.467056 -0.165789 0.0315565 0.3134 -0.8408
0.649976 -0.478496 -0.174006 0.0206428 0.305507 -0.848227
0.622751 -0.48648 -0.185212 0.0131584 0.294626 -0.853165
0.584145 -0.492163 -0.201645 0.00791703 0.279426 -0.856555
0.531383 -0.496295 -0.224963 0.00416243 0.258063 -0.856561
0.463713 -0.464355 -0.25781 0.00141234 0.226258 -0.856566
0.384322 -0.243882 -0.302894 0.00140809 0.181158 -0.856571
0.300734 0.177976 -0.361835 0.0313787 0.119522 -0.856576
0.222436 0.305377 -0.433498 0.220167 0.0404721 -0.826545
0.156923 0.329573 -0.512909 0.581398 -0.0522614 -0.637431
0.107124 0.32697 -0.592099 0.69049 -0.149885 -0.276332
0.0718102 0.323616 -0.662983 0.711209 -0.241318 -0.167455
0.0477449 0.319223 -0.720425 0.709077 -0.317813 -0.146775
0.0315721 0.3134 -0.763378 0.706357 -0.375951 -0.149
0.0206536 0.305507 -0.793778 0.70287 -0.417176 -0.151869
0.013166 0.294626 -0.814677 0.698298 -0.445269 -0.155632
0.00792245 0.279426 -0.828935 0.692211 -0.464147 -0.160639
0.0041664 0.258063 -0.83873 0.683994 -0.476893 -0.167398
0.00141531 0.226268 -0.845566 0.672788 -0.485633 -0.176715
0.001411 0.181183 -0.850433 0.656355 -0.491754 -0.189731
0.0313929 0.119567 -0.853971 0.633037 -0.496139 -0.208024
0.220243 0.0405389 -0.826621 0.60019 -0.499351 -0.235258
0.58145 -0.0521769 -0.637833 0.555106 -0.499356 -0.273876
0.690501 -0.149793 -0.276602 0.496165 -0.464355 -0.326655
0.711212 -0.241232 -0.16751 0.424502 -0.243882 -0.394344
0.70908 -0.317741 -0.146791 0.345091 0.177976 -0.473751
0.706361 -0.375897 -0.14902 0.265901 0.305377 -0.557345
0.70287 -0.417138 -0.151891 0.195017 0.329573 -0.635638
0.698298 -0.445242 -0.155654 0.137575 0.327082 -0.701139
0.692211 -0.464129 -0.160639 0.0946216 0.323907 -0.750922
0.683994 -0.47688 -0.167398 0.0642216 0.319834 -0.786223
0.672788 -0.485624 -0.176715 0.0433226 0.314495 -0.810278
0.656355 -0.491748 -0.189731 0.0290655 0.307386 -0.826443
0.633037 -0.496134 -0.208024 0.0192702 0.297791 -0.837357
0.60019 -0.499347 -0.235249 0.0124337 0.284704 -0.844842
0.555106 -0.499352 -0.273855 0.00756705 0.265513 -0.850083
0.496165 -0.464338 -0.326617 0.00402925 0.23828 -0.853838
0.424502 -0.243793 -0.394287 0.0313787 0.199921 -0.856588
0.345091 0.178036 -0.473678 0.220167 0.14727 -0.856592
0.265901 0.305389 -0.557266 0.581398 0.0784373 -0.826621
0.195017 0.329576 -0.635564 0.69049 -0.00525295 -0.637833
0.137575 0.327087 -0.701077 0.711209 -0.0979914 -0.276602
0.0946216 0.323912 -0.750876 0.70898 -0.190473 -0.16751
0.0642216 0.319834 -0.78619 0.706109 -0.273253 -0.146791
0.0433226 0.314495 -0.810255 0.702346 -0.340336 -0.148923
0.0290655 0.307386 -0.826428 0.697361 -0.390498 -0.151643
0.0192702 0.297791 -0.837346 0.690602 -0.426 -0.15513
0.0124337 0.284704 -0.844834 0.681285 -0.450406 -0.159702
0.00756705 0.265513 -0.850078 0.668269 -0.467056 -0.165789
0.00402925 0.23828 -0.853834 0.649976 -0.478496 -0.174006
0.0313787 0.199921 -0.856585 0.622751 -0.48648 -0.185212
0.220167 0.14727 -0.856589 0.584145 -0.492163 -0.201645
0.581398 0.0784373 -0.826607 0.531383 -0.496295 -0.224963
0.69049 -0.00525295 -0.637757 0.463713 -0.464355 -0.25781
0.711209 -0.0979914 -0.27655 0.384322 -0.243882 -0.302894
0.70898 -0.190473 -0.167499 0.300734 0.177976 -0.361835
0.706109 -0.273253 -0.146788 0.222436 0.305377 -0.433498
0.702346 -0.340336 -0.14892 0.156923 0.329573 -0.512909
0.697361 -0.390498 -0.151639 0.107124 0.32697 -0.592099
0.690602 -0.426 -0.15513 0.0718102 0.323616 -0.662983
0.681285 -0.450406 -0.159702 0.0477449 0.319223 -0.720425
0.668269 -0.467056 -0.165789 0.0315721 0.3134 -0.763378
0.649976 -0.478496 -0.174006 0.0206536 0.305507 -0.793778
0.622751 -0.48648 -0.185212 0.013166 0.294626 -0.814677
0.584145 -0.492163 -0.201645 0.00792245 0.279426 -0.828935
0.531383 -0.496295 -0.224963 0.0041664 0.258063 -0.83873
0.463713 -0.464355 -0.25781 0.00141531 0.226268 -0.845566
0.384322 -0.243882 -0.302894 0.001411 0.181183 -0.850433
0.300734 0.177976 -0.361835 0.0313929 0.119567 -0.853971
0.222436 0.305377 -0.433498 0.220243 0.0405389 -0.826621
0.156923 0.329573 -0.512909 0.58145 -0.0521769 -0.637833
0.107124 0.32697 -0.592099 0.690501 -0.149793 -0.276602
0.0718102 0.323616 -0.662983 0.711212 -0.241232 -0.16751
0.0477449 0.319223 -0.720425 0.70908 -0.317741 -0.146791
0.0315721 0.3134 -0.763378 0.706361 -0.375897 -0.14902
0.0206536 0.305507 -0.793778 0.70287 -0.417138 -0.151891
0.013166 0.294626 -0.814677 0.698298 -0.445242 -0.155654
0.00792245 0.279426 -0.828935 0.692211 -0.464129 -0.160639
0.0041664 0.258063 -0.83873 0.683994 -0.47688 -0.167398
0.00141531 0.226268 -0.845566 0.672788 -0.485624 -0.176715
0.001411 0.181183 -0.850433 0.656355 -0.491748 -0.189731
0.0313929 0.119567 -0.853971 0.633037 -0.496134 -0.208024
0.220243 0.0405389 -0.826621 0.60019 -0.499347 -0.235249
0.58145 -0.0521769 -0.637833 0.555106 -0.499352 -0.273855
0.690501 -0.149793 -0.276602 0.496165 -0.464338 -0.326617
0.709084 -0.241232 -0.16751 0.424502 -0.243793 -0.394287
0.706366 -0.317741 -0.146791 0.345091 0.178036 -0.473678
0.702842 -0.375897 -0.14902 0.265901 0.305389 -0.557266
0.698235 -0.417138 -0.151891 0.195017 0.329576 -0.635564
0.69209 -0.445242 -0.155654 0.137575 0.327087 -0.701077
0.683758 -0.464129 -0.160639 0.0946216 0.323912 -0.750876
0.672317 -0.47688 -0.167398 0.0642216 0.319834 -0.78619
0.656505 -0.485624 -0.176715 0.0433226 0.314495 -0.810255
0.633226 -0.491748 -0.189731 0.0290655 0.307386 -0.826428
0.600428 -0.496134 -0.208024 0.0192702 0.297791 -0.837346
0.555393 -0.499347 -0.235249 0.0124337 0.284704 -0.844834
0.496494 -0.499352 -0.273855 0.00756705 0.265513 -0.850078
0.42485 -0.464338 -0.326617 0.00402925 0.23828 -0.853834
0.345424 -0.243793 -0.394287 0.0313787 0.199921 -0.856585
0.266187 0.178036 -0.473678 0.220167 0.14727 -0.856589
0.19524 0.305389 -0.557266 0.581398 0.0784373 -0.826607
0.137733 0.327092 -0.635564 0.69049 -0.00525295 -0.637757
0.0947272 0.323917 -0.701077 0.711209 -0.0979914 -0.27655
0.0642894 0.319802 -0.750876 0.70898 -0.190473 -0.167499
0.0433657 0.314421 -0.78619 0.706109 -0.273253 -0.146788
0.0290929 0.307245 -0.810255 0.702346 -0.340336 -0.14892
0.0192879 0.297514 -0.826428 0.697361 -0.390498 -0.151639
0.0124455 0.284153 -0.837346 0.690602 -0.426 -0.15513
0.007575 0.265688 -0.844834 0.681285 -0.450406 -0.159702
0.00403477 0.238502 -0.850078 0.668269 -0.467056 -0.165789
0.00140809 0.200199 -0.853834 0.649976 -0.478496 -0.174006
0.0525145 0.147606 -0.856585 0.622751 -0.48648 -0.185212
0.421683 0.0788218 -0.856589 0.584145 -0.492163 -0.201645
0.678043 -0.00484693 -0.826607 0.531383 -0.496295 -0.224963
0.711212 -0.0976027 -0.637757 0.463713 -0.464355 -0.25781
0.711209 -0.190138 -0.27655 0.384322 -0.243882 -0.302894
0.709077 -0.272993 -0.167499 0.300734 0.177976 -0.361835
0.706357 -0.340151 -0.148916 0.222436 0.305377 -0.433498
0.702837 -0.390375 -0.151634 0.156923 0.329573 -0.512909
0.698235 -0.425921 -0.155158 0.107124 0.32697 -0.592099
0.69209 -0.450356 -0.159765 0.0718102 0.323616 -0.662983
0.683758 -0.467024 -0.16591 0.0477449 0.319223 -0.720425
0.672317 -0.478475 -0.174242 0.0315721 0.3134 -0.763378
0.656361 -0.486466 -0.185683 0.0206536 0.305507 -0.793778
0.633051 -0.492154 -0.201495 0.013166 0.294626 -0.814677
0.600217 -0.496288 -0.224774 0.00792245 0.279426 -0.828935
0.555148 -0.499356 -0.257572 0.0041664 0.258063 -0.83873
0.496226 -0.439672 -0.302607 0.00141531 0.226268 -0.845566
0.42458 -0.00854514 -0.361506 0.001411 0.181183 -0.850433
0.345178 0.290841 -0.43315 0.0313929 0.119567 -0.853971
0.265986 0.329577 -0.512576 0.220243 0.0405389 -0.826621
0.195092 0.329573 -0.591813 0.58145 -0.0521769 -0.637833
0.137634 0.327082 -0.66276 0.690501 -0.149793 -0.276602
0.0946652 0.323907 -0.720267 0.709084 -0.241232 -0.16751
0.0642522 0.319795 -0.763273 0.706366 -0.317741 -0.146791
0.0433437 0.314421 -0.793711 0.702842 -0.375897 -0.14902
0.02908 0.307245 -0.814634 0.698235 -0.417138 -0.151891
0.0192802 0.297514 -0.828907 0.69209 -0.445242 -0.155654
0.0124408 0.284153 -0.838712 0.683758 -0.464129 -0.160639
0.00757218 0.265519 -0.845555 0.672317 -0.47688 -0.167398
0.00403302 0.238297 -0.850425 0.656505 -0.485624 -0.176715
0.0313929 0.199952 -0.853965 0.633226 -0.491748 -0.189731
0.220243 0.14732 -0.856592 0.600428 -0.496134 -0.208024
0.58145 0.0785089 -0.805486 0.555393 -0.499347 -0.235249
0.690501 -0.00516209 -0.436317 0.496494 -0.499352 -0.273855
0.711212 -0.0978898 -0.179957 0.42485 -0.464338 -0.326617
0.708984 -0.190373 -0.146788 0.345424 -0.243793 -0.394287
0.706113 -0.273165 -0.146791 0.266187 0.178036 -0.473678
0.702346 -0.340267 -0.148923 0.19524 0.305389 -0.557266
0.697375 -0.390447 -0.151643 0.137733 0.327092 -0.635564
0.690659 -0.425964 -0.155163 0.0947272 0.323917 -0.701077
0.681466 -0.450382 -0.159765 0.0642894 0.319802 -0.750876
0.668783 -0.467039 -0.16591 0.0433657 0.314421 -0.78619
0.649976 -0.478484 -0.174242 0.0290929 0.307245 -0.810255
0.622751 -0.486471 -0.185683 0.0192879 0.297514 -0.826428
0.584145 -0.492157 -0.201639 0.0124455 0.284153 -0.837346
0.531383 -0.49629 -0.224949 0.007575 0.265688 -0.844834
0.463713 -0.464338 -0.257783 0.00403477 0.238502 -0.850078
0.384322 -0.243793 -0.302852 0.00140809 0.200199 -0.853834
0.300734 0.178036 -0.361774 0.0525145 0.147606 -0.856585
0.222436 0.305389 -0.43342 0.421683 0.0788218 -0.856589
0.156923 0.329576 -0.512822 0.678043 -0.00484693 -0.826607
0.107124 0.326975 -0.592014 0.711212 -0.0976027 -0.637757
0.0718102 0.323621 -0.662908 0.711209 -0.190138 -0.27655
0.0477449 0.319223 -0.720366 0.709077 -0.272993 -0.167499
0.0315721 0.313417 -0.763335 0.706357 -0.340151 -0.148916
0.0206536 0.305574 -0.793748 0.702837 -0.390375 -0.151634
0.013166 0.294837 -0.814656 0.698235 -0.425921 -0.155158
0.00792245 0.280026 -0.82892 0.69209 -0.450356 -0.159765
0.0041664 0.258063 -0.83872 0.683758 -0.467024 -0.16591
0.00141531 0.226268 -0.845559 0.672317 -0.478475 -0.174242
0.001411 0.181183 -0.850428 0.656361 -0.486466 -0.185683
0.0313929 0.119567 -0.853967 0.633051 -0.492154 -0.201495
0.220243 0.0405389 -0.826607 0.600217 -0.496288 -0.224774
0.58145 -0.0521769 -0.637757 0.555148 -0.499356 -0.257572
0.690501 -0.149793 -0.27655 0.496226 -0.439672 -0.302607
0.711212 -0.241232 -0.167499 0.42458 -0.00854514 -0.361506
0.70908 -0.317741 -0.146788 0.345178 0.290841 -0.43315
0.706361 -0.375897 -0.149016 0.265986 0.329577 -0.512576
0.70287 -0.417138 -0.151887 0.195092 0.329573 -0.591813
0.698298 -0.445242 -0.155654 0.137634 0.327082 -0.66276
0.692211 -0.464129 -0.160625 0.0946652 0.323907 -0.720267
0.683994 -0.47688 -0.167341 0.0642522 0.319795 -0.763273
0.672788 -0.485624 -0.176534 0.0433437 0.314421 -0.793711
0.656355 -0.491748 -0.189217 0.02908 0.307245 -0.814634
0.633037 -0.496134 -0.208024 0.0192802 0.297514 -0.828907
0.60019 -0.499347 -0.235249 0.0124408 0.284153 -0.838712
0.555106 -0.499352 -0.273855 0.00757218 0.265519 -0.845555
0.496165 -0.464338 -0.326617 0.00403302 0.238297 -0.850425
0.424502 -0.243793 -0.394287 0.0313929 0.199952 -0.853965
0.345091 0.178036 -0.473678 0.220243 0.14732 -0.856592
0.265901 0.305389 -0.557266 0.58145 0.0785089 -0.805486
0.195017 0.329576 -0.635564 0.690501 -0.00516209 -0.436317
0.137575 0.327087 -0.701077 0.711212 -0.0978898 -0.179957
0.0946216 0.323912 -0.750876 0.708984 -0.190373 -0.146788
0.0642216 0.319834 -0.78619 0.706113 -0.273165 -0.146791
0.0433226 0.314495 -0.810255 0.702346 -0.340267 -0.148923
0.0290655 0.307386 -0.826428 0.697375 -0.390447 -0.151643
0.0192702 0.297791 -0.837346 0.690659 -0.425964 -0.155163
0.0124337 0.284704 -0.844834 0.681466 -0.450382 -0.159765
0.00756705 0.265513 -0.850078 0.668783 -0.467039 -0.16591
0.00402925 0.23828 -0.853834 0.649976 -0.478484 -0.174242
0.0313787 0.199921 -0.856585 0.622751 -0.486471 -0.185683
0.220167 0.14727 -0.856589 0.584145 -0.492157 -0.201639
0.581398 0.0784373 -0.826607 0.531383 -0.49629 -0.224949
0.69049 -0.00525295 -0.637757 0.463713 -0.464338 -0.257783
0.711209 -0.0979914 -0.27655 0.384322 -0.243793 -0.302852
0.70898 -0.190473 -0.167499 0.300734 0.178036 -0.361774
0.706109 -0.273253 -0.146788 0.222436 0.305389 -0.43342
0.702346 -0.340336 -0.14892 0.156923 0.329576 -0.512822
0.697361 -0.390498 -0.151639 0.107124 0.326975 -0.592014
0.690602 -0.426 -0.15513 0.0718102 0.323621 -0.662908
0.681285 -0.450406 -0.159702 0.0477449 0.319223 -0.720366
0.668269 -0.467056 -0.165789 0.0315721 0.313417 -0.763335
0.649976 -0.478496 -0.174006 0.0206536 0.305574 -0.793748
0.622751 -0.48648 -0.185212 0.013166 0.294837 -0.814656
0.584145 -0.492163 -0.201645 0.00792245 0.280026 -0.82892
0.531383 -0.496295 -0.224963 0.0041664 0.258063 -0.83872
0.463713 -0.464355 -0.25781 0.00141531 0.226268 -0.845559
0.384322 -0.243882 -0.302894 0.001411 0.181183 -0.850428
0.300734 0.177976 -0.361835 0.0313929 0.119567 -0.853967
0.222436 0.305377 -0.433498 0.220243 0.0405389 -0.826607
0.156923 0.329573 -0.512909 0.58145 -0.0521769 -0.637757
0.107124 0.32697 -0.592099 0.690501 -0.149793 -0.27655
0.0718102 0.323616 -0.662983 0.711212 -0.241232 -0.167499
0.0477449 0.319223 -0.720425 0.70908 -0.317741 -0.146788
0.0315721 0.3134 -0.763378 0.706361 -0.375897 -0.149016
0.0206536 0.305507 -0.793778 0.70287 -0.417138 -0.151887
0.013166 0.294626 -0.814677 0.698298 -0.445242 -0.155654
0.00792245 0.279426 -0.828935 0.692211 -0.464129 -0.160625
0.0041664 0.258063 -0.83873 0.683994 -0.47688 -0.167341
0.00141531 0.226268 -0.845566 0.672788 -0.485624 -0.176534
0.001411 0.181183 -0.850433 0.656355 -0.491748 -0.189217
0.0313929 0.119567 -0.853971 0.633037 -0.496134 -0.208024
0.220243 0.0405389 -0.826621 0.60019 -0.499347 -0.235249
0.58145 -0.0521769 -0.637833 0.555106 -0.499352 -0.273855
0.690501 -0.149793 -0.276602 0.496165 -0.464338 -0.326617
0.711212 -0.241232 -0.16751 0.424502 -0.243793 -0.394287
0.70908 -0.317741 -0.146791 0.345091 0.178036 -0.473678
0.706361 -0.375897 -0.14902 0.265901 0.305389 -0.557266
0.70287 -0.417138 -0.151891 0.195017 0.329576 -0.635564
0.698298 -0.445242 -0.155654 0.137575 0.327087 -0.701077
0.692211 -0.464129 -0.160639 0.0946216 0.323912 -0.750876
0.683994 -0.47688 -0.167398 0.0642216 0.319834 -0.78619
0.672788 -0.485624 -0.176715 0.0433226 0.314495 -0.810255
0.656355 -0.491748 -0.189731 0.0290655 0.307386 -0.826428
0.633037 -0.496134 -0.208024 0.0192702 0.297791 -0.837346
0.60019 -0.499347 -0.235249 0.0124337 0.284704 -0.844834
0.555106 -0.499352 -0.273855 0.00756705 0.265513 -0.850078
0.496165 -0.464338 -0.326617 0.00402925 0.23828 -0.853834
0.424502 -0.243793 -0.394287 0.0313787 0.199921 -0.856585
0.345091 0.178036 -0.473678 0.220167 0.14727 -0.856589
0.265901 0.305389 -0.557266 0.581398 0.0784373 -0.826607
0.195017 0.329576 -0.635564 0.69049 -0.00525295 -0.637757
0.137575 0.327087 -0.701077 0.711209 -0.0979914 -0.27655
0.0946216 0.323912 -0.750876 0.70898 -0.190473 -0.167499
0.0642216 0.319834 -0.78619 0.706109 -0.273253 -0.146788
0.0433226 0.314495 -0.810255 0.702346 -0.340336 -0.14892
0.0290655 0.307386 -0.826428 0.697361 -0.390498 -0.151639
0.0192702 0.297791 -0.837346 0.690602 -0.426 -0.15513
0.0124337 0.284704 -0.844834 0.681285 -0.450406 -0.159702
0.00756705 0.265513 -0.850078 0.668269 -0.467056 -0.165789
0.00402925 0.23828 -0.853834 0.649976 -0.478496 -0.174006
0.0313787 0.199921 -0.856585 0.622751 -0.48648 -0.185212
0.220167 0.14727 -0.856589 0.584145 -0.492163 -0.201645
0.581398 0.0784373 -0.826607 0.531383 -0.496295 -0.224963
0.69049 -0.00525295 -0.637757 0.463713 -0.464355 -0.25781
0.711209 -0.0979914 -0.27655 0.384322 -0.243882 -0.302894
0.70898 -0.190473 -0.167499 0.300734 0.177976 -0.361835
0.706109 -0.273253 -0.146788 0.222436 0.305377 -0.433498
0.702346 -0.340336 -0.14892 0.156923 0.329573 -0.512909
0.697361 -0.390498 -0.151639 0.107124 0.32697 -0.592099
0.690602 -0.426 -0.15513 0.0718102 0.323616 -0.662983
0.681285 -0.450406 -0.159702 0.0477449 0.319223 -0.720425
0.668269 -0.467056 -0.165789 0.0315721 0.3134 -0.763378
0.649976 -0.478496 -0.174006 0.0206536 0.305507 -0.793778
0.622751 -0.48648 -0.185212 0.013166 0.294626 -0.814677
0.584145 -0.492163 -0.201645 0.00792245 0.279426 -0.828935
0.531383 -0.496295 -0.224963 0.0041664 0.258063 -0.83873
0.463713 -0.464355 -0.25781 0.00141531 0.226268 -0.845566
0.384322 -0.243882 -0.302894 0.001411 0.181183 -0.850433
0.300734 0.177976 -0.361835 0.0313929 0.119567 -0.853971
0.222436 0.305377 -0.433498 0.220243 0.0405389 -0.826621
0.156923 0.329573 -0.512909 0.58145 -0.0521769 -0.637833
0.107124 0.32697 -0.592099 0.690501 -0.149793 -0.276602
0.0718102 0.323616 -0.662983 0.711212 -0.241232 -0.16751
0.0477449 0.319223 -0.720425 0.70908 -0.317741 -0.146791
0.0315721 0.3134 -0.763378 0.706361 -0.375897 -0.14902
0.0206536 0.305507 -0.793778 0.70287 -0.417138 -0.151891
0.013166 0.294626 -0.814677 0.698298 -0.445242 -0.155654
0.00792245 0.279426 -0.828935 0.692211 -0.464129 -0.160639
0.0041664 0.258063 -0.83873 0.683994 -0.47688 -0.167398
0.00141531 0.226268 -0.845566 0.672788 -0.485624 -0.176715
0.001411 0.181183 -0.850433 0.656355 -0.491748 -0.189731
0.0313929 0.119567 -0.853971 0.633037 -0.496134 -0.208024
0.220243 0.0405389 -0.826621 0.60019 -0.499347 -0.235249
0.58145 -0.0521769 -0.637833 0.555106 -0.499352 -0.273855
0.690501 -0.149793 -0.276602 0.496165 -0.464338 -0.326617
0.709084 -0.241232 -0.16751 0.424502 -0.243793 -0.394287
0.706366 -0.317741 -0.146791 0.345091 0.178036 -0.473678
0.702842 -0.375897 -0.14902 0.265901 0.305389 -0.557266
0.698235 -0.417138 -0.151891 0.195017 0.329576 -0.635564
0.69209 -0.445242 -0.155654 0.137575 0.327087 -0.701077
0.683758 -0.464129 -0.160639 0.0946216 0.323912 -0.750876
0.672317 -0.47688 -0.167398 0.0642216 0.319834 -0.78619
0.656505 -0.485624 -0.176715 0.0433226 0.314495 -0.810255
0.633226 -0.491748 -0.189731 0.0290655 0.307386 -0.826428
0.600428 -0.496134 -0.208024 0.0192702 0.297791 -0.837346
0.555393 -0.499347 -0.235249 0.0124337 0.284704 -0.844834
0.496494 -0.499352 -0.273855 0.00756705 0.265513 -0.850078
0.42485 -0.464338 -0.326617 0.00402925 0.23828 -0.853834
0.345424 -0.243793 -0.394287 0.0313787 0.199921 -0.856585
0.266187 0.178036 -0.473678 0.220167 0.14727 -0.856589
0.19524 0.305389 -0.557266 0.581398 0.0784373 -0.826607
0.137733 0.327092 -0.635564 0.69049 -0.00525295 -0.637757
0.0947272 0.323917 -0.701077 0.711209 -0.0979914 -0.27655
0.0642894 0.319802 -0.750876 0.70898 -0.190473 -0.167499
0.0433657 0.314421 -0.78619 0.706109 -0.273253 -0.146788
0.0290929 0.307245 -0.810255 0.702346 -0.340336 -0.14892
0.0192879 0.297514 -0.826428 0.697361 -0.390498 -0.151639
0.0124455 0.284153 -0.837346 0.690602 -0.426 -0.15513
0.007575 0.265688 -0.844834 0.681285 -0.450406 -0.159702
0.00403477 0.238502 -0.850078 0.668269 -0.467056 -0.165789
0.00140809 0.200199 -0.853834 0.649976 -0.478496 -0.174006
0.0525145 0.147606 -0.856585 0.622751 -0.48648 -0.185212
0.421683 0.0788218 -0.856589 0.584145 -0.492163 -0.201645
0.678043 -0.00484693 -0.826607 0.531383 -0.496295 -0.224963
0.711212 -0.0976027 -0.637757 0.463713 -0.464355 -0.25781
0.711209 -0.190138 -0.27655 0.384322 -0.243882 -0.302894
0.709077 -0.272993 -0.167499 0.300734 0.177976 -0.361835
0.706357 -0.340151 -0.148916 0.222436 0.305377 -0.433498
0.702837 -0.390375 -0.151634 0.156923 0.329573 -0.512909
0.698235 -0.425921 -0.155158 0.107124 0.32697 -0.592099
0.69209 -0.450356 -0.159765 0.0718102 0.323616 -0.662983
0.683758 -0.467024 -0.16591 0.0477449 0.319223 -0.720425
0.672317 -0.478475 -0.174242 0.0315721 0.3134 -0.763378
0.656361 -0.486466 -0.185683 0.0206536 0.305507 -0.793778
0.633051 -0.492154 -0.201495 0.013166 0.294626 -0.814677
0.600217 -0.496288 -0.224774 0.00792245 0.279426 -0.828935
0.555148 -0.499356 -0.257572 0.0041664 0.258063 -0.83873
0.496226 -0.439672 -0.302607 0.00141531 0.226268 -0.845566
0.42458 -0.00854514 -0.361506 0.001411 0.181183 -0.850433
0.345178 0.290841 -0.43315 0.0313929 0.119567 -0.853971
0.265986 0.329577 -0.512576 0.220243 0.0405389 -0.826621
0.195092 0.329573 -0.591813 0.58145 -0.0521769 -0.637833
0.137634 0.327082 -0.66276 0.690501 -0.149793 -0.276602
0.0946652 0.323907 -0.720267 0.709084 -0.241232 -0.16751
0.0642522 0.319795 -0.763273 0.706366 -0.317741 -0.146791
0.0433437 0.314421 -0.793711 0.702842 -0.375897 -0.14902
0.02908 0.307245 -0.814634 0.698235 -0.417138 -0.151891
0.0192802 0.297514 -0.828907 0.69209 -0.445242 -0.155654
0.0124408 0.284153 -0.838712 0.683758 -0.464129 -0.160639
0.00757218 0.265519 -0.845555 0.672317 -0.47688 -0.167398
0.00403302 0.238297 -0.850425 0.656505 -0.485624 -0.176715
0.0313929 0.199952 -0.853965 0.633226 -0.491748 -0.189731
0.220243 0.14732 -0.856592 0.600428 -0.496134 -0.208024
0.58145 0.0785089 -0.805486 0.555393 -0.499347 -0.235249
0.690501 -0.00516209 -0.436317 0.496494 -0.499352 -0.273855
0.711212 -0.0978898 -0.179957 0.42485 -0.464338 -0.326617
0.708984 -0.190373 -0.146788 0.345424 -0.243793 -0.394287
0.706113 -0.273165 -0.146791 0.266187 0.178036 -0.473678
0.702346 -0.340267 -0.148923 0.19524 0.305389 -0.557266
0.697375 -0.390447 -0.151643 0.137733 0.327092 -0.635564
0.690659 -0.425964 -0.155163 0.0947272 0.323917 -0.701077
0.681466 -0.450382 -0.159765 0.0642894 0.319802 -0.750876
0.668783 -0.467039 -0.16591 0.0433657 0.314421 -0.78619
0.649976 -0.478484 -0.174242 0.0290929 0.307245 -0.810255
0.622751 -0.486471 -0.185683 0.0192879 0.297514 -0.826428
0.584145 -0.492157 -0.201639 0.0124455 0.284153 -0.837346
0.531383 -0.49629 -0.224949 0.007575 0.265688 -0.844834
0.463713 -0.464338 -0.257783 0.00403477 0.238502 -0.850078
0.384322 -0.243793 -0.302852 0.00140809 0.200199 -0.853834
0.300734 0.178036 -0.361774 0.0525145 0.147606 -0.856585
0.222436 0.305389 -0.43342 0.421683 0.0788218 -0.856589
0.156923 0.329576 -0.512822 0.678043 -0.00484693 -0.826607
0.107124 0.326975 -0.592014 0.711212 -0.0976027 -0.637757
0.0718102 0.323621 -0.662908 0.711209 -0.190138 -0.27655
0.0477449 0.319223 -0.720366 0.709077 -0.272993 -0.167499
0.0315721 0.313417 -0.763335 0.706357 -0.340151 -0.148916
0.0206536 0.305574 -0.793748 0.702837 -0.390375 -0.151634
0.013166 0.294837 -0.814656 0.698235 -0.425921 -0.155158
0.00792245 0.280026 -0.82892 0.69209 -0.450356 -0.159765
0.0041664 0.258063 -0.83872 0.683758 -0.467024 -0.16591
0.00141531 0.226268 -0.845559 0.672317 -0.478475 -0.174242
0.001411 0.181183 -0.850428 0.656361 -0.486466 -0.185683
0.0313929 0.119567 -0.853967 0.633051 -0.492154 -0.201495
0.220243 0.0405389 -0.826607 0.600217 -0.496288 -0.224774
0.58145 -0.0521769 -0.637757 0.555148 -0.499356 -0.257572
0.690501 -0.149793 -0.27655 0.496226 -0.439672 -0.302607
0.711212 -0.241232 -0.167499 0.42458 -0.00854514 -0.361506
0.70908 -0.317741 -0.146788 0.345178 0.290841 -0.43315
0.706361 -0.375897 -0.149016 0.265986 0.329577 -0.512576
0.70287 -0.417138 -0.151887 0.195092 0.329573 -0.591813
0.698298 -0.445242 -0.155654 0.137634 0.327082 -0.66276
0.692211 -0.464129 -0.160625 0.0946652 0.323907 -0.720267
0.683994 -0.47688 -0.167341 0.0642522 0.319795 -0.763273
0.672788 -0.485624 -0.176534 0.0433437 0.314421 -0.793711
