0.3575 -0.0835 -0.5005 0.3575 -0.0835 -0.5005
0.3575 -0.0835 -0.5005 0.3575 -0.0835 -0.5005
-0.00942046 -0.0835 -0.5005 0.3575 -0.0835 -0.5005
0.724576 -0.0835 -0.5005 0.3575 -0.0835 -0.5005
0.640965 -0.0835 -0.5005 0.3575 -0.0835 -0.5005
0.00138624 -0.0835 -0.5005 0.3575 -0.0835 -0.5005
0.00138624 -0.0835 -0.5005 0.3575 -0.0835 -0.5005
0.00138624 -0.0835 -0.5005 0.3575 -0.0835 -0.5005
0.00138624 -0.0835 -0.5005 0.3575 -0.0835 -0.5005
0.00138624 -0.0835 -0.5005 0.3575 -0.0835 -0.5005
0.00138624 -0.0835 -0.5005 0.3575 -0.0835 -0.5005
0.00138624 -0.0835 -0.5005 0.3575 -0.0835 -0.5005
0.00138624 -0.0835 -0.5005 0.3575 -0.0835 -0.5005
0.00138624 -0.0835 -0.5005 0.3575 -0.0835 -0.5005
0.00138624 -0.0835 -0.5005 0.3575 -0.0835 -0.5005
0.00138624 -0.0835 -0.5005 0.3575 -0.0835 -0.5005
0.00138624 -0.0835 -0.5005 0.3575 -0.0835 -0.5005
0.00138624 -0.0835 -0.5005 0.3575 -0.0835 -0.5005
0.00138624 -0.512002 -0.5005 0.3575 -0.0835 -0.5005
0.00138624 0.345183 -0.5005 0.3575 -0.0835 -0.5005
0.00138624 0.247539 -0.5005 0.3575 -0.0835 -0.5005
0.00138624 -0.499381 -0.5005 0.3575 -0.0835 -0.5005
0.00138624 -0.499381 -0.5005 0.3575 -0.0835 -0.5005
0.00138624 -0.499381 -0.5005 0.3575 -0.0835 -0.5005
0.00138624 -0.499381 -0.5005 0.3575 -0.0835 -0.5005
0.00138624 -0.499381 -0.5005 0.3575 -0.0835 -0.5005
0.00138624 -0.499381 -0.5005 0.3575 -0.0835 -0.5005
0.00138624 -0.499381 -0.5005 0.3575 -0.0835 -0.5005
0.00138624 -0.499381 -0.5005 0.3575 -0.0835 -0.5005
0.00138624 -0.499381 -0.5005 0.3575 -0.0835 -0.5005
0.00138624 -0.499381 -0.5005 0.3575 -0.0835 -0.5005
0.00138624 -0.499381 -0.5005 0.3575 -0.0835 -0.5005
0.00138624 -0.499381 -0.5005 0.3575 -0.0835 -0.5005
0.00138624 -0.499381 -0.5005 0.3575 -0.0835 -0.5005
0.00138624 -0.499381 -0.86742 0.3575 -0.0835 -0.5005
0.00138624 -0.499381 -0.133424 0.3575 -0.0835 -0.5005
0.00138624 -0.499381 -0.217035 0.3575 -0.0835 -0.5005
0.00138624 -0.499381 -0.856614 0.3575 -0.0835 -0.5005
0.00138624 -0.499381 -0.856614 0.3575 -0.0835 -0.5005
0.00138624 -0.499381 -0.856614 0.3575 -0.0835 -0.5005
0.00138624 -0.499381 -0.856614 0.3575 -0.0835 -0.5005
0.00138624 -0.499381 -0.856614 0.3575 -0.0835 -0.5005
0.00138624 -0.499381 -0.856614 0.3575 -0.0835 -0.5005
0.711202 -0.499381 -0.856614 0.3575 -0.0835 -0.5005
0.711202 -0.499381 -0.856614 0.3575 -0.0835 -0.5005
0.711202 -0.499381 -0.856614 0.3575 -0.0835 -0.5005
0.711202 -0.499381 -0.856614 0.3575 -0.0835 -0.5005
0.711202 -0.499381 -0.856614 0.3575 -0.0835 -0.5005
0.711202 -0.499381 -0.856614 0.3575 -0.0835 -0.5005
0.711202 -0.499381 -0.856614 0.3575 -0.0835 -0.5005
0.711202 -0.499381 -0.856614 -0.00942046 -0.0835 -0.5005
0.711202 -0.499381 -0.856614 0.724576 -0.0835 -0.5005
0.711202 -0.499381 -0.856614 0.640965 -0.0835 -0.5005
0.709839 -0.499381 -0.856614 0.00138624 -0.0835 -0.5005
0.708242 -0.499381 -0.856614 0.00138624 -0.0835 -0.5005
0.706357 -0.499381 -0.856614 0.00138624 -0.0835 -0.5005
0.704117 -0.499381 -0.856614 0.00138624 -0.0835 -0.5005
0.701433 -0.499381 -0.856614 0.00138624 -0.0835 -0.5005
0.698733 -0.499381 -0.856614 0.00138624 -0.0835 -0.5005
0.694889 0.329565 -0.856614 0.00138624 -0.0835 -0.5005
0.690174 0.329565 -0.856614 0.00138624 -0.0835 -0.5005
0.684344 0.329565 -0.856614 0.00138624 -0.0835 -0.5005
0.677081 0.329565 -0.856614 0.00138624 -0.0835 -0.5005
0.667975 0.329565 -0.856614 0.00138624 -0.0835 -0.5005
0.656505 0.329565 -0.856614 0.00138624 -0.0835 -0.5005
0.642029 0.329565 -0.856614 0.00138624 -0.0835 -0.5005
0.62379 0.329565 -0.856614 0.00138624 -0.512002 -0.5005
0.600962 0.329565 -0.856614 0.00138624 0.345183 -0.5005
0.572583 0.329565 -0.856614 0.00138624 0.247539 -0.5005
0.538154 0.327973 -0.856614 0.00138624 -0.499381 -0.5005
0.497487 0.326108 -0.856614 0.00138624 -0.499381 -0.5005
0.451052 0.323907 -0.856614 0.00138624 -0.499381 -0.5005
0.400117 0.32129 -0.856614 0.00138624 -0.499381 -0.5005
0.346697 0.318156 -0.856614 0.00138624 -0.499381 -0.5005
0.293293 0.315003 -0.856614 0.00138624 -0.499381 -0.5005
0.242448 0.310514 -0.146798 0.00138624 -0.499381 -0.5005
0.196281 0.305008 -0.146798 0.00138624 -0.499381 -0.5005
0.156153 0.298199 -0.146798 0.00138624 -0.499381 -0.5005
0.122572 0.289717 -0.146798 0.00138624 -0.499381 -0.5005
0.0953155 0.279083 -0.146798 0.00138624 -0.499381 -0.5005
0.0736859 0.265688 -0.146798 0.00138624 -0.499381 -0.5005
0.0567716 0.248782 -0.146798 0.00138624 -0.499381 -0.5005
0.0436454 0.227483 -0.146798 0.00138624 -0.499381 -0.86742
0.0334784 0.200822 -0.146798 0.00138624 -0.499381 -0.133424
0.0255842 0.167681 -0.146798 0.00138624 -0.499381 -0.217035
0.0194206 0.127473 -0.148161 0.00138624 -0.499381 -0.856614
0.0145718 0.0799812 -0.149758 0.00138624 -0.499381 -0.856614
0.0107242 0.0257536 -0.151643 0.00138624 -0.499381 -0.856614
0.00764263 -0.0337311 -0.153883 0.00138624 -0.499381 -0.856614
0.00515142 -0.0961162 -0.156567 0.00138624 -0.499381 -0.856614
0.00311884 -0.158483 -0.159267 0.00138624 -0.499381 -0.856614
0.00144567 -0.217861 -0.163111 0.711202 -0.499381 -0.856614
0.00144244 -0.271777 -0.167826 0.711202 -0.499381 -0.856614
0.00143933 -0.318639 -0.173656 0.711202 -0.499381 -0.856614
0.00143633 -0.357857 -0.180919 0.711202 -0.499381 -0.856614
0.00143344 -0.389688 -0.190025 0.711202 -0.499381 -0.856614
0.00143066 -0.414947 -0.201495 0.711202 -0.499381 -0.856614
0.00142798 -0.4347 -0.215971 0.711202 -0.499381 -0.856614
0.0014254 -0.45003 -0.23421 0.711202 -0.499381 -0.856614
0.00142291 -0.461903 -0.257038 0.711202 -0.499381 -0.856614
0.00142051 -0.471122 -0.285417 0.711202 -0.499381 -0.856614
0.00141821 -0.47832 -0.319846 0.709839 -0.499381 -0.856614
0.00141598 -0.483983 -0.360513 0.708242 -0.499381 -0.856614
0.0102903 -0.488476 -0.406948 0.706357 -0.499381 -0.856614
0.0314168 -0.492075 -0.457883 0.704117 -0.499381 -0.856614
0.0871655 -0.494984 -0.511303 0.701433 -0.499381 -0.856614
0.220369 -0.497358 -0.564707 0.698733 -0.499381 -0.856614
0.421855 -0.499312 -0.615552 0.694889 0.329565 -0.856614
0.581533 -0.499315 -0.661719 0.690174 0.329565 -0.856614
0.658772 -0.499319 -0.701847 0.684344 0.329565 -0.856614
0.690518 -0.499323 -0.735428 0.677081 0.329565 -0.856614
0.704387 -0.499326 -0.762685 0.667975 0.329565 -0.856614
0.711217 -0.499329 -0.784314 0.656505 0.329565 -0.856614
0.710172 -0.499332 -0.801228 0.642029 0.329565 -0.856614
0.70899 -0.499335 -0.814355 0.62379 0.329565 -0.856614
0.707649 -0.499338 -0.824522 0.600962 0.329565 -0.856614
0.70612 -0.499341 -0.832416 0.572583 0.329565 -0.856614
0.704369 -0.499344 -0.838579 0.538154 0.327973 -0.856614
0.702362 -0.499346 -0.843428 0.497487 0.326108 -0.856614
0.700058 -0.488983 -0.847276 0.451052 0.323907 -0.856614
0.69739 -0.46431 -0.850357 0.400117 0.32129 -0.856614
0.694286 -0.399205 -0.852849 0.346697 0.318156 -0.856614
0.690659 -0.243647 -0.854881 0.293293 0.315003 -0.856614
0.686406 -0.00834412 -0.856554 0.242448 0.310514 -0.146798
0.681399 0.178133 -0.856558 0.196281 0.305008 -0.146798
0.67549 0.268335 -0.856561 0.156153 0.298199 -0.146798
0.668501 0.305409 -0.856564 0.122572 0.289717 -0.146798
0.66023 0.321605 -0.856567 0.0953155 0.279083 -0.146798
0.649891 0.329582 -0.856569 0.0736859 0.265688 -0.146798
0.637487 0.328361 -0.856572 0.0567716 0.248782 -0.146798
0.622634 0.326981 -0.856575 0.0436454 0.227483 -0.146798
0.604931 0.325415 -0.856577 0.0334784 0.200822 -0.146798
0.583988 0.323629 -0.856579 0.0255842 0.167681 -0.146798
0.559474 0.321585 -0.856582 0.0194206 0.127473 -0.148161
0.531182 0.319241 -0.856584 0.0145718 0.0799812 -0.149758
0.499101 0.316551 -0.84771 0.0107242 0.0257536 -0.151643
0.463475 0.313435 -0.826583 0.00764263 -0.0337311 -0.153883
0.42485 0.30981 -0.770834 0.00515142 -0.0961162 -0.156567
0.384066 0.305574 -0.637631 0.00311884 -0.158483 -0.159267
0.342207 0.300607 -0.436145 0.00144567 -0.217861 -0.163111
0.30049 0.29476 -0.276467 0.00144244 -0.271777 -0.167826
0.260136 0.287859 -0.199228 0.00143933 -0.318639 -0.173656
0.222229 0.279697 -0.167482 0.00143633 -0.357857 -0.180919
0.187598 0.270038 -0.153613 0.00143344 -0.389688 -0.190025
0.156764 0.257964 -0.146783 0.00143066 -0.414947 -0.201495
0.129927 0.243478 -0.147828 0.00142798 -0.4347 -0.215971
0.107013 0.226132 -0.14901 0.0014254 -0.45003 -0.23421
0.0877471 0.205458 -0.150351 0.00142291 -0.461903 -0.257038
0.0717354 0.181 -0.15188 0.00142051 -0.471122 -0.285417
0.0585326 0.152372 -0.153631 0.00141821 -0.47832 -0.319846
0.047696 0.119332 -0.155638 0.00141598 -0.483983 -0.360513
0.0388176 0.0818658 -0.157942 0.0102903 -0.488476 -0.406948
0.0315402 0.0402607 -0.16061 0.0314168 -0.492075 -0.457883
0.0255616 -0.00484693 -0.163714 0.0871655 -0.494984 -0.511303
0.0206324 -0.0524751 -0.167341 0.220369 -0.497358 -0.564707
0.01655 -0.10136 -0.171594 0.421855 -0.499312 -0.615552
0.0131517 -0.150078 -0.176601 0.581533 -0.499315 -0.661719
0.0103071 -0.197204 -0.18251 0.658772 -0.499319 -0.701847
0.00791253 -0.241474 -0.189499 0.690518 -0.499323 -0.735428
0.0058853 -0.281917 -0.19777 0.704387 -0.499326 -0.762685
0.00415934 -0.317926 -0.208109 0.711217 -0.499329 -0.784314
0.0026818 -0.349267 -0.220513 0.710172 -0.499332 -0.801228
0.00141018 -0.376027 -0.235366 0.70899 -0.499335 -0.814355
0.0102784 -0.398526 -0.253069 0.707649 -0.499338 -0.824522
0.0313883 -0.417225 -0.274012 0.70612 -0.499341 -0.832416
0.0870917 -0.432644 -0.298526 0.704369 -0.499344 -0.838579
0.220216 -0.445299 -0.326818 0.702362 -0.499346 -0.843428
0.421683 -0.455668 -0.358899 0.700058 -0.488983 -0.847276
0.58143 -0.464166 -0.394525 0.69739 -0.46431 -0.850357
0.658726 -0.471148 -0.43315 0.694286 -0.399205 -0.852849
0.690496 -0.476905 -0.473934 0.690659 -0.243647 -0.854881
0.704376 -0.481672 -0.515793 0.686406 -0.00834412 -0.856554
0.711211 -0.485641 -0.55751 0.681399 0.178133 -0.856558
0.710165 -0.488963 -0.597864 0.67549 0.268335 -0.856561
0.708982 -0.491759 -0.635771 0.668501 0.305409 -0.856564
0.707641 -0.494127 -0.670402 0.66023 0.321605 -0.856567
0.706111 -0.496143 -0.701236 0.649891 0.329582 -0.856569
0.704359 -0.497868 -0.728073 0.637487 0.328361 -0.856572
0.702362 -0.499353 -0.750987 0.622634 0.326981 -0.856575
0.700058 -0.488997 -0.770253 0.604931 0.325415 -0.856577
0.69739 -0.464344 -0.786265 0.583988 0.323629 -0.856579
0.694286 -0.399292 -0.799467 0.559474 0.321585 -0.856582
0.690659 -0.243825 -0.810304 0.531182 0.319241 -0.856584
0.686406 -0.00854514 -0.819182 0.499101 0.316551 -0.84771
0.681399 0.178012 -0.82646 0.463475 0.313435 -0.826583
0.67549 0.268281 -0.832438 0.42485 0.30981 -0.770834
0.668501 0.305384 -0.837368 0.384066 0.305574 -0.637631
0.66023 0.321593 -0.84145 0.342207 0.300607 -0.436145
0.649891 0.329575 -0.844848 0.30049 0.29476 -0.276467
0.637487 0.328353 -0.847693 0.260136 0.287859 -0.199228
0.622634 0.326973 -0.850087 0.222229 0.279697 -0.167482
0.604931 0.325405 -0.852115 0.187598 0.270038 -0.153613
0.583988 0.323619 -0.853841 0.156764 0.257964 -0.146783
0.559474 0.321573 -0.855318 0.129927 0.243478 -0.147828
0.531182 0.319241 -0.85659 0.107013 0.226132 -0.14901
0.499101 0.316551 -0.847722 0.0877471 0.205458 -0.150351
0.463475 0.313435 -0.826612 0.0717354 0.181 -0.15188
0.42485 0.30981 -0.770908 0.0585326 0.152372 -0.153631
0.384066 0.305574 -0.637784 0.047696 0.119332 -0.155638
0.342207 0.300607 -0.436317 0.0388176 0.0818658 -0.157942
0.30049 0.29476 -0.27657 0.0315402 0.0402607 -0.16061
0.260136 0.287859 -0.199274 0.0255616 -0.00484693 -0.163714
0.222229 0.279697 -0.167504 0.0206324 -0.0524751 -0.167341
0.187598 0.270038 -0.153624 0.01655 -0.10136 -0.171594
0.156764 0.257964 -0.146789 0.0131517 -0.150078 -0.176601
0.129927 0.243478 -0.147835 0.0103071 -0.197204 -0.18251
0.107013 0.226132 -0.149018 0.00791253 -0.241474 -0.189499
0.0877471 0.205458 -0.150359 0.0058853 -0.281917 -0.19777
0.0717354 0.181 -0.151889 0.00415934 -0.317926 -0.208109
0.0585326 0.152372 -0.153641 0.0026818 -0.349267 -0.220513
0.047696 0.119332 -0.155638 0.00141018 -0.376027 -0.235366
0.0388176 0.0818658 -0.157942 0.0102784 -0.398526 -0.253069
0.0315402 0.0402607 -0.16061 0.0313883 -0.417225 -0.274012
0.0255616 -0.00484693 -0.163714 0.0870917 -0.432644 -0.298526
0.0206324 -0.0524751 -0.167341 0.220216 -0.445299 -0.326818
0.01655 -0.10136 -0.171594 0.421683 -0.455668 -0.358899
0.0131517 -0.150078 -0.176601 0.58143 -0.464166 -0.394525
0.0103071 -0.197204 -0.18251 0.658726 -0.471148 -0.43315
0.00791253 -0.241474 -0.189499 0.690496 -0.476905 -0.473934
0.0058853 -0.281917 -0.19777 0.704376 -0.481672 -0.515793
0.00415934 -0.317926 -0.208109 0.711211 -0.485641 -0.55751
0.0026818 -0.349267 -0.220513 0.710165 -0.488963 -0.597864
0.00141018 -0.376027 -0.235366 0.708982 -0.491759 -0.635771
0.00140809 -0.398526 -0.253069 0.707641 -0.494127 -0.670402
0.0102743 -0.417225 -0.274012 0.706111 -0.496143 -0.701236
0.0313787 -0.432644 -0.298526 0.704359 -0.497868 -0.728073
0.0870674 -0.445299 -0.326818 0.702362 -0.499353 -0.750987
0.220167 -0.455668 -0.358899 0.700058 -0.488997 -0.770253
0.421629 -0.464166 -0.394525 0.69739 -0.464344 -0.786265
0.581398 -0.471148 -0.43315 0.694286 -0.399292 -0.799467
0.658712 -0.476905 -0.473934 0.690659 -0.243825 -0.810304
0.69049 -0.481672 -0.515793 0.686406 -0.00854514 -0.819182
0.704373 -0.485641 -0.55751 0.681399 0.178012 -0.82646
0.710186 -0.488963 -0.597864 0.67549 0.268281 -0.832438
0.709032 -0.491759 -0.635771 0.668501 0.305384 -0.837368
0.707724 -0.494127 -0.670402 0.66023 0.321593 -0.84145
0.706238 -0.496143 -0.701236 0.649891 0.329575 -0.844848
0.704541 -0.497868 -0.728073 0.637487 0.328353 -0.847693
0.702598 -0.499353 -0.750987 0.622634 0.326973 -0.850087
0.700377 -0.499356 -0.770253 0.604931 0.325405 -0.852115
0.697812 -0.489001 -0.786265 0.583988 0.323619 -0.853841
0.694837 -0.464355 -0.799467 0.559474 0.321573 -0.855318
0.691372 -0.39932 -0.810304 0.531182 0.319241 -0.85659
0.687322 -0.243882 -0.819182 0.499101 0.316551 -0.847722
0.68257 -0.00860779 -0.82646 0.463475 0.313435 -0.826612
0.676977 0.177976 -0.832438 0.42485 0.30981 -0.770908
0.670381 0.268265 -0.837368 0.384066 0.305574 -0.637784
0.662592 0.305377 -0.84145 0.342207 0.300607 -0.436317
0.653317 0.321589 -0.844848 0.30049 0.29476 -0.27657
0.641848 0.328379 -0.847693 0.260136 0.287859 -0.199274
0.628151 0.32703 -0.850087 0.222229 0.279697 -0.167504
0.611852 0.325503 -0.852115 0.187598 0.270038 -0.153624
0.592573 0.323768 -0.853841 0.156764 0.257964 -0.146789
0.569976 0.321786 -0.855318 0.129927 0.243478 -0.147835
0.543811 0.319517 -0.85659 0.107013 0.226132 -0.149018
0.513981 0.316923 -0.856592 0.0877471 0.205458 -0.150359
0.480603 0.313927 -0.847726 0.0717354 0.181 -0.151889
0.444059 0.310453 -0.826621 0.0585326 0.152372 -0.153641
0.405012 0.306407 -0.770933 0.047696 0.119332 -0.155638
0.364377 0.301677 -0.637833 0.0388176 0.0818658 -0.157942
0.323251 0.296127 -0.436371 0.0315402 0.0402607 -0.16061
0.282802 0.289596 -0.276602 0.0255616 -0.00484693 -0.163714
0.244136 0.281893 -0.199288 0.0206324 -0.0524751 -0.167341
0.208185 0.272796 -0.16751 0.01655 -0.10136 -0.171594
0.175619 0.261965 -0.153627 0.0131517 -0.150078 -0.176601
0.146808 0.248571 -0.147814 0.0103071 -0.197204 -0.18251
0.121841 0.232575 -0.148968 0.00791253 -0.241474 -0.189499
0.100575 0.21354 -0.150276 0.0058853 -0.281917 -0.19777
0.0827055 0.191026 -0.151762 0.00415934 -0.317926 -0.208109
0.0678393 0.164636 -0.153459 0.0026818 -0.349267 -0.220513
0.0555537 0.13408 -0.155402 0.00141018 -0.376027 -0.235366
0.0454378 0.0992431 -0.157623 0.00140809 -0.398526 -0.253069
0.0371182 0.0602636 -0.160188 0.0102743 -0.417225 -0.274012
0.0302697 0.0175868 -0.163163 0.0313787 -0.432644 -0.298526
0.0246183 -0.0280139 -0.166628 0.0870674 -0.445299 -0.326818
0.0199377 -0.0754686 -0.170678 0.220167 -0.455668 -0.358899
0.016044 -0.123497 -0.17543 0.421629 -0.464166 -0.394525
0.0127886 -0.170735 -0.181023 0.581398 -0.471148 -0.43315
0.0100524 -0.21589 -0.187619 0.658712 -0.476905 -0.473934
0.00773994 -0.257875 -0.195408 0.69049 -0.481672 -0.515793
0.00577495 -0.295907 -0.204683 0.704373 -0.485641 -0.55751
0.00409615 -0.329553 -0.216152 0.710186 -0.488963 -0.597864
0.00265428 -0.35871 -0.229849 0.709032 -0.491759 -0.635771
0.00140956 -0.383545 -0.246148 0.707724 -0.494127 -0.670402
0.0117898 -0.404414 -0.265427 0.706238 -0.496143 -0.701236
0.0395053 -0.421775 -0.288024 0.704541 -0.497868 -0.728073
0.120859 -0.436123 -0.314189 0.702598 -0.499353 -0.750987
0.306994 -0.447936 -0.344019 0.700377 -0.499356 -0.770253
0.521393 -0.457652 -0.377397 0.697812 -0.489001 -0.786265
0.640068 -0.46565 -0.413941 0.694837 -0.464355 -0.799467
0.685611 -0.47225 -0.452988 0.691372 -0.39932 -0.810304
0.703297 -0.477716 -0.493623 0.687322 -0.243882 -0.819182
0.711212 -0.482263 -0.534749 0.68257 -0.00860779 -0.82646
0.710188 -0.486065 -0.575198 0.676977 0.177976 -0.832438
0.709033 -0.489261 -0.613864 0.670381 0.268265 -0.837368
0.707726 -0.491961 -0.649815 0.662592 0.305377 -0.84145
0.70624 -0.494256 -0.682381 0.653317 0.321589 -0.844848
0.704544 -0.496216 -0.711192 0.641848 0.328379 -0.847693
0.702598 -0.4979 -0.736159 0.628151 0.32703 -0.850087
0.700379 -0.499354 -0.757425 0.611852 0.325503 -0.852115
0.697818 -0.487232 -0.775294 0.592573 0.323768 -0.853841
0.694849 -0.454864 -0.790161 0.569976 0.321786 -0.855318
0.691396 -0.359857 -0.802446 0.543811 0.319517 -0.85659
0.687364 -0.142482 -0.812562 0.513981 0.316923 -0.856592
0.682641 0.1079 -0.820882 0.480603 0.313927 -0.847726
0.677096 0.246491 -0.82773 0.444059 0.310453 -0.826621
0.670577 0.299679 -0.833382 0.405012 0.306407 -0.770933
0.662908 0.320333 -0.838062 0.364377 0.301677 -0.637833
0.653396 0.329577 -0.841956 0.323251 0.296127 -0.436371
0.641937 0.328381 -0.845211 0.282802 0.289596 -0.276602
0.628251 0.327032 -0.847948 0.244136 0.281893 -0.199288
0.611964 0.325506 -0.85026 0.208185 0.272796 -0.16751
0.592699 0.32377 -0.852225 0.175619 0.261965 -0.153627
0.570115 0.321789 -0.853904 0.146808 0.248571 -0.147814
0.543963 0.319517 -0.855346 0.121841 0.232575 -0.148968
0.514144 0.316925 -0.85659 0.100575 0.21354 -0.150276
0.480775 0.313934 -0.84621 0.0827055 0.191026 -0.151762
0.444237 0.310467 -0.818495 0.0678393 0.164636 -0.153459
0.405191 0.306434 -0.737141 0.0555537 0.13408 -0.155402
0.364552 0.301726 -0.551006 0.0454378 0.0992431 -0.157623
0.323418 0.29621 -0.336607 0.0371182 0.0602636 -0.160188
0.282956 0.289735 -0.217932 0.0302697 0.0175868 -0.163163
0.244275 0.282121 -0.172389 0.0246183 -0.0280139 -0.166628
0.208308 0.273165 -0.154703 0.0199377 -0.0754686 -0.170678
0.175724 0.262056 -0.146788 0.016044 -0.123497 -0.17543
0.146896 0.248674 -0.147812 0.0127886 -0.170735 -0.181023
0.121914 0.232692 -0.148967 0.0100524 -0.21589 -0.187619
0.100634 0.213672 -0.150274 0.00773994 -0.257875 -0.195408
0.0827529 0.191173 -0.15176 0.00577495 -0.295907 -0.204683
0.0678771 0.164799 -0.153456 0.00409615 -0.329553 -0.216152
0.0555837 0.134258 -0.155402 0.00265428 -0.35871 -0.229849
0.0454617 0.0994341 -0.157621 0.00140956 -0.383545 -0.246148
0.0371371 0.0604648 -0.160182 0.0117898 -0.404414 -0.265427
0.0302847 0.0177943 -0.163151 0.0395053 -0.421775 -0.288024
0.0246303 -0.0278053 -0.166604 0.120859 -0.436123 -0.314189
0.0199474 -0.0752644 -0.170636 0.306994 -0.447936 -0.344019
0.0160518 -0.123302 -0.175359 0.521393 -0.457652 -0.377397
0.012795 -0.170555 -0.180904 0.640068 -0.46565 -0.413941
0.0100576 -0.215728 -0.187423 0.685611 -0.47225 -0.452988
0.00774423 -0.257732 -0.195092 0.703297 -0.477716 -0.493623
0.00577851 -0.295784 -0.204604 0.711212 -0.482263 -0.534749
0.00409912 -0.32945 -0.216063 0.710188 -0.486065 -0.575198
0.00265676 -0.358625 -0.229749 0.709033 -0.489261 -0.613864
0.00141165 -0.383476 -0.246036 0.707726 -0.491961 -0.649815
0.0117943 -0.404358 -0.265301 0.70624 -0.494256 -0.682381
0.0395173 -0.421731 -0.287885 0.704544 -0.496216 -0.711192
0.120892 -0.436088 -0.314037 0.702598 -0.4979 -0.736159
0.307052 -0.447908 -0.343856 0.700379 -0.499354 -0.757425
0.521437 -0.45763 -0.377225 0.697818 -0.487232 -0.775294
0.640087 -0.465633 -0.413763 0.694849 -0.454864 -0.790161
0.685619 -0.472236 -0.452809 0.691396 -0.359857 -0.802446
0.703301 -0.477705 -0.493448 0.687364 -0.142482 -0.812562
0.711214 -0.482254 -0.534582 0.682641 0.1079 -0.820882
0.711212 -0.486058 -0.575044 0.677096 0.246491 -0.82773
0.710188 -0.489254 -0.613725 0.670577 0.299679 -0.833382
0.709033 -0.491956 -0.649692 0.662908 0.320333 -0.838062
0.707726 -0.494252 -0.682276 0.653396 0.329577 -0.841956
0.70624 -0.496213 -0.711104 0.641937 0.328381 -0.845211
0.704544 -0.497897 -0.736086 0.628251 0.327032 -0.847948
0.702614 -0.499351 -0.757366 0.611964 0.325506 -0.85026
0.700398 -0.487226 -0.775247 0.592699 0.32377 -0.852225
0.697841 -0.45485 -0.790123 0.570115 0.321789 -0.853904
0.694877 -0.359819 -0.802416 0.543963 0.319517 -0.855346
0.691428 -0.142415 -0.812538 0.514144 0.316925 -0.85659
0.687401 0.107951 -0.820863 0.480775 0.313934 -0.84621
0.68268 0.246514 -0.827715 0.444237 0.310467 -0.818495
0.677134 0.299688 -0.83337 0.405191 0.306434 -0.737141
0.670603 0.320337 -0.838053 0.364552 0.301726 -0.551006
0.662908 0.329579 -0.841948 0.323418 0.29621 -0.336607
0.653315 0.329577 -0.845205 0.282956 0.289735 -0.217932
0.641844 0.328381 -0.847942 0.244275 0.282121 -0.172389
0.628145 0.327032 -0.850256 0.208308 0.273165 -0.154703
0.611843 0.325506 -0.852221 0.175724 0.262056 -0.146788
0.592561 0.32377 -0.853901 0.146896 0.248674 -0.147812
0.56996 0.321789 -0.855343 0.121914 0.232692 -0.148967
0.54379 0.319535 -0.856588 0.100634 0.213672 -0.150274
0.513955 0.316947 -0.846206 0.0827529 0.191173 -0.15176
0.480573 0.313961 -0.818483 0.0678771 0.164799 -0.153456
0.444025 0.310499 -0.737108 0.0555837 0.134258 -0.155402
0.404974 0.306472 -0.550948 0.0454617 0.0994341 -0.157621
0.364336 0.301768 -0.336563 0.0371371 0.0604648 -0.160182
0.323209 0.296256 -0.217913 0.0302847 0.0177943 -0.163151
0.28276 0.289779 -0.172381 0.0246303 -0.0278053 -0.166604
0.244095 0.282152 -0.154699 0.0199474 -0.0752644 -0.170636
0.208147 0.273165 -0.146786 0.0160518 -0.123302 -0.175359
0.175584 0.261963 -0.146788 0.012795 -0.170555 -0.180904
0.146777 0.248567 -0.147812 0.0100576 -0.215728 -0.187423
0.121815 0.232568 -0.148967 0.00774423 -0.257732 -0.195092
0.100552 0.21353 -0.150274 0.00577851 -0.295784 -0.204604
0.0826862 0.191012 -0.15176 0.00409912 -0.32945 -0.216063
0.0678231 0.164617 -0.153456 0.00265676 -0.358625 -0.229749
0.0555403 0.134056 -0.155386 0.00141165 -0.383476 -0.246036
0.0454267 0.0992132 -0.157602 0.0117943 -0.404358 -0.265301
0.037109 0.0602282 -0.160159 0.0395173 -0.421731 -0.287885
0.030262 0.0175463 -0.163123 0.120892 -0.436088 -0.314037
0.0246119 -0.0280587 -0.166572 0.307052 -0.447908 -0.343856
0.0199325 -0.0755165 -0.170599 0.521437 -0.45763 -0.377225
0.0160396 -0.123546 -0.17532 0.640087 -0.465633 -0.413763
0.0127849 -0.170784 -0.180866 0.685619 -0.472236 -0.452809
0.0100492 -0.215938 -0.187397 0.703301 -0.477705 -0.493448
0.00773728 -0.257919 -0.195092 0.711214 -0.482254 -0.534582
0.00577268 -0.295947 -0.204685 0.711212 -0.486058 -0.575044
0.0040942 -0.329589 -0.216156 0.710188 -0.489254 -0.613725
0.00265259 -0.358741 -0.229855 0.709033 -0.491956 -0.649692
0.0102784 -0.383572 -0.246157 0.707726 -0.494252 -0.682276
0.0313883 -0.404436 -0.265439 0.70624 -0.496213 -0.711104
0.0870917 -0.421794 -0.28804 0.704544 -0.497897 -0.736086
0.220216 -0.436138 -0.31421 0.702614 -0.499351 -0.757366
0.421683 -0.447949 -0.344045 0.700398 -0.487226 -0.775247
0.58143 -0.457663 -0.377427 0.697841 -0.45485 -0.790123
0.658726 -0.465659 -0.413975 0.694877 -0.359819 -0.802416
0.690496 -0.472257 -0.453026 0.691428 -0.142415 -0.812538
0.704376 -0.477722 -0.493664 0.687401 0.107951 -0.820863
0.711211 -0.482268 -0.534791 0.68268 0.246514 -0.827715
0.710165 -0.486069 -0.57524 0.677134 0.299688 -0.83337
0.708982 -0.489264 -0.613905 0.670603 0.320337 -0.838053
0.707641 -0.491964 -0.649853 0.662908 0.329579 -0.841948
0.706111 -0.494258 -0.682416 0.653315 0.329577 -0.845205
0.704359 -0.496219 -0.711223 0.641844 0.328381 -0.847942
0.702362 -0.497902 -0.736185 0.628145 0.327032 -0.850256
0.700058 -0.488997 -0.757448 0.611843 0.325506 -0.852221
0.69739 -0.464344 -0.775314 0.592561 0.32377 -0.853901
0.694286 -0.399292 -0.790177 0.56996 0.321789 -0.855343
0.690659 -0.243825 -0.80246 0.54379 0.319535 -0.856588
0.686406 -0.00854514 -0.812573 0.513955 0.316947 -0.846206
0.681399 0.178012 -0.820891 0.480573 0.313961 -0.818483
0.67549 0.268281 -0.827738 0.444025 0.310499 -0.737108
0.668501 0.305384 -0.833388 0.404974 0.306472 -0.550948
0.66023 0.321593 -0.838068 0.364336 0.301768 -0.336563
0.649891 0.329575 -0.84196 0.323209 0.296256 -0.217913
0.637487 0.328353 -0.845215 0.28276 0.289779 -0.172381
0.622634 0.326973 -0.847951 0.244095 0.282152 -0.154699
0.604931 0.325405 -0.850263 0.208147 0.273165 -0.146786
0.583988 0.323619 -0.852227 0.175584 0.261963 -0.146788
0.559474 0.321573 -0.853906 0.146777 0.248567 -0.147812
0.531182 0.319241 -0.855347 0.121815 0.232568 -0.148967
0.499101 0.316551 -0.847722 0.100552 0.21353 -0.150274
0.463475 0.313435 -0.826612 0.0826862 0.191012 -0.15176
0.42485 0.30981 -0.770908 0.0678231 0.164617 -0.153456
0.384066 0.305574 -0.637784 0.0555403 0.134056 -0.155386
0.342207 0.300607 -0.436317 0.0454267 0.0992132 -0.157602
0.30049 0.29476 -0.27657 0.037109 0.0602282 -0.160159
0.260136 0.287859 -0.199274 0.030262 0.0175463 -0.163123
0.222229 0.279697 -0.167504 0.0246119 -0.0280587 -0.166572
0.187598 0.270038 -0.153624 0.0199325 -0.0755165 -0.170599
0.156764 0.257964 -0.146789 0.0160396 -0.123546 -0.17532
0.129927 0.243478 -0.147835 0.0127849 -0.170784 -0.180866
0.107013 0.226132 -0.149018 0.0100492 -0.215938 -0.187397
0.0877471 0.205458 -0.150359 0.00773728 -0.257919 -0.195092
0.0717354 0.181 -0.151889 0.00577268 -0.295947 -0.204685
0.0585326 0.152372 -0.153641 0.0040942 -0.329589 -0.216156
0.047696 0.119332 -0.155638 0.00265259 -0.358741 -0.229855
0.0388176 0.0818658 -0.157942 0.0102784 -0.383572 -0.246157
0.0315402 0.0402607 -0.16061 0.0313883 -0.404436 -0.265439
0.0255616 -0.00484693 -0.163714 0.0870917 -0.421794 -0.28804
0.0206324 -0.0524751 -0.167341 0.220216 -0.436138 -0.31421
0.01655 -0.10136 -0.171594 0.421683 -0.447949 -0.344045
0.0131517 -0.150078 -0.176601 0.58143 -0.457663 -0.377427
0.0103071 -0.197204 -0.18251 0.658726 -0.465659 -0.413975
0.00791253 -0.241474 -0.189499 0.690496 -0.472257 -0.453026
0.0058853 -0.281917 -0.19777 0.704376 -0.477722 -0.493664
0.00415934 -0.317926 -0.208109 0.711211 -0.482268 -0.534791
0.0026818 -0.349267 -0.220513 0.710165 -0.486069 -0.57524
0.00141018 -0.376027 -0.235366 0.708982 -0.489264 -0.613905
0.0102784 -0.398526 -0.253069 0.707641 -0.491964 -0.649853
0.0313883 -0.417225 -0.274012 0.706111 -0.494258 -0.682416
0.0870917 -0.432644 -0.298526 0.704359 -0.496219 -0.711223
0.220216 -0.445299 -0.326818 0.702362 -0.497902 -0.736185
0.421683 -0.455668 -0.358899 0.700058 -0.488997 -0.757448
0.58143 -0.464166 -0.394525 0.69739 -0.464344 -0.775314
0.658726 -0.471148 -0.43315 0.694286 -0.399292 -0.790177
0.690496 -0.476905 -0.473934 0.690659 -0.243825 -0.80246
0.704376 -0.481672 -0.515793 0.686406 -0.00854514 -0.812573
0.711211 -0.485641 -0.55751 0.681399 0.178012 -0.820891
0.710165 -0.488963 -0.597864 0.67549 0.268281 -0.827738
0.708982 -0.491759 -0.635771 0.668501 0.305384 -0.833388
0.707641 -0.494127 -0.670402 0.66023 0.321593 -0.838068
0.706111 -0.496143 -0.701236 0.649891 0.329575 -0.84196
0.704359 -0.497868 -0.728073 0.637487 0.328353 -0.845215
0.702362 -0.499353 -0.750987 0.622634 0.326973 -0.847951
0.700058 -0.488997 -0.770253 0.604931 0.325405 -0.850263
0.69739 -0.464344 -0.786265 0.583988 0.323619 -0.852227
0.694286 -0.399292 -0.799467 0.559474 0.321573 -0.853906
0.690659 -0.243825 -0.810304 0.531182 0.319241 -0.855347
0.686406 -0.00854514 -0.819182 0.499101 0.316551 -0.847722
0.681399 0.178012 -0.82646 0.463475 0.313435 -0.826612
0.67549 0.268281 -0.832438 0.42485 0.30981 -0.770908
0.668501 0.305384 -0.837368 0.384066 0.305574 -0.637784
0.66023 0.321593 -0.84145 0.342207 0.300607 -0.436317
0.649891 0.329575 -0.844848 0.30049 0.29476 -0.27657
0.637487 0.328353 -0.847693 0.260136 0.287859 -0.199274
0.622634 0.326973 -0.850087 0.222229 0.279697 -0.167504
0.604931 0.325405 -0.852115 0.187598 0.270038 -0.153624
0.583988 0.323619 -0.853841 0.156764 0.257964 -0.146789
0.559474 0.321573 -0.855318 0.129927 0.243478 -0.147835
0.531182 0.319241 -0.85659 0.107013 0.226132 -0.149018
0.499101 0.316551 -0.847722 0.0877471 0.205458 -0.150359
0.463475 0.313435 -0.826612 0.0717354 0.181 -0.151889
0.42485 0.30981 -0.770908 0.0585326 0.152372 -0.153641
0.384066 0.305574 -0.637784 0.047696 0.119332 -0.155638
0.342207 0.300607 -0.436317 0.0388176 0.0818658 -0.157942
0.30049 0.29476 -0.27657 0.0315402 0.0402607 -0.16061
0.260136 0.287859 -0.199274 0.0255616 -0.00484693 -0.163714
0.222229 0.279697 -0.167504 0.0206324 -0.0524751 -0.167341
0.187598 0.270038 -0.153624 0.01655 -0.10136 -0.171594
0.156764 0.257964 -0.146789 0.0131517 -0.150078 -0.176601
0.129927 0.243478 -0.147835 0.0103071 -0.197204 -0.18251
0.107013 0.226132 -0.149018 0.00791253 -0.241474 -0.189499
0.0877471 0.205458 -0.150359 0.0058853 -0.281917 -0.19777
0.0717354 0.181 -0.151889 0.00415934 -0.317926 -0.208109
0.0585326 0.152372 -0.153641 0.0026818 -0.349267 -0.220513
0.047696 0.119332 -0.155638 0.00141018 -0.376027 -0.235366
0.0388176 0.0818658 -0.157942 0.0102784 -0.398526 -0.253069
0.0315402 0.0402607 -0.16061 0.0313883 -0.417225 -0.274012
0.0255616 -0.00484693 -0.163714 0.0870917 -0.432644 -0.298526
0.0206324 -0.0524751 -0.167341 0.220216 -0.445299 -0.326818
0.01655 -0.10136 -0.171594 0.421683 -0.455668 -0.358899
0.0131517 -0.150078 -0.176601 0.58143 -0.464166 -0.394525
0.0103071 -0.197204 -0.18251 0.658726 -0.471148 -0.43315
0.00791253 -0.241474 -0.189499 0.690496 -0.476905 -0.473934
0.0058853 -0.281917 -0.19777 0.704376 -0.481672 -0.515793
0.00415934 -0.317926 -0.208109 0.711211 -0.485641 -0.55751
0.0026818 -0.349267 -0.220513 0.710165 -0.488963 -0.597864
0.00141018 -0.376027 -0.235366 0.708982 -0.491759 -0.635771
0.00140809 -0.398526 -0.253069 0.707641 -0.494127 -0.670402
0.0102743 -0.417225 -0.274012 0.706111 -0.496143 -0.701236
0.0313787 -0.432644 -0.298526 0.704359 -0.497868 -0.728073
0.0870674 -0.445299 -0.326818 0.702362 -0.499353 -0.750987
0.220167 -0.455668 -0.358899 0.700058 -0.488997 -0.770253
0.421629 -0.464166 -0.394525 0.69739 -0.464344 -0.786265
0.581398 -0.471148 -0.43315 0.694286 -0.399292 -0.799467
0.658712 -0.476905 -0.473934 0.690659 -0.243825 -0.810304
0.69049 -0.481672 -0.515793 0.686406 -0.00854514 -0.819182
0.704373 -0.485641 -0.55751 0.681399 0.178012 -0.82646
0.710186 -0.488963 -0.597864 0.67549 0.268281 -0.832438
0.709032 -0.491759 -0.635771 0.668501 0.305384 -0.837368
0.707724 -0.494127 -0.670402 0.66023 0.321593 -0.84145
0.706238 -0.496143 -0.701236 0.649891 0.329575 -0.844848
0.704541 -0.497868 -0.728073 0.637487 0.328353 -0.847693
0.702598 -0.499353 -0.750987 0.622634 0.326973 -0.850087
0.700377 -0.499356 -0.770253 0.604931 0.325405 -0.852115
0.697812 -0.489001 -0.786265 0.583988 0.323619 -0.853841
0.694837 -0.464355 -0.799467 0.559474 0.321573 -0.855318
0.691372 -0.39932 -0.810304 0.531182 0.319241 -0.85659
0.687322 -0.243882 -0.819182 0.499101 0.316551 -0.847722
0.68257 -0.00860779 -0.82646 0.463475 0.313435 -0.826612
0.676977 0.177976 -0.832438 0.42485 0.30981 -0.770908
0.670381 0.268265 -0.837368 0.384066 0.305574 -0.637784
0.662592 0.305377 -0.84145 0.342207 0.300607 -0.436317
0.653317 0.321589 -0.844848 0.30049 0.29476 -0.27657
0.641848 0.328379 -0.847693 0.260136 0.287859 -0.199274
0.628151 0.32703 -0.850087 0.222229 0.279697 -0.167504
0.611852 0.325503 -0.852115 0.187598 0.270038 -0.153624
0.592573 0.323768 -0.853841 0.156764 0.257964 -0.146789
0.569976 0.321786 -0.855318 0.129927 0.243478 -0.147835
0.543811 0.319517 -0.85659 0.107013 0.226132 -0.149018
0.513981 0.316923 -0.856592 0.0877471 0.205458 -0.150359
0.480603 0.313927 -0.847726 0.0717354 0.181 -0.151889
0.444059 0.310453 -0.826621 0.0585326 0.152372 -0.153641
0.405012 0.306407 -0.770933 0.047696 0.119332 -0.155638
0.364377 0.301677 -0.637833 0.0388176 0.0818658 -0.157942
0.323251 0.296127 -0.436371 0.0315402 0.0402607 -0.16061
0.282802 0.289596 -0.276602 0.0255616 -0.00484693 -0.163714
0.244136 0.281893 -0.199288 0.0206324 -0.0524751 -0.167341
0.208185 0.272796 -0.16751 0.01655 -0.10136 -0.171594
0.175619 0.261965 -0.153627 0.0131517 -0.150078 -0.176601
0.146808 0.248571 -0.147814 0.0103071 -0.197204 -0.18251
0.121841 0.232575 -0.148968 0.00791253 -0.241474 -0.189499
0.100575 0.21354 -0.150276 0.0058853 -0.281917 -0.19777
0.0827055 0.191026 -0.151762 0.00415934 -0.317926 -0.208109
0.0678393 0.164636 -0.153459 0.0026818 -0.349267 -0.220513
0.0555537 0.13408 -0.155402 0.00141018 -0.376027 -0.235366
0.0454378 0.0992431 -0.157623 0.00140809 -0.398526 -0.253069
0.0371182 0.0602636 -0.160188 0.0102743 -0.417225 -0.274012
0.0302697 0.0175868 -0.163163 0.0313787 -0.432644 -0.298526
0.0246183 -0.0280139 -0.166628 0.0870674 -0.445299 -0.326818
0.0199377 -0.0754686 -0.170678 0.220167 -0.455668 -0.358899
0.016044 -0.123497 -0.17543 0.421629 -0.464166 -0.394525
0.0127886 -0.170735 -0.181023 0.581398 -0.471148 -0.43315
0.0100524 -0.21589 -0.187619 0.658712 -0.476905 -0.473934
0.00773994 -0.257875 -0.195408 0.69049 -0.481672 -0.515793
0.00577495 -0.295907 -0.204683 0.704373 -0.485641 -0.55751
0.00409615 -0.329553 -0.216152 0.710186 -0.488963 -0.597864
0.00265428 -0.35871 -0.229849 0.709032 -0.491759 -0.635771
0.00140956 -0.383545 -0.246148 0.707724 -0.494127 -0.670402
0.0117898 -0.404414 -0.265427 0.706238 -0.496143 -0.701236
0.0395053 -0.421775 -0.288024 0.704541 -0.497868 -0.728073
0.120859 -0.436123 -0.314189 0.702598 -0.499353 -0.750987
0.306994 -0.447936 -0.344019 0.700377 -0.499356 -0.770253
0.521393 -0.457652 -0.377397 0.697812 -0.489001 -0.786265
0.640068 -0.46565 -0.413941 0.694837 -0.464355 -0.799467
0.685611 -0.47225 -0.452988 0.691372 -0.39932 -0.810304
0.703297 -0.477716 -0.493623 0.687322 -0.243882 -0.819182
0.711212 -0.482263 -0.534749 0.68257 -0.00860779 -0.82646
0.710188 -0.486065 -0.575198 0.676977 0.177976 -0.832438
0.709033 -0.489261 -0.613864 0.670381 0.268265 -0.837368
0.707726 -0.491961 -0.649815 0.662592 0.305377 -0.84145
0.70624 -0.494256 -0.682381 0.653317 0.321589 -0.844848
0.704544 -0.496216 -0.711192 0.641848 0.328379 -0.847693
0.702598 -0.4979 -0.736159 0.628151 0.32703 -0.850087
0.700379 -0.499354 -0.757425 0.611852 0.325503 -0.852115
0.697818 -0.487232 -0.775294 0.592573 0.323768 -0.853841
0.694849 -0.454864 -0.790161 0.569976 0.321786 -0.855318
0.691396 -0.359857 -0.802446 0.543811 0.319517 -0.85659
0.687364 -0.142482 -0.812562 0.513981 0.316923 -0.856592
0.682641 0.1079 -0.820882 0.480603 0.313927 -0.847726
0.677096 0.246491 -0.82773 0.444059 0.310453 -0.826621
0.670577 0.299679 -0.833382 0.405012 0.306407 -0.770933
0.662908 0.320333 -0.838062 0.364377 0.301677 -0.637833
0.653317 0.329577 -0.841956 0.323251 0.296127 -0.436371
0.641848 0.328381 -0.845211 0.282802 0.289596 -0.276602
0.628151 0.327032 -0.847948 0.244136 0.281893 -0.199288
0.611852 0.325506 -0.85026 0.208185 0.272796 -0.16751
0.592573 0.32377 -0.852225 0.175619 0.261965 -0.153627
0.569976 0.321789 -0.853904 0.146808 0.248571 -0.147814
0.543811 0.319517 -0.855346 0.121841 0.232575 -0.148968
0.513981 0.316925 -0.85659 0.100575 0.21354 -0.150276
0.480603 0.313934 -0.84621 0.0827055 0.191026 -0.151762
0.444059 0.310467 -0.818495 0.0678393 0.164636 -0.153459
0.405012 0.306434 -0.737141 0.0555537 0.13408 -0.155402
0.364377 0.301726 -0.551006 0.0454378 0.0992431 -0.157623
0.323251 0.29621 -0.336607 0.0371182 0.0602636 -0.160188
0.282802 0.289735 -0.217932 0.0302697 0.0175868 -0.163163
0.244136 0.282121 -0.172389 0.0246183 -0.0280139 -0.166628
0.208185 0.273165 -0.154703 0.0199377 -0.0754686 -0.170678
0.175619 0.261965 -0.146788 0.016044 -0.123497 -0.17543
0.146808 0.248571 -0.147812 0.0127886 -0.170735 -0.181023
0.121841 0.232575 -0.148967 0.0100524 -0.21589 -0.187619
0.100575 0.21354 -0.150274 0.00773994 -0.257875 -0.195408
0.0827055 0.191026 -0.15176 0.00577495 -0.295907 -0.204683
0.0678393 0.164636 -0.153456 0.00409615 -0.329553 -0.216152
0.0555537 0.13408 -0.155402 0.00265428 -0.35871 -0.229849
0.0454378 0.0992431 -0.157621 0.00140956 -0.383545 -0.246148
0.0371182 0.0602636 -0.160182 0.0117898 -0.404414 -0.265427
0.0302697 0.0175868 -0.163151 0.0395053 -0.421775 -0.288024
0.0246183 -0.0280139 -0.166604 0.120859 -0.436123 -0.314189
0.0199377 -0.0754686 -0.170636 0.306994 -0.447936 -0.344019
0.016044 -0.123497 -0.175359 0.521393 -0.457652 -0.377397
0.0127886 -0.170735 -0.180904 0.640068 -0.46565 -0.413941
0.0100524 -0.21589 -0.187423 0.685611 -0.47225 -0.452988
0.00773994 -0.257875 -0.195092 0.703297 -0.477716 -0.493623
0.00577495 -0.295907 -0.204683 0.711212 -0.482263 -0.534749
0.00409615 -0.329553 -0.216152 0.710188 -0.486065 -0.575198
0.00265428 -0.35871 -0.229849 0.709033 -0.489261 -0.613864
0.00140956 -0.383545 -0.246148 0.707726 -0.491961 -0.649815
0.0117898 -0.404414 -0.265427 0.70624 -0.494256 -0.682381
0.0395053 -0.421775 -0.288024 0.704544 -0.496216 -0.711192
0.120859 -0.436123 -0.314189 0.702598 -0.4979 -0.736159
0.306994 -0.447936 -0.344019 0.700379 -0.499354 -0.757425
0.521393 -0.457652 -0.377397 0.697818 -0.487232 -0.775294
0.640068 -0.46565 -0.413941 0.694849 -0.454864 -0.790161
0.685611 -0.47225 -0.452988 0.691396 -0.359857 -0.802446
0.703297 -0.477716 -0.493623 0.687364 -0.142482 -0.812562
0.711212 -0.482263 -0.534749 0.682641 0.1079 -0.820882
0.71121 -0.486065 -0.575198 0.677096 0.246491 -0.82773
0.710186 -0.489261 -0.613864 0.670577 0.299679 -0.833382
0.709031 -0.491961 -0.649815 0.662908 0.320333 -0.838062
0.707724 -0.494256 -0.682381 0.653317 0.329577 -0.841956
0.706238 -0.496216 -0.711192 0.641848 0.328381 -0.845211
0.704541 -0.4979 -0.736159 0.628151 0.327032 -0.847948
0.702615 -0.499354 -0.757425 0.611852 0.325506 -0.85026
0.700403 -0.487232 -0.775294 0.592573 0.32377 -0.852225
0.697851 -0.454864 -0.790161 0.569976 0.321789 -0.853904
0.694897 -0.359857 -0.802446 0.543811 0.319517 -0.855346
0.691464 -0.142482 -0.812562 0.513981 0.316925 -0.85659
0.687462 0.1079 -0.820882 0.480603 0.313934 -0.84621
0.682783 0.246491 -0.82773 0.444059 0.310467 -0.818495
0.677301 0.299679 -0.833382 0.405012 0.306434 -0.737141
0.670873 0.320333 -0.838062 0.364377 0.301726 -0.551006
0.662908 0.329577 -0.841956 0.323251 0.29621 -0.336607
0.653317 0.329574 -0.845211 0.282802 0.289735 -0.217932
0.641848 0.328378 -0.847948 0.244136 0.282121 -0.172389
0.628151 0.32703 -0.85026 0.208185 0.273165 -0.154703
0.611852 0.325503 -0.852225 0.175619 0.261965 -0.146788
0.592573 0.323768 -0.853904 0.146808 0.248571 -0.147812
0.569976 0.321786 -0.855346 0.121841 0.232575 -0.148967
0.543811 0.319537 -0.85659 0.100575 0.21354 -0.150274
0.513981 0.316953 -0.84621 0.0827055 0.191026 -0.15176
0.480603 0.313973 -0.818495 0.0678393 0.164636 -0.153456
0.444059 0.310523 -0.737141 0.0555537 0.13408 -0.155402
0.405012 0.306514 -0.551006 0.0454378 0.0992431 -0.157621
0.364377 0.30184 -0.336607 0.0371182 0.0602636 -0.160182
0.323251 0.296376 -0.217932 0.0302697 0.0175868 -0.163151
0.282802 0.289974 -0.172389 0.0246183 -0.0280139 -0.166604
0.244136 0.282467 -0.154703 0.0199377 -0.0754686 -0.170636
0.208185 0.273165 -0.146788 0.016044 -0.123497 -0.175359
0.175619 0.261965 -0.14679 0.0127886 -0.170735 -0.180904
0.146808 0.248571 -0.147814 0.0100524 -0.21589 -0.187423
0.121841 0.232575 -0.148969 0.00773994 -0.257875 -0.195092
0.100575 0.21354 -0.150276 0.00577495 -0.295907 -0.204683
0.0827055 0.191026 -0.151762 0.00409615 -0.329553 -0.216152
0.0678393 0.164636 -0.153459 0.00265428 -0.35871 -0.229849
0.0555537 0.13408 -0.155385 0.00140956 -0.383545 -0.246148
0.0454378 0.0992431 -0.157597 0.0117898 -0.404414 -0.265427
0.0371182 0.0602636 -0.160149 0.0395053 -0.421775 -0.288024
0.0302697 0.0175868 -0.163103 0.120859 -0.436123 -0.314189
0.0246183 -0.0280139 -0.166536 0.306994 -0.447936 -0.344019
0.0199377 -0.0754686 -0.170538 0.521393 -0.457652 -0.377397
0.016044 -0.123497 -0.175217 0.640068 -0.46565 -0.413941
0.0127886 -0.170735 -0.180699 0.685611 -0.47225 -0.452988
0.0100524 -0.21589 -0.187127 0.703297 -0.477716 -0.493623
0.00773994 -0.257875 -0.195092 0.711212 -0.482263 -0.534749
0.00577495 -0.295907 -0.204683 0.71121 -0.486065 -0.575198
0.00409615 -0.329553 -0.216152 0.710186 -0.489261 -0.613864
0.00265428 -0.35871 -0.229849 0.709031 -0.491961 -0.649815
0.0102814 -0.383545 -0.246148 0.707724 -0.494256 -0.682381
0.0313956 -0.404414 -0.265427 0.706238 -0.496216 -0.711192
0.0871104 -0.421775 -0.288024 0.704541 -0.4979 -0.736159
0.220255 -0.436123 -0.314189 0.702615 -0.499354 -0.757425
0.421727 -0.447936 -0.344019 0.700403 -0.487232 -0.775294
0.581456 -0.457652 -0.377397 0.697851 -0.454864 -0.790161
0.658737 -0.46565 -0.413941 0.694897 -0.359857 -0.802446
0.690502 -0.47225 -0.452988 0.691464 -0.142482 -0.812562
0.704379 -0.477716 -0.493623 0.687462 0.1079 -0.820882
0.711212 -0.482263 -0.534749 0.682783 0.246491 -0.82773
0.710166 -0.486065 -0.575198 0.677301 0.299679 -0.833382
0.708984 -0.489261 -0.613864 0.670873 0.320333 -0.838062
0.707643 -0.491961 -0.649815 0.662908 0.329577 -0.841956
0.706113 -0.494256 -0.682381 0.653317 0.329574 -0.845211
0.704361 -0.496216 -0.711192 0.641848 0.328378 -0.847948
0.702362 -0.4979 -0.736159 0.628151 0.32703 -0.85026
0.700058 -0.488993 -0.757425 0.611852 0.325503 -0.852225
0.69739 -0.464335 -0.775294 0.592573 0.323768 -0.853904
0.694286 -0.39927 -0.790161 0.569976 0.321786 -0.855346
0.690659 -0.24378 -0.802446 0.543811 0.319537 -0.85659
0.686406 -0.00849422 -0.812562 0.513981 0.316953 -0.84621
0.681399 0.178043 -0.820882 0.480603 0.313973 -0.818495
0.67549 0.268295 -0.82773 0.444059 0.310523 -0.737141
0.668501 0.30539 -0.833382 0.405012 0.306514 -0.551006
0.66023 0.321596 -0.838062 0.364377 0.30184 -0.336607
0.649891 0.329577 -0.841956 0.323251 0.296376 -0.217932
0.637487 0.328355 -0.845211 0.282802 0.289974 -0.172389
0.622634 0.326975 -0.847948 0.244136 0.282467 -0.154703
0.604931 0.325408 -0.85026 0.208185 0.273165 -0.146788
0.583988 0.323622 -0.852225 0.175619 0.261965 -0.14679
0.559474 0.321576 -0.853904 0.146808 0.248571 -0.147814
0.531182 0.319241 -0.855346 0.121841 0.232575 -0.148969
0.499101 0.316551 -0.847719 0.100575 0.21354 -0.150276
0.463475 0.313435 -0.826604 0.0827055 0.191026 -0.151762
0.42485 0.30981 -0.77089 0.0678393 0.164636 -0.153459
0.384066 0.305574 -0.637745 0.0555537 0.13408 -0.155385
0.342207 0.300607 -0.436273 0.0454378 0.0992431 -0.157597
0.30049 0.29476 -0.276544 0.0371182 0.0602636 -0.160149
0.260136 0.287859 -0.199263 0.0302697 0.0175868 -0.163103
0.222229 0.279697 -0.167498 0.0246183 -0.0280139 -0.166536
0.187598 0.270038 -0.153621 0.0199377 -0.0754686 -0.170538
0.156764 0.257964 -0.146788 0.016044 -0.123497 -0.175217
0.129927 0.243478 -0.147834 0.0127886 -0.170735 -0.180699
0.107013 0.226132 -0.149016 0.0100524 -0.21589 -0.187127
0.0877471 0.205458 -0.150357 0.00773994 -0.257875 -0.195092
0.0717354 0.181 -0.151887 0.00577495 -0.295907 -0.204683
0.0585326 0.152372 -0.153639 0.00409615 -0.329553 -0.216152
0.047696 0.119332 -0.155638 0.00265428 -0.35871 -0.229849
0.0388176 0.0818658 -0.157942 0.0102814 -0.383545 -0.246148
0.0315402 0.0402607 -0.16061 0.0313956 -0.404414 -0.265427
0.0255616 -0.00484693 -0.163714 0.0871104 -0.421775 -0.288024
0.0206324 -0.0524751 -0.167341 0.220255 -0.436123 -0.314189
0.01655 -0.10136 -0.171594 0.421727 -0.447936 -0.344019
0.0131517 -0.150078 -0.176601 0.581456 -0.457652 -0.377397
0.0103071 -0.197204 -0.18251 0.658737 -0.46565 -0.413941
0.00791253 -0.241474 -0.189499 0.690502 -0.47225 -0.452988
0.0058853 -0.281917 -0.19777 0.704379 -0.477716 -0.493623
0.00415934 -0.317926 -0.208109 0.711212 -0.482263 -0.534749
0.0026818 -0.349267 -0.220513 0.710166 -0.486065 -0.575198
0.00141018 -0.376027 -0.235366 0.708984 -0.489261 -0.613864
0.0102784 -0.398526 -0.253069 0.707643 -0.491961 -0.649815
0.0313883 -0.417225 -0.274012 0.706113 -0.494256 -0.682381
0.0870917 -0.432644 -0.298526 0.704361 -0.496216 -0.711192
0.220216 -0.445299 -0.326818 0.702362 -0.4979 -0.736159
0.421683 -0.455668 -0.358899 0.700058 -0.488993 -0.757425
0.58143 -0.464166 -0.394525 0.69739 -0.464335 -0.775294
0.658726 -0.471148 -0.43315 0.694286 -0.39927 -0.790161
0.690496 -0.476905 -0.473934 0.690659 -0.24378 -0.802446
0.704376 -0.481672 -0.515793 0.686406 -0.00849422 -0.812562
0.711211 -0.485641 -0.55751 0.681399 0.178043 -0.820882
0.710165 -0.488963 -0.597864 0.67549 0.268295 -0.82773
0.708982 -0.491759 -0.635771 0.668501 0.30539 -0.833382
0.707641 -0.494127 -0.670402 0.66023 0.321596 -0.838062
0.706111 -0.496143 -0.701236 0.649891 0.329577 -0.841956
0.704359 -0.497868 -0.728073 0.637487 0.328355 -0.845211
0.702362 -0.499353 -0.750987 0.622634 0.326975 -0.847948
0.700058 -0.488997 -0.770253 0.604931 0.325408 -0.85026
0.69739 -0.464344 -0.786265 0.583988 0.323622 -0.852225
0.694286 -0.399292 -0.799467 0.559474 0.321576 -0.853904
0.690659 -0.243825 -0.810304 0.531182 0.319241 -0.855346
0.686406 -0.00854514 -0.819182 0.499101 0.316551 -0.847719
0.681399 0.178012 -0.82646 0.463475 0.313435 -0.826604
0.67549 0.268281 -0.832438 0.42485 0.30981 -0.77089
0.668501 0.305384 -0.837368 0.384066 0.305574 -0.637745
0.66023 0.321593 -0.84145 0.342207 0.300607 -0.436273
0.649891 0.329575 -0.844848 0.30049 0.29476 -0.276544
0.637487 0.328353 -0.847693 0.260136 0.287859 -0.199263
0.622634 0.326973 -0.850087 0.222229 0.279697 -0.167498
0.604931 0.325405 -0.852115 0.187598 0.270038 -0.153621
0.583988 0.323619 -0.853841 0.156764 0.257964 -0.146788
0.559474 0.321573 -0.855318 0.129927 0.243478 -0.147834
0.531182 0.319241 -0.85659 0.107013 0.226132 -0.149016
0.499101 0.316551 -0.847722 0.0877471 0.205458 -0.150357
0.463475 0.313435 -0.826612 0.0717354 0.181 -0.151887
0.42485 0.30981 -0.770908 0.0585326 0.152372 -0.153639
0.384066 0.305574 -0.637784 0.047696 0.119332 -0.155638
0.342207 0.300607 -0.436317 0.0388176 0.0818658 -0.157942
0.30049 0.29476 -0.27657 0.0315402 0.0402607 -0.16061
0.260136 0.287859 -0.199274 0.0255616 -0.00484693 -0.163714
0.222229 0.279697 -0.167504 0.0206324 -0.0524751 -0.167341
0.187598 0.270038 -0.153624 0.01655 -0.10136 -0.171594
0.156764 0.257964 -0.146789 0.0131517 -0.150078 -0.176601
0.129927 0.243478 -0.147835 0.0103071 -0.197204 -0.18251
0.107013 0.226132 -0.149018 0.00791253 -0.241474 -0.189499
0.0877471 0.205458 -0.150359 0.0058853 -0.281917 -0.19777
0.0717354 0.181 -0.151889 0.00415934 -0.317926 -0.208109
0.0585326 0.152372 -0.153641 0.0026818 -0.349267 -0.220513
0.047696 0.119332 -0.155638 0.00141018 -0.376027 -0.235366
0.0388176 0.0818658 -0.157942 0.0102784 -0.398526 -0.253069
0.0315402 0.0402607 -0.16061 0.0313883 -0.417225 -0.274012
0.0255616 -0.00484693 -0.163714 0.0870917 -0.432644 -0.298526
0.0206324 -0.0524751 -0.167341 0.220216 -0.445299 -0.326818
0.01655 -0.10136 -0.171594 0.421683 -0.455668 -0.358899
0.0131517 -0.150078 -0.176601 0.58143 -0.464166 -0.394525
0.0103071 -0.197204 -0.18251 0.658726 -0.471148 -0.43315
0.00791253 -0.241474 -0.189499 0.690496 -0.476905 -0.473934
0.0058853 -0.281917 -0.19777 0.704376 -0.481672 -0.515793
0.00415934 -0.317926 -0.208109 0.711211 -0.485641 -0.55751
0.0026818 -0.349267 -0.220513 0.710165 -0.488963 -0.597864
0.00141018 -0.376027 -0.235366 0.708982 -0.491759 -0.635771
0.0102784 -0.398526 -0.253069 0.707641 -0.494127 -0.670402
0.0313883 -0.417225 -0.274012 0.706111 -0.496143 -0.701236
0.0870917 -0.432644 -0.298526 0.704359 -0.497868 -0.728073
0.220216 -0.445299 -0.326818 0.702362 -0.499353 -0.750987
0.421683 -0.455668 -0.358899 0.700058 -0.488997 -0.770253
0.58143 -0.464166 -0.394525 0.69739 -0.464344 -0.786265
0.658726 -0.471148 -0.43315 0.694286 -0.399292 -0.799467
0.690496 -0.476905 -0.473934 0.690659 -0.243825 -0.810304
0.704376 -0.481672 -0.515793 0.686406 -0.00854514 -0.819182
0.711211 -0.485641 -0.55751 0.681399 0.178012 -0.82646
0.710165 -0.488963 -0.597864 0.67549 0.268281 -0.832438
0.708982 -0.491759 -0.635771 0.668501 0.305384 -0.837368
0.707641 -0.494127 -0.670402 0.66023 0.321593 -0.84145
0.706111 -0.496143 -0.701236 0.649891 0.329575 -0.844848
0.704359 -0.497868 -0.728073 0.637487 0.328353 -0.847693
0.702346 -0.499353 -0.750987 0.622634 0.326973 -0.850087
0.700037 -0.488997 -0.770253 0.604931 0.325405 -0.852115
0.697361 -0.464344 -0.786265 0.583988 0.323619 -0.853841
0.694245 -0.399292 -0.799467 0.559474 0.321573 -0.855318
0.690602 -0.243825 -0.810304 0.531182 0.319241 -0.85659
0.686325 -0.00854514 -0.819182 0.499101 0.316551 -0.847722
0.681285 0.178012 -0.82646 0.463475 0.313435 -0.826612
0.675327 0.268281 -0.832438 0.42485 0.30981 -0.770908
0.668269 0.305384 -0.837368 0.384066 0.305574 -0.637784
0.659898 0.321593 -0.84145 0.342207 0.300607 -0.436317
0.649893 0.329575 -0.844848 0.30049 0.29476 -0.27657
0.63749 0.328353 -0.847693 0.260136 0.287859 -0.199274
0.62264 0.326973 -0.850087 0.222229 0.279697 -0.167504
0.604941 0.325405 -0.852115 0.187598 0.270038 -0.153624
0.584001 0.323619 -0.853841 0.156764 0.257964 -0.146789
0.559491 0.321573 -0.855318 0.129927 0.243478 -0.147835
0.531204 0.319223 -0.85659 0.107013 0.226132 -0.149018
0.499127 0.316526 -0.847722 0.0877471 0.205458 -0.150359
0.463506 0.3134 -0.826612 0.0717354 0.181 -0.151889
0.424885 0.309762 -0.770908 0.0585326 0.152372 -0.153641
0.384105 0.305507 -0.637784 0.047696 0.119332 -0.155638
0.342247 0.300512 -0.436317 0.0388176 0.0818658 -0.157942
0.300531 0.294626 -0.27657 0.0315402 0.0402607 -0.16061
0.260177 0.287668 -0.199274 0.0255616 -0.00484693 -0.163714
0.222267 0.279426 -0.167504 0.0206324 -0.0524751 -0.167341
0.187634 0.269651 -0.153624 0.01655 -0.10136 -0.171594
0.156796 0.257966 -0.146789 0.0131517 -0.150078 -0.176601
0.129955 0.243482 -0.147835 0.0103071 -0.197204 -0.18251
0.107037 0.226139 -0.149018 0.00791253 -0.241474 -0.189499
0.0877674 0.205469 -0.150359 0.0058853 -0.281917 -0.19777
0.0717523 0.181015 -0.151889 0.00415934 -0.317926 -0.208109
0.0585466 0.152392 -0.153641 0.0026818 -0.349267 -0.220513
0.0477076 0.119358 -0.155654 0.00141018 -0.376027 -0.235366
0.0388272 0.081897 -0.157963 0.0102784 -0.398526 -0.253069
0.0315481 0.0402974 -0.160639 0.0313883 -0.417225 -0.274012
0.0255681 -0.00480536 -0.163755 0.0870917 -0.432644 -0.298526
0.0206378 -0.0524297 -0.167398 0.220216 -0.445299 -0.326818
0.0165546 -0.101312 -0.171675 0.421683 -0.455668 -0.358899
0.0131555 -0.15003 -0.176715 0.58143 -0.464166 -0.394525
0.0103103 -0.197157 -0.182673 0.658726 -0.471148 -0.43315
0.00791524 -0.241429 -0.189731 0.690496 -0.476905 -0.473934
0.00588761 -0.281875 -0.198102 0.704376 -0.481672 -0.515793
0.00416133 -0.317889 -0.208107 0.711211 -0.485641 -0.55751
0.00268351 -0.349235 -0.22051 0.710165 -0.488963 -0.597864
0.00141165 -0.375999 -0.23536 0.708982 -0.491759 -0.635771
0.00140956 -0.398502 -0.253059 0.707641 -0.494127 -0.670402
0.0102772 -0.417205 -0.273999 0.706111 -0.496143 -0.701236
0.0313858 -0.432627 -0.298509 0.704359 -0.497868 -0.728073
0.0870858 -0.445286 -0.326796 0.702346 -0.499353 -0.750987
0.220205 -0.455656 -0.358873 0.700037 -0.488997 -0.770253
0.421672 -0.464157 -0.394494 0.697361 -0.464344 -0.786265
0.581424 -0.471141 -0.433115 0.694245 -0.399292 -0.799467
0.658723 -0.476898 -0.473895 0.690602 -0.243825 -0.810304
0.690496 -0.481667 -0.515753 0.686325 -0.00854514 -0.819182
0.704375 -0.485637 -0.557469 0.681285 0.178012 -0.82646
0.710188 -0.488959 -0.597823 0.675327 0.268281 -0.832438
0.709033 -0.491756 -0.635733 0.668269 0.305384 -0.837368
0.707726 -0.494124 -0.670366 0.659898 0.321593 -0.84145
0.70624 -0.49614 -0.701204 0.649893 0.329575 -0.844848
0.704544 -0.497866 -0.728045 0.63749 0.328353 -0.847693
0.702598 -0.499351 -0.750963 0.62264 0.326973 -0.850087
0.700379 -0.499354 -0.770233 0.604941 0.325405 -0.852115
0.697818 -0.488998 -0.786248 0.584001 0.323619 -0.853841
0.694849 -0.464347 -0.799453 0.559491 0.321573 -0.855318
0.691396 -0.399298 -0.810292 0.531204 0.319223 -0.85659
0.687364 -0.243837 -0.819173 0.499127 0.316526 -0.847722
0.682641 -0.00855762 -0.826452 0.463506 0.3134 -0.826612
0.677096 0.178006 -0.832432 0.424885 0.309762 -0.770908
0.670577 0.268278 -0.837362 0.384105 0.305507 -0.637784
0.662908 0.305383 -0.841445 0.342247 0.300512 -0.436317
0.653317 0.321592 -0.844845 0.300531 0.294626 -0.27657
0.641848 0.328381 -0.84769 0.260177 0.287668 -0.199274
0.628151 0.327032 -0.850085 0.222267 0.279426 -0.167504
0.611852 0.325506 -0.852112 0.187634 0.269651 -0.153624
0.592573 0.32377 -0.853839 0.156796 0.257966 -0.146789
0.569976 0.321789 -0.855316 0.129955 0.243482 -0.147835
0.543811 0.319517 -0.856588 0.107037 0.226139 -0.149018
0.513981 0.316925 -0.85659 0.0877674 0.205469 -0.150359
0.480603 0.313934 -0.847723 0.0717523 0.181015 -0.151889
0.444059 0.310467 -0.826614 0.0585466 0.152392 -0.153641
0.405012 0.306434 -0.770914 0.0477076 0.119358 -0.155654
0.364377 0.301726 -0.637795 0.0388272 0.081897 -0.157963
0.323251 0.29621 -0.436328 0.0315481 0.0402974 -0.160639
0.282802 0.289735 -0.276576 0.0255681 -0.00480536 -0.163755
0.244136 0.282121 -0.199277 0.0206378 -0.0524297 -0.167398
0.208185 0.273165 -0.167504 0.0165546 -0.101312 -0.171675
0.175619 0.261965 -0.153625 0.0131555 -0.15003 -0.176715
0.146808 0.248571 -0.147812 0.0103103 -0.197157 -0.182673
0.121841 0.232575 -0.148967 0.00791524 -0.241429 -0.189731
0.100575 0.21354 -0.150274 0.00588761 -0.281875 -0.198102
0.0827055 0.191026 -0.15176 0.00416133 -0.317889 -0.208107
0.0678393 0.164636 -0.153456 0.00268351 -0.349235 -0.22051
0.0555537 0.13408 -0.155402 0.00141165 -0.375999 -0.23536
0.0454378 0.0992431 -0.157621 0.00140956 -0.398502 -0.253059
0.0371182 0.0602636 -0.160182 0.0102772 -0.417205 -0.273999
0.0302697 0.0175868 -0.163151 0.0313858 -0.432627 -0.298509
0.0246183 -0.0280139 -0.166604 0.0870858 -0.445286 -0.326796
0.0199377 -0.0754686 -0.170636 0.220205 -0.455656 -0.358873
0.016044 -0.123497 -0.175359 0.421672 -0.464157 -0.394494
0.0127886 -0.170735 -0.180904 0.581424 -0.471141 -0.433115
0.0100524 -0.21589 -0.187423 0.658723 -0.476898 -0.473895
0.00773994 -0.257875 -0.195092 0.690496 -0.481667 -0.515753
0.00577495 -0.295907 -0.204683 0.704375 -0.485637 -0.557469
0.00409615 -0.329553 -0.216152 0.710188 -0.488959 -0.597823
0.00265428 -0.35871 -0.229849 0.709033 -0.491756 -0.635733
0.00140956 -0.383545 -0.246148 0.707726 -0.494124 -0.670366
0.0117898 -0.404414 -0.265427 0.70624 -0.49614 -0.701204
0.0395053 -0.421775 -0.288024 0.704544 -0.497866 -0.728045
0.120859 -0.436123 -0.314189 0.702598 -0.499351 -0.750963
0.306994 -0.447936 -0.344019 0.700379 -0.499354 -0.770233
0.521393 -0.457652 -0.377397 0.697818 -0.488998 -0.786248
0.640068 -0.46565 -0.413941 0.694849 -0.464347 -0.799453
0.685611 -0.47225 -0.452988 0.691396 -0.399298 -0.810292
0.703297 -0.477716 -0.493623 0.687364 -0.243837 -0.819173
0.711212 -0.482263 -0.534749 0.682641 -0.00855762 -0.826452
0.71121 -0.486065 -0.575198 0.677096 0.178006 -0.832432
0.710186 -0.489261 -0.613864 0.670577 0.268278 -0.837362
0.709031 -0.491961 -0.649815 0.662908 0.305383 -0.841445
0.707724 -0.494256 -0.682381 0.653317 0.321592 -0.844845
0.706238 -0.496216 -0.711192 0.641848 0.328381 -0.84769
0.704541 -0.4979 -0.736159 0.628151 0.327032 -0.850085
0.702615 -0.499354 -0.757425 0.611852 0.325506 -0.852112
0.700403 -0.487232 -0.775294 0.592573 0.32377 -0.853839
0.697851 -0.454864 -0.790161 0.569976 0.321789 -0.855316
0.694897 -0.359857 -0.802446 0.543811 0.319517 -0.856588
0.691464 -0.142482 -0.812562 0.513981 0.316925 -0.85659
0.687462 0.1079 -0.820882 0.480603 0.313934 -0.847723
0.682783 0.246491 -0.82773 0.444059 0.310467 -0.826614
0.677301 0.299679 -0.833382 0.405012 0.306434 -0.770914
0.670873 0.320333 -0.838062 0.364377 0.301726 -0.637795
0.662908 0.329577 -0.841956 0.323251 0.29621 -0.436328
0.653317 0.329574 -0.845211 0.282802 0.289735 -0.276576
0.641848 0.328378 -0.847948 0.244136 0.282121 -0.199277
0.628151 0.32703 -0.85026 0.208185 0.273165 -0.167504
0.611852 0.325503 -0.852225 0.175619 0.261965 -0.153625
0.592573 0.323768 -0.853904 0.146808 0.248571 -0.147812
0.569976 0.321786 -0.855346 0.121841 0.232575 -0.148967
0.543811 0.319537 -0.85659 0.100575 0.21354 -0.150274
0.513981 0.316953 -0.84621 0.0827055 0.191026 -0.15176
0.480603 0.313973 -0.818495 0.0678393 0.164636 -0.153456
0.444059 0.310523 -0.737141 0.0555537 0.13408 -0.155402
0.405012 0.306514 -0.551006 0.0454378 0.0992431 -0.157621
0.364377 0.30184 -0.336607 0.0371182 0.0602636 -0.160182
0.323251 0.296376 -0.217932 0.0302697 0.0175868 -0.163151
0.282802 0.289974 -0.172389 0.0246183 -0.0280139 -0.166604
0.244136 0.282467 -0.154703 0.0199377 -0.0754686 -0.170636
0.208185 0.273165 -0.146788 0.016044 -0.123497 -0.175359
0.175619 0.261965 -0.14679 0.0127886 -0.170735 -0.180904
0.146808 0.248571 -0.147814 0.0100524 -0.21589 -0.187423
0.121841 0.232575 -0.148969 0.00773994 -0.257875 -0.195092
0.100575 0.21354 -0.150276 0.00577495 -0.295907 -0.204683
0.0827055 0.191026 -0.151762 0.00409615 -0.329553 -0.216152
0.0678393 0.164636 -0.153459 0.00265428 -0.35871 -0.229849
0.0555537 0.13408 -0.155385 0.00140956 -0.383545 -0.246148
0.0454378 0.0992431 -0.157597 0.0117898 -0.404414 -0.265427
0.0371182 0.0602636 -0.160149 0.0395053 -0.421775 -0.288024
0.0302697 0.0175868 -0.163103 0.120859 -0.436123 -0.314189
0.0246183 -0.0280139 -0.166536 0.306994 -0.447936 -0.344019
0.0199377 -0.0754686 -0.170538 0.521393 -0.457652 -0.377397
0.016044 -0.123497 -0.175217 0.640068 -0.46565 -0.413941
0.0127886 -0.170735 -0.180699 0.685611 -0.47225 -0.452988
0.0100524 -0.21589 -0.187127 0.703297 -0.477716 -0.493623
0.00773994 -0.257875 -0.195092 0.711212 -0.482263 -0.534749
0.00577495 -0.295907 -0.204683 0.71121 -0.486065 -0.575198
0.00409615 -0.329553 -0.216152 0.710186 -0.489261 -0.613864
0.00265428 -0.35871 -0.229849 0.709031 -0.491961 -0.649815
0.0102814 -0.383545 -0.246148 0.707724 -0.494256 -0.682381
0.0313956 -0.404414 -0.265427 0.706238 -0.496216 -0.711192
0.0871104 -0.421775 -0.288024 0.704541 -0.4979 -0.736159
0.220255 -0.436123 -0.314189 0.702615 -0.499354 -0.757425
0.421727 -0.447936 -0.344019 0.700403 -0.487232 -0.775294
0.581456 -0.457652 -0.377397 0.697851 -0.454864 -0.790161
0.658737 -0.46565 -0.413941 0.694897 -0.359857 -0.802446
0.690502 -0.47225 -0.452988 0.691464 -0.142482 -0.812562
0.704379 -0.477716 -0.493623 0.687462 0.1079 -0.820882
0.711212 -0.482263 -0.534749 0.682783 0.246491 -0.82773
0.710166 -0.486065 -0.575198 0.677301 0.299679 -0.833382
0.708984 -0.489261 -0.613864 0.670873 0.320333 -0.838062
0.707643 -0.491961 -0.649815 0.662908 0.329577 -0.841956
0.706113 -0.494256 -0.682381 0.653317 0.329574 -0.845211
0.704361 -0.496216 -0.711192 0.641848 0.328378 -0.847948
0.702362 -0.4979 -0.736159 0.628151 0.32703 -0.85026
0.700058 -0.488993 -0.757425 0.611852 0.325503 -0.852225
0.69739 -0.464335 -0.775294 0.592573 0.323768 -0.853904
0.694286 -0.39927 -0.790161 0.569976 0.321786 -0.855346
0.690659 -0.24378 -0.802446 0.543811 0.319537 -0.85659
0.686406 -0.00849422 -0.812562 0.513981 0.316953 -0.84621
0.681399 0.178043 -0.820882 0.480603 0.313973 -0.818495
0.67549 0.268295 -0.82773 0.444059 0.310523 -0.737141
0.668501 0.30539 -0.833382 0.405012 0.306514 -0.551006
0.66023 0.321596 -0.838062 0.364377 0.30184 -0.336607
0.649891 0.329577 -0.841956 0.323251 0.296376 -0.217932
0.637487 0.328355 -0.845211 0.282802 0.289974 -0.172389
0.622634 0.326975 -0.847948 0.244136 0.282467 -0.154703
0.604931 0.325408 -0.85026 0.208185 0.273165 -0.146788
0.583988 0.323622 -0.852225 0.175619 0.261965 -0.14679
0.559474 0.321576 -0.853904 0.146808 0.248571 -0.147814
0.531182 0.319241 -0.855346 0.121841 0.232575 -0.148969
0.499101 0.316551 -0.847719 0.100575 0.21354 -0.150276
0.463475 0.313435 -0.826604 0.0827055 0.191026 -0.151762
0.42485 0.30981 -0.77089 0.0678393 0.164636 -0.153459
0.384066 0.305574 -0.637745 0.0555537 0.13408 -0.155385
0.342207 0.300607 -0.436273 0.0454378 0.0992431 -0.157597
0.30049 0.29476 -0.276544 0.0371182 0.0602636 -0.160149
0.260136 0.287859 -0.199263 0.0302697 0.0175868 -0.163103
0.222229 0.279697 -0.167498 0.0246183 -0.0280139 -0.166536
0.187598 0.270038 -0.153621 0.0199377 -0.0754686 -0.170538
0.156764 0.257964 -0.146788 0.016044 -0.123497 -0.175217
0.129927 0.243478 -0.147834 0.0127886 -0.170735 -0.180699
0.107013 0.226132 -0.149016 0.0100524 -0.21589 -0.187127
0.0877471 0.205458 -0.150357 0.00773994 -0.257875 -0.195092
0.0717354 0.181 -0.151887 0.00577495 -0.295907 -0.204683
0.0585326 0.152372 -0.153639 0.00409615 -0.329553 -0.216152
0.047696 0.119332 -0.155638 0.00265428 -0.35871 -0.229849
0.0388176 0.0818658 -0.157942 0.0102814 -0.383545 -0.246148
0.0315402 0.0402607 -0.16061 0.0313956 -0.404414 -0.265427
0.0255616 -0.00484693 -0.163714 0.0871104 -0.421775 -0.288024
0.0206324 -0.0524751 -0.167341 0.220255 -0.436123 -0.314189
0.01655 -0.10136 -0.171594 0.421727 -0.447936 -0.344019
0.0131517 -0.150078 -0.176601 0.581456 -0.457652 -0.377397
0.0103071 -0.197204 -0.18251 0.658737 -0.46565 -0.413941
0.00791253 -0.241474 -0.189499 0.690502 -0.47225 -0.452988
0.0058853 -0.281917 -0.19777 0.704379 -0.477716 -0.493623
0.00415934 -0.317926 -0.208109 0.711212 -0.482263 -0.534749
0.0026818 -0.349267 -0.220513 0.710166 -0.486065 -0.575198
0.00141018 -0.376027 -0.235366 0.708984 -0.489261 -0.613864
0.0102784 -0.398526 -0.253069 0.707643 -0.491961 -0.649815
0.0313883 -0.417225 -0.274012 0.706113 -0.494256 -0.682381
0.0870917 -0.432644 -0.298526 0.704361 -0.496216 -0.711192
0.220216 -0.445299 -0.326818 0.702362 -0.4979 -0.736159
0.421683 -0.455668 -0.358899 0.700058 -0.488993 -0.757425
0.58143 -0.464166 -0.394525 0.69739 -0.464335 -0.775294
0.658726 -0.471148 -0.43315 0.694286 -0.39927 -0.790161
0.690496 -0.476905 -0.473934 0.690659 -0.24378 -0.802446
0.704376 -0.481672 -0.515793 0.686406 -0.00849422 -0.812562
0.711211 -0.485641 -0.55751 0.681399 0.178043 -0.820882
0.710165 -0.488963 -0.597864 0.67549 0.268295 -0.82773
0.708982 -0.491759 -0.635771 0.668501 0.30539 -0.833382
0.707641 -0.494127 -0.670402 0.66023 0.321596 -0.838062
0.706111 -0.496143 -0.701236 0.649891 0.329577 -0.841956
0.704359 -0.497868 -0.728073 0.637487 0.328355 -0.845211
0.702362 -0.499353 -0.750987 0.622634 0.326975 -0.847948
0.700058 -0.488997 -0.770253 0.604931 0.325408 -0.85026
0.69739 -0.464344 -0.786265 0.583988 0.323622 -0.852225
0.694286 -0.399292 -0.799467 0.559474 0.321576 -0.853904
0.690659 -0.243825 -0.810304 0.531182 0.319241 -0.855346
0.686406 -0.00854514 -0.819182 0.499101 0.316551 -0.847719
0.681399 0.178012 -0.82646 0.463475 0.313435 -0.826604
0.67549 0.268281 -0.832438 0.42485 0.30981 -0.77089
0.668501 0.305384 -0.837368 0.384066 0.305574 -0.637745
0.66023 0.321593 -0.84145 0.342207 0.300607 -0.436273
0.649891 0.329575 -0.844848 0.30049 0.29476 -0.276544
0.637487 0.328353 -0.847693 0.260136 0.287859 -0.199263
0.622634 0.326973 -0.850087 0.222229 0.279697 -0.167498
0.604931 0.325405 -0.852115 0.187598 0.270038 -0.153621
0.583988 0.323619 -0.853841 0.156764 0.257964 -0.146788
0.559474 0.321573 -0.855318 0.129927 0.243478 -0.147834
0.531182 0.319241 -0.85659 0.107013 0.226132 -0.149016
0.499101 0.316551 -0.847722 0.0877471 0.205458 -0.150357
0.463475 0.313435 -0.826612 0.0717354 0.181 -0.151887
0.42485 0.30981 -0.770908 0.0585326 0.152372 -0.153639
0.384066 0.305574 -0.637784 0.047696 0.119332 -0.155638
0.342207 0.300607 -0.436317 0.0388176 0.0818658 -0.157942
0.30049 0.29476 -0.27657 0.0315402 0.0402607 -0.16061
0.260136 0.287859 -0.199274 0.0255616 -0.00484693 -0.163714
0.222229 0.279697 -0.167504 0.0206324 -0.0524751 -0.167341
0.187598 0.270038 -0.153624 0.01655 -0.10136 -0.171594
0.156764 0.257964 -0.146789 0.0131517 -0.150078 -0.176601
0.129927 0.243478 -0.147835 0.0103071 -0.197204 -0.18251
0.107013 0.226132 -0.149018 0.00791253 -0.241474 -0.189499
0.0877471 0.205458 -0.150359 0.0058853 -0.281917 -0.19777
0.0717354 0.181 -0.151889 0.00415934 -0.317926 -0.208109
0.0585326 0.152372 -0.153641 0.0026818 -0.349267 -0.220513
0.047696 0.119332 -0.155638 0.00141018 -0.376027 -0.235366
0.0388176 0.0818658 -0.157942 0.0102784 -0.398526 -0.253069
0.0315402 0.0402607 -0.16061 0.0313883 -0.417225 -0.274012
0.0255616 -0.00484693 -0.163714 0.0870917 -0.432644 -0.298526
0.0206324 -0.0524751 -0.167341 0.220216 -0.445299 -0.326818
0.01655 -0.10136 -0.171594 0.421683 -0.455668 -0.358899
0.0131517 -0.150078 -0.176601 0.58143 -0.464166 -0.394525
0.0103071 -0.197204 -0.18251 0.658726 -0.471148 -0.43315
0.00791253 -0.241474 -0.189499 0.690496 -0.476905 -0.473934
0.0058853 -0.281917 -0.19777 0.704376 -0.481672 -0.515793
0.00415934 -0.317926 -0.208109 0.711211 -0.485641 -0.55751
0.0026818 -0.349267 -0.220513 0.710165 -0.488963 -0.597864
0.00141018 -0.376027 -0.235366 0.708982 -0.491759 -0.635771
0.0102784 -0.398526 -0.253069 0.707641 -0.494127 -0.670402
0.0313883 -0.417225 -0.274012 0.706111 -0.496143 -0.701236
0.0870917 -0.432644 -0.298526 0.704359 -0.497868 -0.728073
0.220216 -0.445299 -0.326818 0.702362 -0.499353 -0.750987
0.421683 -0.455668 -0.358899 0.700058 -0.488997 -0.770253
0.58143 -0.464166 -0.394525 0.69739 -0.464344 -0.786265
0.658726 -0.471148 -0.43315 0.694286 -0.399292 -0.799467
0.690496 -0.476905 -0.473934 0.690659 -0.243825 -0.810304
0.704376 -0.481672 -0.515793 0.686406 -0.00854514 -0.819182
0.711211 -0.485641 -0.55751 0.681399 0.178012 -0.82646
0.710165 -0.488963 -0.597864 0.67549 0.268281 -0.832438
0.708982 -0.491759 -0.635771 0.668501 0.305384 -0.837368
0.707641 -0.494127 -0.670402 0.66023 0.321593 -0.84145
0.706111 -0.496143 -0.701236 0.649891 0.329575 -0.844848
0.704359 -0.497868 -0.728073 0.637487 0.328353 -0.847693
0.702362 -0.499353 -0.750987 0.622634 0.326973 -0.850087
0.700058 -0.488997 -0.770253 0.604931 0.325405 -0.852115
0.69739 -0.464344 -0.786265 0.583988 0.323619 -0.853841
0.694286 -0.399292 -0.799467 0.559474 0.321573 -0.855318
0.690659 -0.243825 -0.810304 0.531182 0.319241 -0.85659
0.686406 -0.00854514 -0.819182 0.499101 0.316551 -0.847722
0.681399 0.178012 -0.82646 0.463475 0.313435 -0.826612
0.67549 0.268281 -0.832438 0.42485 0.30981 -0.770908
0.668501 0.305384 -0.837368 0.384066 0.305574 -0.637784
0.66023 0.321593 -0.84145 0.342207 0.300607 -0.436317
0.649891 0.329575 -0.844848 0.30049 0.29476 -0.27657
0.637487 0.328353 -0.847693 0.260136 0.287859 -0.199274
0.622634 0.326973 -0.850087 0.222229 0.279697 -0.167504
0.604931 0.325405 -0.852115 0.187598 0.270038 -0.153624
0.583988 0.323619 -0.853841 0.156764 0.257964 -0.146789
0.559474 0.321573 -0.855318 0.129927 0.243478 -0.147835
0.531182 0.319241 -0.85659 0.107013 0.226132 -0.149018
0.499101 0.316551 -0.847722 0.0877471 0.205458 -0.150359
0.463475 0.313435 -0.826612 0.0717354 0.181 -0.151889
0.42485 0.30981 -0.770908 0.0585326 0.152372 -0.153641
0.384066 0.305574 -0.637784 0.047696 0.119332 -0.155638
0.342207 0.300607 -0.436317 0.0388176 0.0818658 -0.157942
0.30049 0.29476 -0.27657 0.0315402 0.0402607 -0.16061
0.260136 0.287859 -0.199274 0.0255616 -0.00484693 -0.163714
0.222229 0.279697 -0.167504 0.0206324 -0.0524751 -0.167341
0.187598 0.270038 -0.153624 0.01655 -0.10136 -0.171594
0.156764 0.257964 -0.146789 0.0131517 -0.150078 -0.176601
0.129927 0.243478 -0.147835 0.0103071 -0.197204 -0.18251
0.107013 0.226132 -0.149018 0.00791253 -0.241474 -0.189499
0.0877471 0.205458 -0.150359 0.0058853 -0.281917 -0.19777
0.0717354 0.181 -0.151889 0.00415934 -0.317926 -0.208109
0.0585326 0.152372 -0.153641 0.0026818 -0.349267 -0.220513
0.047696 0.119332 -0.155638 0.00141018 -0.376027 -0.235366
0.0388176 0.0818658 -0.157942 0.0102784 -0.398526 -0.253069
0.0315402 0.0402607 -0.16061 0.0313883 -0.417225 -0.274012
0.0255616 -0.00484693 -0.163714 0.0870917 -0.432644 -0.298526
0.0206324 -0.0524751 -0.167341 0.220216 -0.445299 -0.326818
0.01655 -0.10136 -0.171594 0.421683 -0.455668 -0.358899
0.0131517 -0.150078 -0.176601 0.58143 -0.464166 -0.394525
0.0103071 -0.197204 -0.18251 0.658726 -0.471148 -0.43315
0.00791253 -0.241474 -0.189499 0.690496 -0.476905 -0.473934
0.0058853 -0.281917 -0.19777 0.704376 -0.481672 -0.515793
0.00415934 -0.317926 -0.208109 0.711211 -0.485641 -0.55751
0.0026818 -0.349267 -0.220513 0.710165 -0.488963 -0.597864
0.00141018 -0.376027 -0.235366 0.708982 -0.491759 -0.635771
0.00140809 -0.398526 -0.253069 0.707641 -0.494127 -0.670402
