0.3575 -0.0835 -0.5005 0.3575 -0.0835 -0.5005
0.3575 -0.0835 -0.5005 0.3575 -0.0835 -0.5005
-0.00942046 -0.0835 -0.5005 0.3575 -0.0835 -0.5005
0.724576 -0.0835 -0.5005 0.3575 -0.0835 -0.5005
0.640965 -0.0835 -0.5005 0.3575 -0.0835 -0.5005
0.00138624 -0.0835 -0.5005 0.3575 -0.0835 -0.5005
0.00138624 -0.0835 -0.5005 0.3575 -0.0835 -0.5005
0.00138624 -0.0835 -0.5005 0.3575 -0.0835 -0.5005
0.00138624 -0.0835 -0.5005 0.3575 -0.0835 -0.5005
0.00138624 -0.0835 -0.5005 0.3575 -0.0835 -0.5005
0.00138624 -0.0835 -0.5005 0.3575 -0.0835 -0.5005
0.00138624 -0.0835 -0.5005 0.3575 -0.0835 -0.5005
0.00138624 -0.0835 -0.5005 0.3575 -0.0835 -0.5005
0.00138624 -0.0835 -0.5005 0.3575 -0.0835 -0.5005
0.00138624 -0.0835 -0.5005 0.3575 -0.0835 -0.5005
0.00138624 -0.0835 -0.5005 0.3575 -0.0835 -0.5005
0.00138624 -0.0835 -0.5005 0.3575 -0.0835 -0.5005
0.00138624 -0.0835 -0.5005 0.3575 -0.0835 -0.5005
0.00138624 -0.512002 -0.5005 0.3575 -0.0835 -0.5005
0.00138624 0.345183 -0.5005 0.3575 -0.0835 -0.5005
0.711202 0.247539 -0.5005 0.3575 -0.0835 -0.5005
0.711202 -0.499381 -0.5005 0.3575 -0.0835 -0.5005
0.711202 -0.499381 -0.5005 0.3575 -0.0835 -0.5005
0.711202 -0.499381 -0.5005 0.3575 -0.0835 -0.5005
0.707456 -0.499381 -0.5005 0.3575 -0.0835 -0.5005
0.702247 -0.499381 -0.5005 0.3575 -0.0835 -0.5005
0.69352 -0.499381 -0.5005 0.3575 -0.0835 -0.5005
0.679052 -0.499381 -0.5005 0.3575 -0.0835 -0.5005
0.654041 -0.499381 -0.5005 0.3575 -0.0835 -0.5005
0.609809 -0.499381 -0.5005 0.3575 -0.0835 -0.5005
0.535276 -0.499381 -0.5005 0.3575 -0.0835 -0.5005
0.425397 -0.499381 -0.5005 0.3575 -0.0835 -0.5005
0.295969 -0.499381 -0.5005 0.3575 -0.0835 -0.5005
0.180035 -0.499381 -0.5005 0.3575 -0.0835 -0.5005
0.0997125 -0.499381 -0.86742 0.3575 -0.0835 -0.5005
0.0530339 -0.499381 -0.133424 0.3575 -0.0835 -0.5005
0.0277725 0.329565 -0.217035 0.3575 -0.0835 -0.5005
0.014004 0.329565 -0.856614 0.3575 -0.0835 -0.5005
0.00615653 0.329565 -0.856614 0.3575 -0.0835 -0.5005
0.00143264 0.329565 -0.856614 0.3575 -0.0835 -0.5005
0.00142576 0.32519 -0.856614 0.3575 -0.0835 -0.5005
0.00141951 0.319107 -0.856614 0.3575 -0.0835 -0.5005
0.0525933 0.308915 -0.856614 0.3575 -0.0835 -0.5005
0.421939 0.292019 -0.856614 0.3575 -0.0835 -0.5005
0.678083 0.26281 -0.856614 0.3575 -0.0835 -0.5005
0.71122 0.211154 -0.856614 0.3575 -0.0835 -0.5005
0.707965 0.124112 -0.856614 0.3575 -0.0835 -0.5005
0.70329 -0.00420801 -0.856614 0.3575 -0.0835 -0.5005
0.69638 -0.155358 -0.856614 0.3575 -0.0835 -0.5005
0.685797 -0.290749 -0.856614 0.3575 -0.0835 -0.5005
0.669038 -0.384552 -0.856614 -0.00942046 -0.0835 -0.5005
0.642029 -0.439065 -0.856614 0.724576 -0.0835 -0.5005
0.59628 -0.468566 -0.146798 0.640965 -0.0835 -0.5005
0.524706 -0.484646 -0.146798 0.00138624 -0.0835 -0.5005
0.425247 -0.49381 -0.146798 0.00138624 -0.0835 -0.5005
0.310073 -0.499327 -0.146798 0.00138624 -0.0835 -0.5005
0.202848 -0.499335 -0.150544 0.00138624 -0.0835 -0.5005
0.12206 -0.499342 -0.155753 0.00138624 -0.0835 -0.5005
0.0702509 -0.43958 -0.16448 0.00138624 -0.0835 -0.5005
0.0397812 -0.00824641 -0.178948 0.00138624 -0.0835 -0.5005
0.0222069 0.290887 -0.203959 0.00138624 -0.0835 -0.5005
0.0118458 0.329585 -0.248191 0.00138624 -0.0835 -0.5005
0.00548998 0.325785 -0.322724 0.00138624 -0.0835 -0.5005
0.00141797 0.320325 -0.432603 0.00138624 -0.0835 -0.5005
0.00141188 0.312255 -0.562031 0.00138624 -0.0835 -0.5005
0.0525327 0.299895 -0.677965 0.00138624 -0.0835 -0.5005
0.421712 0.280324 -0.758287 0.00138624 -0.512002 -0.5005
0.678042 0.248782 -0.804966 0.00138624 0.345183 -0.5005
0.708162 0.195355 -0.830227 0.711202 0.247539 -0.5005
0.703864 0.111769 -0.843996 0.711202 -0.499381 -0.5005
0.697678 -0.00438323 -0.851843 0.711202 -0.499381 -0.5005
0.688468 -0.138887 -0.856567 0.711202 -0.499381 -0.5005
0.674346 -0.264107 -0.856574 0.707456 -0.499381 -0.5005
0.652292 -0.358455 -0.85658 0.702247 -0.499381 -0.5005
0.615623 -0.418959 -0.805407 0.69352 -0.499381 -0.5005
0.558154 -0.454542 -0.436061 0.679052 -0.499381 -0.5005
0.475143 -0.475066 -0.179917 0.654041 -0.499381 -0.5005
0.370944 -0.487166 -0.14678 0.609809 -0.499381 -0.5005
0.262217 -0.494589 -0.150035 0.535276 -0.499381 -0.5005
0.169255 -0.499344 -0.15471 0.425397 -0.499381 -0.5005
0.102651 -0.499351 -0.16162 0.295969 -0.499381 -0.5005
0.0604362 -0.439651 -0.172203 0.180035 -0.499381 -0.5005
0.0351812 -0.00851114 -0.188962 0.0997125 -0.499381 -0.86742
0.0201593 0.290839 -0.215971 0.0530339 -0.499381 -0.133424
0.0110036 0.326014 -0.26172 0.0277725 0.329565 -0.217035
0.00521421 0.320995 -0.333294 0.014004 0.329565 -0.856614
0.00140787 0.313771 -0.432753 0.00615653 0.329565 -0.856614
0.120837 0.303016 -0.547927 0.00143264 0.329565 -0.856614
0.640058 0.286523 -0.655152 0.00142576 0.32519 -0.856614
0.711212 0.260768 -0.73594 0.00141951 0.319107 -0.856614
0.711207 0.217945 -0.787749 0.0525933 0.308915 -0.856614
0.70815 0.15083 -0.818219 0.421939 0.292019 -0.856614
0.703857 0.0538873 -0.835793 0.678083 0.26281 -0.856614
0.697678 -0.0677997 -0.846154 0.71122 0.211154 -0.856614
0.688468 -0.194775 -0.85251 0.707965 0.124112 -0.856614
0.674346 -0.303338 -0.856582 0.70329 -0.00420801 -0.856614
0.652084 -0.381121 -0.856588 0.69638 -0.155358 -0.856614
0.615353 -0.430421 -0.805467 0.685797 -0.290749 -0.856614
0.557818 -0.459914 -0.436288 0.669038 -0.384552 -0.856614
0.474769 -0.477457 -0.179958 0.642029 -0.439065 -0.856614
0.370591 -0.48815 -0.149838 0.59628 -0.468566 -0.146798
0.261944 -0.494911 -0.154136 0.524706 -0.484646 -0.146798
0.169083 -0.499356 -0.160322 0.425247 -0.49381 -0.146798
0.102557 -0.359882 -0.169532 0.310073 -0.499327 -0.146798
0.0603894 0.246481 -0.183654 0.202848 -0.499335 -0.150544
0.0351586 0.329576 -0.205708 0.12206 -0.499342 -0.155753
0.0201483 0.32957 -0.242377 0.0702509 -0.43958 -0.16448
0.0109981 0.326001 -0.299846 0.0397812 -0.00824641 -0.178948
0.00521139 0.320987 -0.382857 0.0222069 0.290887 -0.203959
0.0525327 0.313771 -0.487056 0.0118458 0.329585 -0.248191
0.421712 0.303016 -0.595783 0.00548998 0.325785 -0.322724
0.678042 0.286523 -0.688745 0.00141797 0.320325 -0.432603
0.711211 0.260525 -0.755349 0.00141188 0.312255 -0.562031
0.707955 0.217629 -0.797564 0.0525327 0.299895 -0.677965
0.703276 0.150438 -0.822819 0.421712 0.280324 -0.758287
0.696408 0.0534507 -0.837841 0.678042 0.248782 -0.804966
0.685944 -0.0682114 -0.846996 0.708162 0.195355 -0.830227
0.669641 -0.195093 -0.852786 0.703864 0.111769 -0.843996
0.642029 -0.30354 -0.856592 0.697678 -0.00438323 -0.851843
0.59628 -0.38123 -0.737163 0.688468 -0.138887 -0.856567
0.524706 -0.430475 -0.217942 0.674346 -0.264107 -0.856574
0.425247 -0.459941 -0.146788 0.652292 -0.358455 -0.85658
0.310073 -0.47747 -0.146793 0.615623 -0.418959 -0.805407
0.202848 -0.488156 -0.14985 0.558154 -0.454542 -0.436061
0.12206 -0.494914 -0.154143 0.475143 -0.475066 -0.179917
0.0702509 -0.439651 -0.160322 0.370944 -0.487166 -0.14678
0.0397812 -0.00851114 -0.169532 0.262217 -0.494589 -0.150035
0.0222069 0.290839 -0.183654 0.169255 -0.499344 -0.15471
0.0118458 0.329575 -0.205916 0.102651 -0.499351 -0.16162
0.00548998 0.325772 -0.242647 0.0604362 -0.439651 -0.172203
0.00141797 0.320309 -0.300182 0.0351812 -0.00851114 -0.188962
0.00141188 0.312288 -0.383231 0.0201593 0.290839 -0.215971
0.0525327 0.300067 -0.487409 0.0110036 0.326014 -0.26172
0.421712 0.281029 -0.596056 0.00521421 0.320995 -0.333294
0.678042 0.248782 -0.688917 0.00140787 0.313771 -0.432753
0.711211 0.195355 -0.755443 0.120837 0.303016 -0.547927
0.708156 0.111769 -0.797611 0.640058 0.286523 -0.655152
0.703857 -0.00438323 -0.822841 0.711212 0.260768 -0.73594
0.697678 -0.138887 -0.837852 0.711207 0.217945 -0.787749
0.688468 -0.264107 -0.847002 0.70815 0.15083 -0.818219
0.674346 -0.358455 -0.852789 0.703857 0.0538873 -0.835793
0.652084 -0.418959 -0.805467 0.697678 -0.0677997 -0.846154
0.615353 -0.454542 -0.436288 0.688468 -0.194775 -0.85251
0.557818 -0.475066 -0.179958 0.674346 -0.303338 -0.856582
0.474769 -0.487166 -0.146789 0.652084 -0.381121 -0.856588
0.370591 -0.494589 -0.150045 0.615353 -0.430421 -0.805467
0.261944 -0.499344 -0.154724 0.557818 -0.459914 -0.436288
0.169083 -0.499351 -0.161592 0.474769 -0.477457 -0.179958
0.102557 -0.439651 -0.172056 0.370591 -0.48815 -0.149838
0.0603894 -0.00851114 -0.188359 0.261944 -0.494911 -0.154136
0.0351586 0.290839 -0.215971 0.169083 -0.499356 -0.160322
0.0201483 0.329575 -0.26172 0.102557 -0.359882 -0.169532
0.0109981 0.326007 -0.333294 0.0603894 0.246481 -0.183654
0.00521139 0.320987 -0.432753 0.0351586 0.329576 -0.205708
0.0525327 0.313771 -0.547927 0.0201483 0.32957 -0.242377
0.421712 0.303016 -0.655152 0.0109981 0.326001 -0.299846
0.678042 0.286523 -0.73594 0.00521139 0.320987 -0.382857
0.711211 0.260525 -0.787749 0.0525327 0.313771 -0.487056
0.707955 0.217629 -0.818219 0.421712 0.303016 -0.595783
0.703276 0.150438 -0.835793 0.678042 0.286523 -0.688745
0.696408 0.0534507 -0.846154 0.711211 0.260525 -0.755349
0.685944 -0.0682114 -0.85251 0.707955 0.217629 -0.797564
0.669641 -0.195093 -0.856582 0.703276 0.150438 -0.822819
0.642029 -0.30354 -0.856588 0.696408 0.0534507 -0.837841
0.59628 -0.38123 -0.805467 0.685944 -0.0682114 -0.846996
0.524706 -0.430475 -0.436288 0.669641 -0.195093 -0.852786
0.425247 -0.459941 -0.179958 0.642029 -0.30354 -0.856592
0.310073 -0.47747 -0.146789 0.59628 -0.38123 -0.737163
0.202848 -0.488156 -0.149844 0.524706 -0.430475 -0.217942
0.12206 -0.494914 -0.154143 0.425247 -0.459941 -0.146788
0.0702509 -0.439651 -0.160322 0.310073 -0.47747 -0.146793
0.0397812 -0.00851114 -0.169532 0.202848 -0.488156 -0.14985
0.0222069 0.290839 -0.183654 0.12206 -0.494914 -0.154143
0.0118458 0.329575 -0.205916 0.0702509 -0.439651 -0.160322
0.00548998 0.325772 -0.242647 0.0397812 -0.00851114 -0.169532
0.00141797 0.320309 -0.300182 0.0222069 0.290839 -0.183654
0.00141188 0.312288 -0.383231 0.0118458 0.329575 -0.205916
0.0525327 0.300067 -0.487409 0.00548998 0.325772 -0.242647
0.421712 0.281029 -0.596056 0.00141797 0.320309 -0.300182
0.678042 0.248782 -0.688917 0.00141188 0.312288 -0.383231
0.711211 0.195355 -0.755443 0.0525327 0.300067 -0.487409
0.708156 0.111769 -0.797611 0.421712 0.281029 -0.596056
0.703898 -0.00438323 -0.822841 0.678042 0.248782 -0.688917
0.697772 -0.138887 -0.837852 0.711211 0.195355 -0.755443
0.688689 -0.264107 -0.847002 0.708156 0.111769 -0.797611
0.674883 -0.358455 -0.852789 0.703857 -0.00438323 -0.822841
0.652073 -0.418959 -0.805467 0.697678 -0.138887 -0.837852
0.615323 -0.454542 -0.436288 0.688468 -0.264107 -0.847002
0.557759 -0.475066 -0.179958 0.674346 -0.358455 -0.852789
0.474675 -0.487166 -0.146789 0.652084 -0.418959 -0.805467
0.370472 -0.494589 -0.150045 0.615353 -0.454542 -0.436288
0.261825 -0.499344 -0.154724 0.557818 -0.475066 -0.179958
0.168987 -0.499351 -0.161592 0.474769 -0.487166 -0.146789
0.102492 -0.439651 -0.172056 0.370591 -0.494589 -0.150045
0.0603495 -0.00851114 -0.188359 0.261944 -0.499344 -0.154724
0.0351348 0.290839 -0.215971 0.169083 -0.499351 -0.161592
0.020134 0.329575 -0.26172 0.102557 -0.439651 -0.172056
0.0109892 0.326007 -0.333294 0.0603894 -0.00851114 -0.188359
0.00520562 0.321035 -0.432753 0.0351586 0.290839 -0.215971
0.052501 0.313881 -0.547927 0.0201483 0.329575 -0.26172
0.421595 0.303273 -0.655152 0.0109981 0.326007 -0.333294
0.678021 0.28715 -0.73594 0.00521139 0.320987 -0.432753
0.711207 0.260512 -0.787749 0.0525327 0.313771 -0.547927
0.707949 0.217594 -0.818219 0.421712 0.303016 -0.655152
0.703276 0.150369 -0.835793 0.678042 0.286523 -0.73594
0.69638 0.0533405 -0.846154 0.711211 0.260525 -0.787749
0.685797 -0.0683505 -0.85251 0.707955 0.217629 -0.818219
0.669038 -0.195232 -0.856582 0.703276 0.150438 -0.835793
0.642029 -0.303651 -0.856588 0.696408 0.0534507 -0.846154
0.59628 -0.381306 -0.805467 0.685944 -0.0682114 -0.85251
0.524706 -0.430522 -0.436288 0.669641 -0.195093 -0.856582
0.425247 -0.459968 -0.179958 0.642029 -0.30354 -0.856588
0.310073 -0.477487 -0.146789 0.59628 -0.38123 -0.805467
0.202848 -0.488166 -0.149844 0.524706 -0.430475 -0.436288
0.12206 -0.494921 -0.154102 0.425247 -0.459941 -0.179958
0.0702509 -0.439688 -0.160228 0.310073 -0.47747 -0.146789
0.0397812 -0.00864819 -0.169311 0.202848 -0.488156 -0.149844
0.0222069 0.290815 -0.183117 0.12206 -0.494914 -0.154143
0.0118458 0.32957 -0.205927 0.0702509 -0.439651 -0.160322
0.00548998 0.325766 -0.242677 0.0397812 -0.00851114 -0.169532
0.00141797 0.320309 -0.300241 0.0222069 0.290839 -0.183654
0.00141188 0.312255 -0.383325 0.0118458 0.329575 -0.205916
0.0525327 0.299895 -0.487528 0.00548998 0.325772 -0.242647
0.421712 0.280324 -0.596175 0.00141797 0.320309 -0.300182
0.678042 0.248782 -0.689013 0.00141188 0.312288 -0.383231
0.711211 0.195355 -0.755508 0.0525327 0.300067 -0.487409
0.708156 0.111769 -0.79765 0.421712 0.281029 -0.596056
0.703898 -0.00438323 -0.822865 0.678042 0.248782 -0.688917
0.697772 -0.138887 -0.837866 0.711211 0.195355 -0.755443
0.688689 -0.264107 -0.847011 0.708156 0.111769 -0.797611
0.674883 -0.358455 -0.852794 0.703898 -0.00438323 -0.822841
0.652073 -0.418959 -0.805499 0.697772 -0.138887 -0.837852
0.615323 -0.454542 -0.436405 0.688689 -0.264107 -0.847002
0.557759 -0.475066 -0.179979 0.674883 -0.358455 -0.852789
0.474675 -0.487166 -0.146793 0.652073 -0.418959 -0.805467
0.370472 -0.494589 -0.150051 0.615323 -0.454542 -0.436288
0.261825 -0.499344 -0.154724 0.557759 -0.475066 -0.179958
0.168987 -0.499351 -0.16162 0.474675 -0.487166 -0.146789
0.102492 -0.439651 -0.172203 0.370472 -0.494589 -0.150045
0.0603495 -0.00851114 -0.188962 0.261825 -0.499344 -0.154724
0.0351348 0.290839 -0.215971 0.168987 -0.499351 -0.161592
0.020134 0.329575 -0.26172 0.102492 -0.439651 -0.172056
0.0109892 0.326007 -0.333294 0.0603495 -0.00851114 -0.188359
0.00520562 0.321035 -0.432753 0.0351348 0.290839 -0.215971
0.052501 0.313881 -0.547927 0.020134 0.329575 -0.26172
0.421595 0.303273 -0.655152 0.0109892 0.326007 -0.333294
0.678021 0.28715 -0.73594 0.00520562 0.321035 -0.432753
0.711207 0.260512 -0.787749 0.052501 0.313881 -0.547927
0.707949 0.217594 -0.818219 0.421595 0.303273 -0.655152
0.703276 0.150369 -0.835793 0.678021 0.28715 -0.73594
0.69638 0.0533405 -0.846154 0.711207 0.260512 -0.787749
0.685797 -0.0683505 -0.85251 0.707949 0.217594 -0.818219
0.669038 -0.195232 -0.856582 0.703276 0.150369 -0.835793
0.642029 -0.303651 -0.856588 0.69638 0.0533405 -0.846154
0.59628 -0.381306 -0.805467 0.685797 -0.0683505 -0.85251
0.524706 -0.430522 -0.436288 0.669038 -0.195232 -0.856582
0.425247 -0.459968 -0.179958 0.642029 -0.303651 -0.856588
0.310073 -0.477487 -0.146789 0.59628 -0.381306 -0.805467
0.202848 -0.488166 -0.149844 0.524706 -0.430522 -0.436288
0.12206 -0.494921 -0.154102 0.425247 -0.459968 -0.179958
0.0702509 -0.439688 -0.160228 0.310073 -0.477487 -0.146789
0.0397812 -0.00864819 -0.169311 0.202848 -0.488166 -0.149844
0.0222069 0.290815 -0.183117 0.12206 -0.494921 -0.154102
0.0118458 0.32957 -0.205927 0.0702509 -0.439688 -0.160228
0.00548998 0.325766 -0.242677 0.0397812 -0.00864819 -0.169311
0.00141797 0.320309 -0.300241 0.0222069 0.290815 -0.183117
0.00141188 0.312255 -0.383325 0.0118458 0.32957 -0.205927
0.0525327 0.299895 -0.487528 0.00548998 0.325766 -0.242677
0.421712 0.280324 -0.596175 0.00141797 0.320309 -0.300241
0.678042 0.248782 -0.689013 0.00141188 0.312255 -0.383325
0.711211 0.195355 -0.755508 0.0525327 0.299895 -0.487528
0.708156 0.111769 -0.79765 0.421712 0.280324 -0.596175
0.703898 -0.00438323 -0.822865 0.678042 0.248782 -0.689013
0.697772 -0.138887 -0.837866 0.711211 0.195355 -0.755508
0.688689 -0.264107 -0.847011 0.708156 0.111769 -0.79765
0.674883 -0.358455 -0.852794 0.703898 -0.00438323 -0.822865
0.652073 -0.418959 -0.805499 0.697772 -0.138887 -0.837866
0.615323 -0.454542 -0.436405 0.688689 -0.264107 -0.847011
0.557759 -0.475066 -0.179979 0.674883 -0.358455 -0.852794
0.474675 -0.487166 -0.146793 0.652073 -0.418959 -0.805499
0.370472 -0.494589 -0.150051 0.615323 -0.454542 -0.436405
0.261825 -0.499344 -0.154724 0.557759 -0.475066 -0.179979
0.168987 -0.499351 -0.16162 0.474675 -0.487166 -0.146793
0.102492 -0.439651 -0.172203 0.370472 -0.494589 -0.150051
0.0603495 -0.00851114 -0.188962 0.261825 -0.499344 -0.154724
0.0351348 0.290839 -0.215971 0.168987 -0.499351 -0.16162
0.020134 0.329575 -0.26172 0.102492 -0.439651 -0.172203
0.0109892 0.326007 -0.333294 0.0603495 -0.00851114 -0.188962
0.00520562 0.321035 -0.432753 0.0351348 0.290839 -0.215971
0.052501 0.313881 -0.547927 0.020134 0.329575 -0.26172
0.421595 0.303273 -0.655152 0.0109892 0.326007 -0.333294
0.678021 0.28715 -0.73594 0.00520562 0.321035 -0.432753
0.711207 0.260512 -0.787749 0.052501 0.313881 -0.547927
0.707949 0.217594 -0.818219 0.421595 0.303273 -0.655152
0.703276 0.150369 -0.835793 0.678021 0.28715 -0.73594
0.69638 0.0533405 -0.846154 0.711207 0.260512 -0.787749
0.685797 -0.0683505 -0.85251 0.707949 0.217594 -0.818219
0.669038 -0.195232 -0.856582 0.703276 0.150369 -0.835793
0.642029 -0.303651 -0.856588 0.69638 0.0533405 -0.846154
0.59628 -0.381306 -0.805467 0.685797 -0.0683505 -0.85251
0.524706 -0.430522 -0.436288 0.669038 -0.195232 -0.856582
0.425247 -0.459968 -0.179958 0.642029 -0.303651 -0.856588
0.310073 -0.477487 -0.146789 0.59628 -0.381306 -0.805467
0.202848 -0.488166 -0.149844 0.524706 -0.430522 -0.436288
0.12206 -0.494921 -0.154102 0.425247 -0.459968 -0.179958
0.0702509 -0.439688 -0.160228 0.310073 -0.477487 -0.146789
0.0397812 -0.00864819 -0.169311 0.202848 -0.488166 -0.149844
0.0222069 0.290815 -0.183117 0.12206 -0.494921 -0.154102
0.0118458 0.32957 -0.205927 0.0702509 -0.439688 -0.160228
0.00548998 0.325766 -0.242677 0.0397812 -0.00864819 -0.169311
0.00141797 0.320309 -0.300241 0.0222069 0.290815 -0.183117
0.00141188 0.312255 -0.383325 0.0118458 0.32957 -0.205927
0.0525327 0.299895 -0.487528 0.00548998 0.325766 -0.242677
0.421712 0.280324 -0.596175 0.00141797 0.320309 -0.300241
0.678042 0.248782 -0.689013 0.00141188 0.312255 -0.383325
0.708162 0.195355 -0.755508 0.0525327 0.299895 -0.487528
0.703864 0.111769 -0.79765 0.421712 0.280324 -0.596175
0.697678 -0.00438323 -0.822865 0.678042 0.248782 -0.689013
0.688468 -0.138887 -0.837866 0.711211 0.195355 -0.755508
0.674346 -0.264107 -0.847011 0.708156 0.111769 -0.79765
0.652292 -0.358455 -0.852794 0.703898 -0.00438323 -0.822865
0.615623 -0.418959 -0.805499 0.697772 -0.138887 -0.837866
0.558154 -0.454542 -0.436405 0.688689 -0.264107 -0.847011
0.475143 -0.475066 -0.179979 0.674883 -0.358455 -0.852794
0.370944 -0.487166 -0.146793 0.652073 -0.418959 -0.805499
0.262217 -0.494589 -0.150051 0.615323 -0.454542 -0.436405
0.169255 -0.499344 -0.154724 0.557759 -0.475066 -0.179979
0.102651 -0.499351 -0.16162 0.474675 -0.487166 -0.146793
0.0604362 -0.439651 -0.172203 0.370472 -0.494589 -0.150051
0.0351812 -0.00851114 -0.188962 0.261825 -0.499344 -0.154724
0.0201593 0.290839 -0.215971 0.168987 -0.499351 -0.16162
0.0110036 0.326014 -0.26172 0.102492 -0.439651 -0.172203
0.00521421 0.320995 -0.333294 0.0603495 -0.00851114 -0.188962
0.00140787 0.313771 -0.432753 0.0351348 0.290839 -0.215971
0.120837 0.303016 -0.547927 0.020134 0.329575 -0.26172
0.640058 0.286523 -0.655152 0.0109892 0.326007 -0.333294
0.711212 0.260768 -0.73594 0.00520562 0.321035 -0.432753
0.711207 0.217945 -0.787749 0.052501 0.313881 -0.547927
0.70815 0.15083 -0.818219 0.421595 0.303273 -0.655152
0.703857 0.0538873 -0.835793 0.678021 0.28715 -0.73594
0.697678 -0.0677997 -0.846154 0.711207 0.260512 -0.787749
0.688468 -0.194775 -0.85251 0.707949 0.217594 -0.818219
0.674346 -0.303338 -0.856582 0.703276 0.150369 -0.835793
0.652084 -0.381121 -0.856588 0.69638 0.0533405 -0.846154
0.615353 -0.430421 -0.805467 0.685797 -0.0683505 -0.85251
0.557818 -0.459914 -0.436288 0.669038 -0.195232 -0.856582
0.474769 -0.477457 -0.179958 0.642029 -0.303651 -0.856588
0.370591 -0.48815 -0.149838 0.59628 -0.381306 -0.805467
0.261944 -0.494911 -0.154136 0.524706 -0.430522 -0.436288
0.169083 -0.499356 -0.160322 0.425247 -0.459968 -0.179958
0.102557 -0.359882 -0.169532 0.310073 -0.477487 -0.146789
0.0603894 0.246481 -0.183654 0.202848 -0.488166 -0.149844
0.0351586 0.329576 -0.205708 0.12206 -0.494921 -0.154102
0.0201483 0.32957 -0.242377 0.0702509 -0.439688 -0.160228
0.0109981 0.326001 -0.299846 0.0397812 -0.00864819 -0.169311
0.00521139 0.320987 -0.382857 0.0222069 0.290815 -0.183117
0.0525327 0.313771 -0.487056 0.0118458 0.32957 -0.205927
0.421712 0.303016 -0.595783 0.00548998 0.325766 -0.242677
0.678042 0.286523 -0.688745 0.00141797 0.320309 -0.300241
0.711211 0.260525 -0.755349 0.00141188 0.312255 -0.383325
0.707955 0.217629 -0.797564 0.0525327 0.299895 -0.487528
0.703276 0.150438 -0.822819 0.421712 0.280324 -0.596175
0.696408 0.0534507 -0.837841 0.678042 0.248782 -0.689013
0.685944 -0.0682114 -0.846996 0.708162 0.195355 -0.755508
0.669641 -0.195093 -0.852786 0.703864 0.111769 -0.79765
0.642029 -0.30354 -0.856592 0.697678 -0.00438323 -0.822865
0.59628 -0.38123 -0.737163 0.688468 -0.138887 -0.837866
0.524706 -0.430475 -0.217942 0.674346 -0.264107 -0.847011
0.425247 -0.459941 -0.146788 0.652292 -0.358455 -0.852794
0.310073 -0.47747 -0.146793 0.615623 -0.418959 -0.805499
0.202848 -0.488156 -0.14985 0.558154 -0.454542 -0.436405
0.12206 -0.494914 -0.154143 0.475143 -0.475066 -0.179979
0.0702509 -0.439651 -0.160322 0.370944 -0.487166 -0.146793
0.0397812 -0.00851114 -0.169532 0.262217 -0.494589 -0.150051
0.0222069 0.290839 -0.183654 0.169255 -0.499344 -0.154724
0.0118458 0.329575 -0.205916 0.102651 -0.499351 -0.16162
0.00548998 0.325772 -0.242647 0.0604362 -0.439651 -0.172203
0.00141797 0.320309 -0.300182 0.0351812 -0.00851114 -0.188962
0.00141188 0.312288 -0.383231 0.0201593 0.290839 -0.215971
0.0525327 0.300067 -0.487409 0.0110036 0.326014 -0.26172
0.421712 0.281029 -0.596056 0.00521421 0.320995 -0.333294
0.678042 0.248782 -0.688917 0.00140787 0.313771 -0.432753
0.711211 0.195355 -0.755443 0.120837 0.303016 -0.547927
0.708156 0.111769 -0.797611 0.640058 0.286523 -0.655152
0.703857 -0.00438323 -0.822841 0.711212 0.260768 -0.73594
0.697678 -0.138887 -0.837852 0.711207 0.217945 -0.787749
0.688468 -0.264107 -0.847002 0.70815 0.15083 -0.818219
0.674346 -0.358455 -0.852789 0.703857 0.0538873 -0.835793
0.652084 -0.418959 -0.805467 0.697678 -0.0677997 -0.846154
0.615353 -0.454542 -0.436288 0.688468 -0.194775 -0.85251
0.557818 -0.475066 -0.179958 0.674346 -0.303338 -0.856582
0.474769 -0.487166 -0.146789 0.652084 -0.381121 -0.856588
0.370591 -0.494589 -0.150045 0.615353 -0.430421 -0.805467
0.261944 -0.499344 -0.154724 0.557818 -0.459914 -0.436288
0.169083 -0.499351 -0.161592 0.474769 -0.477457 -0.179958
0.102557 -0.439651 -0.172056 0.370591 -0.48815 -0.149838
0.0603894 -0.00851114 -0.188359 0.261944 -0.494911 -0.154136
0.0351586 0.290839 -0.215971 0.169083 -0.499356 -0.160322
0.0201483 0.329575 -0.26172 0.102557 -0.359882 -0.169532
0.0109981 0.326007 -0.333294 0.0603894 0.246481 -0.183654
0.00521139 0.320987 -0.432753 0.0351586 0.329576 -0.205708
0.0525327 0.313771 -0.547927 0.0201483 0.32957 -0.242377
0.421712 0.303016 -0.655152 0.0109981 0.326001 -0.299846
0.678042 0.286523 -0.73594 0.00521139 0.320987 -0.382857
0.711211 0.260525 -0.787749 0.0525327 0.313771 -0.487056
0.707955 0.217629 -0.818219 0.421712 0.303016 -0.595783
0.703276 0.150438 -0.835793 0.678042 0.286523 -0.688745
0.696408 0.0534507 -0.846154 0.711211 0.260525 -0.755349
0.685944 -0.0682114 -0.85251 0.707955 0.217629 -0.797564
0.669641 -0.195093 -0.856582 0.703276 0.150438 -0.822819
0.642029 -0.30354 -0.856588 0.696408 0.0534507 -0.837841
0.59628 -0.38123 -0.805467 0.685944 -0.0682114 -0.846996
0.524706 -0.430475 -0.436288 0.669641 -0.195093 -0.852786
0.425247 -0.459941 -0.179958 0.642029 -0.30354 -0.856592
0.310073 -0.47747 -0.146789 0.59628 -0.38123 -0.737163
0.202848 -0.488156 -0.149844 0.524706 -0.430475 -0.217942
0.12206 -0.494914 -0.154143 0.425247 -0.459941 -0.146788
0.0702509 -0.439651 -0.160322 0.310073 -0.47747 -0.146793
0.0397812 -0.00851114 -0.169532 0.202848 -0.488156 -0.14985
0.0222069 0.290839 -0.183654 0.12206 -0.494914 -0.154143
0.0118458 0.329575 -0.205916 0.0702509 -0.439651 -0.160322
0.00548998 0.325772 -0.242647 0.0397812 -0.00851114 -0.169532
0.00141797 0.320309 -0.300182 0.0222069 0.290839 -0.183654
0.00141188 0.312288 -0.383231 0.0118458 0.329575 -0.205916
0.0525327 0.300067 -0.487409 0.00548998 0.325772 -0.242647
0.421712 0.281029 -0.596056 0.00141797 0.320309 -0.300182
0.678042 0.248782 -0.688917 0.00141188 0.312288 -0.383231
0.711211 0.195355 -0.755443 0.0525327 0.300067 -0.487409
0.708156 0.111769 -0.797611 0.421712 0.281029 -0.596056
0.703898 -0.00438323 -0.822841 0.678042 0.248782 -0.688917
0.697772 -0.138887 -0.837852 0.711211 0.195355 -0.755443
0.688689 -0.264107 -0.847002 0.708156 0.111769 -0.797611
0.674883 -0.358455 -0.852789 0.703857 -0.00438323 -0.822841
0.652073 -0.418959 -0.805467 0.697678 -0.138887 -0.837852
0.615323 -0.454542 -0.436288 0.688468 -0.264107 -0.847002
0.557759 -0.475066 -0.179958 0.674346 -0.358455 -0.852789
0.474675 -0.487166 -0.146789 0.652084 -0.418959 -0.805467
0.370472 -0.494589 -0.150045 0.615353 -0.454542 -0.436288
0.261825 -0.499344 -0.154724 0.557818 -0.475066 -0.179958
0.168987 -0.499351 -0.161592 0.474769 -0.487166 -0.146789
0.102492 -0.439651 -0.172056 0.370591 -0.494589 -0.150045
0.0603495 -0.00851114 -0.188359 0.261944 -0.499344 -0.154724
0.0351348 0.290839 -0.215971 0.169083 -0.499351 -0.161592
0.020134 0.329575 -0.26172 0.102557 -0.439651 -0.172056
0.0109892 0.326007 -0.333294 0.0603894 -0.00851114 -0.188359
