0.3575 -0.0835 -0.5005 0.3575 -0.0835 -0.5005
0.3575 -0.0835 -0.5005 0.3575 -0.0835 -0.5005
-0.00942046 -0.0835 -0.5005 0.3575 -0.0835 -0.5005
0.724576 -0.0835 -0.5005 0.3575 -0.0835 -0.5005
0.640965 -0.0835 -0.5005 0.3575 -0.0835 -0.5005
0.00138624 -0.0835 -0.5005 0.3575 -0.0835 -0.5005
0.00138624 -0.0835 -0.5005 0.3575 -0.0835 -0.5005
0.00138624 -0.0835 -0.5005 0.3575 -0.0835 -0.5005
0.00138624 -0.0835 -0.5005 0.3575 -0.0835 -0.5005
0.00138624 -0.0835 -0.5005 0.3575 -0.0835 -0.5005
0.00138624 -0.0835 -0.5005 0.3575 -0.0835 -0.5005
0.00138624 -0.0835 -0.5005 0.3575 -0.0835 -0.5005
0.00138624 -0.0835 -0.5005 0.3575 -0.0835 -0.5005
0.00138624 -0.0835 -0.5005 0.3575 -0.0835 -0.5005
0.00138624 -0.0835 -0.5005 0.3575 -0.0835 -0.5005
0.00138624 -0.0835 -0.5005 0.3575 -0.0835 -0.5005
0.00138624 -0.0835 -0.5005 0.3575 -0.0835 -0.5005
0.00138624 -0.0835 -0.5005 0.3575 -0.0835 -0.5005
0.00138624 -0.512002 -0.5005 0.3575 -0.0835 -0.5005
0.00138624 0.345183 -0.5005 0.3575 -0.0835 -0.5005
0.00138624 0.247539 -0.5005 0.3575 -0.0835 -0.5005
0.00138624 -0.499381 -0.5005 0.3575 -0.0835 -0.5005
0.00138624 -0.499381 -0.5005 0.3575 -0.0835 -0.5005
0.711202 -0.499381 -0.5005 0.3575 -0.0835 -0.5005
0.711202 -0.499381 -0.5005 0.3575 -0.0835 -0.5005
0.711202 -0.499381 -0.5005 0.3575 -0.0835 -0.5005
0.711202 -0.499381 -0.5005 0.3575 -0.0835 -0.5005
0.711202 -0.499381 -0.5005 0.3575 -0.0835 -0.5005
0.70815 -0.499381 -0.5005 0.3575 -0.0835 -0.5005
0.703857 -0.499381 -0.5005 0.3575 -0.0835 -0.5005
0.698176 -0.499381 -0.5005 0.3575 -0.0835 -0.5005
0.689049 -0.499381 -0.5005 0.3575 -0.0835 -0.5005
0.674883 -0.499381 -0.5005 0.3575 -0.0835 -0.5005
0.652292 -0.499381 -0.5005 0.3575 -0.0835 -0.5005
0.615723 -0.499381 -0.86742 0.3575 -0.0835 -0.5005
0.55842 -0.499381 -0.133424 0.3575 -0.0835 -0.5005
0.475623 -0.499381 -0.217035 0.3575 -0.0835 -0.5005
0.371601 -0.499381 -0.856614 0.3575 -0.0835 -0.5005
0.262911 -0.499381 -0.856614 0.3575 -0.0835 -0.5005
0.169837 0.329565 -0.856614 0.3575 -0.0835 -0.5005
0.10306 0.329565 -0.856614 0.3575 -0.0835 -0.5005
0.0606962 0.329565 -0.856614 0.3575 -0.0835 -0.5005
0.0353407 0.329565 -0.856614 0.3575 -0.0835 -0.5005
0.0202579 0.329565 -0.856614 0.3575 -0.0835 -0.5005
0.0110664 0.326001 -0.856614 0.3575 -0.0835 -0.5005
0.00525571 0.320987 -0.856614 0.3575 -0.0835 -0.5005
0.00143633 0.314352 -0.856614 0.3575 -0.0835 -0.5005
0.00143045 0.303694 -0.856614 0.3575 -0.0835 -0.5005
0.00142501 0.28715 -0.856614 0.3575 -0.0835 -0.5005
0.00141997 0.260768 -0.856614 0.3575 -0.0835 -0.5005
0.0314346 0.218061 -0.856614 -0.00942046 -0.0835 -0.5005
0.220455 0.151141 -0.856614 0.724576 -0.0835 -0.5005
0.581586 0.0544482 -0.856614 0.640965 -0.0835 -0.5005
0.690527 -0.0670323 -0.856614 0.00138624 -0.0835 -0.5005
0.71122 -0.193965 -0.856614 0.00138624 -0.0835 -0.5005
0.708645 -0.302659 -0.146798 0.00138624 -0.0835 -0.5005
0.705199 -0.380643 -0.146798 0.00138624 -0.0835 -0.5005
0.700518 -0.430117 -0.146798 0.00138624 -0.0835 -0.5005
0.694026 -0.459728 -0.146798 0.00138624 -0.0835 -0.5005
0.684808 -0.477342 -0.146798 0.00138624 -0.0835 -0.5005
0.67153 -0.488076 -0.14985 0.00138624 -0.0835 -0.5005
0.650987 -0.494862 -0.154143 0.00138624 -0.0835 -0.5005
0.61975 -0.499323 -0.159824 0.00138624 -0.0835 -0.5005
0.573462 -0.499329 -0.168951 0.00138624 -0.0835 -0.5005
0.508424 -0.499336 -0.183117 0.00138624 -0.0835 -0.5005
0.425092 -0.499342 -0.205708 0.00138624 -0.0835 -0.5005
0.331009 -0.46429 -0.242277 0.00138624 -0.512002 -0.5005
0.239311 -0.243546 -0.29958 0.00138624 0.345183 -0.5005
0.162237 0.178195 -0.382377 0.00138624 0.247539 -0.5005
0.105226 0.30542 -0.486399 0.00138624 -0.499381 -0.5005
0.066703 0.329585 -0.595089 0.00138624 -0.499381 -0.5005
0.0418866 0.326578 -0.688163 0.711202 -0.499381 -0.5005
0.0260853 0.322555 -0.75494 0.711202 -0.499381 -0.5005
0.0159027 0.317088 -0.797304 0.711202 -0.499381 -0.5005
0.00917953 0.309506 -0.822659 0.711202 -0.499381 -0.5005
0.00461104 0.298741 -0.837742 0.711202 -0.499381 -0.5005
0.00141551 0.283234 -0.846934 0.70815 -0.499381 -0.5005
0.00141064 0.259243 -0.852744 0.703857 -0.499381 -0.5005
0.0313887 0.222765 -0.856564 0.698176 -0.499381 -0.5005
0.220209 0.168707 -0.85657 0.689049 -0.499381 -0.5005
0.58142 0.0927538 -0.856575 0.674883 -0.499381 -0.5005
0.690493 -0.00456422 -0.85658 0.652292 -0.499381 -0.5005
0.708764 -0.114437 -0.826565 0.615723 -0.499381 -0.86742
0.705532 -0.221525 -0.637545 0.55842 -0.499381 -0.133424
0.701175 -0.311534 -0.276414 0.475623 -0.499381 -0.217035
0.695223 -0.378114 -0.167473 0.371601 -0.499381 -0.856614
0.686867 -0.423102 -0.14678 0.262911 -0.499381 -0.856614
0.674903 -0.452084 -0.149355 0.169837 0.329565 -0.856614
0.65753 -0.470537 -0.152801 0.10306 0.329565 -0.856614
0.63201 -0.482428 -0.157482 0.0606962 0.329565 -0.856614
0.593543 -0.49028 -0.163974 0.0353407 0.329565 -0.856614
0.538966 -0.495615 -0.173192 0.0202579 0.329565 -0.856614
0.46674 -0.499347 -0.18647 0.0110664 0.326001 -0.856614
0.380491 -0.499353 -0.207013 0.00525571 0.320987 -0.856614
0.289819 -0.464343 -0.23825 0.00143633 0.314352 -0.856614
0.206758 -0.243832 -0.284538 0.00143045 0.303694 -0.856614
0.13997 0.178001 -0.349576 0.00142501 0.28715 -0.856614
0.0916554 0.305381 -0.432908 0.00141997 0.260768 -0.856614
0.0590614 0.326718 -0.526991 0.0314346 0.218061 -0.856614
0.0377889 0.322943 -0.618689 0.220455 0.151141 -0.856614
0.0239631 0.317855 -0.695763 0.581586 0.0544482 -0.856614
0.0148497 0.310904 -0.752774 0.690527 -0.0670323 -0.856614
0.00870096 0.301145 -0.791297 0.71122 -0.193965 -0.856614
0.00444101 0.287174 -0.816113 0.708645 -0.302659 -0.146798
0.00141064 0.266885 -0.831915 0.705199 -0.380643 -0.146798
0.0525308 0.237081 -0.842097 0.700518 -0.430117 -0.146798
0.421731 0.192159 -0.84882 0.694026 -0.459728 -0.146798
0.67805 0.128422 -0.853389 0.684808 -0.477342 -0.146798
0.711213 0.0440743 -0.856584 0.67153 -0.488076 -0.14985
0.711209 -0.0566502 -0.856589 0.650987 -0.494862 -0.154143
0.70876 -0.16254 -0.826611 0.61975 -0.499323 -0.159824
0.705527 -0.259541 -0.637791 0.573462 -0.499329 -0.168951
0.701223 -0.337538 -0.27658 0.508424 -0.499336 -0.183117
0.695343 -0.393962 -0.167507 0.425092 -0.499342 -0.205708
0.687164 -0.432026 -0.149236 0.331009 -0.46429 -0.242277
0.675643 -0.456869 -0.152468 0.239311 -0.243546 -0.29958
0.658157 -0.473015 -0.156825 0.162237 0.178195 -0.382377
0.63201 -0.483658 -0.162777 0.105226 0.30542 -0.486399
0.593543 -0.490839 -0.171133 0.066703 0.329585 -0.595089
0.538966 -0.495814 -0.183097 0.0418866 0.326578 -0.688163
0.46674 -0.499353 -0.20047 0.0260853 0.322555 -0.75494
0.380491 -0.439653 -0.22599 0.0159027 0.317088 -0.797304
0.289819 -0.00848859 -0.264457 0.00917953 0.309506 -0.822659
0.206758 0.290848 -0.319034 0.00461104 0.298741 -0.837742
0.13997 0.329578 -0.39126 0.00141551 0.283234 -0.846934
0.0916554 0.329573 -0.477509 0.00141064 0.259243 -0.852744
0.0590614 0.326713 -0.568181 0.0313887 0.222765 -0.856564
0.0377889 0.322937 -0.651242 0.220209 0.168707 -0.85657
0.0239631 0.317911 -0.71803 0.58142 0.0927538 -0.856575
0.0148497 0.311043 -0.766345 0.690493 -0.00456422 -0.85658
0.00870096 0.301493 -0.798939 0.708764 -0.114437 -0.826565
0.00444101 0.288038 -0.820211 0.705532 -0.221525 -0.637545
0.00141064 0.267616 -0.834037 0.701175 -0.311534 -0.276414
0.0313887 0.237081 -0.84315 0.695223 -0.378114 -0.167473
0.220209 0.192159 -0.849299 0.686867 -0.423102 -0.14678
0.58142 0.128422 -0.853559 0.674903 -0.452084 -0.149355
0.690493 0.0440743 -0.856589 0.65753 -0.470537 -0.152801
0.708764 -0.0566502 -0.805469 0.63201 -0.482428 -0.157482
0.705532 -0.16254 -0.436269 0.593543 -0.49028 -0.163974
0.701212 -0.259541 -0.17995 0.538966 -0.495615 -0.173192
0.695295 -0.337538 -0.146787 0.46674 -0.499347 -0.18647
0.687012 -0.393962 -0.146791 0.380491 -0.499353 -0.207013
0.675202 -0.432026 -0.14924 0.289819 -0.464343 -0.23825
0.658157 -0.456869 -0.152473 0.206758 -0.243832 -0.284538
0.632 -0.473015 -0.156777 0.13997 0.178001 -0.349576
0.593518 -0.483658 -0.162657 0.0916554 0.305381 -0.432908
0.53892 -0.490839 -0.170836 0.0590614 0.326718 -0.526991
0.46667 -0.495814 -0.182357 0.0377889 0.322943 -0.618689
0.380403 -0.499353 -0.199843 0.0239631 0.317855 -0.695763
0.289725 -0.464343 -0.22599 0.0148497 0.310904 -0.752774
0.206673 -0.243832 -0.264457 0.00870096 0.301145 -0.791297
0.139904 0.178001 -0.319034 0.00444101 0.287174 -0.816113
0.091608 0.305381 -0.39126 0.00141064 0.266885 -0.831915
0.0590295 0.326718 -0.477509 0.0525308 0.237081 -0.842097
0.0377679 0.322943 -0.568181 0.421731 0.192159 -0.84882
0.0239492 0.317898 -0.651242 0.67805 0.128422 -0.853389
0.0148404 0.310987 -0.71803 0.711213 0.0440743 -0.856584
0.00869455 0.301314 -0.766345 0.711209 -0.0566502 -0.856589
0.00443648 0.287522 -0.798939 0.70876 -0.16254 -0.826611
0.00140736 0.267616 -0.820211 0.705527 -0.259541 -0.637791
0.0525048 0.23707 -0.834037 0.701223 -0.337538 -0.27658
0.421634 0.192129 -0.84315 0.695343 -0.393962 -0.167507
0.678032 0.128368 -0.849299 0.687164 -0.432026 -0.149236
0.71121 0.0439926 -0.853559 0.675643 -0.456869 -0.152468
0.711206 -0.0567534 -0.856589 0.658157 -0.473015 -0.156825
0.708756 -0.16265 -0.826611 0.63201 -0.483658 -0.162777
0.705527 -0.25964 -0.637791 0.593543 -0.490839 -0.171133
0.701212 -0.337616 -0.27658 0.538966 -0.495814 -0.183097
0.695295 -0.394017 -0.167507 0.46674 -0.499353 -0.20047
0.687012 -0.432063 -0.149236 0.380491 -0.439653 -0.22599
0.675202 -0.456893 -0.152468 0.289819 -0.00848859 -0.264457
0.657999 -0.473031 -0.156788 0.206758 0.290848 -0.319034
0.631803 -0.483669 -0.162705 0.13997 0.329578 -0.39126
0.593276 -0.490846 -0.170988 0.0916554 0.329573 -0.477509
0.538638 -0.495819 -0.182798 0.0590614 0.326713 -0.568181
0.466368 -0.499356 -0.199843 0.0377889 0.322937 -0.651242
0.380115 -0.439683 -0.226 0.0239631 0.317911 -0.71803
0.289486 -0.0086022 -0.264482 0.0148497 0.311043 -0.766345
0.2065 0.290828 -0.31908 0.00870096 0.301493 -0.798939
0.139792 0.329574 -0.39133 0.00444101 0.288038 -0.820211
0.0915424 0.329569 -0.477597 0.00141064 0.267616 -0.834037
0.0589929 0.326708 -0.568275 0.0313887 0.237081 -0.84315
0.0377478 0.322937 -0.651327 0.220209 0.192159 -0.849299
0.0239382 0.317898 -0.718096 0.58142 0.128422 -0.853559
0.0148342 0.310987 -0.766392 0.690493 0.0440743 -0.856589
0.00869104 0.301314 -0.79897 0.708764 -0.0566502 -0.805469
0.00443445 0.287522 -0.820232 0.705532 -0.16254 -0.436269
0.0313887 0.267432 -0.834051 0.701212 -0.259541 -0.17995
0.220209 0.23684 -0.84316 0.695295 -0.337538 -0.146787
0.58142 0.191847 -0.849305 0.687012 -0.393962 -0.146791
0.690493 0.128039 -0.853564 0.675202 -0.432026 -0.14924
0.711209 0.0436401 -0.856593 0.658157 -0.456869 -0.152473
0.708632 -0.0570894 -0.805495 0.632 -0.473015 -0.156777
0.705184 -0.162929 -0.436366 0.593518 -0.483658 -0.162657
0.700518 -0.259843 -0.179968 0.53892 -0.490839 -0.170836
0.694026 -0.337746 -0.14679 0.46667 -0.495814 -0.182357
0.684808 -0.394094 -0.146794 0.380403 -0.499353 -0.199843
0.67153 -0.432106 -0.149244 0.289725 -0.464343 -0.22599
0.650987 -0.456917 -0.152473 0.206673 -0.243832 -0.264457
0.61975 -0.473044 -0.156788 0.139904 0.178001 -0.319034
0.573462 -0.483676 -0.162705 0.091608 0.305381 -0.39126
0.508424 -0.49085 -0.170988 0.0590295 0.326718 -0.477509
0.425092 -0.495821 -0.182798 0.0377679 0.322943 -0.568181
0.331009 -0.464343 -0.200001 0.0239492 0.317898 -0.651242
0.239311 -0.243832 -0.226197 0.0148404 0.310987 -0.71803
0.162237 0.178001 -0.264724 0.00869455 0.301314 -0.766345
0.105226 0.305381 -0.319362 0.00443648 0.287522 -0.798939
0.066703 0.329573 -0.391632 0.00140736 0.267616 -0.820211
0.0418866 0.326564 -0.477885 0.0525048 0.23707 -0.834037
0.0260853 0.322537 -0.568514 0.421634 0.192129 -0.84315
0.0159027 0.317088 -0.6515 0.678032 0.128368 -0.849299
0.00917953 0.309506 -0.718208 0.71121 0.0439926 -0.853559
0.00461104 0.298741 -0.766458 0.711206 -0.0567534 -0.856589
0.00141551 0.283234 -0.799007 0.708756 -0.16265 -0.826611
0.00141064 0.259243 -0.820252 0.705527 -0.25964 -0.637791
0.0313887 0.222765 -0.834062 0.701212 -0.337616 -0.27658
0.220209 0.168707 -0.843166 0.695295 -0.394017 -0.167507
0.58142 0.0927538 -0.849309 0.687012 -0.432063 -0.149236
0.690493 -0.00456422 -0.853566 0.675202 -0.456893 -0.152468
0.708764 -0.114437 -0.826611 0.657999 -0.473031 -0.156788
0.705532 -0.221525 -0.637791 0.631803 -0.483669 -0.162705
0.701175 -0.311534 -0.27658 0.593276 -0.490846 -0.170988
0.695223 -0.378114 -0.167507 0.538638 -0.495819 -0.182798
0.686867 -0.423102 -0.146791 0.466368 -0.499356 -0.199843
0.674903 -0.452084 -0.149368 0.380115 -0.439683 -0.226
0.65753 -0.470537 -0.152816 0.289486 -0.0086022 -0.264482
0.63201 -0.482428 -0.157482 0.2065 0.290828 -0.31908
0.593543 -0.49028 -0.163974 0.139792 0.329574 -0.39133
0.538966 -0.495615 -0.173192 0.0915424 0.329569 -0.477597
0.46674 -0.499347 -0.18647 0.0589929 0.326708 -0.568275
0.380491 -0.499353 -0.207013 0.0377478 0.322937 -0.651327
0.289819 -0.464343 -0.23825 0.0239382 0.317898 -0.718096
0.206758 -0.243832 -0.284538 0.0148342 0.310987 -0.766392
0.13997 0.178001 -0.349576 0.00869104 0.301314 -0.79897
0.0916554 0.305381 -0.432908 0.00443445 0.287522 -0.820232
0.0590614 0.326718 -0.526991 0.0313887 0.267432 -0.834051
0.0377889 0.322943 -0.618689 0.220209 0.23684 -0.84316
0.0239631 0.317855 -0.695763 0.58142 0.191847 -0.849305
0.0148497 0.310904 -0.752774 0.690493 0.128039 -0.853564
0.00870096 0.301145 -0.791297 0.711209 0.0436401 -0.856593
0.00444101 0.287174 -0.816113 0.708632 -0.0570894 -0.805495
0.00141064 0.266885 -0.831915 0.705184 -0.162929 -0.436366
0.0525308 0.237081 -0.842097 0.700518 -0.259843 -0.179968
0.421731 0.192159 -0.84882 0.694026 -0.337746 -0.14679
0.67805 0.128422 -0.853389 0.684808 -0.394094 -0.146794
0.711213 0.0440743 -0.856584 0.67153 -0.432106 -0.149244
0.711209 -0.0566502 -0.856589 0.650987 -0.456917 -0.152473
0.70876 -0.16254 -0.826611 0.61975 -0.473044 -0.156788
0.705527 -0.259541 -0.637791 0.573462 -0.483676 -0.162705
0.701223 -0.337538 -0.27658 0.508424 -0.49085 -0.170988
0.695343 -0.393962 -0.167507 0.425092 -0.495821 -0.182798
0.687164 -0.432026 -0.149236 0.331009 -0.464343 -0.200001
0.675643 -0.456869 -0.152468 0.239311 -0.243832 -0.226197
0.658157 -0.473015 -0.156825 0.162237 0.178001 -0.264724
0.63201 -0.483658 -0.162777 0.105226 0.305381 -0.319362
0.593543 -0.490839 -0.171133 0.066703 0.329573 -0.391632
0.538966 -0.495814 -0.183097 0.0418866 0.326564 -0.477885
0.46674 -0.499353 -0.20047 0.0260853 0.322537 -0.568514
0.380491 -0.439653 -0.22599 0.0159027 0.317088 -0.6515
0.289819 -0.00848859 -0.264457 0.00917953 0.309506 -0.718208
0.206758 0.290848 -0.319034 0.00461104 0.298741 -0.766458
0.13997 0.329578 -0.39126 0.00141551 0.283234 -0.799007
0.0916554 0.329573 -0.477509 0.00141064 0.259243 -0.820252
0.0590614 0.326713 -0.568181 0.0313887 0.222765 -0.834062
0.0377889 0.322937 -0.651242 0.220209 0.168707 -0.843166
0.0239631 0.317911 -0.71803 0.58142 0.0927538 -0.849309
0.0148497 0.311043 -0.766345 0.690493 -0.00456422 -0.853566
0.00870096 0.301493 -0.798939 0.708764 -0.114437 -0.826611
0.00444101 0.288038 -0.820211 0.705532 -0.221525 -0.637791
0.00141064 0.267616 -0.834037 0.701175 -0.311534 -0.27658
0.0313887 0.237081 -0.84315 0.695223 -0.378114 -0.167507
0.220209 0.192159 -0.849299 0.686867 -0.423102 -0.146791
0.58142 0.128422 -0.853559 0.674903 -0.452084 -0.149368
0.690493 0.0440743 -0.856589 0.65753 -0.470537 -0.152816
0.708764 -0.0566502 -0.805469 0.63201 -0.482428 -0.157482
0.705532 -0.16254 -0.436269 0.593543 -0.49028 -0.163974
0.701175 -0.259541 -0.17995 0.538966 -0.495615 -0.173192
0.695223 -0.337538 -0.146787 0.46674 -0.499347 -0.18647
0.686867 -0.393962 -0.146791 0.380491 -0.499353 -0.207013
0.674903 -0.432026 -0.14924 0.289819 -0.464343 -0.23825
0.65753 -0.456869 -0.152473 0.206758 -0.243832 -0.284538
0.63201 -0.473015 -0.156777 0.13997 0.178001 -0.349576
0.593543 -0.483658 -0.162657 0.0916554 0.305381 -0.432908
0.538966 -0.490839 -0.170836 0.0590614 0.326718 -0.526991
0.46674 -0.495814 -0.182357 0.0377889 0.322943 -0.618689
0.380491 -0.499353 -0.199843 0.0239631 0.317855 -0.695763
0.289819 -0.464343 -0.22599 0.0148497 0.310904 -0.752774
0.206758 -0.243832 -0.264457 0.00870096 0.301145 -0.791297
0.13997 0.178001 -0.319034 0.00444101 0.287174 -0.816113
0.0916554 0.305381 -0.39126 0.00141064 0.266885 -0.831915
0.0590614 0.326718 -0.477509 0.0525308 0.237081 -0.842097
0.0377889 0.322943 -0.568181 0.421731 0.192159 -0.84882
0.0239631 0.317855 -0.651242 0.67805 0.128422 -0.853389
0.0148497 0.310904 -0.71803 0.711213 0.0440743 -0.856584
0.00870096 0.301145 -0.766345 0.711209 -0.0566502 -0.856589
0.00444101 0.287174 -0.798939 0.70876 -0.16254 -0.826611
0.00141064 0.266885 -0.820211 0.705527 -0.259541 -0.637791
0.0525308 0.237081 -0.834037 0.701223 -0.337538 -0.27658
0.421731 0.192159 -0.84315 0.695343 -0.393962 -0.167507
0.67805 0.128422 -0.849299 0.687164 -0.432026 -0.149236
0.711213 0.0440743 -0.853559 0.675643 -0.456869 -0.152468
0.711209 -0.0566502 -0.856589 0.658157 -0.473015 -0.156825
0.70876 -0.16254 -0.826611 0.63201 -0.483658 -0.162777
0.705527 -0.259541 -0.637791 0.593543 -0.490839 -0.171133
0.701223 -0.337538 -0.27658 0.538966 -0.495814 -0.183097
0.695343 -0.393962 -0.167507 0.46674 -0.499353 -0.20047
0.687164 -0.432026 -0.149236 0.380491 -0.439653 -0.22599
0.675643 -0.456869 -0.152468 0.289819 -0.00848859 -0.264457
0.657999 -0.473015 -0.156825 0.206758 0.290848 -0.319034
0.631803 -0.483658 -0.162777 0.13997 0.329578 -0.39126
0.593276 -0.490839 -0.171133 0.0916554 0.329573 -0.477509
0.538638 -0.495814 -0.183097 0.0590614 0.326713 -0.568181
0.466368 -0.499353 -0.20047 0.0377889 0.322937 -0.651242
0.380115 -0.439653 -0.22599 0.0239631 0.317911 -0.71803
0.289486 -0.00848859 -0.264457 0.0148497 0.311043 -0.766345
0.2065 0.290848 -0.319034 0.00870096 0.301493 -0.798939
0.139792 0.329578 -0.39126 0.00444101 0.288038 -0.820211
0.0915424 0.329573 -0.477509 0.00141064 0.267616 -0.834037
0.0589929 0.326713 -0.568181 0.0313887 0.237081 -0.84315
0.0377478 0.322937 -0.651242 0.220209 0.192159 -0.849299
0.0239382 0.317911 -0.71803 0.58142 0.128422 -0.853559
0.0148342 0.311043 -0.766345 0.690493 0.0440743 -0.856589
0.00869104 0.301493 -0.798939 0.708764 -0.0566502 -0.805469
0.00443445 0.288038 -0.820211 0.705532 -0.16254 -0.436269
0.00140618 0.267432 -0.834037 0.701175 -0.259541 -0.17995
0.0313682 0.23684 -0.84315 0.695223 -0.337538 -0.146787
0.220106 0.191847 -0.849299 0.686867 -0.393962 -0.146791
0.581354 0.128039 -0.853559 0.674903 -0.432026 -0.14924
0.690481 0.0436401 -0.856589 0.65753 -0.456869 -0.152473
0.70876 -0.0570894 -0.805469 0.63201 -0.473015 -0.156777
0.705527 -0.162929 -0.436269 0.593543 -0.483658 -0.162657
0.701223 -0.259843 -0.17995 0.538966 -0.490839 -0.170836
0.695343 -0.337746 -0.146787 0.46674 -0.495814 -0.182357
0.687164 -0.394094 -0.146791 0.380491 -0.499353 -0.199843
0.675643 -0.432106 -0.14924 0.289819 -0.464343 -0.22599
0.658157 -0.456917 -0.152473 0.206758 -0.243832 -0.264457
0.63201 -0.473044 -0.156777 0.13997 0.178001 -0.319034
0.593543 -0.483676 -0.162657 0.0916554 0.305381 -0.39126
0.538966 -0.49085 -0.170836 0.0590614 0.326718 -0.477509
0.46674 -0.495821 -0.182357 0.0377889 0.322943 -0.568181
0.380491 -0.499358 -0.200001 0.0239631 0.317855 -0.651242
0.289819 -0.464367 -0.226197 0.0148497 0.310904 -0.71803
0.206758 -0.243953 -0.264724 0.00870096 0.301145 -0.766345
0.13997 0.177924 -0.319362 0.00444101 0.287174 -0.798939
0.0916554 0.305366 -0.391632 0.00141064 0.266885 -0.820211
0.0590614 0.326713 -0.477885 0.0525308 0.237081 -0.834037
0.0377889 0.322937 -0.568514 0.421731 0.192159 -0.84315
0.0239631 0.317911 -0.6515 0.67805 0.128422 -0.849299
0.0148497 0.311043 -0.718208 0.711213 0.0440743 -0.853559
0.00870096 0.301493 -0.766458 0.711209 -0.0566502 -0.856589
0.00444101 0.288038 -0.799007 0.70876 -0.16254 -0.826611
0.00141064 0.267616 -0.820252 0.705527 -0.259541 -0.637791
0.0525308 0.237081 -0.834062 0.701223 -0.337538 -0.27658
0.421731 0.192159 -0.843166 0.695343 -0.393962 -0.167507
0.67805 0.128422 -0.849309 0.687164 -0.432026 -0.149236
0.711213 0.0440743 -0.853566 0.675643 -0.456869 -0.152468
0.708764 -0.0566502 -0.856594 0.657999 -0.473015 -0.156825
0.705532 -0.16254 -0.826632 0.631803 -0.483658 -0.162777
0.701175 -0.259541 -0.637894 0.593276 -0.490839 -0.171133
0.695223 -0.337538 -0.276646 0.538638 -0.495814 -0.183097
0.686867 -0.393962 -0.167519 0.466368 -0.499353 -0.20047
0.674903 -0.432026 -0.14924 0.380115 -0.439653 -0.22599
0.65753 -0.456869 -0.152473 0.289486 -0.00848859 -0.264457
0.63201 -0.473015 -0.156777 0.2065 0.290848 -0.319034
0.593543 -0.483658 -0.162657 0.139792 0.329578 -0.39126
0.538966 -0.490839 -0.170836 0.0915424 0.329573 -0.477509
0.46674 -0.495814 -0.182357 0.0589929 0.326713 -0.568181
0.380491 -0.499353 -0.199843 0.0377478 0.322937 -0.651242
0.289819 -0.439653 -0.22599 0.0239382 0.317911 -0.71803
0.206758 -0.00848859 -0.264457 0.0148342 0.311043 -0.766345
0.13997 0.290848 -0.319034 0.00869104 0.301493 -0.798939
0.0916554 0.329578 -0.39126 0.00443445 0.288038 -0.820211
0.0590614 0.326718 -0.477509 0.00140618 0.267432 -0.834037
0.0377889 0.322943 -0.568181 0.0313682 0.23684 -0.84315
0.0239631 0.317855 -0.651242 0.220106 0.191847 -0.849299
0.0148497 0.310904 -0.71803 0.581354 0.128039 -0.853559
0.00870096 0.301145 -0.766345 0.690481 0.0436401 -0.856589
0.00444101 0.287174 -0.798939 0.70876 -0.0570894 -0.805469
0.00141064 0.266885 -0.820211 0.705527 -0.162929 -0.436269
0.0525308 0.237081 -0.834037 0.701223 -0.259843 -0.17995
0.421731 0.192159 -0.84315 0.695343 -0.337746 -0.146787
0.67805 0.128422 -0.849299 0.687164 -0.394094 -0.146791
0.711213 0.0440743 -0.853559 0.675643 -0.432106 -0.14924
0.711209 -0.0566502 -0.856589 0.658157 -0.456917 -0.152473
0.70876 -0.16254 -0.805469 0.63201 -0.473044 -0.156777
0.705527 -0.259541 -0.436269 0.593543 -0.483676 -0.162657
0.701223 -0.337538 -0.17995 0.538966 -0.49085 -0.170836
0.695343 -0.393962 -0.146787 0.46674 -0.495821 -0.182357
0.687164 -0.432026 -0.149236 0.380491 -0.499358 -0.200001
0.675643 -0.456869 -0.152468 0.289819 -0.464367 -0.226197
0.658157 -0.473015 -0.156825 0.206758 -0.243953 -0.264724
0.63201 -0.483658 -0.162777 0.13997 0.177924 -0.319362
0.593543 -0.490839 -0.171133 0.0916554 0.305366 -0.391632
0.538966 -0.495814 -0.183097 0.0590614 0.326713 -0.477885
0.46674 -0.499353 -0.20047 0.0377889 0.322937 -0.568514
0.380491 -0.439653 -0.22599 0.0239631 0.317911 -0.6515
0.289819 -0.00848859 -0.264457 0.0148497 0.311043 -0.718208
0.206758 0.290848 -0.319034 0.00870096 0.301493 -0.766458
0.13997 0.329578 -0.39126 0.00444101 0.288038 -0.799007
0.0916554 0.329573 -0.477509 0.00141064 0.267616 -0.820252
0.0590614 0.326713 -0.568181 0.0525308 0.237081 -0.834062
0.0377889 0.322937 -0.651242 0.421731 0.192159 -0.843166
0.0239631 0.317911 -0.71803 0.67805 0.128422 -0.849309
0.0148497 0.311043 -0.766345 0.711213 0.0440743 -0.853566
0.00870096 0.301493 -0.798939 0.708764 -0.0566502 -0.856594
0.00444101 0.288038 -0.820211 0.705532 -0.16254 -0.826632
0.00141064 0.267616 -0.834037 0.701175 -0.259541 -0.637894
0.0313887 0.237081 -0.84315 0.695223 -0.337538 -0.276646
0.220209 0.192159 -0.849299 0.686867 -0.393962 -0.167519
0.58142 0.128422 -0.853559 0.674903 -0.432026 -0.14924
0.690493 0.0440743 -0.856589 0.65753 -0.456869 -0.152473
0.708764 -0.0566502 -0.805469 0.63201 -0.473015 -0.156777
0.705532 -0.16254 -0.436269 0.593543 -0.483658 -0.162657
0.701175 -0.259541 -0.17995 0.538966 -0.490839 -0.170836
0.695223 -0.337538 -0.146787 0.46674 -0.495814 -0.182357
0.686867 -0.393962 -0.146791 0.380491 -0.499353 -0.199843
0.674903 -0.432026 -0.14924 0.289819 -0.439653 -0.22599
0.65753 -0.456869 -0.152473 0.206758 -0.00848859 -0.264457
0.63201 -0.473015 -0.156777 0.13997 0.290848 -0.319034
0.593543 -0.483658 -0.162657 0.0916554 0.329578 -0.39126
0.538966 -0.490839 -0.170836 0.0590614 0.326718 -0.477509
0.46674 -0.495814 -0.182357 0.0377889 0.322943 -0.568181
0.380491 -0.499353 -0.199843 0.0239631 0.317855 -0.651242
0.289819 -0.464343 -0.22599 0.0148497 0.310904 -0.71803
0.206758 -0.243832 -0.264457 0.00870096 0.301145 -0.766345
0.13997 0.178001 -0.319034 0.00444101 0.287174 -0.798939
0.0916554 0.305381 -0.39126 0.00141064 0.266885 -0.820211
0.0590614 0.326718 -0.477509 0.0525308 0.237081 -0.834037
0.0377889 0.322943 -0.568181 0.421731 0.192159 -0.84315
0.0239631 0.317855 -0.651242 0.67805 0.128422 -0.849299
0.0148497 0.310904 -0.71803 0.711213 0.0440743 -0.853559
0.00870096 0.301145 -0.766345 0.711209 -0.0566502 -0.856589
0.00444101 0.287174 -0.798939 0.70876 -0.16254 -0.805469
0.00141064 0.266885 -0.820211 0.705527 -0.259541 -0.436269
0.0525308 0.237081 -0.834037 0.701223 -0.337538 -0.17995
0.421731 0.192159 -0.84315 0.695343 -0.393962 -0.146787
0.67805 0.128422 -0.849299 0.687164 -0.432026 -0.149236
0.711213 0.0440743 -0.853559 0.675643 -0.456869 -0.152468
0.711209 -0.0566502 -0.856589 0.658157 -0.473015 -0.156825
0.70876 -0.16254 -0.826611 0.63201 -0.483658 -0.162777
0.705527 -0.259541 -0.637791 0.593543 -0.490839 -0.171133
0.701223 -0.337538 -0.27658 0.538966 -0.495814 -0.183097
0.695343 -0.393962 -0.167507 0.46674 -0.499353 -0.20047
0.687164 -0.432026 -0.149236 0.380491 -0.439653 -0.22599
0.675643 -0.456869 -0.152468 0.289819 -0.00848859 -0.264457
0.658157 -0.473015 -0.156825 0.206758 0.290848 -0.319034
0.63201 -0.483658 -0.162777 0.13997 0.329578 -0.39126
0.593543 -0.490839 -0.171133 0.0916554 0.329573 -0.477509
0.538966 -0.495814 -0.183097 0.0590614 0.326713 -0.568181
0.46674 -0.499353 -0.20047 0.0377889 0.322937 -0.651242
0.380491 -0.439653 -0.22599 0.0239631 0.317911 -0.71803
0.289819 -0.00848859 -0.264457 0.0148497 0.311043 -0.766345
0.206758 0.290848 -0.319034 0.00870096 0.301493 -0.798939
0.13997 0.329578 -0.39126 0.00444101 0.288038 -0.820211
0.0916554 0.329573 -0.477509 0.00141064 0.267616 -0.834037
0.0590614 0.326713 -0.568181 0.0313887 0.237081 -0.84315
0.0377889 0.322937 -0.651242 0.220209 0.192159 -0.849299
0.0239631 0.317911 -0.71803 0.58142 0.128422 -0.853559
0.0148497 0.311043 -0.766345 0.690493 0.0440743 -0.856589
0.00870096 0.301493 -0.798939 0.708764 -0.0566502 -0.805469
0.00444101 0.288038 -0.820211 0.705532 -0.16254 -0.436269
0.00141064 0.267616 -0.834037 0.701175 -0.259541 -0.17995
0.0313887 0.237081 -0.84315 0.695223 -0.337538 -0.146787
0.220209 0.192159 -0.849299 0.686867 -0.393962 -0.146791
0.58142 0.128422 -0.853559 0.674903 -0.432026 -0.14924
0.690493 0.0440743 -0.856589 0.65753 -0.456869 -0.152473
0.708764 -0.0566502 -0.805469 0.63201 -0.473015 -0.156777
0.705532 -0.16254 -0.436269 0.593543 -0.483658 -0.162657
0.701212 -0.259541 -0.17995 0.538966 -0.490839 -0.170836
0.695295 -0.337538 -0.146787 0.46674 -0.495814 -0.182357
0.687012 -0.393962 -0.146791 0.380491 -0.499353 -0.199843
0.675202 -0.432026 -0.14924 0.289819 -0.464343 -0.22599
0.658157 -0.456869 -0.152473 0.206758 -0.243832 -0.264457
0.632 -0.473015 -0.156777 0.13997 0.178001 -0.319034
0.593518 -0.483658 -0.162657 0.0916554 0.305381 -0.39126
0.53892 -0.490839 -0.170836 0.0590614 0.326718 -0.477509
0.46667 -0.495814 -0.182357 0.0377889 0.322943 -0.568181
0.380403 -0.499353 -0.199843 0.0239631 0.317855 -0.651242
0.289725 -0.464343 -0.22599 0.0148497 0.310904 -0.71803
0.206673 -0.243832 -0.264457 0.00870096 0.301145 -0.766345
0.139904 0.178001 -0.319034 0.00444101 0.287174 -0.798939
0.091608 0.305381 -0.39126 0.00141064 0.266885 -0.820211
0.0590295 0.326718 -0.477509 0.0525308 0.237081 -0.834037
0.0377679 0.322943 -0.568181 0.421731 0.192159 -0.84315
0.0239492 0.317898 -0.651242 0.67805 0.128422 -0.849299
0.0148404 0.310987 -0.71803 0.711213 0.0440743 -0.853559
0.00869455 0.301314 -0.766345 0.711209 -0.0566502 -0.856589
0.00443648 0.287522 -0.798939 0.70876 -0.16254 -0.826611
0.00140736 0.267616 -0.820211 0.705527 -0.259541 -0.637791
0.0525048 0.23707 -0.834037 0.701223 -0.337538 -0.27658
0.421634 0.192129 -0.84315 0.695343 -0.393962 -0.167507
0.678032 0.128368 -0.849299 0.687164 -0.432026 -0.149236
0.71121 0.0439926 -0.853559 0.675643 -0.456869 -0.152468
0.70876 -0.0567534 -0.856589 0.658157 -0.473015 -0.156825
0.705527 -0.16265 -0.826611 0.63201 -0.483658 -0.162777
0.701175 -0.25964 -0.637791 0.593543 -0.490839 -0.171133
0.695223 -0.337616 -0.27658 0.538966 -0.495814 -0.183097
0.686867 -0.394017 -0.167507 0.46674 -0.499353 -0.20047
0.674903 -0.432063 -0.149236 0.380491 -0.439653 -0.22599
0.65753 -0.456893 -0.152468 0.289819 -0.00848859 -0.264457
0.63201 -0.473031 -0.156788 0.206758 0.290848 -0.319034
0.593543 -0.483669 -0.162705 0.13997 0.329578 -0.39126
0.538966 -0.490846 -0.170988 0.0916554 0.329573 -0.477509
0.46674 -0.495819 -0.182798 0.0590614 0.326713 -0.568181
0.380491 -0.499356 -0.199843 0.0377889 0.322937 -0.651242
0.289819 -0.439683 -0.226 0.0239631 0.317911 -0.71803
0.206758 -0.0086022 -0.264482 0.0148497 0.311043 -0.766345
0.13997 0.290828 -0.31908 0.00870096 0.301493 -0.798939
0.0916554 0.329574 -0.39133 0.00444101 0.288038 -0.820211
0.0590614 0.326713 -0.477597 0.00141064 0.267616 -0.834037
0.0377889 0.322937 -0.568275 0.0313887 0.237081 -0.84315
0.0239631 0.317855 -0.651327 0.220209 0.192159 -0.849299
0.0148497 0.310904 -0.718096 0.58142 0.128422 -0.853559
0.00870096 0.301145 -0.766392 0.690493 0.0440743 -0.856589
0.00444101 0.287174 -0.79897 0.708764 -0.0566502 -0.805469
0.00141064 0.266885 -0.820232 0.705532 -0.16254 -0.436269
0.0525308 0.237081 -0.834051 0.701212 -0.259541 -0.17995
0.421731 0.192159 -0.84316 0.695295 -0.337538 -0.146787
0.67805 0.128422 -0.849305 0.687012 -0.393962 -0.146791
0.711213 0.0440743 -0.853564 0.675202 -0.432026 -0.14924
0.711209 -0.0566502 -0.856593 0.658157 -0.456869 -0.152473
0.70876 -0.16254 -0.805495 0.632 -0.473015 -0.156777
0.705527 -0.259541 -0.436366 0.593518 -0.483658 -0.162657
0.701223 -0.337538 -0.179968 0.53892 -0.490839 -0.170836
0.695343 -0.393962 -0.14679 0.46667 -0.495814 -0.182357
0.687164 -0.432026 -0.14924 0.380403 -0.499353 -0.199843
0.675643 -0.456869 -0.152473 0.289725 -0.464343 -0.22599
0.658157 -0.473015 -0.156825 0.206673 -0.243832 -0.264457
0.63201 -0.483658 -0.162777 0.139904 0.178001 -0.319034
0.593543 -0.490839 -0.171133 0.091608 0.305381 -0.39126
0.538966 -0.495814 -0.183097 0.0590295 0.326718 -0.477509
0.46674 -0.499353 -0.20047 0.0377679 0.322943 -0.568181
0.380491 -0.439653 -0.22599 0.0239492 0.317898 -0.651242
0.289819 -0.00848859 -0.264457 0.0148404 0.310987 -0.71803
0.206758 0.290848 -0.319034 0.00869455 0.301314 -0.766345
0.13997 0.329578 -0.39126 0.00443648 0.287522 -0.798939
0.0916554 0.329573 -0.477509 0.00140736 0.267616 -0.820211
0.0590614 0.326713 -0.568181 0.0525048 0.23707 -0.834037
0.0377889 0.322937 -0.651242 0.421634 0.192129 -0.84315
0.0239631 0.317911 -0.71803 0.678032 0.128368 -0.849299
0.0148497 0.311043 -0.766345 0.71121 0.0439926 -0.853559
0.00870096 0.301493 -0.798939 0.70876 -0.0567534 -0.856589
0.00444101 0.288038 -0.820211 0.705527 -0.16265 -0.826611
0.00141064 0.267616 -0.834037 0.701175 -0.25964 -0.637791
0.0313887 0.237081 -0.84315 0.695223 -0.337616 -0.27658
0.220209 0.192159 -0.849299 0.686867 -0.394017 -0.167507
0.58142 0.128422 -0.853559 0.674903 -0.432063 -0.149236
0.690493 0.0440743 -0.856589 0.65753 -0.456893 -0.152468
0.708764 -0.0566502 -0.805469 0.63201 -0.473031 -0.156788
0.705532 -0.16254 -0.436269 0.593543 -0.483669 -0.162705
0.701175 -0.259541 -0.17995 0.538966 -0.490846 -0.170988
0.695223 -0.337538 -0.146787 0.46674 -0.495819 -0.182798
0.686867 -0.393962 -0.146791 0.380491 -0.499356 -0.199843
0.674903 -0.432026 -0.14924 0.289819 -0.439683 -0.226
0.65753 -0.456869 -0.152473 0.206758 -0.0086022 -0.264482
0.63201 -0.473015 -0.156777 0.13997 0.290828 -0.31908
0.593543 -0.483658 -0.162657 0.0916554 0.329574 -0.39133
0.538966 -0.490839 -0.170836 0.0590614 0.326713 -0.477597
0.46674 -0.495814 -0.182357 0.0377889 0.322937 -0.568275
0.380491 -0.499353 -0.199843 0.0239631 0.317855 -0.651327
0.289819 -0.464343 -0.22599 0.0148497 0.310904 -0.718096
0.206758 -0.243832 -0.264457 0.00870096 0.301145 -0.766392
0.13997 0.178001 -0.319034 0.00444101 0.287174 -0.79897
0.0916554 0.305381 -0.39126 0.00141064 0.266885 -0.820232
0.0590614 0.326718 -0.477509 0.0525308 0.237081 -0.834051
0.0377889 0.322943 -0.568181 0.421731 0.192159 -0.84316
0.0239631 0.317855 -0.651242 0.67805 0.128422 -0.849305
0.0148497 0.310904 -0.71803 0.711213 0.0440743 -0.853564
0.00870096 0.301145 -0.766345 0.711209 -0.0566502 -0.856593
0.00444101 0.287174 -0.798939 0.70876 -0.16254 -0.805495
0.00141064 0.266885 -0.820211 0.705527 -0.259541 -0.436366
0.0525308 0.237081 -0.834037 0.701223 -0.337538 -0.179968
0.421731 0.192159 -0.84315 0.695343 -0.393962 -0.14679
0.67805 0.128422 -0.849299 0.687164 -0.432026 -0.14924
0.711213 0.0440743 -0.853559 0.675643 -0.456869 -0.152473
0.711209 -0.0566502 -0.856589 0.658157 -0.473015 -0.156825
0.70876 -0.16254 -0.826611 0.63201 -0.483658 -0.162777
0.705527 -0.259541 -0.637791 0.593543 -0.490839 -0.171133
0.701223 -0.337538 -0.27658 0.538966 -0.495814 -0.183097
0.695343 -0.393962 -0.167507 0.46674 -0.499353 -0.20047
0.687164 -0.432026 -0.149236 0.380491 -0.439653 -0.22599
0.675643 -0.456869 -0.152468 0.289819 -0.00848859 -0.264457
0.658157 -0.473015 -0.156825 0.206758 0.290848 -0.319034
0.63201 -0.483658 -0.162777 0.13997 0.329578 -0.39126
0.593543 -0.490839 -0.171133 0.0916554 0.329573 -0.477509
0.538966 -0.495814 -0.183097 0.0590614 0.326713 -0.568181
0.46674 -0.499353 -0.20047 0.0377889 0.322937 -0.651242
0.380491 -0.439653 -0.22599 0.0239631 0.317911 -0.71803
0.289819 -0.00848859 -0.264457 0.0148497 0.311043 -0.766345
0.206758 0.290848 -0.319034 0.00870096 0.301493 -0.798939
0.13997 0.329578 -0.39126 0.00444101 0.288038 -0.820211
0.0916554 0.329573 -0.477509 0.00141064 0.267616 -0.834037
0.0590614 0.326713 -0.568181 0.0313887 0.237081 -0.84315
0.0377889 0.322937 -0.651242 0.220209 0.192159 -0.849299
0.0239631 0.317911 -0.71803 0.58142 0.128422 -0.853559
0.0148497 0.311043 -0.766345 0.690493 0.0440743 -0.856589
0.00870096 0.301493 -0.798939 0.708764 -0.0566502 -0.805469
0.00444101 0.288038 -0.820211 0.705532 -0.16254 -0.436269
0.00141064 0.267616 -0.834037 0.701175 -0.259541 -0.17995
0.0313887 0.237081 -0.84315 0.695223 -0.337538 -0.146787
0.220209 0.192159 -0.849299 0.686867 -0.393962 -0.146791
0.58142 0.128422 -0.853559 0.674903 -0.432026 -0.14924
0.690493 0.0440743 -0.856589 0.65753 -0.456869 -0.152473
0.708764 -0.0566502 -0.805469 0.63201 -0.473015 -0.156777
0.705532 -0.16254 -0.436269 0.593543 -0.483658 -0.162657
0.701212 -0.259541 -0.17995 0.538966 -0.490839 -0.170836
0.695295 -0.337538 -0.146787 0.46674 -0.495814 -0.182357
0.687012 -0.393962 -0.146791 0.380491 -0.499353 -0.199843
0.675202 -0.432026 -0.14924 0.289819 -0.464343 -0.22599
0.658157 -0.456869 -0.152473 0.206758 -0.243832 -0.264457
0.632 -0.473015 -0.156777 0.13997 0.178001 -0.319034
0.593518 -0.483658 -0.162657 0.0916554 0.305381 -0.39126
0.53892 -0.490839 -0.170836 0.0590614 0.326718 -0.477509
0.46667 -0.495814 -0.182357 0.0377889 0.322943 -0.568181
0.380403 -0.499353 -0.199843 0.0239631 0.317855 -0.651242
0.289725 -0.464343 -0.22599 0.0148497 0.310904 -0.71803
0.206673 -0.243832 -0.264457 0.00870096 0.301145 -0.766345
0.139904 0.178001 -0.319034 0.00444101 0.287174 -0.798939
0.091608 0.305381 -0.39126 0.00141064 0.266885 -0.820211
0.0590295 0.326718 -0.477509 0.0525308 0.237081 -0.834037
0.0377679 0.322943 -0.568181 0.421731 0.192159 -0.84315
0.0239492 0.317898 -0.651242 0.67805 0.128422 -0.849299
0.0148404 0.310987 -0.71803 0.711213 0.0440743 -0.853559
0.00869455 0.301314 -0.766345 0.711209 -0.0566502 -0.856589
0.00443648 0.287522 -0.798939 0.70876 -0.16254 -0.826611
0.00140736 0.267616 -0.820211 0.705527 -0.259541 -0.637791
0.0525048 0.23707 -0.834037 0.701223 -0.337538 -0.27658
0.421634 0.192129 -0.84315 0.695343 -0.393962 -0.167507
0.678032 0.128368 -0.849299 0.687164 -0.432026 -0.149236
0.71121 0.0439926 -0.853559 0.675643 -0.456869 -0.152468
0.711206 -0.0567534 -0.856589 0.658157 -0.473015 -0.156825
0.708756 -0.16265 -0.826611 0.63201 -0.483658 -0.162777
0.705527 -0.25964 -0.637791 0.593543 -0.490839 -0.171133
0.701212 -0.337616 -0.27658 0.538966 -0.495814 -0.183097
0.695295 -0.394017 -0.167507 0.46674 -0.499353 -0.20047
0.687012 -0.432063 -0.149236 0.380491 -0.439653 -0.22599
0.675202 -0.456893 -0.152468 0.289819 -0.00848859 -0.264457
0.657999 -0.473031 -0.156788 0.206758 0.290848 -0.319034
0.631803 -0.483669 -0.162705 0.13997 0.329578 -0.39126
0.593276 -0.490846 -0.170988 0.0916554 0.329573 -0.477509
0.538638 -0.495819 -0.182798 0.0590614 0.326713 -0.568181
0.466368 -0.499356 -0.199843 0.0377889 0.322937 -0.651242
0.380115 -0.439683 -0.226 0.0239631 0.317911 -0.71803
0.289486 -0.0086022 -0.264482 0.0148497 0.311043 -0.766345
0.2065 0.290828 -0.31908 0.00870096 0.301493 -0.798939
0.139792 0.329574 -0.39133 0.00444101 0.288038 -0.820211
0.0915424 0.329569 -0.477597 0.00141064 0.267616 -0.834037
0.0589929 0.326708 -0.568275 0.0313887 0.237081 -0.84315
0.0377478 0.322937 -0.651327 0.220209 0.192159 -0.849299
0.0239382 0.317898 -0.718096 0.58142 0.128422 -0.853559
0.0148342 0.310987 -0.766392 0.690493 0.0440743 -0.856589
0.00869104 0.301314 -0.79897 0.708764 -0.0566502 -0.805469
0.00443445 0.287522 -0.820232 0.705532 -0.16254 -0.436269
0.0313887 0.267432 -0.834051 0.701212 -0.259541 -0.17995
0.220209 0.23684 -0.84316 0.695295 -0.337538 -0.146787
0.58142 0.191847 -0.849305 0.687012 -0.393962 -0.146791
0.690493 0.128039 -0.853564 0.675202 -0.432026 -0.14924
0.711209 0.0436401 -0.856593 0.658157 -0.456869 -0.152473
0.708632 -0.0570894 -0.805495 0.632 -0.473015 -0.156777
0.705184 -0.162929 -0.436366 0.593518 -0.483658 -0.162657
0.700518 -0.259843 -0.179968 0.53892 -0.490839 -0.170836
0.694026 -0.337746 -0.14679 0.46667 -0.495814 -0.182357
0.684808 -0.394094 -0.146794 0.380403 -0.499353 -0.199843
0.67153 -0.432106 -0.149244 0.289725 -0.464343 -0.22599
0.650987 -0.456917 -0.152473 0.206673 -0.243832 -0.264457
0.61975 -0.473044 -0.156788 0.139904 0.178001 -0.319034
