0.3575 -0.0835 -0.5005 0.3575 -0.0835 -0.5005
0.3575 -0.0835 -0.5005 0.3575 -0.0835 -0.5005
-0.00942046 -0.0835 -0.5005 0.3575 -0.0835 -0.5005
0.724576 -0.0835 -0.5005 0.3575 -0.0835 -0.5005
0.640965 -0.0835 -0.5005 0.3575 -0.0835 -0.5005
0.00138624 -0.0835 -0.5005 0.3575 -0.0835 -0.5005
0.00138624 -0.0835 -0.5005 0.3575 -0.0835 -0.5005
0.00138624 -0.0835 -0.5005 0.3575 -0.0835 -0.5005
0.00138624 -0.0835 -0.5005 0.3575 -0.0835 -0.5005
0.00138624 -0.0835 -0.5005 0.3575 -0.0835 -0.5005
0.00138624 -0.0835 -0.5005 0.3575 -0.0835 -0.5005
0.00138624 -0.0835 -0.5005 0.3575 -0.0835 -0.5005
0.00138624 -0.0835 -0.5005 0.3575 -0.0835 -0.5005
0.00138624 -0.0835 -0.5005 0.3575 -0.0835 -0.5005
0.00138624 -0.0835 -0.5005 0.3575 -0.0835 -0.5005
0.00138624 -0.0835 -0.5005 0.3575 -0.0835 -0.5005
0.00138624 -0.0835 -0.5005 0.3575 -0.0835 -0.5005
0.00138624 -0.0835 -0.5005 0.3575 -0.0835 -0.5005
0.00138624 -0.512002 -0.5005 0.3575 -0.0835 -0.5005
0.00138624 0.345183 -0.5005 0.3575 -0.0835 -0.5005
0.00138624 0.247539 -0.5005 0.3575 -0.0835 -0.5005
0.00138624 -0.499381 -0.5005 0.3575 -0.0835 -0.5005
0.00138624 -0.499381 -0.5005 0.3575 -0.0835 -0.5005
0.00138624 -0.499381 -0.5005 0.3575 -0.0835 -0.5005
0.00138624 -0.499381 -0.5005 0.3575 -0.0835 -0.5005
0.00138624 -0.499381 -0.5005 0.3575 -0.0835 -0.5005
0.00138624 -0.499381 -0.5005 0.3575 -0.0835 -0.5005
0.00138624 -0.499381 -0.5005 0.3575 -0.0835 -0.5005
0.00138624 -0.499381 -0.5005 0.3575 -0.0835 -0.5005
0.00138624 -0.499381 -0.5005 0.3575 -0.0835 -0.5005
0.00138624 -0.499381 -0.5005 0.3575 -0.0835 -0.5005
0.00138624 -0.499381 -0.5005 0.3575 -0.0835 -0.5005
0.00138624 -0.499381 -0.5005 0.3575 -0.0835 -0.5005
0.00138624 -0.499381 -0.5005 0.3575 -0.0835 -0.5005
0.00138624 -0.499381 -0.86742 0.3575 -0.0835 -0.5005
0.00138624 -0.499381 -0.133424 0.3575 -0.0835 -0.5005
0.00138624 -0.499381 -0.217035 0.3575 -0.0835 -0.5005
0.00138624 -0.499381 -0.856614 0.3575 -0.0835 -0.5005
0.00138624 -0.499381 -0.856614 0.3575 -0.0835 -0.5005
0.00138624 -0.499381 -0.856614 0.3575 -0.0835 -0.5005
0.711202 -0.499381 -0.856614 0.3575 -0.0835 -0.5005
0.711202 -0.499381 -0.856614 0.3575 -0.0835 -0.5005
0.711202 -0.499381 -0.856614 0.3575 -0.0835 -0.5005
0.711202 -0.499381 -0.856614 0.3575 -0.0835 -0.5005
0.711202 -0.499381 -0.856614 0.3575 -0.0835 -0.5005
0.711202 -0.499381 -0.856614 0.3575 -0.0835 -0.5005
0.711202 -0.499381 -0.856614 0.3575 -0.0835 -0.5005
0.711202 -0.499381 -0.856614 0.3575 -0.0835 -0.5005
0.711202 -0.499381 -0.856614 0.3575 -0.0835 -0.5005
0.709716 -0.499381 -0.856614 0.3575 -0.0835 -0.5005
0.707949 -0.499381 -0.856614 -0.00942046 -0.0835 -0.5005
0.705833 -0.499381 -0.856614 0.724576 -0.0835 -0.5005
0.703276 -0.499381 -0.856614 0.640965 -0.0835 -0.5005
0.700158 -0.499381 -0.856614 0.00138624 -0.0835 -0.5005
0.696907 -0.499381 -0.856614 0.00138624 -0.0835 -0.5005
0.692259 -0.499381 -0.856614 0.00138624 -0.0835 -0.5005
0.68643 0.329565 -0.856614 0.00138624 -0.0835 -0.5005
0.679052 0.329565 -0.856614 0.00138624 -0.0835 -0.5005
0.669641 0.329565 -0.856614 0.00138624 -0.0835 -0.5005
0.657566 0.329565 -0.856614 0.00138624 -0.0835 -0.5005
0.642029 0.329565 -0.856614 0.00138624 -0.0835 -0.5005
0.622075 0.329565 -0.856614 0.00138624 -0.0835 -0.5005
0.596653 0.329565 -0.856614 0.00138624 -0.0835 -0.5005
0.564587 0.329565 -0.856614 0.00138624 -0.0835 -0.5005
0.525315 0.329565 -0.856614 0.00138624 -0.0835 -0.5005
0.478822 0.327829 -0.856614 0.00138624 -0.0835 -0.5005
0.426075 0.325766 -0.856614 0.00138624 -0.512002 -0.5005
0.369142 0.323295 -0.856614 0.00138624 0.345183 -0.5005
0.310969 0.320309 -0.856614 0.00138624 0.247539 -0.5005
0.254827 0.316667 -0.856614 0.00138624 -0.499381 -0.5005
0.203611 0.312871 -0.856614 0.00138624 -0.499381 -0.5005
0.159273 0.307442 -0.856614 0.00138624 -0.499381 -0.5005
0.122591 0.300635 -0.146798 0.00138624 -0.499381 -0.5005
0.0933245 0.292019 -0.146798 0.00138624 -0.499381 -0.5005
0.0705761 0.281029 -0.146798 0.00138624 -0.499381 -0.5005
0.0531776 0.266927 -0.146798 0.00138624 -0.499381 -0.5005
0.0399706 0.248782 -0.146798 0.00138624 -0.499381 -0.5005
0.0299517 0.225479 -0.146798 0.00138624 -0.499381 -0.5005
0.0223181 0.19579 -0.146798 0.00138624 -0.499381 -0.5005
0.0164571 0.158342 -0.146798 0.00138624 -0.499381 -0.5005
0.0119134 0.11248 -0.146798 0.00138624 -0.499381 -0.5005
0.00835323 0.0581834 -0.148284 0.00138624 -0.499381 -0.5005
0.0055329 -0.00341625 -0.150051 0.00138624 -0.499381 -0.86742
0.00327428 -0.0699045 -0.152167 0.00138624 -0.499381 -0.133424
0.00144646 -0.137841 -0.154724 0.00138624 -0.499381 -0.217035
0.00144295 -0.203405 -0.157842 0.00138624 -0.499381 -0.856614
0.00143957 -0.263216 -0.161093 0.00138624 -0.499381 -0.856614
0.00143633 -0.314996 -0.165741 0.00138624 -0.499381 -0.856614
0.00143322 -0.357835 -0.17157 0.711202 -0.499381 -0.856614
0.00143022 -0.392013 -0.178948 0.711202 -0.499381 -0.856614
0.00142735 -0.418579 -0.188359 0.711202 -0.499381 -0.856614
0.00142459 -0.438897 -0.200434 0.711202 -0.499381 -0.856614
0.00142194 -0.454321 -0.215971 0.711202 -0.499381 -0.856614
0.0014194 -0.466021 -0.235925 0.711202 -0.499381 -0.856614
0.00141695 -0.474936 -0.261347 0.711202 -0.499381 -0.856614
0.0118058 -0.481781 -0.293413 0.711202 -0.499381 -0.856614
0.0395472 -0.487087 -0.332685 0.711202 -0.499381 -0.856614
0.120972 -0.491245 -0.379178 0.709716 -0.499381 -0.856614
0.307191 -0.494539 -0.431925 0.707949 -0.499381 -0.856614
0.521543 -0.497176 -0.488858 0.705833 -0.499381 -0.856614
0.640132 -0.499311 -0.547031 0.703276 -0.499381 -0.856614
0.685637 -0.499315 -0.603173 0.700158 -0.499381 -0.856614
0.703309 -0.499319 -0.654389 0.696907 -0.499381 -0.856614
0.711218 -0.499323 -0.698727 0.692259 -0.499381 -0.856614
0.710076 -0.499326 -0.735409 0.68643 0.329565 -0.856614
0.708771 -0.49933 -0.764675 0.679052 0.329565 -0.856614
0.707271 -0.499333 -0.787424 0.669641 0.329565 -0.856614
0.70554 -0.499336 -0.804822 0.657566 0.329565 -0.856614
0.70353 -0.499339 -0.818029 0.642029 0.329565 -0.856614
0.701194 -0.499342 -0.828048 0.622075 0.329565 -0.856614
0.698471 -0.499345 -0.835682 0.596653 0.329565 -0.856614
0.695268 -0.487213 -0.841543 0.564587 0.329565 -0.856614
0.691478 -0.454815 -0.846087 0.525315 0.329565 -0.856614
0.686974 -0.359725 -0.849647 0.478822 0.327829 -0.856614
0.681599 -0.142253 -0.852467 0.426075 0.325766 -0.856614
0.675163 0.108074 -0.854726 0.369142 0.323295 -0.856614
0.667436 0.246567 -0.856554 0.310969 0.320309 -0.856614
0.658157 0.299709 -0.856557 0.254827 0.316667 -0.856614
0.646371 0.320347 -0.85656 0.203611 0.312871 -0.856614
0.63201 0.329584 -0.856564 0.159273 0.307442 -0.856614
0.614572 0.32825 -0.856567 0.122591 0.300635 -0.146798
0.593543 0.326725 -0.85657 0.0933245 0.292019 -0.146798
0.568453 0.324974 -0.856573 0.0705761 0.281029 -0.146798
0.538966 0.322952 -0.856575 0.0531776 0.266927 -0.146798
0.504982 0.320605 -0.856578 0.0399706 0.248782 -0.146798
0.46674 0.317877 -0.856581 0.0299517 0.225479 -0.146798
0.424889 0.314697 -0.856583 0.0223181 0.19579 -0.146798
0.380491 0.310956 -0.846194 0.0164571 0.158342 -0.146798
0.334944 0.30653 -0.818453 0.0119134 0.11248 -0.146798
0.289819 0.301271 -0.737028 0.00835323 0.0581834 -0.148284
0.246656 0.294994 -0.550809 0.0055329 -0.00341625 -0.150051
0.206758 0.287477 -0.336457 0.00327428 -0.0699045 -0.152167
0.17104 0.278454 -0.217868 0.00144646 -0.137841 -0.154724
0.13997 0.267616 -0.172363 0.00144295 -0.203405 -0.157842
0.113599 0.253852 -0.154691 0.00143957 -0.263216 -0.161093
0.0916554 0.237081 -0.146782 0.00143633 -0.314996 -0.165741
0.0736641 0.216717 -0.147924 0.00143322 -0.357835 -0.17157
0.0590614 0.192159 -0.149229 0.00143022 -0.392013 -0.178948
0.0472775 0.162858 -0.150729 0.00142735 -0.418579 -0.188359
0.0377889 0.128422 -0.15246 0.00142459 -0.438897 -0.200434
0.0301427 0.0887343 -0.15447 0.00142194 -0.454321 -0.215971
0.0239631 0.0440743 -0.156806 0.0014194 -0.466021 -0.235925
0.0189459 -0.00480083 -0.159529 0.00141695 -0.474936 -0.261347
0.0148497 -0.0566502 -0.162732 0.0118058 -0.481781 -0.293413
0.0114843 -0.109842 -0.166522 0.0395472 -0.487087 -0.332685
0.00870096 -0.16254 -0.171026 0.120972 -0.491245 -0.379178
0.00638351 -0.212947 -0.176401 0.307191 -0.494539 -0.431925
0.00444101 -0.259541 -0.182837 0.521543 -0.497176 -0.488858
0.00280212 -0.301254 -0.190564 0.640132 -0.499311 -0.547031
0.00141064 -0.337538 -0.199843 0.685637 -0.499315 -0.603173
0.0117916 -0.368335 -0.211629 0.703309 -0.499319 -0.654389
0.0395089 -0.393962 -0.22599 0.711218 -0.499323 -0.698727
0.120865 -0.414973 -0.243428 0.710076 -0.499326 -0.735409
0.306999 -0.432026 -0.264457 0.708771 -0.49933 -0.764675
0.521392 -0.445788 -0.289547 0.707271 -0.499333 -0.787424
0.640065 -0.456869 -0.319034 0.70554 -0.499336 -0.804822
0.68561 -0.465798 -0.353018 0.70353 -0.499339 -0.818029
0.703296 -0.473015 -0.39126 0.701194 -0.499342 -0.828048
0.711211 -0.478874 -0.433111 0.698471 -0.499345 -0.835682
0.710068 -0.483658 -0.477509 0.695268 -0.487213 -0.841543
0.708762 -0.487588 -0.523056 0.691478 -0.454815 -0.846087
0.707262 -0.490839 -0.568181 0.686974 -0.359725 -0.849647
0.70553 -0.493545 -0.611344 0.681599 -0.142253 -0.852467
0.703519 -0.495814 -0.651242 0.675163 0.108074 -0.854726
0.701194 -0.497728 -0.68696 0.667436 0.246567 -0.856554
0.698471 -0.499353 -0.71803 0.658157 0.299709 -0.856557
0.695268 -0.487229 -0.744401 0.646371 0.320347 -0.85656
0.691478 -0.45486 -0.766345 0.63201 0.329584 -0.856564
0.686974 -0.35985 -0.784336 0.614572 0.32825 -0.856567
0.681599 -0.142476 -0.798939 0.593543 0.326725 -0.85657
0.675163 0.107899 -0.810722 0.568453 0.324974 -0.856573
0.667436 0.246489 -0.820211 0.538966 0.322952 -0.856575
0.658157 0.299677 -0.827857 0.504982 0.320605 -0.856578
0.646371 0.320332 -0.834037 0.46674 0.317877 -0.856581
0.63201 0.329576 -0.839054 0.424889 0.314697 -0.856583
0.614572 0.328241 -0.84315 0.380491 0.310956 -0.846194
0.593543 0.326715 -0.846516 0.334944 0.30653 -0.818453
0.568453 0.324963 -0.849299 0.289819 0.301271 -0.737028
0.538966 0.32294 -0.851616 0.246656 0.294994 -0.550809
0.504982 0.320592 -0.853559 0.206758 0.287477 -0.336457
0.46674 0.317877 -0.855198 0.17104 0.278454 -0.217868
0.424889 0.314697 -0.856589 0.13997 0.267616 -0.172363
0.380491 0.310956 -0.846208 0.113599 0.253852 -0.154691
0.334944 0.30653 -0.818491 0.0916554 0.237081 -0.146782
0.289819 0.301271 -0.737135 0.0736641 0.216717 -0.147924
0.246656 0.294994 -0.551001 0.0590614 0.192159 -0.149229
0.206758 0.287477 -0.336608 0.0472775 0.162858 -0.150729
0.17104 0.278454 -0.217935 0.0377889 0.128422 -0.15246
0.13997 0.267616 -0.17239 0.0301427 0.0887343 -0.15447
0.113599 0.253852 -0.154704 0.0239631 0.0440743 -0.156806
0.0916554 0.237081 -0.146789 0.0189459 -0.00480083 -0.159529
0.0736641 0.216717 -0.147932 0.0148497 -0.0566502 -0.162732
0.0590614 0.192159 -0.149238 0.0114843 -0.109842 -0.166522
0.0472775 0.162858 -0.150738 0.00870096 -0.16254 -0.171026
0.0377889 0.128422 -0.15247 0.00638351 -0.212947 -0.176401
0.0301427 0.0887343 -0.154481 0.00444101 -0.259541 -0.182837
0.0239631 0.0440743 -0.156806 0.00280212 -0.301254 -0.190564
0.0189459 -0.00480083 -0.159529 0.00141064 -0.337538 -0.199843
0.0148497 -0.0566502 -0.162732 0.0117916 -0.368335 -0.211629
0.0114843 -0.109842 -0.166522 0.0395089 -0.393962 -0.22599
0.00870096 -0.16254 -0.171026 0.120865 -0.414973 -0.243428
0.00638351 -0.212947 -0.176401 0.306999 -0.432026 -0.264457
0.00444101 -0.259541 -0.182837 0.521392 -0.445788 -0.289547
0.00280212 -0.301254 -0.190564 0.640065 -0.456869 -0.319034
0.00141064 -0.337538 -0.199843 0.68561 -0.465798 -0.353018
0.0117916 -0.368335 -0.211629 0.703296 -0.473015 -0.39126
0.0395089 -0.393962 -0.22599 0.711211 -0.478874 -0.433111
0.120865 -0.414973 -0.243428 0.710068 -0.483658 -0.477509
0.306999 -0.432026 -0.264457 0.708762 -0.487588 -0.523056
0.521392 -0.445788 -0.289547 0.707262 -0.490839 -0.568181
0.640065 -0.456869 -0.319034 0.70553 -0.493545 -0.611344
0.68561 -0.465798 -0.353018 0.703519 -0.495814 -0.651242
0.703296 -0.473015 -0.39126 0.701194 -0.497728 -0.68696
0.711211 -0.478874 -0.433111 0.698471 -0.499353 -0.71803
0.710068 -0.483658 -0.477509 0.695268 -0.487229 -0.744401
0.708762 -0.487588 -0.523056 0.691478 -0.45486 -0.766345
0.707262 -0.490839 -0.568181 0.686974 -0.35985 -0.784336
0.70553 -0.493545 -0.611344 0.681599 -0.142476 -0.798939
0.703519 -0.495814 -0.651242 0.675163 0.107899 -0.810722
0.701194 -0.497728 -0.68696 0.667436 0.246489 -0.820211
0.698471 -0.499353 -0.71803 0.658157 0.299677 -0.827857
0.695268 -0.487229 -0.744401 0.646371 0.320332 -0.834037
0.691478 -0.45486 -0.766345 0.63201 0.329576 -0.839054
0.686974 -0.35985 -0.784336 0.614572 0.328241 -0.84315
0.681599 -0.142476 -0.798939 0.593543 0.326715 -0.846516
0.675163 0.107899 -0.810722 0.568453 0.324963 -0.849299
0.667436 0.246489 -0.820211 0.538966 0.32294 -0.851616
0.658157 0.299677 -0.827857 0.504982 0.320592 -0.853559
0.646371 0.320332 -0.834037 0.46674 0.317877 -0.855198
0.63201 0.329576 -0.839054 0.424889 0.314697 -0.856589
0.614572 0.328241 -0.84315 0.380491 0.310956 -0.846208
0.593543 0.326715 -0.846516 0.334944 0.30653 -0.818491
0.568453 0.324963 -0.849299 0.289819 0.301271 -0.737135
0.538966 0.32294 -0.851616 0.246656 0.294994 -0.551001
0.504982 0.320592 -0.853559 0.206758 0.287477 -0.336608
0.46674 0.317877 -0.855198 0.17104 0.278454 -0.217935
0.424889 0.314697 -0.856589 0.13997 0.267616 -0.17239
0.380491 0.310956 -0.846208 0.113599 0.253852 -0.154704
0.334944 0.30653 -0.818491 0.0916554 0.237081 -0.146789
0.289819 0.301271 -0.737135 0.0736641 0.216717 -0.147932
0.246656 0.294994 -0.551001 0.0590614 0.192159 -0.149238
0.206758 0.287477 -0.336608 0.0472775 0.162858 -0.150738
0.17104 0.278454 -0.217935 0.0377889 0.128422 -0.15247
0.13997 0.267616 -0.17239 0.0301427 0.0887343 -0.154481
0.113599 0.253852 -0.154704 0.0239631 0.0440743 -0.156806
0.0916554 0.237081 -0.146789 0.0189459 -0.00480083 -0.159529
0.0736641 0.216717 -0.147932 0.0148497 -0.0566502 -0.162732
0.0590614 0.192159 -0.149238 0.0114843 -0.109842 -0.166522
0.0472775 0.162858 -0.150738 0.00870096 -0.16254 -0.171026
0.0377889 0.128422 -0.15247 0.00638351 -0.212947 -0.176401
0.0301427 0.0887343 -0.154481 0.00444101 -0.259541 -0.182837
0.0239631 0.0440743 -0.156806 0.00280212 -0.301254 -0.190564
0.0189459 -0.00480083 -0.159529 0.00141064 -0.337538 -0.199843
0.0148497 -0.0566502 -0.162732 0.0117916 -0.368335 -0.211629
0.0114843 -0.109842 -0.166522 0.0395089 -0.393962 -0.22599
0.00870096 -0.16254 -0.171026 0.120865 -0.414973 -0.243428
0.00638351 -0.212947 -0.176401 0.306999 -0.432026 -0.264457
0.00444101 -0.259541 -0.182837 0.521392 -0.445788 -0.289547
0.00280212 -0.301254 -0.190564 0.640065 -0.456869 -0.319034
0.00141064 -0.337538 -0.199843 0.68561 -0.465798 -0.353018
0.0117916 -0.368335 -0.211629 0.703296 -0.473015 -0.39126
0.0395089 -0.393962 -0.22599 0.711211 -0.478874 -0.433111
0.120865 -0.414973 -0.243428 0.710068 -0.483658 -0.477509
0.306999 -0.432026 -0.264457 0.708762 -0.487588 -0.523056
0.521392 -0.445788 -0.289547 0.707262 -0.490839 -0.568181
0.640065 -0.456869 -0.319034 0.70553 -0.493545 -0.611344
0.68561 -0.465798 -0.353018 0.703519 -0.495814 -0.651242
0.703296 -0.473015 -0.39126 0.701194 -0.497728 -0.68696
0.711211 -0.478874 -0.433111 0.698471 -0.499353 -0.71803
0.710068 -0.483658 -0.477509 0.695268 -0.487229 -0.744401
0.708762 -0.487588 -0.523056 0.691478 -0.45486 -0.766345
0.707262 -0.490839 -0.568181 0.686974 -0.35985 -0.784336
0.70553 -0.493545 -0.611344 0.681599 -0.142476 -0.798939
0.703519 -0.495814 -0.651242 0.675163 0.107899 -0.810722
0.701194 -0.497728 -0.68696 0.667436 0.246489 -0.820211
0.698471 -0.499353 -0.71803 0.658157 0.299677 -0.827857
0.695268 -0.487229 -0.744401 0.646371 0.320332 -0.834037
0.691478 -0.45486 -0.766345 0.63201 0.329576 -0.839054
0.686974 -0.35985 -0.784336 0.614572 0.328241 -0.84315
0.681599 -0.142476 -0.798939 0.593543 0.326715 -0.846516
0.675163 0.107899 -0.810722 0.568453 0.324963 -0.849299
0.667436 0.246489 -0.820211 0.538966 0.32294 -0.851616
0.658157 0.299677 -0.827857 0.504982 0.320592 -0.853559
0.646371 0.320332 -0.834037 0.46674 0.317877 -0.855198
0.63201 0.329576 -0.839054 0.424889 0.314697 -0.856589
0.614572 0.328241 -0.84315 0.380491 0.310956 -0.846208
0.593543 0.326715 -0.846516 0.334944 0.30653 -0.818491
0.568453 0.324963 -0.849299 0.289819 0.301271 -0.737135
0.538966 0.32294 -0.851616 0.246656 0.294994 -0.551001
0.504982 0.320592 -0.853559 0.206758 0.287477 -0.336608
0.46674 0.317877 -0.855198 0.17104 0.278454 -0.217935
0.424889 0.314697 -0.856589 0.13997 0.267616 -0.17239
0.380491 0.310956 -0.846208 0.113599 0.253852 -0.154704
0.334944 0.30653 -0.818491 0.0916554 0.237081 -0.146789
0.289819 0.301271 -0.737135 0.0736641 0.216717 -0.147932
0.246656 0.294994 -0.551001 0.0590614 0.192159 -0.149238
0.206758 0.287477 -0.336608 0.0472775 0.162858 -0.150738
0.17104 0.278454 -0.217935 0.0377889 0.128422 -0.15247
0.13997 0.267616 -0.17239 0.0301427 0.0887343 -0.154481
0.113599 0.253852 -0.154704 0.0239631 0.0440743 -0.156806
0.0916554 0.237081 -0.146789 0.0189459 -0.00480083 -0.159529
0.0736641 0.216717 -0.147932 0.0148497 -0.0566502 -0.162732
0.0590614 0.192159 -0.149238 0.0114843 -0.109842 -0.166522
0.0472775 0.162858 -0.150738 0.00870096 -0.16254 -0.171026
0.0377889 0.128422 -0.15247 0.00638351 -0.212947 -0.176401
0.0301427 0.0887343 -0.154481 0.00444101 -0.259541 -0.182837
0.0239631 0.0440743 -0.156806 0.00280212 -0.301254 -0.190564
0.0189459 -0.00480083 -0.159529 0.00141064 -0.337538 -0.199843
0.0148497 -0.0566502 -0.162732 0.0117916 -0.368335 -0.211629
0.0114843 -0.109842 -0.166522 0.0395089 -0.393962 -0.22599
0.00870096 -0.16254 -0.171026 0.120865 -0.414973 -0.243428
0.00638351 -0.212947 -0.176401 0.306999 -0.432026 -0.264457
0.00444101 -0.259541 -0.182837 0.521392 -0.445788 -0.289547
0.00280212 -0.301254 -0.190564 0.640065 -0.456869 -0.319034
0.00141064 -0.337538 -0.199843 0.68561 -0.465798 -0.353018
0.0117916 -0.368335 -0.211629 0.703296 -0.473015 -0.39126
0.0395089 -0.393962 -0.22599 0.711211 -0.478874 -0.433111
0.120865 -0.414973 -0.243428 0.710068 -0.483658 -0.477509
0.306999 -0.432026 -0.264457 0.708762 -0.487588 -0.523056
0.521392 -0.445788 -0.289547 0.707262 -0.490839 -0.568181
0.640065 -0.456869 -0.319034 0.70553 -0.493545 -0.611344
0.68561 -0.465798 -0.353018 0.703519 -0.495814 -0.651242
0.703296 -0.473015 -0.39126 0.701194 -0.497728 -0.68696
0.711211 -0.478874 -0.433111 0.698471 -0.499353 -0.71803
0.710068 -0.483658 -0.477509 0.695268 -0.487229 -0.744401
0.708762 -0.487588 -0.523056 0.691478 -0.45486 -0.766345
0.707262 -0.490839 -0.568181 0.686974 -0.35985 -0.784336
0.70553 -0.493545 -0.611344 0.681599 -0.142476 -0.798939
0.703519 -0.495814 -0.651242 0.675163 0.107899 -0.810722
0.701194 -0.497728 -0.68696 0.667436 0.246489 -0.820211
0.698471 -0.499353 -0.71803 0.658157 0.299677 -0.827857
0.695268 -0.487229 -0.744401 0.646371 0.320332 -0.834037
0.691478 -0.45486 -0.766345 0.63201 0.329576 -0.839054
0.686974 -0.35985 -0.784336 0.614572 0.328241 -0.84315
0.681599 -0.142476 -0.798939 0.593543 0.326715 -0.846516
0.675163 0.107899 -0.810722 0.568453 0.324963 -0.849299
0.667436 0.246489 -0.820211 0.538966 0.32294 -0.851616
0.658157 0.299677 -0.827857 0.504982 0.320592 -0.853559
0.646371 0.320332 -0.834037 0.46674 0.317877 -0.855198
0.63201 0.329576 -0.839054 0.424889 0.314697 -0.856589
0.614572 0.328241 -0.84315 0.380491 0.310956 -0.846208
0.593543 0.326715 -0.846516 0.334944 0.30653 -0.818491
0.568453 0.324963 -0.849299 0.289819 0.301271 -0.737135
0.538966 0.32294 -0.851616 0.246656 0.294994 -0.551001
0.504982 0.320592 -0.853559 0.206758 0.287477 -0.336608
0.46674 0.317877 -0.855198 0.17104 0.278454 -0.217935
0.424889 0.314697 -0.856589 0.13997 0.267616 -0.17239
0.380491 0.310956 -0.846208 0.113599 0.253852 -0.154704
0.334944 0.30653 -0.818491 0.0916554 0.237081 -0.146789
0.289819 0.301271 -0.737135 0.0736641 0.216717 -0.147932
0.246656 0.294994 -0.551001 0.0590614 0.192159 -0.149238
0.206758 0.287477 -0.336608 0.0472775 0.162858 -0.150738
0.17104 0.278454 -0.217935 0.0377889 0.128422 -0.15247
0.13997 0.267616 -0.17239 0.0301427 0.0887343 -0.154481
0.113599 0.253852 -0.154704 0.0239631 0.0440743 -0.156806
0.0916554 0.237081 -0.146789 0.0189459 -0.00480083 -0.159529
0.0736641 0.216717 -0.147932 0.0148497 -0.0566502 -0.162732
0.0590614 0.192159 -0.149238 0.0114843 -0.109842 -0.166522
0.0472775 0.162858 -0.150738 0.00870096 -0.16254 -0.171026
0.0377889 0.128422 -0.15247 0.00638351 -0.212947 -0.176401
0.0301427 0.0887343 -0.154481 0.00444101 -0.259541 -0.182837
0.0239631 0.0440743 -0.156806 0.00280212 -0.301254 -0.190564
0.0189459 -0.00480083 -0.159529 0.00141064 -0.337538 -0.199843
0.0148497 -0.0566502 -0.162732 0.0117916 -0.368335 -0.211629
0.0114843 -0.109842 -0.166522 0.0395089 -0.393962 -0.22599
0.00870096 -0.16254 -0.171026 0.120865 -0.414973 -0.243428
0.00638351 -0.212947 -0.176401 0.306999 -0.432026 -0.264457
0.00444101 -0.259541 -0.182837 0.521392 -0.445788 -0.289547
0.00280212 -0.301254 -0.190564 0.640065 -0.456869 -0.319034
0.00141064 -0.337538 -0.199843 0.68561 -0.465798 -0.353018
0.0117916 -0.368335 -0.211629 0.703296 -0.473015 -0.39126
0.0395089 -0.393962 -0.22599 0.711211 -0.478874 -0.433111
0.120865 -0.414973 -0.243428 0.710068 -0.483658 -0.477509
0.306999 -0.432026 -0.264457 0.708762 -0.487588 -0.523056
0.521392 -0.445788 -0.289547 0.707262 -0.490839 -0.568181
0.640065 -0.456869 -0.319034 0.70553 -0.493545 -0.611344
0.68561 -0.465798 -0.353018 0.703519 -0.495814 -0.651242
0.703296 -0.473015 -0.39126 0.701194 -0.497728 -0.68696
0.711211 -0.478874 -0.433111 0.698471 -0.499353 -0.71803
0.710068 -0.483658 -0.477509 0.695268 -0.487229 -0.744401
0.708762 -0.487588 -0.523056 0.691478 -0.45486 -0.766345
0.707262 -0.490839 -0.568181 0.686974 -0.35985 -0.784336
0.70553 -0.493545 -0.611344 0.681599 -0.142476 -0.798939
0.703519 -0.495814 -0.651242 0.675163 0.107899 -0.810722
0.701194 -0.497728 -0.68696 0.667436 0.246489 -0.820211
0.698471 -0.499353 -0.71803 0.658157 0.299677 -0.827857
0.695268 -0.487229 -0.744401 0.646371 0.320332 -0.834037
0.691478 -0.45486 -0.766345 0.63201 0.329576 -0.839054
0.686974 -0.35985 -0.784336 0.614572 0.328241 -0.84315
0.681599 -0.142476 -0.798939 0.593543 0.326715 -0.846516
0.675163 0.107899 -0.810722 0.568453 0.324963 -0.849299
0.667436 0.246489 -0.820211 0.538966 0.32294 -0.851616
0.658157 0.299677 -0.827857 0.504982 0.320592 -0.853559
0.646371 0.320332 -0.834037 0.46674 0.317877 -0.855198
0.63201 0.329576 -0.839054 0.424889 0.314697 -0.856589
0.614572 0.328241 -0.84315 0.380491 0.310956 -0.846208
0.593543 0.326715 -0.846516 0.334944 0.30653 -0.818491
0.568453 0.324963 -0.849299 0.289819 0.301271 -0.737135
0.538966 0.32294 -0.851616 0.246656 0.294994 -0.551001
0.504982 0.320592 -0.853559 0.206758 0.287477 -0.336608
0.46674 0.317877 -0.855198 0.17104 0.278454 -0.217935
0.424889 0.314697 -0.856589 0.13997 0.267616 -0.17239
0.380491 0.310956 -0.846208 0.113599 0.253852 -0.154704
0.334944 0.30653 -0.818491 0.0916554 0.237081 -0.146789
0.289819 0.301271 -0.737135 0.0736641 0.216717 -0.147932
0.246656 0.294994 -0.551001 0.0590614 0.192159 -0.149238
0.206758 0.287477 -0.336608 0.0472775 0.162858 -0.150738
0.17104 0.278454 -0.217935 0.0377889 0.128422 -0.15247
0.13997 0.267616 -0.17239 0.0301427 0.0887343 -0.154481
0.113599 0.253852 -0.154704 0.0239631 0.0440743 -0.156806
0.0916554 0.237081 -0.146789 0.0189459 -0.00480083 -0.159529
0.0736641 0.216717 -0.147932 0.0148497 -0.0566502 -0.162732
0.0590614 0.192159 -0.149238 0.0114843 -0.109842 -0.166522
0.0472775 0.162858 -0.150738 0.00870096 -0.16254 -0.171026
0.0377889 0.128422 -0.15247 0.00638351 -0.212947 -0.176401
0.0301427 0.0887343 -0.154481 0.00444101 -0.259541 -0.182837
0.0239631 0.0440743 -0.156806 0.00280212 -0.301254 -0.190564
0.0189459 -0.00480083 -0.159529 0.00141064 -0.337538 -0.199843
0.0148497 -0.0566502 -0.162732 0.0117916 -0.368335 -0.211629
0.0114843 -0.109842 -0.166522 0.0395089 -0.393962 -0.22599
0.00870096 -0.16254 -0.171026 0.120865 -0.414973 -0.243428
0.00638351 -0.212947 -0.176401 0.306999 -0.432026 -0.264457
0.00444101 -0.259541 -0.182837 0.521392 -0.445788 -0.289547
0.00280212 -0.301254 -0.190564 0.640065 -0.456869 -0.319034
0.00141064 -0.337538 -0.199843 0.68561 -0.465798 -0.353018
0.00140836 -0.368335 -0.211629 0.703296 -0.473015 -0.39126
0.0117867 -0.393962 -0.22599 0.711211 -0.478874 -0.433111
0.0394959 -0.414973 -0.243428 0.710068 -0.483658 -0.477509
0.12083 -0.432026 -0.264457 0.708762 -0.487588 -0.523056
0.306938 -0.445788 -0.289547 0.707262 -0.490839 -0.568181
0.521346 -0.456869 -0.319034 0.70553 -0.493545 -0.611344
0.640045 -0.465798 -0.353018 0.703519 -0.495814 -0.651242
0.685602 -0.473015 -0.39126 0.701194 -0.497728 -0.68696
0.703292 -0.478874 -0.433111 0.698471 -0.499353 -0.71803
0.710094 -0.483658 -0.477509 0.695268 -0.487229 -0.744401
0.708821 -0.487588 -0.523056 0.691478 -0.45486 -0.766345
0.707364 -0.490839 -0.568181 0.686974 -0.35985 -0.784336
0.705687 -0.493545 -0.611344 0.681599 -0.142476 -0.798939
0.703748 -0.495814 -0.651242 0.675163 0.107899 -0.810722
0.701514 -0.497728 -0.68696 0.667436 0.246489 -0.820211
0.698909 -0.499353 -0.71803 0.658157 0.299677 -0.827857
0.695858 -0.499355 -0.744401 0.646371 0.320332 -0.834037
0.692266 -0.487235 -0.766345 0.63201 0.329576 -0.839054
0.688018 -0.454875 -0.784336 0.614572 0.328241 -0.84315
0.682974 -0.359891 -0.798939 0.593543 0.326715 -0.846516
0.676965 -0.142548 -0.810722 0.568453 0.324963 -0.849299
0.669789 0.107844 -0.820211 0.538966 0.32294 -0.851616
0.661215 0.246465 -0.827857 0.504982 0.320592 -0.853559
0.65036 0.299668 -0.834037 0.46674 0.317877 -0.855198
0.637183 0.320327 -0.839054 0.424889 0.314697 -0.856589
0.621225 0.328271 -0.84315 0.380491 0.310956 -0.846208
0.602002 0.326784 -0.846516 0.334944 0.30653 -0.818491
0.579051 0.325082 -0.849299 0.289819 0.301271 -0.737135
0.551995 0.323124 -0.851616 0.246656 0.294994 -0.551001
0.520637 0.320859 -0.853559 0.206758 0.287477 -0.336608
0.485051 0.31825 -0.855198 0.17104 0.278454 -0.217935
0.445667 0.315209 -0.856589 0.13997 0.267616 -0.17239
0.4033 0.311645 -0.856592 0.113599 0.253852 -0.154704
0.359119 0.30745 -0.846213 0.0916554 0.237081 -0.146789
0.314535 0.302489 -0.818504 0.0736641 0.216717 -0.147932
0.271034 0.296599 -0.73717 0.0590614 0.192159 -0.149238
0.229986 0.289581 -0.551062 0.0472775 0.162858 -0.150738
0.192472 0.281202 -0.336654 0.0377889 0.128422 -0.15247
0.159188 0.271188 -0.217955 0.0301427 0.0887343 -0.154481
0.130417 0.258512 -0.172398 0.0239631 0.0440743 -0.156806
0.106088 0.243123 -0.154708 0.0189459 -0.00480083 -0.159529
0.0858697 0.224487 -0.147906 0.0148497 -0.0566502 -0.162732
0.0692802 0.202038 -0.149179 0.0114843 -0.109842 -0.166522
0.0557821 0.175234 -0.150636 0.00870096 -0.16254 -0.171026
0.0448493 0.143637 -0.152313 0.00638351 -0.212947 -0.176401
0.0360059 0.107016 -0.154252 0.00444101 -0.259541 -0.182837
0.0288436 0.0654586 -0.156486 0.00280212 -0.301254 -0.190564
0.0230242 0.0194648 -0.159091 0.00141064 -0.337538 -0.199843
0.0182744 -0.030013 -0.162142 0.00140836 -0.368335 -0.211629
0.0143761 -0.0816098 -0.165734 0.0117867 -0.393962 -0.22599
0.0111573 -0.133676 -0.169982 0.0394959 -0.414973 -0.243428
0.00848246 -0.184477 -0.175026 0.12083 -0.432026 -0.264457
0.00624537 -0.232415 -0.181035 0.306938 -0.445788 -0.289547
0.00436235 -0.276225 -0.188211 0.521346 -0.456869 -0.319034
0.00276743 -0.315095 -0.196785 0.640045 -0.465798 -0.353018
0.00140836 -0.348695 -0.20764 0.685602 -0.473015 -0.39126
0.0138961 -0.377107 -0.220817 0.703292 -0.478874 -0.433111
0.0525138 -0.400719 -0.236775 0.710094 -0.483658 -0.477509
0.177902 -0.420092 -0.255998 0.708821 -0.487588 -0.523056
0.421671 -0.435856 -0.278949 0.707364 -0.490839 -0.568181
0.607373 -0.448623 -0.306005 0.705687 -0.493545 -0.611344
0.678039 -0.458951 -0.337363 0.703748 -0.495814 -0.651242
0.701818 -0.467316 -0.372949 0.701514 -0.497728 -0.68696
0.711211 -0.474112 -0.412333 0.698909 -0.499353 -0.71803
0.710094 -0.479659 -0.4547 0.695858 -0.499355 -0.744401
0.708821 -0.484211 -0.498881 0.692266 -0.487235 -0.766345
0.707364 -0.48797 -0.543465 0.688018 -0.454875 -0.784336
0.705687 -0.491094 -0.586966 0.682974 -0.359891 -0.798939
0.703748 -0.493706 -0.628014 0.676965 -0.142548 -0.810722
0.701514 -0.495906 -0.665528 0.669789 0.107844 -0.820211
0.698909 -0.497768 -0.698812 0.661215 0.246465 -0.827857
0.695858 -0.499355 -0.727583 0.65036 0.299668 -0.834037
0.692266 -0.484772 -0.751912 0.637183 0.320327 -0.839054
0.688018 -0.439673 -0.77213 0.621225 0.328271 -0.84315
0.682974 -0.293241 -0.78872 0.602002 0.326784 -0.846516
0.676965 -0.00855897 -0.802218 0.579051 0.325082 -0.849299
0.669789 0.20831 -0.813151 0.551995 0.323124 -0.851616
0.661215 0.290836 -0.821994 0.520637 0.320859 -0.853559
0.65036 0.318605 -0.829156 0.485051 0.31825 -0.855198
0.637183 0.329576 -0.834976 0.445667 0.315209 -0.856589
0.621225 0.328271 -0.839726 0.4033 0.311645 -0.856592
0.602002 0.326784 -0.843624 0.359119 0.30745 -0.846213
0.579051 0.325082 -0.846843 0.314535 0.302489 -0.818504
0.551995 0.323124 -0.849518 0.271034 0.296599 -0.73717
0.520637 0.320859 -0.851755 0.229986 0.289581 -0.551062
0.485051 0.31825 -0.853638 0.192472 0.281202 -0.336654
0.445667 0.315209 -0.855233 0.159188 0.271188 -0.217955
0.4033 0.311645 -0.856592 0.130417 0.258512 -0.172398
0.359119 0.30745 -0.844104 0.106088 0.243123 -0.154708
0.314535 0.302489 -0.805486 0.0858697 0.224487 -0.147906
0.271034 0.296599 -0.680098 0.0692802 0.202038 -0.149179
0.229986 0.289581 -0.436329 0.0557821 0.175234 -0.150636
0.192472 0.281202 -0.250627 0.0448493 0.143637 -0.152313
0.159188 0.271188 -0.179961 0.0360059 0.107016 -0.154252
0.130417 0.258512 -0.156182 0.0288436 0.0654586 -0.156486
0.106088 0.243123 -0.146789 0.0230242 0.0194648 -0.159091
0.0858697 0.224487 -0.147906 0.0182744 -0.030013 -0.162142
0.0692802 0.202038 -0.149179 0.0143761 -0.0816098 -0.165734
0.0557821 0.175234 -0.150636 0.0111573 -0.133676 -0.169982
0.0448493 0.143637 -0.152313 0.00848246 -0.184477 -0.175026
0.0360059 0.107016 -0.154252 0.00624537 -0.232415 -0.181035
0.0288436 0.0654586 -0.156486 0.00436235 -0.276225 -0.188211
0.0230242 0.0194648 -0.159091 0.00276743 -0.315095 -0.196785
0.0182744 -0.030013 -0.162142 0.00140836 -0.348695 -0.20764
0.0143761 -0.0816098 -0.165734 0.0138961 -0.377107 -0.220817
0.0111573 -0.133676 -0.169982 0.0525138 -0.400719 -0.236775
0.00848246 -0.184477 -0.175026 0.177902 -0.420092 -0.255998
0.00624537 -0.232415 -0.181035 0.421671 -0.435856 -0.278949
0.00436235 -0.276225 -0.188211 0.607373 -0.448623 -0.306005
0.00276743 -0.315095 -0.196785 0.678039 -0.458951 -0.337363
0.00140836 -0.348695 -0.20764 0.701818 -0.467316 -0.372949
0.0138961 -0.377107 -0.220817 0.711211 -0.474112 -0.412333
0.0525138 -0.400719 -0.236775 0.710094 -0.479659 -0.4547
0.177902 -0.420092 -0.255998 0.708821 -0.484211 -0.498881
0.421671 -0.435856 -0.278949 0.707364 -0.48797 -0.543465
0.607373 -0.448623 -0.306005 0.705687 -0.491094 -0.586966
0.678039 -0.458951 -0.337363 0.703748 -0.493706 -0.628014
0.701818 -0.467316 -0.372949 0.701514 -0.495906 -0.665528
0.711211 -0.474112 -0.412333 0.698909 -0.497768 -0.698812
0.710094 -0.479659 -0.4547 0.695858 -0.499355 -0.727583
0.708821 -0.484211 -0.498881 0.692266 -0.484772 -0.751912
0.707364 -0.48797 -0.543465 0.688018 -0.439673 -0.77213
0.705687 -0.491094 -0.586966 0.682974 -0.293241 -0.78872
0.703748 -0.493706 -0.628014 0.676965 -0.00855897 -0.802218
0.701514 -0.495906 -0.665528 0.669789 0.20831 -0.813151
0.698909 -0.497768 -0.698812 0.661215 0.290836 -0.821994
0.695858 -0.499355 -0.727583 0.65036 0.318605 -0.829156
0.692266 -0.484772 -0.751912 0.637183 0.329576 -0.834976
0.688018 -0.439673 -0.77213 0.621225 0.328271 -0.839726
0.682974 -0.293241 -0.78872 0.602002 0.326784 -0.843624
0.676965 -0.00855897 -0.802218 0.579051 0.325082 -0.846843
0.669789 0.20831 -0.813151 0.551995 0.323124 -0.849518
0.661215 0.290836 -0.821994 0.520637 0.320859 -0.851755
0.65036 0.318605 -0.829156 0.485051 0.31825 -0.853638
0.637183 0.329576 -0.834976 0.445667 0.315209 -0.855233
0.621225 0.328271 -0.839726 0.4033 0.311645 -0.856592
0.602002 0.326784 -0.843624 0.359119 0.30745 -0.844104
0.579051 0.325082 -0.846843 0.314535 0.302489 -0.805486
0.551995 0.323124 -0.849518 0.271034 0.296599 -0.680098
0.520637 0.320859 -0.851755 0.229986 0.289581 -0.436329
0.485051 0.31825 -0.853638 0.192472 0.281202 -0.250627
0.445667 0.315209 -0.855233 0.159188 0.271188 -0.179961
0.4033 0.311645 -0.856592 0.130417 0.258512 -0.156182
0.359119 0.30745 -0.844104 0.106088 0.243123 -0.146789
0.314535 0.302489 -0.805486 0.0858697 0.224487 -0.147906
0.271034 0.296599 -0.680098 0.0692802 0.202038 -0.149179
0.229986 0.289581 -0.436329 0.0557821 0.175234 -0.150636
0.192472 0.281202 -0.250627 0.0448493 0.143637 -0.152313
0.159188 0.271188 -0.179961 0.0360059 0.107016 -0.154252
0.130417 0.258512 -0.156182 0.0288436 0.0654586 -0.156486
0.106088 0.243123 -0.146789 0.0230242 0.0194648 -0.159091
0.0858697 0.224487 -0.147906 0.0182744 -0.030013 -0.162142
0.0692802 0.202038 -0.149179 0.0143761 -0.0816098 -0.165734
0.0557821 0.175234 -0.150636 0.0111573 -0.133676 -0.169982
0.0448493 0.143637 -0.152313 0.00848246 -0.184477 -0.175026
0.0360059 0.107016 -0.154252 0.00624537 -0.232415 -0.181035
0.0288436 0.0654586 -0.156486 0.00436235 -0.276225 -0.188211
0.0230242 0.0194648 -0.159091 0.00276743 -0.315095 -0.196785
0.0182744 -0.030013 -0.162142 0.00140836 -0.348695 -0.20764
0.0143761 -0.0816098 -0.165734 0.0138961 -0.377107 -0.220817
0.0111573 -0.133676 -0.169982 0.0525138 -0.400719 -0.236775
0.00848246 -0.184477 -0.175026 0.177902 -0.420092 -0.255998
0.00624537 -0.232415 -0.181035 0.421671 -0.435856 -0.278949
0.00436235 -0.276225 -0.188211 0.607373 -0.448623 -0.306005
0.00276743 -0.315095 -0.196785 0.678039 -0.458951 -0.337363
0.00140836 -0.348695 -0.20764 0.701818 -0.467316 -0.372949
0.0138961 -0.377107 -0.220817 0.711211 -0.474112 -0.412333
0.0525138 -0.400719 -0.236775 0.710094 -0.479659 -0.4547
0.177902 -0.420092 -0.255998 0.708821 -0.484211 -0.498881
0.421671 -0.435856 -0.278949 0.707364 -0.48797 -0.543465
0.607373 -0.448623 -0.306005 0.705687 -0.491094 -0.586966
0.678039 -0.458951 -0.337363 0.703748 -0.493706 -0.628014
0.701818 -0.467316 -0.372949 0.701514 -0.495906 -0.665528
0.711211 -0.474112 -0.412333 0.698909 -0.497768 -0.698812
0.711209 -0.479659 -0.4547 0.695858 -0.499355 -0.727583
0.710092 -0.484211 -0.498881 0.692266 -0.484772 -0.751912
0.708819 -0.48797 -0.543465 0.688018 -0.439673 -0.77213
0.707362 -0.491094 -0.586966 0.682974 -0.293241 -0.78872
0.705684 -0.493706 -0.628014 0.676965 -0.00855897 -0.802218
0.703763 -0.495906 -0.665528 0.669789 0.20831 -0.813151
0.701536 -0.497768 -0.698812 0.661215 0.290836 -0.821994
0.698941 -0.499355 -0.727583 0.65036 0.318605 -0.829156
0.695904 -0.484772 -0.751912 0.637183 0.329576 -0.834976
0.692332 -0.439673 -0.77213 0.621225 0.328271 -0.839726
0.688114 -0.293241 -0.78872 0.602002 0.326784 -0.843624
0.683114 -0.00855897 -0.802218 0.579051 0.325082 -0.846843
0.67717 0.20831 -0.813151 0.551995 0.323124 -0.849518
0.670091 0.290836 -0.821994 0.520637 0.320859 -0.851755
0.661139 0.318605 -0.829156 0.485051 0.31825 -0.853638
0.650273 0.329576 -0.834976 0.445667 0.315209 -0.855233
0.637084 0.329573 -0.839726 0.4033 0.311645 -0.856592
0.621112 0.328269 -0.843624 0.359119 0.30745 -0.844104
0.601874 0.326782 -0.846843 0.314535 0.302489 -0.805486
0.578907 0.32508 -0.849518 0.271034 0.296599 -0.680098
0.551836 0.323121 -0.851755 0.229986 0.289581 -0.436329
0.520465 0.320878 -0.853638 0.192472 0.281202 -0.250627
0.484869 0.318277 -0.855233 0.159188 0.271188 -0.179961
0.445479 0.315246 -0.856592 0.130417 0.258512 -0.156182
0.403111 0.311699 -0.844104 0.106088 0.243123 -0.146789
0.358934 0.307528 -0.805486 0.0858697 0.224487 -0.147906
0.31436 0.302602 -0.680098 0.0692802 0.202038 -0.149179
0.270875 0.296762 -0.436329 0.0557821 0.175234 -0.150636
0.229845 0.289821 -0.250627 0.0448493 0.143637 -0.152313
0.192352 0.281554 -0.179961 0.0360059 0.107016 -0.154252
0.159087 0.271099 -0.156182 0.0288436 0.0654586 -0.156486
0.130335 0.25841 -0.146789 0.0230242 0.0194648 -0.159091
0.106022 0.243007 -0.146791 0.0182744 -0.030013 -0.162142
0.0858176 0.224355 -0.147908 0.0143761 -0.0816098 -0.165734
0.0692394 0.201888 -0.149181 0.0111573 -0.133676 -0.169982
0.0557504 0.175067 -0.150638 0.00848246 -0.184477 -0.175026
0.0448247 0.143452 -0.152316 0.00624537 -0.232415 -0.181035
0.0359867 0.106815 -0.154237 0.00436235 -0.276225 -0.188211
0.0288286 0.0652456 -0.156464 0.00276743 -0.315095 -0.196785
0.0230125 0.0192444 -0.159059 0.00140836 -0.348695 -0.20764
0.0182651 -0.0302345 -0.162096 0.0138961 -0.377107 -0.220817
0.0143687 -0.0818256 -0.165668 0.0525138 -0.400719 -0.236775
0.0111513 -0.13388 -0.169886 0.177902 -0.420092 -0.255998
0.00847768 -0.184663 -0.174886 0.421671 -0.435856 -0.278949
0.00624148 -0.232579 -0.18083 0.607373 -0.448623 -0.306005
0.00435916 -0.276365 -0.187909 0.678039 -0.458951 -0.337363
0.0027648 -0.315213 -0.196861 0.701818 -0.467316 -0.372949
0.0117867 -0.348791 -0.207727 0.711211 -0.474112 -0.412333
0.0394959 -0.377184 -0.220916 0.711209 -0.479659 -0.4547
0.12083 -0.400779 -0.236888 0.710092 -0.484211 -0.498881
0.306938 -0.42014 -0.256126 0.708819 -0.48797 -0.543465
0.521346 -0.435893 -0.279093 0.707362 -0.491094 -0.586966
0.640045 -0.448652 -0.306164 0.705684 -0.493706 -0.628014
0.685602 -0.458974 -0.337535 0.703763 -0.495906 -0.665528
0.703292 -0.467333 -0.373131 0.701536 -0.497768 -0.698812
0.711209 -0.474125 -0.412521 0.698941 -0.499355 -0.727583
0.710066 -0.479669 -0.454889 0.695904 -0.484772 -0.751912
0.70876 -0.48422 -0.499066 0.692332 -0.439673 -0.77213
0.707259 -0.487977 -0.54364 0.688114 -0.293241 -0.78872
0.705527 -0.491099 -0.587125 0.683114 -0.00855897 -0.802218
0.703519 -0.493711 -0.628155 0.67717 0.20831 -0.813151
0.701194 -0.495909 -0.665648 0.670091 0.290836 -0.821994
0.698471 -0.497771 -0.698913 0.661139 0.318605 -0.829156
0.695268 -0.487235 -0.727665 0.650273 0.329576 -0.834976
0.691478 -0.454875 -0.751978 0.637084 0.329573 -0.839726
0.686974 -0.359891 -0.772182 0.621112 0.328269 -0.843624
0.681599 -0.142548 -0.788761 0.601874 0.326782 -0.846843
0.675163 0.107844 -0.80225 0.578907 0.32508 -0.849518
0.667436 0.246465 -0.813175 0.551836 0.323121 -0.851755
0.658078 0.299668 -0.822013 0.520465 0.320878 -0.853638
0.646282 0.320327 -0.829171 0.484869 0.318277 -0.855233
0.631911 0.329573 -0.834988 0.445479 0.315246 -0.856592
0.614462 0.328238 -0.839735 0.403111 0.311699 -0.844104
0.593421 0.326713 -0.843631 0.358934 0.307528 -0.805486
0.56832 0.32496 -0.846849 0.31436 0.302602 -0.680098
0.538823 0.322937 -0.849522 0.270875 0.296762 -0.436329
0.504832 0.320592 -0.851759 0.229845 0.289821 -0.250627
0.466586 0.317877 -0.853641 0.192352 0.281554 -0.179961
0.424736 0.314697 -0.855235 0.159087 0.271099 -0.156182
0.380343 0.310956 -0.846213 0.130335 0.25841 -0.146789
0.334806 0.30653 -0.818504 0.106022 0.243007 -0.146791
0.289695 0.301271 -0.73717 0.0858176 0.224355 -0.147908
0.246549 0.294994 -0.551062 0.0692394 0.201888 -0.149181
0.206668 0.287477 -0.336654 0.0557504 0.175067 -0.150638
0.170966 0.278454 -0.217955 0.0448247 0.143452 -0.152316
0.139912 0.267524 -0.172398 0.0359867 0.106815 -0.154237
0.113554 0.253749 -0.154708 0.0288286 0.0652456 -0.156464
0.0916207 0.236966 -0.146791 0.0230125 0.0192444 -0.159059
0.073638 0.216589 -0.147934 0.0182651 -0.0302345 -0.162096
0.0590419 0.192016 -0.14924 0.0143687 -0.0818256 -0.165668
0.047263 0.162702 -0.150741 0.0111513 -0.13388 -0.169886
0.037778 0.128255 -0.152473 0.00847768 -0.184663 -0.174886
0.0301347 0.0885586 -0.154481 0.00624148 -0.232579 -0.18083
0.0239571 0.0438943 -0.156806 0.00435916 -0.276365 -0.187909
0.0189414 -0.00498003 -0.159529 0.0027648 -0.315213 -0.196861
0.0148463 -0.056823 -0.162732 0.0117867 -0.348791 -0.207727
0.0114817 -0.110003 -0.166522 0.0394959 -0.377184 -0.220916
0.00869899 -0.162685 -0.171026 0.12083 -0.400779 -0.236888
0.006382 -0.213073 -0.176401 0.306938 -0.42014 -0.256126
0.00443985 -0.259647 -0.182837 0.521346 -0.435893 -0.279093
0.00280123 -0.30134 -0.190564 0.640045 -0.448652 -0.306164
0.00140995 -0.337607 -0.199922 0.685602 -0.458974 -0.337535
0.0117902 -0.368388 -0.211718 0.703292 -0.467333 -0.373131
0.0395055 -0.394002 -0.226089 0.711209 -0.474125 -0.412521
0.120857 -0.415003 -0.243538 0.710066 -0.479669 -0.454889
0.306986 -0.432049 -0.264579 0.70876 -0.48422 -0.499066
0.521383 -0.445805 -0.28968 0.707259 -0.487977 -0.54364
0.640062 -0.456882 -0.319177 0.705527 -0.491099 -0.587125
0.685608 -0.465808 -0.353168 0.703519 -0.493711 -0.628155
0.703296 -0.473022 -0.391414 0.701194 -0.495909 -0.665648
0.711211 -0.47888 -0.433264 0.698471 -0.497771 -0.698913
0.710068 -0.483662 -0.477657 0.695268 -0.487235 -0.727665
0.708762 -0.487591 -0.523194 0.691478 -0.454875 -0.751978
0.707262 -0.490841 -0.568305 0.686974 -0.359891 -0.772182
0.70553 -0.493547 -0.611451 0.681599 -0.142548 -0.788761
0.703519 -0.495815 -0.651332 0.675163 0.107844 -0.80225
0.701196 -0.497729 -0.687034 0.667436 0.246465 -0.813175
0.698479 -0.499353 -0.718088 0.658078 0.299668 -0.822013
0.695284 -0.487231 -0.744446 0.646282 0.320327 -0.829171
0.69151 -0.454864 -0.766379 0.631911 0.329573 -0.834988
0.687034 -0.35986 -0.784362 0.614462 0.328238 -0.839735
0.681706 -0.142492 -0.798958 0.593421 0.326713 -0.843631
0.675348 0.107888 -0.810737 0.56832 0.32496 -0.846849
0.667753 0.246485 -0.820222 0.538823 0.322937 -0.849522
0.658078 0.299675 -0.827865 0.504832 0.320592 -0.851759
0.646282 0.320331 -0.834043 0.466586 0.317877 -0.853641
0.631911 0.329575 -0.839059 0.424736 0.314697 -0.855235
0.614462 0.328241 -0.843154 0.380343 0.310956 -0.846213
0.593421 0.326715 -0.846518 0.334806 0.30653 -0.818504
0.56832 0.324963 -0.849301 0.289695 0.301271 -0.73717
0.538823 0.32294 -0.851618 0.246549 0.294994 -0.551062
0.504832 0.320592 -0.85356 0.206668 0.287477 -0.336654
0.466586 0.31788 -0.855199 0.170966 0.278454 -0.217955
0.424736 0.314706 -0.85659 0.139912 0.267524 -0.172398
0.380343 0.310975 -0.84621 0.113554 0.253749 -0.154708
0.334806 0.306568 -0.818494 0.0916207 0.236966 -0.146791
0.289695 0.301341 -0.737143 0.073638 0.216589 -0.147934
0.246549 0.295118 -0.551014 0.0590419 0.192016 -0.14924
0.206668 0.287693 -0.336617 0.047263 0.162702 -0.150741
0.170966 0.278823 -0.217938 0.037778 0.128255 -0.152473
0.139912 0.267524 -0.172392 0.0301347 0.0885586 -0.154481
0.113554 0.253749 -0.154704 0.0239571 0.0438943 -0.156806
0.0916207 0.236966 -0.146789 0.0189414 -0.00498003 -0.159529
0.073638 0.216589 -0.147932 0.0148463 -0.056823 -0.162732
0.0590419 0.192016 -0.149238 0.0114817 -0.110003 -0.166522
0.047263 0.162702 -0.150738 0.00869899 -0.162685 -0.171026
0.037778 0.128255 -0.15247 0.006382 -0.213073 -0.176401
0.0301347 0.0885586 -0.154481 0.00443985 -0.259647 -0.182837
0.0239571 0.0438943 -0.156804 0.00280123 -0.30134 -0.190564
0.0189414 -0.00498003 -0.159521 0.00140995 -0.337607 -0.199922
0.0148463 -0.056823 -0.162716 0.0117902 -0.368388 -0.211718
0.0114817 -0.110003 -0.16649 0.0395055 -0.394002 -0.226089
0.00869899 -0.162685 -0.170966 0.120857 -0.415003 -0.243538
0.006382 -0.213073 -0.176294 0.306986 -0.432049 -0.264579
0.00443985 -0.259647 -0.182652 0.521383 -0.445805 -0.28968
0.00280123 -0.30134 -0.190247 0.640062 -0.456882 -0.319177
0.00140995 -0.337607 -0.199922 0.685608 -0.465808 -0.353168
0.0117902 -0.368388 -0.211718 0.703296 -0.473022 -0.391414
0.0395055 -0.394002 -0.226089 0.711211 -0.47888 -0.433264
0.120857 -0.415003 -0.243538 0.710068 -0.483662 -0.477657
0.306986 -0.432049 -0.264579 0.708762 -0.487591 -0.523194
0.521383 -0.445805 -0.28968 0.707262 -0.490841 -0.568305
0.640062 -0.456882 -0.319177 0.70553 -0.493547 -0.611451
0.685608 -0.465808 -0.353168 0.703519 -0.495815 -0.651332
0.703296 -0.473022 -0.391414 0.701196 -0.497729 -0.687034
0.711211 -0.47888 -0.433264 0.698479 -0.499353 -0.718088
0.710068 -0.483662 -0.477657 0.695284 -0.487231 -0.744446
0.708762 -0.487591 -0.523194 0.69151 -0.454864 -0.766379
0.707262 -0.490841 -0.568305 0.687034 -0.35986 -0.784362
0.70553 -0.493547 -0.611451 0.681706 -0.142492 -0.798958
0.703519 -0.495815 -0.651332 0.675348 0.107888 -0.810737
0.701196 -0.497729 -0.687034 0.667753 0.246485 -0.820222
0.698479 -0.499353 -0.718088 0.658078 0.299675 -0.827865
0.695284 -0.487231 -0.744446 0.646282 0.320331 -0.834043
0.69151 -0.454864 -0.766379 0.631911 0.329575 -0.839059
0.687034 -0.35986 -0.784362 0.614462 0.328241 -0.843154
0.681706 -0.142492 -0.798958 0.593421 0.326715 -0.846518
0.675348 0.107888 -0.810737 0.56832 0.324963 -0.849301
0.667753 0.246485 -0.820222 0.538823 0.32294 -0.851618
0.658078 0.299675 -0.827865 0.504832 0.320592 -0.85356
0.646282 0.320331 -0.834043 0.466586 0.31788 -0.855199
0.631911 0.329575 -0.839059 0.424736 0.314706 -0.85659
0.614462 0.328241 -0.843154 0.380343 0.310975 -0.84621
0.593421 0.326715 -0.846518 0.334806 0.306568 -0.818494
0.56832 0.324963 -0.849301 0.289695 0.301341 -0.737143
0.538823 0.32294 -0.851618 0.246549 0.295118 -0.551014
0.504832 0.320592 -0.85356 0.206668 0.287693 -0.336617
0.466586 0.31788 -0.855199 0.170966 0.278823 -0.217938
0.424736 0.314706 -0.85659 0.139912 0.267524 -0.172392
0.380343 0.310975 -0.84621 0.113554 0.253749 -0.154704
0.334806 0.306568 -0.818494 0.0916207 0.236966 -0.146789
0.289695 0.301341 -0.737143 0.073638 0.216589 -0.147932
0.246549 0.295118 -0.551014 0.0590419 0.192016 -0.149238
0.206668 0.287693 -0.336617 0.047263 0.162702 -0.150738
0.170966 0.278823 -0.217938 0.037778 0.128255 -0.15247
0.139912 0.267524 -0.172392 0.0301347 0.0885586 -0.154481
0.113554 0.253749 -0.154704 0.0239571 0.0438943 -0.156804
0.0916207 0.236966 -0.146789 0.0189414 -0.00498003 -0.159521
0.073638 0.216589 -0.147932 0.0148463 -0.056823 -0.162716
0.0590419 0.192016 -0.149238 0.0114817 -0.110003 -0.16649
0.047263 0.162702 -0.150738 0.00869899 -0.162685 -0.170966
0.037778 0.128255 -0.15247 0.006382 -0.213073 -0.176294
0.0301347 0.0885586 -0.154481 0.00443985 -0.259647 -0.182652
0.0239571 0.0438943 -0.156804 0.00280123 -0.30134 -0.190247
0.0189414 -0.00498003 -0.159521 0.00140995 -0.337607 -0.199922
0.0148463 -0.056823 -0.162716 0.0117902 -0.368388 -0.211718
0.0114817 -0.110003 -0.16649 0.0395055 -0.394002 -0.226089
0.00869899 -0.162685 -0.170966 0.120857 -0.415003 -0.243538
0.006382 -0.213073 -0.176294 0.306986 -0.432049 -0.264579
0.00443985 -0.259647 -0.182652 0.521383 -0.445805 -0.28968
0.00280123 -0.30134 -0.190247 0.640062 -0.456882 -0.319177
0.00140995 -0.337607 -0.199922 0.685608 -0.465808 -0.353168
0.0117902 -0.368388 -0.211718 0.703296 -0.473022 -0.391414
0.0395055 -0.394002 -0.226089 0.711211 -0.47888 -0.433264
0.120857 -0.415003 -0.243538 0.710068 -0.483662 -0.477657
0.306986 -0.432049 -0.264579 0.708762 -0.487591 -0.523194
0.521383 -0.445805 -0.28968 0.707262 -0.490841 -0.568305
0.640062 -0.456882 -0.319177 0.70553 -0.493547 -0.611451
0.685608 -0.465808 -0.353168 0.703519 -0.495815 -0.651332
0.703296 -0.473022 -0.391414 0.701196 -0.497729 -0.687034
0.711211 -0.47888 -0.433264 0.698479 -0.499353 -0.718088
0.710068 -0.483662 -0.477657 0.695284 -0.487231 -0.744446
0.708762 -0.487591 -0.523194 0.69151 -0.454864 -0.766379
0.707262 -0.490841 -0.568305 0.687034 -0.35986 -0.784362
0.70553 -0.493547 -0.611451 0.681706 -0.142492 -0.798958
0.703519 -0.495815 -0.651332 0.675348 0.107888 -0.810737
0.701196 -0.497729 -0.687034 0.667753 0.246485 -0.820222
0.698479 -0.499353 -0.718088 0.658078 0.299675 -0.827865
0.695284 -0.487231 -0.744446 0.646282 0.320331 -0.834043
0.69151 -0.454864 -0.766379 0.631911 0.329575 -0.839059
0.687034 -0.35986 -0.784362 0.614462 0.328241 -0.843154
0.681706 -0.142492 -0.798958 0.593421 0.326715 -0.846518
0.675348 0.107888 -0.810737 0.56832 0.324963 -0.849301
0.667753 0.246485 -0.820222 0.538823 0.32294 -0.851618
0.658157 0.299675 -0.827865 0.504832 0.320592 -0.85356
0.646373 0.320331 -0.834043 0.466586 0.31788 -0.855199
0.632014 0.329575 -0.839059 0.424736 0.314706 -0.85659
0.61458 0.328241 -0.843154 0.380343 0.310975 -0.84621
0.593555 0.326715 -0.846518 0.334806 0.306568 -0.818494
0.56847 0.324963 -0.849301 0.289695 0.301341 -0.737143
0.538988 0.32294 -0.851618 0.246549 0.295118 -0.551014
0.50501 0.320592 -0.85356 0.206668 0.287693 -0.336617
0.466773 0.31788 -0.855199 0.170966 0.278823 -0.217938
0.424927 0.314706 -0.85659 0.139912 0.267524 -0.172392
0.380533 0.310975 -0.84621 0.113554 0.253749 -0.154704
0.334988 0.306568 -0.818494 0.0916207 0.236966 -0.146789
0.289863 0.301341 -0.737143 0.073638 0.216589 -0.147932
0.2467 0.295118 -0.551014 0.0590419 0.192016 -0.149238
0.206798 0.287693 -0.336617 0.047263 0.162702 -0.150738
0.171076 0.278823 -0.217938 0.037778 0.128255 -0.15247
0.140002 0.267616 -0.172392 0.0301347 0.0885586 -0.154481
0.113627 0.253855 -0.154704 0.0239571 0.0438943 -0.156804
0.0916782 0.237087 -0.146789 0.0189414 -0.00498003 -0.159521
0.0736829 0.216727 -0.147932 0.0148463 -0.056823 -0.162716
0.0590768 0.192172 -0.149238 0.0114817 -0.110003 -0.16649
0.04729 0.162877 -0.150738 0.00869899 -0.162685 -0.170966
0.037799 0.128447 -0.15247 0.006382 -0.213073 -0.176294
0.030151 0.0887665 -0.154481 0.00443985 -0.259647 -0.182652
0.0239698 0.0441131 -0.156804 0.00280123 -0.30134 -0.190247
0.0189514 -0.00475631 -0.159521 0.00140995 -0.337607 -0.199922
0.0148542 -0.0566012 -0.162716 0.0117902 -0.368388 -0.211718
0.011488 -0.10979 -0.16649 0.0395055 -0.394002 -0.226089
0.00870408 -0.162488 -0.170966 0.120857 -0.415003 -0.243538
0.00638613 -0.212896 -0.176294 0.306986 -0.432049 -0.264579
0.00444322 -0.259494 -0.182652 0.521383 -0.445805 -0.28968
0.002804 -0.301211 -0.190247 0.640062 -0.456882 -0.319177
0.00141225 -0.337501 -0.199843 0.685608 -0.465808 -0.353168
0.0117952 -0.368303 -0.211627 0.703296 -0.473022 -0.391414
0.0395186 -0.393935 -0.225986 0.711211 -0.47888 -0.433264
0.120892 -0.414951 -0.24342 0.710068 -0.483662 -0.477657
0.307048 -0.432008 -0.264445 0.708762 -0.487591 -0.523194
0.52143 -0.445773 -0.28953 0.707262 -0.490841 -0.568305
0.640082 -0.456857 -0.319012 0.70553 -0.493547 -0.611451
0.685616 -0.465789 -0.35299 0.703519 -0.495815 -0.651332
0.703299 -0.473007 -0.391227 0.701196 -0.497729 -0.687034
0.711213 -0.478868 -0.433073 0.698479 -0.499353 -0.718088
0.71007 -0.483653 -0.477467 0.695284 -0.487231 -0.744446
0.708764 -0.487584 -0.523012 0.69151 -0.454864 -0.766379
0.707264 -0.490835 -0.568137 0.687034 -0.35986 -0.784362
0.705532 -0.493542 -0.6113 0.681706 -0.142492 -0.798958
0.703522 -0.495811 -0.651202 0.675348 0.107888 -0.810737
0.701194 -0.497725 -0.686924 0.667753 0.246485 -0.820222
0.698471 -0.499351 -0.717998 0.658157 0.299675 -0.827865
0.695268 -0.487225 -0.744373 0.646373 0.320331 -0.834043
0.691478 -0.454849 -0.766322 0.632014 0.329575 -0.839059
0.686974 -0.359818 -0.784317 0.61458 0.328241 -0.843154
0.681599 -0.14242 -0.798923 0.593555 0.326715 -0.846518
0.675163 0.107943 -0.81071 0.56847 0.324963 -0.849301
0.667436 0.246508 -0.820201 0.538988 0.32294 -0.851618
0.658157 0.299685 -0.827849 0.50501 0.320592 -0.85356
0.646371 0.320335 -0.83403 0.466773 0.31788 -0.855199
0.63201 0.329578 -0.839049 0.424927 0.314706 -0.85659
0.614572 0.328243 -0.843146 0.380533 0.310975 -0.84621
0.593543 0.326718 -0.846512 0.334988 0.306568 -0.818494
0.568453 0.324966 -0.849296 0.289863 0.301341 -0.737143
0.538966 0.322943 -0.851614 0.2467 0.295118 -0.551014
0.504982 0.320595 -0.853557 0.206798 0.287693 -0.336617
0.46674 0.317877 -0.855196 0.171076 0.278823 -0.217938
0.424889 0.314697 -0.856588 0.140002 0.267616 -0.172392
0.380491 0.310956 -0.846205 0.113627 0.253855 -0.154704
0.334944 0.30653 -0.818481 0.0916782 0.237087 -0.146789
0.289819 0.301271 -0.737108 0.0736829 0.216727 -0.147932
0.246656 0.294994 -0.550952 0.0590768 0.192172 -0.149238
0.206758 0.287477 -0.33657 0.04729 0.162877 -0.150738
0.17104 0.278454 -0.217918 0.037799 0.128447 -0.15247
0.13997 0.267616 -0.172384 0.030151 0.0887665 -0.154481
0.113599 0.253852 -0.154701 0.0239698 0.0441131 -0.156804
0.0916554 0.237081 -0.146787 0.0189514 -0.00475631 -0.159521
0.0736641 0.216717 -0.14793 0.0148542 -0.0566012 -0.162716
0.0590614 0.192159 -0.149236 0.011488 -0.10979 -0.16649
0.0472775 0.162858 -0.150736 0.00870408 -0.162488 -0.170966
0.0377889 0.128422 -0.152468 0.00638613 -0.212896 -0.176294
0.0301427 0.0887343 -0.154478 0.00444322 -0.259494 -0.182652
0.0239631 0.0440743 -0.156806 0.002804 -0.301211 -0.190247
0.0189459 -0.00480083 -0.159529 0.00141225 -0.337501 -0.199843
0.0148497 -0.0566502 -0.162732 0.0117952 -0.368303 -0.211627
0.0114843 -0.109842 -0.166522 0.0395186 -0.393935 -0.225986
0.00870096 -0.16254 -0.171026 0.120892 -0.414951 -0.24342
0.00638351 -0.212947 -0.176401 0.307048 -0.432008 -0.264445
0.00444101 -0.259541 -0.182837 0.52143 -0.445773 -0.28953
0.00280212 -0.301254 -0.190564 0.640082 -0.456857 -0.319012
0.00141064 -0.337538 -0.199843 0.685616 -0.465789 -0.35299
0.0117916 -0.368335 -0.211629 0.703299 -0.473007 -0.391227
0.0395089 -0.393962 -0.22599 0.711213 -0.478868 -0.433073
0.120865 -0.414973 -0.243428 0.71007 -0.483653 -0.477467
0.306999 -0.432026 -0.264457 0.708764 -0.487584 -0.523012
0.521392 -0.445788 -0.289547 0.707264 -0.490835 -0.568137
0.640065 -0.456869 -0.319034 0.705532 -0.493542 -0.6113
0.68561 -0.465798 -0.353018 0.703522 -0.495811 -0.651202
0.703296 -0.473015 -0.39126 0.701194 -0.497725 -0.686924
0.711211 -0.478874 -0.433111 0.698471 -0.499351 -0.717998
0.710068 -0.483658 -0.477509 0.695268 -0.487225 -0.744373
0.708762 -0.487588 -0.523056 0.691478 -0.454849 -0.766322
0.707262 -0.490839 -0.568181 0.686974 -0.359818 -0.784317
0.70553 -0.493545 -0.611344 0.681599 -0.14242 -0.798923
0.703519 -0.495814 -0.651242 0.675163 0.107943 -0.81071
0.701194 -0.497728 -0.68696 0.667436 0.246508 -0.820201
0.698471 -0.499353 -0.71803 0.658157 0.299685 -0.827849
0.695268 -0.487229 -0.744401 0.646371 0.320335 -0.83403
0.691478 -0.45486 -0.766345 0.63201 0.329578 -0.839049
0.686974 -0.35985 -0.784336 0.614572 0.328243 -0.843146
0.681599 -0.142476 -0.798939 0.593543 0.326718 -0.846512
0.675163 0.107899 -0.810722 0.568453 0.324966 -0.849296
0.667436 0.246489 -0.820211 0.538966 0.322943 -0.851614
0.658157 0.299677 -0.827857 0.504982 0.320595 -0.853557
0.646371 0.320332 -0.834037 0.46674 0.317877 -0.855196
0.63201 0.329576 -0.839054 0.424889 0.314697 -0.856588
0.614572 0.328241 -0.84315 0.380491 0.310956 -0.846205
0.593543 0.326715 -0.846516 0.334944 0.30653 -0.818481
0.568453 0.324963 -0.849299 0.289819 0.301271 -0.737108
0.538966 0.32294 -0.851616 0.246656 0.294994 -0.550952
0.504982 0.320592 -0.853559 0.206758 0.287477 -0.33657
0.46674 0.317877 -0.855198 0.17104 0.278454 -0.217918
0.424889 0.314697 -0.856589 0.13997 0.267616 -0.172384
0.380491 0.310956 -0.846208 0.113599 0.253852 -0.154701
0.334944 0.30653 -0.818491 0.0916554 0.237081 -0.146787
0.289819 0.301271 -0.737135 0.0736641 0.216717 -0.14793
0.246656 0.294994 -0.551001 0.0590614 0.192159 -0.149236
0.206758 0.287477 -0.336608 0.0472775 0.162858 -0.150736
0.17104 0.278454 -0.217935 0.0377889 0.128422 -0.152468
0.13997 0.267616 -0.17239 0.0301427 0.0887343 -0.154478
0.113599 0.253852 -0.154704 0.0239631 0.0440743 -0.156806
0.0916554 0.237081 -0.146789 0.0189459 -0.00480083 -0.159529
0.0736641 0.216717 -0.147932 0.0148497 -0.0566502 -0.162732
0.0590614 0.192159 -0.149238 0.0114843 -0.109842 -0.166522
0.0472775 0.162858 -0.150738 0.00870096 -0.16254 -0.171026
0.0377889 0.128422 -0.15247 0.00638351 -0.212947 -0.176401
0.0301427 0.0887343 -0.154481 0.00444101 -0.259541 -0.182837
0.0239631 0.0440743 -0.156806 0.00280212 -0.301254 -0.190564
0.0189459 -0.00480083 -0.159529 0.00141064 -0.337538 -0.199843
0.0148497 -0.0566502 -0.162732 0.0117916 -0.368335 -0.211629
0.0114843 -0.109842 -0.166522 0.0395089 -0.393962 -0.22599
0.00870096 -0.16254 -0.171026 0.120865 -0.414973 -0.243428
0.00638351 -0.212947 -0.176401 0.306999 -0.432026 -0.264457
0.00444101 -0.259541 -0.182837 0.521392 -0.445788 -0.289547
0.00280212 -0.301254 -0.190564 0.640065 -0.456869 -0.319034
0.00141064 -0.337538 -0.199843 0.68561 -0.465798 -0.353018
0.0117916 -0.368335 -0.211629 0.703296 -0.473015 -0.39126
0.0395089 -0.393962 -0.22599 0.711211 -0.478874 -0.433111
0.120865 -0.414973 -0.243428 0.710068 -0.483658 -0.477509
0.306999 -0.432026 -0.264457 0.708762 -0.487588 -0.523056
0.521392 -0.445788 -0.289547 0.707262 -0.490839 -0.568181
0.640065 -0.456869 -0.319034 0.70553 -0.493545 -0.611344
0.68561 -0.465798 -0.353018 0.703519 -0.495814 -0.651242
0.703296 -0.473015 -0.39126 0.701194 -0.497728 -0.68696
0.711211 -0.478874 -0.433111 0.698471 -0.499353 -0.71803
0.710068 -0.483658 -0.477509 0.695268 -0.487229 -0.744401
0.708762 -0.487588 -0.523056 0.691478 -0.45486 -0.766345
0.707262 -0.490839 -0.568181 0.686974 -0.35985 -0.784336
0.70553 -0.493545 -0.611344 0.681599 -0.142476 -0.798939
0.703519 -0.495814 -0.651242 0.675163 0.107899 -0.810722
0.701194 -0.497728 -0.68696 0.667436 0.246489 -0.820211
0.698471 -0.499353 -0.71803 0.658157 0.299677 -0.827857
0.695268 -0.487229 -0.744401 0.646371 0.320332 -0.834037
0.691478 -0.45486 -0.766345 0.63201 0.329576 -0.839054
0.686974 -0.35985 -0.784336 0.614572 0.328241 -0.84315
0.681599 -0.142476 -0.798939 0.593543 0.326715 -0.846516
0.675163 0.107899 -0.810722 0.568453 0.324963 -0.849299
0.667436 0.246489 -0.820211 0.538966 0.32294 -0.851616
0.658157 0.299677 -0.827857 0.504982 0.320592 -0.853559
0.646371 0.320332 -0.834037 0.46674 0.317877 -0.855198
0.63201 0.329576 -0.839054 0.424889 0.314697 -0.856589
0.614572 0.328241 -0.84315 0.380491 0.310956 -0.846208
0.593543 0.326715 -0.846516 0.334944 0.30653 -0.818491
0.568453 0.324963 -0.849299 0.289819 0.301271 -0.737135
0.538966 0.32294 -0.851616 0.246656 0.294994 -0.551001
0.504982 0.320592 -0.853559 0.206758 0.287477 -0.336608
0.46674 0.317877 -0.855198 0.17104 0.278454 -0.217935
0.424889 0.314697 -0.856589 0.13997 0.267616 -0.17239
0.380491 0.310956 -0.846208 0.113599 0.253852 -0.154704
0.334944 0.30653 -0.818491 0.0916554 0.237081 -0.146789
0.289819 0.301271 -0.737135 0.0736641 0.216717 -0.147932
0.246656 0.294994 -0.551001 0.0590614 0.192159 -0.149238
0.206758 0.287477 -0.336608 0.0472775 0.162858 -0.150738
0.17104 0.278454 -0.217935 0.0377889 0.128422 -0.15247
0.13997 0.267616 -0.17239 0.0301427 0.0887343 -0.154481
0.113599 0.253852 -0.154704 0.0239631 0.0440743 -0.156806
0.0916554 0.237081 -0.146789 0.0189459 -0.00480083 -0.159529
0.0736641 0.216717 -0.147932 0.0148497 -0.0566502 -0.162732
0.0590614 0.192159 -0.149238 0.0114843 -0.109842 -0.166522
0.0472775 0.162858 -0.150738 0.00870096 -0.16254 -0.171026
0.0377889 0.128422 -0.15247 0.00638351 -0.212947 -0.176401
0.0301427 0.0887343 -0.154481 0.00444101 -0.259541 -0.182837
0.0239631 0.0440743 -0.156806 0.00280212 -0.301254 -0.190564
0.0189459 -0.00480083 -0.159529 0.00141064 -0.337538 -0.199843
0.0148497 -0.0566502 -0.162732 0.0117916 -0.368335 -0.211629
0.0114843 -0.109842 -0.166522 0.0395089 -0.393962 -0.22599
0.00870096 -0.16254 -0.171026 0.120865 -0.414973 -0.243428
0.00638351 -0.212947 -0.176401 0.306999 -0.432026 -0.264457
0.00444101 -0.259541 -0.182837 0.521392 -0.445788 -0.289547
0.00280212 -0.301254 -0.190564 0.640065 -0.456869 -0.319034
0.00141064 -0.337538 -0.199843 0.68561 -0.465798 -0.353018
0.0117916 -0.368335 -0.211629 0.703296 -0.473015 -0.39126
0.0395089 -0.393962 -0.22599 0.711211 -0.478874 -0.433111
0.120865 -0.414973 -0.243428 0.710068 -0.483658 -0.477509
0.306999 -0.432026 -0.264457 0.708762 -0.487588 -0.523056
0.521392 -0.445788 -0.289547 0.707262 -0.490839 -0.568181
0.640065 -0.456869 -0.319034 0.70553 -0.493545 -0.611344
0.68561 -0.465798 -0.353018 0.703519 -0.495814 -0.651242
0.703296 -0.473015 -0.39126 0.701194 -0.497728 -0.68696
0.711211 -0.478874 -0.433111 0.698471 -0.499353 -0.71803
0.710068 -0.483658 -0.477509 0.695268 -0.487229 -0.744401
0.708762 -0.487588 -0.523056 0.691478 -0.45486 -0.766345
0.707262 -0.490839 -0.568181 0.686974 -0.35985 -0.784336
0.70553 -0.493545 -0.611344 0.681599 -0.142476 -0.798939
0.703519 -0.495814 -0.651242 0.675163 0.107899 -0.810722
0.701194 -0.497728 -0.68696 0.667436 0.246489 -0.820211
0.698471 -0.499353 -0.71803 0.658157 0.299677 -0.827857
0.695268 -0.487229 -0.744401 0.646371 0.320332 -0.834037
0.691478 -0.45486 -0.766345 0.63201 0.329576 -0.839054
0.686974 -0.35985 -0.784336 0.614572 0.328241 -0.84315
0.681599 -0.142476 -0.798939 0.593543 0.326715 -0.846516
0.675163 0.107899 -0.810722 0.568453 0.324963 -0.849299
0.667436 0.246489 -0.820211 0.538966 0.32294 -0.851616
0.658157 0.299677 -0.827857 0.504982 0.320592 -0.853559
0.646371 0.320332 -0.834037 0.46674 0.317877 -0.855198
0.63201 0.329576 -0.839054 0.424889 0.314697 -0.856589
0.614572 0.328241 -0.84315 0.380491 0.310956 -0.846208
0.593543 0.326715 -0.846516 0.334944 0.30653 -0.818491
0.568453 0.324963 -0.849299 0.289819 0.301271 -0.737135
0.538966 0.32294 -0.851616 0.246656 0.294994 -0.551001
0.504982 0.320592 -0.853559 0.206758 0.287477 -0.336608
0.46674 0.317877 -0.855198 0.17104 0.278454 -0.217935
0.424889 0.314697 -0.856589 0.13997 0.267616 -0.17239
0.380491 0.310956 -0.846208 0.113599 0.253852 -0.154704
0.334944 0.30653 -0.818491 0.0916554 0.237081 -0.146789
0.289819 0.301271 -0.737135 0.0736641 0.216717 -0.147932
0.246656 0.294994 -0.551001 0.0590614 0.192159 -0.149238
0.206758 0.287477 -0.336608 0.0472775 0.162858 -0.150738
0.17104 0.278454 -0.217935 0.0377889 0.128422 -0.15247
0.13997 0.267616 -0.17239 0.0301427 0.0887343 -0.154481
0.113599 0.253852 -0.154704 0.0239631 0.0440743 -0.156806
0.0916554 0.237081 -0.146789 0.0189459 -0.00480083 -0.159529
0.0736641 0.216717 -0.147932 0.0148497 -0.0566502 -0.162732
0.0590614 0.192159 -0.149238 0.0114843 -0.109842 -0.166522
0.0472775 0.162858 -0.150738 0.00870096 -0.16254 -0.171026
0.0377889 0.128422 -0.15247 0.00638351 -0.212947 -0.176401
0.0301427 0.0887343 -0.154481 0.00444101 -0.259541 -0.182837
0.0239631 0.0440743 -0.156806 0.00280212 -0.301254 -0.190564
0.0189459 -0.00480083 -0.159529 0.00141064 -0.337538 -0.199843
0.0148497 -0.0566502 -0.162732 0.0117916 -0.368335 -0.211629
0.0114843 -0.109842 -0.166522 0.0395089 -0.393962 -0.22599
0.00870096 -0.16254 -0.171026 0.120865 -0.414973 -0.243428
0.00638351 -0.212947 -0.176401 0.306999 -0.432026 -0.264457
0.00444101 -0.259541 -0.182837 0.521392 -0.445788 -0.289547
0.00280212 -0.301254 -0.190564 0.640065 -0.456869 -0.319034
0.00141064 -0.337538 -0.199843 0.68561 -0.465798 -0.353018
0.0117916 -0.368335 -0.211629 0.703296 -0.473015 -0.39126
0.0395089 -0.393962 -0.22599 0.711211 -0.478874 -0.433111
0.120865 -0.414973 -0.243428 0.710068 -0.483658 -0.477509
0.306999 -0.432026 -0.264457 0.708762 -0.487588 -0.523056
0.521392 -0.445788 -0.289547 0.707262 -0.490839 -0.568181
0.640065 -0.456869 -0.319034 0.70553 -0.493545 -0.611344
0.68561 -0.465798 -0.353018 0.703519 -0.495814 -0.651242
0.703296 -0.473015 -0.39126 0.701194 -0.497728 -0.68696
0.711211 -0.478874 -0.433111 0.698471 -0.499353 -0.71803
0.710068 -0.483658 -0.477509 0.695268 -0.487229 -0.744401
0.708762 -0.487588 -0.523056 0.691478 -0.45486 -0.766345
0.707262 -0.490839 -0.568181 0.686974 -0.35985 -0.784336
0.70553 -0.493545 -0.611344 0.681599 -0.142476 -0.798939
0.703519 -0.495814 -0.651242 0.675163 0.107899 -0.810722
0.701194 -0.497728 -0.68696 0.667436 0.246489 -0.820211
0.698471 -0.499353 -0.71803 0.658157 0.299677 -0.827857
0.695268 -0.487229 -0.744401 0.646371 0.320332 -0.834037
0.691478 -0.45486 -0.766345 0.63201 0.329576 -0.839054
0.686974 -0.35985 -0.784336 0.614572 0.328241 -0.84315
0.681599 -0.142476 -0.798939 0.593543 0.326715 -0.846516
0.675163 0.107899 -0.810722 0.568453 0.324963 -0.849299
0.667436 0.246489 -0.820211 0.538966 0.32294 -0.851616
0.658157 0.299677 -0.827857 0.504982 0.320592 -0.853559
0.646371 0.320332 -0.834037 0.46674 0.317877 -0.855198
0.63201 0.329576 -0.839054 0.424889 0.314697 -0.856589
0.614572 0.328241 -0.84315 0.380491 0.310956 -0.846208
0.593543 0.326715 -0.846516 0.334944 0.30653 -0.818491
0.568453 0.324963 -0.849299 0.289819 0.301271 -0.737135
0.538966 0.32294 -0.851616 0.246656 0.294994 -0.551001
0.504982 0.320592 -0.853559 0.206758 0.287477 -0.336608
0.46674 0.317877 -0.855198 0.17104 0.278454 -0.217935
0.424889 0.314697 -0.856589 0.13997 0.267616 -0.17239
0.380491 0.310956 -0.846208 0.113599 0.253852 -0.154704
0.334944 0.30653 -0.818491 0.0916554 0.237081 -0.146789
0.289819 0.301271 -0.737135 0.0736641 0.216717 -0.147932
0.246656 0.294994 -0.551001 0.0590614 0.192159 -0.149238
0.206758 0.287477 -0.336608 0.0472775 0.162858 -0.150738
0.17104 0.278454 -0.217935 0.0377889 0.128422 -0.15247
0.13997 0.267616 -0.17239 0.0301427 0.0887343 -0.154481
0.113599 0.253852 -0.154704 0.0239631 0.0440743 -0.156806
0.0916554 0.237081 -0.146789 0.0189459 -0.00480083 -0.159529
0.0736641 0.216717 -0.147932 0.0148497 -0.0566502 -0.162732
0.0590614 0.192159 -0.149238 0.0114843 -0.109842 -0.166522
0.0472775 0.162858 -0.150738 0.00870096 -0.16254 -0.171026
0.0377889 0.128422 -0.15247 0.00638351 -0.212947 -0.176401
0.0301427 0.0887343 -0.154481 0.00444101 -0.259541 -0.182837
0.0239631 0.0440743 -0.156806 0.00280212 -0.301254 -0.190564
0.0189459 -0.00480083 -0.159529 0.00141064 -0.337538 -0.199843
0.0148497 -0.0566502 -0.162732 0.0117916 -0.368335 -0.211629
0.0114843 -0.109842 -0.166522 0.0395089 -0.393962 -0.22599
0.00870096 -0.16254 -0.171026 0.120865 -0.414973 -0.243428
0.00638351 -0.212947 -0.176401 0.306999 -0.432026 -0.264457
0.00444101 -0.259541 -0.182837 0.521392 -0.445788 -0.289547
0.00280212 -0.301254 -0.190564 0.640065 -0.456869 -0.319034
0.00141064 -0.337538 -0.199843 0.68561 -0.465798 -0.353018
0.0117916 -0.368335 -0.211629 0.703296 -0.473015 -0.39126
0.0395089 -0.393962 -0.22599 0.711211 -0.478874 -0.433111
0.120865 -0.414973 -0.243428 0.710068 -0.483658 -0.477509
0.306999 -0.432026 -0.264457 0.708762 -0.487588 -0.523056
0.521392 -0.445788 -0.289547 0.707262 -0.490839 -0.568181
0.640065 -0.456869 -0.319034 0.70553 -0.493545 -0.611344
0.68561 -0.465798 -0.353018 0.703519 -0.495814 -0.651242
0.703296 -0.473015 -0.39126 0.701194 -0.497728 -0.68696
0.711211 -0.478874 -0.433111 0.698471 -0.499353 -0.71803
0.710068 -0.483658 -0.477509 0.695268 -0.487229 -0.744401
0.708762 -0.487588 -0.523056 0.691478 -0.45486 -0.766345
0.707262 -0.490839 -0.568181 0.686974 -0.35985 -0.784336
0.70553 -0.493545 -0.611344 0.681599 -0.142476 -0.798939
0.703519 -0.495814 -0.651242 0.675163 0.107899 -0.810722
0.701194 -0.497728 -0.68696 0.667436 0.246489 -0.820211
