0.3575 -0.0835 -0.5005 0.3575 -0.0835 -0.5005
0.3575 -0.0835 -0.5005 0.3575 -0.0835 -0.5005
-0.00942046 -0.0835 -0.5005 0.3575 -0.0835 -0.5005
0.724576 -0.0835 -0.5005 0.3575 -0.0835 -0.5005
0.640965 -0.0835 -0.5005 0.3575 -0.0835 -0.5005
0.00138624 -0.0835 -0.5005 0.3575 -0.0835 -0.5005
0.00138624 -0.0835 -0.5005 0.3575 -0.0835 -0.5005
0.00138624 -0.0835 -0.5005 0.3575 -0.0835 -0.5005
0.00138624 -0.0835 -0.5005 0.3575 -0.0835 -0.5005
0.00138624 -0.0835 -0.5005 0.3575 -0.0835 -0.5005
0.00138624 -0.0835 -0.5005 0.3575 -0.0835 -0.5005
0.00138624 -0.0835 -0.5005 0.3575 -0.0835 -0.5005
0.00138624 -0.0835 -0.5005 0.3575 -0.0835 -0.5005
0.00138624 -0.0835 -0.5005 0.3575 -0.0835 -0.5005
0.00138624 -0.0835 -0.5005 0.3575 -0.0835 -0.5005
0.00138624 -0.0835 -0.5005 0.3575 -0.0835 -0.5005
0.00138624 -0.0835 -0.5005 0.3575 -0.0835 -0.5005
0.00138624 -0.0835 -0.5005 0.3575 -0.0835 -0.5005
0.00138624 -0.512002 -0.5005 0.3575 -0.0835 -0.5005
0.711202 0.345183 -0.5005 0.3575 -0.0835 -0.5005
0.711202 0.247539 -0.5005 0.3575 -0.0835 -0.5005
0.711202 -0.499381 -0.5005 0.3575 -0.0835 -0.5005
0.711202 -0.499381 -0.5005 0.3575 -0.0835 -0.5005
0.707149 -0.499381 -0.5005 0.3575 -0.0835 -0.5005
0.700834 -0.499381 -0.5005 0.3575 -0.0835 -0.5005
0.691198 -0.499381 -0.5005 0.3575 -0.0835 -0.5005
0.673687 -0.499381 -0.5005 0.3575 -0.0835 -0.5005
0.642029 -0.499381 -0.5005 0.3575 -0.0835 -0.5005
0.584722 -0.499381 -0.5005 0.3575 -0.0835 -0.5005
0.488759 -0.499381 -0.5005 0.3575 -0.0835 -0.5005
0.357602 -0.499381 -0.5005 0.3575 -0.0835 -0.5005
0.223437 -0.499381 -0.5005 0.3575 -0.0835 -0.5005
0.12264 -0.499381 -0.5005 0.3575 -0.0835 -0.5005
0.0630674 -0.499381 -0.5005 0.3575 -0.0835 -0.5005
0.0317544 -0.499381 -0.86742 0.3575 -0.0835 -0.5005
0.0154616 0.329565 -0.133424 0.3575 -0.0835 -0.5005
0.0065884 0.329565 -0.217035 0.3575 -0.0835 -0.5005
0.00144853 0.329565 -0.856614 0.3575 -0.0835 -0.5005
0.0014402 0.329565 -0.856614 0.3575 -0.0835 -0.5005
0.00143264 0.324832 -0.856614 0.3575 -0.0835 -0.5005
0.00142576 0.317456 -0.856614 0.3575 -0.0835 -0.5005
0.0526396 0.306203 -0.856614 0.3575 -0.0835 -0.5005
0.422101 0.285753 -0.856614 0.3575 -0.0835 -0.5005
0.67811 0.248782 -0.856614 0.3575 -0.0835 -0.5005
0.711225 0.181857 -0.856614 0.3575 -0.0835 -0.5005
0.707972 0.0697879 -0.856614 0.3575 -0.0835 -0.5005
0.703298 -0.0833804 -0.856614 0.3575 -0.0835 -0.5005
0.69638 -0.240063 -0.856614 0.3575 -0.0835 -0.5005
0.685797 -0.357777 -0.856614 0.3575 -0.0835 -0.5005
0.669038 -0.427348 -0.856614 0.3575 -0.0835 -0.5005
0.641776 -0.463916 -0.856614 -0.00942046 -0.0835 -0.5005
0.595909 -0.482943 -0.146798 0.724576 -0.0835 -0.5005
0.5242 -0.493306 -0.146798 0.640965 -0.0835 -0.5005
0.424653 -0.499308 -0.146798 0.00138624 -0.0835 -0.5005
0.309505 -0.499318 -0.146798 0.00138624 -0.0835 -0.5005
0.202413 -0.499327 -0.150851 0.00138624 -0.0835 -0.5005
0.121783 -0.499335 -0.157166 0.00138624 -0.0835 -0.5005
0.0700948 -0.439526 -0.166802 0.00138624 -0.0835 -0.5005
0.0396965 -0.008057 -0.184313 0.00138624 -0.0835 -0.5005
0.0221604 0.290919 -0.215971 0.00138624 -0.0835 -0.5005
0.0118192 0.329591 -0.273278 0.00138624 -0.0835 -0.5005
0.00547397 0.325792 -0.369241 0.00138624 -0.0835 -0.5005
0.00140787 0.320334 -0.500398 0.00138624 -0.0835 -0.5005
0.052501 0.312255 -0.634563 0.00138624 -0.0835 -0.5005
0.421595 0.299895 -0.73536 0.00138624 -0.0835 -0.5005
0.678021 0.280324 -0.794933 0.00138624 -0.0835 -0.5005
0.711207 0.248487 -0.826246 0.00138624 -0.512002 -0.5005
0.707949 0.194921 -0.842538 0.711202 0.345183 -0.5005
0.703276 0.111178 -0.851412 0.711202 0.247539 -0.5005
0.696408 -0.00507647 -0.856551 0.711202 -0.499381 -0.5005
0.685944 -0.13955 -0.85656 0.711202 -0.499381 -0.5005
0.669641 -0.264616 -0.856567 0.707149 -0.499381 -0.5005
0.641789 -0.358778 -0.856574 0.700834 -0.499381 -0.5005
0.595944 -0.419141 -0.80536 0.691198 -0.499381 -0.5005
0.524269 -0.454641 -0.435899 0.673687 -0.499381 -0.5005
0.424755 -0.47512 -0.17989 0.642029 -0.499381 -0.5005
0.309622 -0.487197 -0.146775 0.584722 -0.499381 -0.5005
0.202516 -0.494607 -0.150028 0.488759 -0.499381 -0.5005
0.121857 -0.499356 -0.154702 0.357602 -0.499381 -0.5005
0.0701403 -0.439688 -0.16162 0.223437 -0.499381 -0.5005
0.0397232 -0.00864819 -0.172203 0.12264 -0.499381 -0.5005
0.0221761 0.290815 -0.188962 0.0630674 -0.499381 -0.5005
0.0118288 0.32957 -0.216224 0.0317544 -0.499381 -0.86742
0.00548004 0.325766 -0.262091 0.0154616 0.329565 -0.133424
0.00141188 0.320309 -0.3338 0.0065884 0.329565 -0.217035
0.0525327 0.312288 -0.433347 0.00144853 0.329565 -0.856614
0.421712 0.300067 -0.548495 0.0014402 0.329565 -0.856614
0.678042 0.281029 -0.655587 0.00143264 0.324832 -0.856614
0.711211 0.248502 -0.736217 0.00142576 0.317456 -0.856614
0.707955 0.194963 -0.787905 0.0526396 0.306203 -0.856614
0.703339 0.111258 -0.818303 0.422101 0.285753 -0.856614
0.696579 -0.00495693 -0.83584 0.67811 0.248782 -0.856614
0.68643 -0.139414 -0.846181 0.711225 0.181857 -0.856614
0.669641 -0.264495 -0.852526 0.707972 0.0697879 -0.856614
0.641776 -0.358692 -0.856592 0.703298 -0.0833804 -0.856614
0.595909 -0.419088 -0.805499 0.69638 -0.240063 -0.856614
0.5242 -0.45461 -0.436405 0.685797 -0.357777 -0.856614
0.424653 -0.475102 -0.179979 0.669038 -0.427348 -0.856614
0.309505 -0.487186 -0.146793 0.641776 -0.463916 -0.856614
0.202413 -0.4946 -0.150051 0.595909 -0.482943 -0.146798
0.121783 -0.499351 -0.154724 0.5242 -0.493306 -0.146798
0.0700948 -0.439651 -0.161592 0.424653 -0.499308 -0.146798
0.0396965 -0.00851114 -0.172056 0.309505 -0.499318 -0.146798
0.0221604 0.290839 -0.188359 0.202413 -0.499327 -0.150851
0.0118192 0.329575 -0.216211 0.121783 -0.499335 -0.157166
0.00547397 0.325772 -0.262056 0.0700948 -0.439526 -0.166802
0.00140787 0.320382 -0.333731 0.0396965 -0.008057 -0.184313
0.052501 0.312487 -0.433245 0.0221604 0.290919 -0.215971
0.421595 0.300635 -0.548378 0.0118192 0.329591 -0.273278
0.678021 0.281029 -0.655484 0.00547397 0.325792 -0.369241
0.711207 0.248487 -0.736143 0.00140787 0.320334 -0.500398
0.707949 0.194921 -0.78786 0.052501 0.312255 -0.634563
0.703319 0.111178 -0.818277 0.421595 0.299895 -0.73536
0.696479 -0.00507647 -0.835824 0.678021 0.280324 -0.794933
0.686037 -0.13955 -0.846171 0.711207 0.248487 -0.826246
0.669641 -0.264616 -0.85252 0.707949 0.194921 -0.842538
0.641776 -0.358778 -0.856588 0.703276 0.111178 -0.851412
0.595909 -0.419141 -0.805467 0.696408 -0.00507647 -0.856551
0.5242 -0.454641 -0.436288 0.685944 -0.13955 -0.85656
0.424653 -0.47512 -0.179958 0.669641 -0.264616 -0.856567
0.309505 -0.487197 -0.146789 0.641789 -0.358778 -0.856574
0.202413 -0.494607 -0.150045 0.595944 -0.419141 -0.80536
0.121783 -0.499356 -0.154661 0.524269 -0.454641 -0.435899
0.0700948 -0.439688 -0.161421 0.424755 -0.47512 -0.17989
0.0396965 -0.00864819 -0.17157 0.309622 -0.487197 -0.146775
0.0221604 0.290815 -0.188359 0.202516 -0.494607 -0.150028
0.0118192 0.32957 -0.216224 0.121857 -0.499356 -0.154702
0.00547397 0.325766 -0.262091 0.0701403 -0.439688 -0.16162
0.00140787 0.320359 -0.3338 0.0397232 -0.00864819 -0.172203
0.052501 0.312371 -0.433347 0.0221761 0.290815 -0.188962
0.421595 0.300176 -0.548495 0.0118288 0.32957 -0.216224
0.678021 0.281029 -0.655587 0.00548004 0.325766 -0.262091
0.711207 0.248487 -0.736217 0.00141188 0.320309 -0.3338
0.707949 0.194921 -0.787905 0.0525327 0.312288 -0.433347
0.703319 0.111178 -0.818303 0.421712 0.300067 -0.548495
0.696479 -0.00507647 -0.83584 0.678042 0.281029 -0.655587
0.686037 -0.13955 -0.846181 0.711211 0.248502 -0.736217
0.669641 -0.264616 -0.852526 0.707955 0.194963 -0.787905
0.641776 -0.358778 -0.856592 0.703339 0.111258 -0.818303
0.595909 -0.419141 -0.805499 0.696579 -0.00495693 -0.83584
0.5242 -0.454641 -0.436405 0.68643 -0.139414 -0.846181
0.424653 -0.47512 -0.179979 0.669641 -0.264495 -0.852526
0.309505 -0.487197 -0.146793 0.641776 -0.358692 -0.856592
0.202413 -0.494607 -0.150051 0.595909 -0.419088 -0.805499
0.121783 -0.499356 -0.154681 0.5242 -0.45461 -0.436405
0.0700948 -0.439688 -0.161521 0.424653 -0.475102 -0.179979
0.0396965 -0.00864819 -0.171963 0.309505 -0.487186 -0.146793
0.0221604 0.290815 -0.188359 0.202413 -0.4946 -0.150051
0.0118192 0.32957 -0.216224 0.121783 -0.499351 -0.154724
0.00547397 0.325766 -0.262091 0.0700948 -0.439651 -0.161592
0.00140787 0.320359 -0.3338 0.0396965 -0.00851114 -0.172056
0.052501 0.312371 -0.433347 0.0221604 0.290839 -0.188359
0.421595 0.300176 -0.548495 0.0118192 0.329575 -0.216211
0.678021 0.281029 -0.655587 0.00547397 0.325772 -0.262056
0.711207 0.248487 -0.736217 0.00140787 0.320382 -0.333731
0.707949 0.194921 -0.787905 0.052501 0.312487 -0.433245
0.703319 0.111178 -0.818303 0.421595 0.300635 -0.548378
0.696479 -0.00507647 -0.83584 0.678021 0.281029 -0.655484
0.686037 -0.13955 -0.846181 0.711207 0.248487 -0.736143
0.669641 -0.264616 -0.852526 0.707949 0.194921 -0.78786
0.641776 -0.358778 -0.856592 0.703319 0.111178 -0.818277
0.595909 -0.419141 -0.805499 0.696479 -0.00507647 -0.835824
0.5242 -0.454641 -0.436405 0.686037 -0.13955 -0.846171
0.424653 -0.47512 -0.179979 0.669641 -0.264616 -0.85252
0.309505 -0.487197 -0.146793 0.641776 -0.358778 -0.856588
0.202413 -0.494607 -0.150051 0.595909 -0.419141 -0.805467
0.121783 -0.499356 -0.154681 0.5242 -0.454641 -0.436288
0.0700948 -0.439688 -0.161521 0.424653 -0.47512 -0.179958
0.0396965 -0.00864819 -0.171963 0.309505 -0.487197 -0.146789
0.0221604 0.290815 -0.188359 0.202413 -0.494607 -0.150045
0.0118192 0.32957 -0.216224 0.121783 -0.499356 -0.154661
0.00547397 0.325766 -0.262091 0.0700948 -0.439688 -0.161421
0.00140787 0.320359 -0.3338 0.0396965 -0.00864819 -0.17157
0.052501 0.312371 -0.433347 0.0221604 0.290815 -0.188359
0.421595 0.300176 -0.548495 0.0118192 0.32957 -0.216224
0.678021 0.281029 -0.655587 0.00547397 0.325766 -0.262091
0.707955 0.248487 -0.736217 0.00140787 0.320359 -0.3338
0.703276 0.194921 -0.787905 0.052501 0.312371 -0.433347
0.69638 0.111178 -0.818303 0.421595 0.300176 -0.548495
0.685797 -0.00507647 -0.83584 0.678021 0.281029 -0.655587
0.669038 -0.13955 -0.846181 0.711207 0.248487 -0.736217
0.642029 -0.264616 -0.852526 0.707949 0.194921 -0.787905
0.596261 -0.358778 -0.856592 0.703319 0.111178 -0.818303
0.524655 -0.419141 -0.805499 0.696479 -0.00507647 -0.83584
0.425161 -0.454641 -0.436405 0.686037 -0.13955 -0.846181
0.309968 -0.47512 -0.179979 0.669641 -0.264616 -0.852526
0.202752 -0.487197 -0.146793 0.641776 -0.358778 -0.856592
0.12199 -0.494607 -0.150051 0.595909 -0.419141 -0.805499
0.0702065 -0.499356 -0.154681 0.5242 -0.454641 -0.436405
0.0397547 -0.439688 -0.161521 0.424653 -0.47512 -0.179979
0.0221911 -0.00864819 -0.171963 0.309505 -0.487197 -0.146793
0.0118361 0.290815 -0.188359 0.202413 -0.494607 -0.150051
0.00548378 0.325773 -0.216224 0.121783 -0.499356 -0.154681
0.00141384 0.320309 -0.262091 0.0700948 -0.439688 -0.161521
0.00140787 0.312255 -0.3338 0.0396965 -0.00864819 -0.171963
0.120837 0.299895 -0.433347 0.0221604 0.290815 -0.188359
0.640058 0.280324 -0.548495 0.0118192 0.32957 -0.216224
0.711212 0.248782 -0.655587 0.00547397 0.325766 -0.262091
0.708156 0.195332 -0.736217 0.00140787 0.320359 -0.3338
0.703857 0.111709 -0.787905 0.052501 0.312371 -0.433347
0.697678 -0.00448306 -0.818303 0.421595 0.300176 -0.548495
0.688468 -0.139009 -0.83584 0.678021 0.281029 -0.655587
0.674346 -0.264219 -0.846181 0.711207 0.248487 -0.736217
0.652292 -0.358537 -0.852526 0.707949 0.194921 -0.787905
0.615623 -0.419011 -0.856592 0.703319 0.111178 -0.818303
0.558154 -0.454573 -0.805499 0.696479 -0.00507647 -0.83584
0.475143 -0.475085 -0.436405 0.686037 -0.13955 -0.846181
0.370944 -0.487177 -0.179979 0.669641 -0.264616 -0.852526
0.262217 -0.494596 -0.150045 0.641776 -0.358778 -0.856592
0.169255 -0.499349 -0.154724 0.595909 -0.419141 -0.805499
0.102651 -0.499356 -0.16162 0.5242 -0.454641 -0.436405
0.0604362 -0.359882 -0.172203 0.424653 -0.47512 -0.179979
0.0351812 0.246481 -0.188962 0.309505 -0.487197 -0.146793
0.0201593 0.329576 -0.215971 0.202413 -0.494607 -0.150051
0.0110036 0.326007 -0.261739 0.121783 -0.499356 -0.154681
0.00521421 0.320987 -0.333345 0.0700948 -0.439688 -0.161521
0.120932 0.313771 -0.432839 0.0396965 -0.00864819 -0.171963
0.640113 0.303016 -0.548032 0.0221604 0.290815 -0.188359
0.711217 0.286523 -0.655248 0.0118192 0.32957 -0.216224
0.711212 0.260768 -0.73601 0.00547397 0.325766 -0.262091
0.707955 0.217945 -0.787793 0.00140787 0.320359 -0.3338
0.703276 0.15083 -0.818245 0.052501 0.312371 -0.433347
0.69638 0.0538873 -0.835809 0.421595 0.300176 -0.548495
0.685797 -0.0677997 -0.846164 0.678021 0.281029 -0.655587
0.669038 -0.194775 -0.852516 0.707955 0.248487 -0.736217
0.642029 -0.303338 -0.856586 0.703276 0.194921 -0.787905
0.596261 -0.381121 -0.856592 0.69638 0.111178 -0.818303
0.524655 -0.430421 -0.737163 0.685797 -0.00507647 -0.83584
0.425161 -0.459914 -0.217942 0.669038 -0.13955 -0.846181
0.309968 -0.477457 -0.146788 0.642029 -0.264616 -0.852526
0.202752 -0.48815 -0.149844 0.596261 -0.358778 -0.856592
0.12199 -0.494911 -0.154143 0.524655 -0.419141 -0.805499
0.0702065 -0.359772 -0.160322 0.425161 -0.454641 -0.436405
0.0397547 0.246545 -0.169532 0.309968 -0.47512 -0.179979
0.0221911 0.329582 -0.183654 0.202752 -0.487197 -0.146793
0.0118361 0.329576 -0.205708 0.12199 -0.494607 -0.150051
0.00548378 0.325773 -0.242377 0.0702065 -0.499356 -0.154681
0.00141384 0.320309 -0.299846 0.0397547 -0.439688 -0.161521
0.0525446 0.312255 -0.382857 0.0221911 -0.00864819 -0.171963
0.421745 0.299895 -0.487056 0.0118361 0.290815 -0.188359
0.678046 0.280324 -0.595783 0.00548378 0.325773 -0.216224
0.711212 0.248782 -0.688745 0.00141384 0.320309 -0.262091
0.707955 0.195332 -0.755349 0.00140787 0.312255 -0.3338
0.703276 0.111709 -0.797564 0.120837 0.299895 -0.433347
0.69638 -0.00448306 -0.822819 0.640058 0.280324 -0.548495
0.685797 -0.139009 -0.837841 0.711212 0.248782 -0.655587
0.669038 -0.264219 -0.846996 0.708156 0.195332 -0.736217
0.642029 -0.358537 -0.852786 0.703857 0.111709 -0.787905
0.596261 -0.419011 -0.737068 0.697678 -0.00448306 -0.818303
0.524655 -0.454573 -0.217887 0.688468 -0.139009 -0.83584
0.425161 -0.475085 -0.146783 0.674346 -0.264219 -0.846181
0.309968 -0.487177 -0.146788 0.652292 -0.358537 -0.852526
0.202752 -0.494596 -0.150045 0.615623 -0.419011 -0.856592
0.12199 -0.499349 -0.154724 0.558154 -0.454573 -0.805499
0.0702065 -0.439637 -0.16162 0.475143 -0.475085 -0.436405
0.0397547 -0.00847253 -0.172203 0.370944 -0.487177 -0.179979
0.0221911 0.290844 -0.188962 0.262217 -0.494596 -0.150045
0.0118361 0.329576 -0.215971 0.169255 -0.499349 -0.154724
0.00548378 0.325773 -0.261739 0.102651 -0.499356 -0.16162
0.00141384 0.320309 -0.333345 0.0604362 -0.359882 -0.172203
0.0525446 0.312255 -0.432839 0.0351812 0.246481 -0.188962
0.421745 0.299895 -0.548032 0.0201593 0.329576 -0.215971
0.678046 0.280324 -0.655248 0.0110036 0.326007 -0.261739
0.711212 0.248782 -0.73601 0.00521421 0.320987 -0.333345
0.707955 0.195332 -0.787793 0.120932 0.313771 -0.432839
0.703276 0.111709 -0.818245 0.640113 0.303016 -0.548032
0.69638 -0.00448306 -0.835809 0.711217 0.286523 -0.655248
0.685797 -0.139009 -0.846164 0.711212 0.260768 -0.73601
0.669038 -0.264219 -0.852516 0.707955 0.217945 -0.787793
0.642029 -0.358537 -0.856586 0.703276 0.15083 -0.818245
0.596261 -0.419011 -0.805455 0.69638 0.0538873 -0.835809
0.524655 -0.454573 -0.436255 0.685797 -0.0677997 -0.846164
0.425161 -0.475085 -0.179954 0.669038 -0.194775 -0.852516
0.309968 -0.487177 -0.146788 0.642029 -0.303338 -0.856586
0.202752 -0.494596 -0.150045 0.596261 -0.381121 -0.856592
0.12199 -0.499349 -0.154724 0.524655 -0.430421 -0.737163
0.0702065 -0.439637 -0.16162 0.425161 -0.459914 -0.217942
0.0397547 -0.00847253 -0.172203 0.309968 -0.477457 -0.146788
0.0221911 0.290844 -0.188962 0.202752 -0.48815 -0.149844
0.0118361 0.329576 -0.215971 0.12199 -0.494911 -0.154143
0.00548378 0.325773 -0.261739 0.0702065 -0.359772 -0.160322
0.00141384 0.320309 -0.333345 0.0397547 0.246545 -0.169532
0.0525446 0.312255 -0.432839 0.0221911 0.329582 -0.183654
0.421745 0.299895 -0.548032 0.0118361 0.329576 -0.205708
0.678046 0.280324 -0.655248 0.00548378 0.325773 -0.242377
0.711212 0.248782 -0.73601 0.00141384 0.320309 -0.299846
0.707955 0.195332 -0.787793 0.0525446 0.312255 -0.382857
0.703276 0.111709 -0.818245 0.421745 0.299895 -0.487056
0.69638 -0.00448306 -0.835809 0.678046 0.280324 -0.595783
0.685797 -0.139009 -0.846164 0.711212 0.248782 -0.688745
0.669038 -0.264219 -0.852516 0.707955 0.195332 -0.755349
0.641776 -0.358537 -0.856586 0.703276 0.111709 -0.797564
0.595909 -0.419011 -0.805455 0.69638 -0.00448306 -0.822819
0.5242 -0.454573 -0.436255 0.685797 -0.139009 -0.837841
0.424653 -0.475085 -0.179954 0.669038 -0.264219 -0.846996
0.309505 -0.487177 -0.146788 0.642029 -0.358537 -0.852786
0.202413 -0.494596 -0.150045 0.596261 -0.419011 -0.737068
0.121783 -0.499349 -0.154724 0.524655 -0.454573 -0.217887
0.0700948 -0.439637 -0.16162 0.425161 -0.475085 -0.146783
0.0396965 -0.00847253 -0.172203 0.309968 -0.487177 -0.146788
0.0221604 0.290844 -0.188962 0.202752 -0.494596 -0.150045
0.0118192 0.329576 -0.215971 0.12199 -0.499349 -0.154724
0.00547397 0.325773 -0.261739 0.0702065 -0.439637 -0.16162
0.00140787 0.320309 -0.333345 0.0397547 -0.00847253 -0.172203
0.052501 0.312255 -0.432839 0.0221911 0.290844 -0.188962
0.421595 0.299895 -0.548032 0.0118361 0.329576 -0.215971
0.678021 0.280324 -0.655248 0.00548378 0.325773 -0.261739
0.711207 0.248487 -0.73601 0.00141384 0.320309 -0.333345
0.707949 0.194921 -0.787793 0.0525446 0.312255 -0.432839
0.703276 0.111178 -0.818245 0.421745 0.299895 -0.548032
0.696408 -0.00507647 -0.835809 0.678046 0.280324 -0.655248
0.685944 -0.13955 -0.846164 0.711212 0.248782 -0.73601
0.669641 -0.264616 -0.852516 0.707955 0.195332 -0.787793
0.641789 -0.358778 -0.856586 0.703276 0.111709 -0.818245
0.595944 -0.419141 -0.805455 0.69638 -0.00448306 -0.835809
0.524269 -0.454641 -0.436255 0.685797 -0.139009 -0.846164
0.424755 -0.47512 -0.179954 0.669038 -0.264219 -0.852516
0.309622 -0.487197 -0.146788 0.642029 -0.358537 -0.856586
0.202516 -0.494607 -0.150045 0.596261 -0.419011 -0.805455
0.121857 -0.499356 -0.154724 0.524655 -0.454573 -0.436255
0.0701403 -0.439688 -0.16162 0.425161 -0.475085 -0.179954
0.0397232 -0.00864819 -0.172203 0.309968 -0.487177 -0.146788
0.0221761 0.290815 -0.188962 0.202752 -0.494596 -0.150045
0.0118288 0.32957 -0.216224 0.12199 -0.499349 -0.154724
0.00548004 0.325766 -0.262091 0.0702065 -0.439637 -0.16162
0.00141188 0.320309 -0.3338 0.0397547 -0.00847253 -0.172203
0.0525327 0.312288 -0.433347 0.0221911 0.290844 -0.188962
0.421712 0.300067 -0.548495 0.0118361 0.329576 -0.215971
0.678042 0.281029 -0.655587 0.00548378 0.325773 -0.261739
0.711211 0.248502 -0.736217 0.00141384 0.320309 -0.333345
0.707955 0.194963 -0.787905 0.0525446 0.312255 -0.432839
0.703339 0.111258 -0.818303 0.421745 0.299895 -0.548032
0.696579 -0.00495693 -0.83584 0.678046 0.280324 -0.655248
0.68643 -0.139414 -0.846181 0.711212 0.248782 -0.73601
0.669641 -0.264495 -0.852526 0.707955 0.195332 -0.787793
0.641776 -0.358692 -0.856592 0.703276 0.111709 -0.818245
0.595909 -0.419088 -0.805499 0.69638 -0.00448306 -0.835809
0.5242 -0.45461 -0.436405 0.685797 -0.139009 -0.846164
0.424653 -0.475102 -0.179979 0.669038 -0.264219 -0.852516
0.309505 -0.487186 -0.146793 0.641776 -0.358537 -0.856586
0.202413 -0.4946 -0.150051 0.595909 -0.419011 -0.805455
0.121783 -0.499351 -0.154724 0.5242 -0.454573 -0.436255
0.0700948 -0.439651 -0.161592 0.424653 -0.475085 -0.179954
0.0396965 -0.00851114 -0.172056 0.309505 -0.487177 -0.146788
0.0221604 0.290839 -0.188359 0.202413 -0.494596 -0.150045
0.0118192 0.329575 -0.216211 0.121783 -0.499349 -0.154724
0.00547397 0.325772 -0.262056 0.0700948 -0.439637 -0.16162
0.00140787 0.320382 -0.333731 0.0396965 -0.00847253 -0.172203
0.052501 0.312487 -0.433245 0.0221604 0.290844 -0.188962
0.421595 0.300635 -0.548378 0.0118192 0.329576 -0.215971
0.678021 0.281029 -0.655484 0.00547397 0.325773 -0.261739
0.711207 0.248487 -0.736143 0.00140787 0.320309 -0.333345
0.707949 0.194921 -0.78786 0.052501 0.312255 -0.432839
0.703319 0.111178 -0.818277 0.421595 0.299895 -0.548032
0.696479 -0.00507647 -0.835824 0.678021 0.280324 -0.655248
0.686037 -0.13955 -0.846171 0.711207 0.248487 -0.73601
0.669641 -0.264616 -0.85252 0.707949 0.194921 -0.787793
0.641776 -0.358778 -0.856588 0.703276 0.111178 -0.818245
0.595909 -0.419141 -0.805467 0.696408 -0.00507647 -0.835809
0.5242 -0.454641 -0.436288 0.685944 -0.13955 -0.846164
0.424653 -0.47512 -0.179958 0.669641 -0.264616 -0.852516
0.309505 -0.487197 -0.146789 0.641789 -0.358778 -0.856586
0.202413 -0.494607 -0.150045 0.595944 -0.419141 -0.805455
0.121783 -0.499356 -0.154661 0.524269 -0.454641 -0.436255
0.0700948 -0.439688 -0.161421 0.424755 -0.47512 -0.179954
0.0396965 -0.00864819 -0.17157 0.309622 -0.487197 -0.146788
0.0221604 0.290815 -0.188359 0.202516 -0.494607 -0.150045
0.0118192 0.32957 -0.216224 0.121857 -0.499356 -0.154724
0.00547397 0.325766 -0.262091 0.0701403 -0.439688 -0.16162
0.00140787 0.320359 -0.3338 0.0397232 -0.00864819 -0.172203
0.052501 0.312371 -0.433347 0.0221761 0.290815 -0.188962
0.421595 0.300176 -0.548495 0.0118288 0.32957 -0.216224
0.678021 0.281029 -0.655587 0.00548004 0.325766 -0.262091
0.711207 0.248487 -0.736217 0.00141188 0.320309 -0.3338
0.707949 0.194921 -0.787905 0.0525327 0.312288 -0.433347
0.703319 0.111178 -0.818303 0.421712 0.300067 -0.548495
0.696479 -0.00507647 -0.83584 0.678042 0.281029 -0.655587
0.686037 -0.13955 -0.846181 0.711211 0.248502 -0.736217
0.669641 -0.264616 -0.852526 0.707955 0.194963 -0.787905
0.641776 -0.358778 -0.856592 0.703339 0.111258 -0.818303
0.595909 -0.419141 -0.805499 0.696579 -0.00495693 -0.83584
0.5242 -0.454641 -0.436405 0.68643 -0.139414 -0.846181
0.424653 -0.47512 -0.179979 0.669641 -0.264495 -0.852526
0.309505 -0.487197 -0.146793 0.641776 -0.358692 -0.856592
0.202413 -0.494607 -0.150051 0.595909 -0.419088 -0.805499
0.121783 -0.499356 -0.154681 0.5242 -0.45461 -0.436405
0.0700948 -0.439688 -0.161521 0.424653 -0.475102 -0.179979
0.0396965 -0.00864819 -0.171963 0.309505 -0.487186 -0.146793
0.0221604 0.290815 -0.188359 0.202413 -0.4946 -0.150051
0.0118192 0.32957 -0.216224 0.121783 -0.499351 -0.154724
0.00547397 0.325766 -0.262091 0.0700948 -0.439651 -0.161592
0.00140787 0.320359 -0.3338 0.0396965 -0.00851114 -0.172056
0.052501 0.312371 -0.433347 0.0221604 0.290839 -0.188359
0.421595 0.300176 -0.548495 0.0118192 0.329575 -0.216211
0.678021 0.281029 -0.655587 0.00547397 0.325772 -0.262056
0.707955 0.248487 -0.736217 0.00140787 0.320382 -0.333731
0.703276 0.194921 -0.787905 0.052501 0.312487 -0.433245
0.69638 0.111178 -0.818303 0.421595 0.300635 -0.548378
0.685797 -0.00507647 -0.83584 0.678021 0.281029 -0.655484
0.669038 -0.13955 -0.846181 0.711207 0.248487 -0.736143
0.642029 -0.264616 -0.852526 0.707949 0.194921 -0.78786
0.596261 -0.358778 -0.856592 0.703319 0.111178 -0.818277
0.524655 -0.419141 -0.805499 0.696479 -0.00507647 -0.835824
0.425161 -0.454641 -0.436405 0.686037 -0.13955 -0.846171
0.309968 -0.47512 -0.179979 0.669641 -0.264616 -0.85252
0.202752 -0.487197 -0.146793 0.641776 -0.358778 -0.856588
0.12199 -0.494607 -0.150051 0.595909 -0.419141 -0.805467
0.0702065 -0.499356 -0.154681 0.5242 -0.454641 -0.436288
0.0397547 -0.439688 -0.161521 0.424653 -0.47512 -0.179958
0.0221911 -0.00864819 -0.171963 0.309505 -0.487197 -0.146789
0.0118361 0.290815 -0.188359 0.202413 -0.494607 -0.150045
0.00548378 0.325773 -0.216224 0.121783 -0.499356 -0.154661
0.00141384 0.320309 -0.262091 0.0700948 -0.439688 -0.161421
0.00140787 0.312255 -0.3338 0.0396965 -0.00864819 -0.17157
0.120837 0.299895 -0.433347 0.0221604 0.290815 -0.188359
0.640058 0.280324 -0.548495 0.0118192 0.32957 -0.216224
0.711212 0.248782 -0.655587 0.00547397 0.325766 -0.262091
0.708156 0.195332 -0.736217 0.00140787 0.320359 -0.3338
0.703857 0.111709 -0.787905 0.052501 0.312371 -0.433347
0.697678 -0.00448306 -0.818303 0.421595 0.300176 -0.548495
0.688468 -0.139009 -0.83584 0.678021 0.281029 -0.655587
0.674346 -0.264219 -0.846181 0.711207 0.248487 -0.736217
0.652292 -0.358537 -0.852526 0.707949 0.194921 -0.787905
0.615623 -0.419011 -0.856592 0.703319 0.111178 -0.818303
0.558154 -0.454573 -0.805499 0.696479 -0.00507647 -0.83584
0.475143 -0.475085 -0.436405 0.686037 -0.13955 -0.846181
0.370944 -0.487177 -0.179979 0.669641 -0.264616 -0.852526
0.262217 -0.494596 -0.150045 0.641776 -0.358778 -0.856592
0.169255 -0.499349 -0.154724 0.595909 -0.419141 -0.805499
0.102651 -0.499356 -0.16162 0.5242 -0.454641 -0.436405
0.0604362 -0.359882 -0.172203 0.424653 -0.47512 -0.179979
0.0351812 0.246481 -0.188962 0.309505 -0.487197 -0.146793
0.0201593 0.329576 -0.215971 0.202413 -0.494607 -0.150051
0.0110036 0.326007 -0.261739 0.121783 -0.499356 -0.154681
0.00521421 0.320987 -0.333345 0.0700948 -0.439688 -0.161521
0.00140787 0.313771 -0.432839 0.0396965 -0.00864819 -0.171963
0.120837 0.303016 -0.548032 0.0221604 0.290815 -0.188359
0.640058 0.286523 -0.655248 0.0118192 0.32957 -0.216224
0.711212 0.260768 -0.73601 0.00547397 0.325766 -0.262091
0.708156 0.217945 -0.787793 0.00140787 0.320359 -0.3338
0.703857 0.15083 -0.818245 0.052501 0.312371 -0.433347
0.697678 0.0538873 -0.835809 0.421595 0.300176 -0.548495
0.688468 -0.0677997 -0.846164 0.678021 0.281029 -0.655587
0.674346 -0.194775 -0.852516 0.707955 0.248487 -0.736217
0.652292 -0.303338 -0.856586 0.703276 0.194921 -0.787905
0.615623 -0.381121 -0.856592 0.69638 0.111178 -0.818303
0.558154 -0.430421 -0.737163 0.685797 -0.00507647 -0.83584
0.475143 -0.459914 -0.217942 0.669038 -0.13955 -0.846181
0.370944 -0.477457 -0.146788 0.642029 -0.264616 -0.852526
0.262217 -0.48815 -0.149844 0.596261 -0.358778 -0.856592
0.169255 -0.494911 -0.154143 0.524655 -0.419141 -0.805499
0.102651 -0.499356 -0.160322 0.425161 -0.454641 -0.436405
0.0604362 -0.359882 -0.169532 0.309968 -0.47512 -0.179979
0.0351812 0.246481 -0.183654 0.202752 -0.487197 -0.146793
0.0201593 0.329576 -0.205708 0.12199 -0.494607 -0.150051
0.0110036 0.326007 -0.242377 0.0702065 -0.499356 -0.154681
0.00521421 0.320987 -0.299846 0.0397547 -0.439688 -0.161521
0.120932 0.313771 -0.382857 0.0221911 -0.00864819 -0.171963
0.640113 0.303016 -0.487056 0.0118361 0.290815 -0.188359
0.711217 0.286523 -0.595783 0.00548378 0.325773 -0.216224
0.711212 0.260768 -0.688745 0.00141384 0.320309 -0.262091
0.707955 0.217945 -0.755349 0.00140787 0.312255 -0.3338
0.703276 0.15083 -0.797564 0.120837 0.299895 -0.433347
0.69638 0.0538873 -0.822819 0.640058 0.280324 -0.548495
0.685797 -0.0677997 -0.837841 0.711212 0.248782 -0.655587
0.669038 -0.194775 -0.846996 0.708156 0.195332 -0.736217
0.642029 -0.303338 -0.852786 0.703857 0.111709 -0.787905
0.596261 -0.381121 -0.856592 0.697678 -0.00448306 -0.818303
0.524655 -0.430421 -0.737163 0.688468 -0.139009 -0.83584
0.425161 -0.459914 -0.217942 0.674346 -0.264219 -0.846181
0.309968 -0.477457 -0.146788 0.652292 -0.358537 -0.852526
0.202752 -0.48815 -0.149844 0.615623 -0.419011 -0.856592
0.12199 -0.494911 -0.154143 0.558154 -0.454573 -0.805499
0.0702065 -0.359772 -0.160322 0.475143 -0.475085 -0.436405
0.0397547 0.246545 -0.169532 0.370944 -0.487177 -0.179979
0.0221911 0.329582 -0.183654 0.262217 -0.494596 -0.150045
0.0118361 0.329576 -0.205708 0.169255 -0.499349 -0.154724
0.00548378 0.325773 -0.242377 0.102651 -0.499356 -0.16162
0.00141384 0.320309 -0.299846 0.0604362 -0.359882 -0.172203
0.0525446 0.312255 -0.382857 0.0351812 0.246481 -0.188962
0.421745 0.299895 -0.487056 0.0201593 0.329576 -0.215971
0.678046 0.280324 -0.595783 0.0110036 0.326007 -0.261739
0.711212 0.248782 -0.688745 0.00521421 0.320987 -0.333345
0.707955 0.195332 -0.755349 0.00140787 0.313771 -0.432839
0.703276 0.111709 -0.797564 0.120837 0.303016 -0.548032
0.69638 -0.00448306 -0.822819 0.640058 0.286523 -0.655248
0.685797 -0.139009 -0.837841 0.711212 0.260768 -0.73601
0.669038 -0.264219 -0.846996 0.708156 0.217945 -0.787793
0.642029 -0.358537 -0.852786 0.703857 0.15083 -0.818245
0.596261 -0.419011 -0.737068 0.697678 0.0538873 -0.835809
0.524655 -0.454573 -0.217887 0.688468 -0.0677997 -0.846164
0.425161 -0.475085 -0.146783 0.674346 -0.194775 -0.852516
0.309968 -0.487177 -0.146788 0.652292 -0.303338 -0.856586
0.202752 -0.494596 -0.150045 0.615623 -0.381121 -0.856592
0.12199 -0.499349 -0.154724 0.558154 -0.430421 -0.737163
0.0702065 -0.439637 -0.16162 0.475143 -0.459914 -0.217942
0.0397547 -0.00847253 -0.172203 0.370944 -0.477457 -0.146788
0.0221911 0.290844 -0.188962 0.262217 -0.48815 -0.149844
0.0118361 0.329576 -0.215971 0.169255 -0.494911 -0.154143
0.00548378 0.325773 -0.261739 0.102651 -0.499356 -0.160322
0.00141384 0.320309 -0.333345 0.0604362 -0.359882 -0.169532
0.0525446 0.312255 -0.432839 0.0351812 0.246481 -0.183654
0.421745 0.299895 -0.548032 0.0201593 0.329576 -0.205708
0.678046 0.280324 -0.655248 0.0110036 0.326007 -0.242377
0.711212 0.248782 -0.73601 0.00521421 0.320987 -0.299846
0.707955 0.195332 -0.787793 0.120932 0.313771 -0.382857
0.703276 0.111709 -0.818245 0.640113 0.303016 -0.487056
0.69638 -0.00448306 -0.835809 0.711217 0.286523 -0.595783
0.685797 -0.139009 -0.846164 0.711212 0.260768 -0.688745
0.669038 -0.264219 -0.852516 0.707955 0.217945 -0.755349
0.641776 -0.358537 -0.856586 0.703276 0.15083 -0.797564
0.595909 -0.419011 -0.805455 0.69638 0.0538873 -0.822819
0.5242 -0.454573 -0.436255 0.685797 -0.0677997 -0.837841
0.424653 -0.475085 -0.179954 0.669038 -0.194775 -0.846996
0.309505 -0.487177 -0.146788 0.642029 -0.303338 -0.852786
0.202413 -0.494596 -0.150045 0.596261 -0.381121 -0.856592
0.121783 -0.499349 -0.154724 0.524655 -0.430421 -0.737163
0.0700948 -0.439637 -0.16162 0.425161 -0.459914 -0.217942
0.0396965 -0.00847253 -0.172203 0.309968 -0.477457 -0.146788
0.0221604 0.290844 -0.188962 0.202752 -0.48815 -0.149844
0.0118192 0.329576 -0.215971 0.12199 -0.494911 -0.154143
0.00547397 0.325773 -0.261739 0.0702065 -0.359772 -0.160322
0.00140787 0.320309 -0.333345 0.0397547 0.246545 -0.169532
0.052501 0.312255 -0.432839 0.0221911 0.329582 -0.183654
0.421595 0.299895 -0.548032 0.0118361 0.329576 -0.205708
0.678021 0.280324 -0.655248 0.00548378 0.325773 -0.242377
0.711207 0.248487 -0.73601 0.00141384 0.320309 -0.299846
0.707949 0.194921 -0.787793 0.0525446 0.312255 -0.382857
0.703276 0.111178 -0.818245 0.421745 0.299895 -0.487056
0.696408 -0.00507647 -0.835809 0.678046 0.280324 -0.595783
0.685944 -0.13955 -0.846164 0.711212 0.248782 -0.688745
0.669641 -0.264616 -0.852516 0.707955 0.195332 -0.755349
0.641789 -0.358778 -0.856586 0.703276 0.111709 -0.797564
0.595944 -0.419141 -0.805455 0.69638 -0.00448306 -0.822819
0.524269 -0.454641 -0.436255 0.685797 -0.139009 -0.837841
0.424755 -0.47512 -0.179954 0.669038 -0.264219 -0.846996
0.309622 -0.487197 -0.146788 0.642029 -0.358537 -0.852786
0.202516 -0.494607 -0.150045 0.596261 -0.419011 -0.737068
0.121857 -0.499356 -0.154724 0.524655 -0.454573 -0.217887
0.0701403 -0.439688 -0.16162 0.425161 -0.475085 -0.146783
0.0397232 -0.00864819 -0.172203 0.309968 -0.487177 -0.146788
0.0221761 0.290815 -0.188962 0.202752 -0.494596 -0.150045
0.0118288 0.32957 -0.216224 0.12199 -0.499349 -0.154724
0.00548004 0.325766 -0.262091 0.0702065 -0.439637 -0.16162
0.00141188 0.320309 -0.3338 0.0397547 -0.00847253 -0.172203
0.0525327 0.312288 -0.433347 0.0221911 0.290844 -0.188962
0.421712 0.300067 -0.548495 0.0118361 0.329576 -0.215971
0.678042 0.281029 -0.655587 0.00548378 0.325773 -0.261739
0.711211 0.248502 -0.736217 0.00141384 0.320309 -0.333345
0.707955 0.194963 -0.787905 0.0525446 0.312255 -0.432839
0.703276 0.111258 -0.818303 0.421745 0.299895 -0.548032
0.696408 -0.00495693 -0.83584 0.678046 0.280324 -0.655248
0.685944 -0.139414 -0.846181 0.711212 0.248782 -0.73601
0.669641 -0.264495 -0.852526 0.707955 0.195332 -0.787793
0.641789 -0.358692 -0.856592 0.703276 0.111709 -0.818245
0.595944 -0.419088 -0.805499 0.69638 -0.00448306 -0.835809
0.524269 -0.45461 -0.436405 0.685797 -0.139009 -0.846164
0.424755 -0.475102 -0.179979 0.669038 -0.264219 -0.852516
0.309622 -0.487186 -0.146793 0.641776 -0.358537 -0.856586
0.202516 -0.4946 -0.150051 0.595909 -0.419011 -0.805455
0.121857 -0.499351 -0.154724 0.5242 -0.454573 -0.436255
0.0701403 -0.439651 -0.161592 0.424653 -0.475085 -0.179954
0.0397232 -0.00851114 -0.172056 0.309505 -0.487177 -0.146788
0.0221761 0.290839 -0.188359 0.202413 -0.494596 -0.150045
0.0118288 0.329575 -0.216211 0.121783 -0.499349 -0.154724
0.00548004 0.325772 -0.262056 0.0700948 -0.439637 -0.16162
0.00141188 0.320309 -0.333731 0.0396965 -0.00847253 -0.172203
0.0525327 0.312288 -0.433245 0.0221604 0.290844 -0.188962
0.421712 0.300067 -0.548378 0.0118192 0.329576 -0.215971
0.678042 0.281029 -0.655484 0.00547397 0.325773 -0.261739
0.711211 0.248502 -0.736143 0.00140787 0.320309 -0.333345
0.707955 0.194963 -0.78786 0.052501 0.312255 -0.432839
0.703339 0.111258 -0.818277 0.421595 0.299895 -0.548032
0.696579 -0.00495693 -0.835824 0.678021 0.280324 -0.655248
0.68643 -0.139414 -0.846171 0.711207 0.248487 -0.73601
0.669641 -0.264495 -0.85252 0.707949 0.194921 -0.787793
0.641776 -0.358692 -0.856588 0.703276 0.111178 -0.818245
0.595909 -0.419088 -0.805467 0.696408 -0.00507647 -0.835809
0.5242 -0.45461 -0.436288 0.685944 -0.13955 -0.846164
0.424653 -0.475102 -0.179958 0.669641 -0.264616 -0.852516
0.309505 -0.487186 -0.146789 0.641789 -0.358778 -0.856586
0.202413 -0.4946 -0.150045 0.595944 -0.419141 -0.805455
0.121783 -0.499351 -0.154724 0.524269 -0.454641 -0.436255
0.0700948 -0.439651 -0.161592 0.424755 -0.47512 -0.179954
0.0396965 -0.00851114 -0.172056 0.309622 -0.487197 -0.146788
0.0221604 0.290839 -0.188359 0.202516 -0.494607 -0.150045
0.0118192 0.329575 -0.216211 0.121857 -0.499356 -0.154724
0.00547397 0.325772 -0.262056 0.0701403 -0.439688 -0.16162
0.00140787 0.320382 -0.333731 0.0397232 -0.00864819 -0.172203
0.052501 0.312487 -0.433245 0.0221761 0.290815 -0.188962
0.421595 0.300635 -0.548378 0.0118288 0.32957 -0.216224
0.678021 0.281029 -0.655484 0.00548004 0.325766 -0.262091
0.711207 0.248487 -0.736143 0.00141188 0.320309 -0.3338
0.707949 0.194921 -0.78786 0.0525327 0.312288 -0.433347
0.703319 0.111178 -0.818277 0.421712 0.300067 -0.548495
0.696479 -0.00507647 -0.835824 0.678042 0.281029 -0.655587
0.686037 -0.13955 -0.846171 0.711211 0.248502 -0.736217
0.669641 -0.264616 -0.85252 0.707955 0.194963 -0.787905
0.641776 -0.358778 -0.856588 0.703276 0.111258 -0.818303
0.595909 -0.419141 -0.805467 0.696408 -0.00495693 -0.83584
0.5242 -0.454641 -0.436288 0.685944 -0.139414 -0.846181
0.424653 -0.47512 -0.179958 0.669641 -0.264495 -0.852526
0.309505 -0.487197 -0.146789 0.641789 -0.358692 -0.856592
0.202413 -0.494607 -0.150045 0.595944 -0.419088 -0.805499
0.121783 -0.499356 -0.154661 0.524269 -0.45461 -0.436405
0.0700948 -0.439688 -0.161421 0.424755 -0.475102 -0.179979
