0.3575 -0.0835 -0.5005 0.3575 -0.0835 -0.5005
0.3575 -0.0835 -0.5005 0.3575 -0.0835 -0.5005
-0.00942046 -0.0835 -0.5005 0.3575 -0.0835 -0.5005
0.724576 -0.0835 -0.5005 0.3575 -0.0835 -0.5005
0.640965 -0.0835 -0.5005 0.3575 -0.0835 -0.5005
0.00138624 -0.0835 -0.5005 0.3575 -0.0835 -0.5005
0.00138624 -0.0835 -0.5005 0.3575 -0.0835 -0.5005
0.00138624 -0.0835 -0.5005 0.3575 -0.0835 -0.5005
0.00138624 -0.0835 -0.5005 0.3575 -0.0835 -0.5005
0.00138624 -0.0835 -0.5005 0.3575 -0.0835 -0.5005
0.00138624 -0.0835 -0.5005 0.3575 -0.0835 -0.5005
0.00138624 -0.0835 -0.5005 0.3575 -0.0835 -0.5005
0.00138624 -0.0835 -0.5005 0.3575 -0.0835 -0.5005
0.00138624 -0.0835 -0.5005 0.3575 -0.0835 -0.5005
0.00138624 -0.0835 -0.5005 0.3575 -0.0835 -0.5005
0.00138624 -0.0835 -0.5005 0.3575 -0.0835 -0.5005
0.00138624 -0.0835 -0.5005 0.3575 -0.0835 -0.5005
0.00138624 -0.0835 -0.5005 0.3575 -0.0835 -0.5005
0.00138624 -0.512002 -0.5005 0.3575 -0.0835 -0.5005
0.00138624 0.345183 -0.5005 0.3575 -0.0835 -0.5005
0.00138624 0.247539 -0.5005 0.3575 -0.0835 -0.5005
0.00138624 -0.499381 -0.5005 0.3575 -0.0835 -0.5005
0.00138624 -0.499381 -0.5005 0.3575 -0.0835 -0.5005
0.00138624 -0.499381 -0.5005 0.3575 -0.0835 -0.5005
0.711202 -0.499381 -0.5005 0.3575 -0.0835 -0.5005
0.711202 -0.499381 -0.5005 0.3575 -0.0835 -0.5005
0.711202 -0.499381 -0.5005 0.3575 -0.0835 -0.5005
0.711202 -0.499381 -0.5005 0.3575 -0.0835 -0.5005
0.711202 -0.499381 -0.5005 0.3575 -0.0835 -0.5005
0.708328 -0.499381 -0.5005 0.3575 -0.0835 -0.5005
0.704359 -0.499381 -0.5005 0.3575 -0.0835 -0.5005
0.69872 -0.499381 -0.5005 0.3575 -0.0835 -0.5005
0.691198 -0.499381 -0.5005 0.3575 -0.0835 -0.5005
0.679052 -0.499381 -0.5005 0.3575 -0.0835 -0.5005
0.66023 -0.499381 -0.86742 0.3575 -0.0835 -0.5005
0.630653 -0.499381 -0.133424 0.3575 -0.0835 -0.5005
0.584443 -0.499381 -0.217035 0.3575 -0.0835 -0.5005
0.516308 -0.499381 -0.856614 0.3575 -0.0835 -0.5005
0.425772 -0.499381 -0.856614 0.3575 -0.0835 -0.5005
0.322257 -0.499381 -0.856614 0.3575 -0.0835 -0.5005
0.223128 0.329565 -0.856614 0.3575 -0.0835 -0.5005
0.143521 0.329565 -0.856614 0.3575 -0.0835 -0.5005
0.0881963 0.329565 -0.856614 0.3575 -0.0835 -0.5005
0.0531248 0.329565 -0.856614 0.3575 -0.0835 -0.5005
0.031712 0.329565 -0.856614 0.3575 -0.0835 -0.5005
0.0186037 0.326208 -0.856614 0.3575 -0.0835 -0.5005
0.0103763 0.321573 -0.856614 0.3575 -0.0835 -0.5005
0.00503449 0.314987 -0.856614 0.3575 -0.0835 -0.5005
0.00144221 0.306203 -0.856614 0.3575 -0.0835 -0.5005
0.00143633 0.292019 -0.856614 0.3575 -0.0835 -0.5005
0.00143086 0.270038 -0.856614 -0.00942046 -0.0835 -0.5005
0.00142576 0.235497 -0.856614 0.724576 -0.0835 -0.5005
0.00142102 0.181532 -0.856614 0.640965 -0.0835 -0.5005
0.00141661 0.101961 -0.856614 0.00138624 -0.0835 -0.5005
0.0314205 -0.00377028 -0.856614 0.00138624 -0.0835 -0.5005
0.220391 -0.124658 -0.856614 0.00138624 -0.0835 -0.5005
0.58155 -0.240424 -0.146798 0.00138624 -0.0835 -0.5005
0.690521 -0.333391 -0.146798 0.00138624 -0.0835 -0.5005
0.708996 -0.398002 -0.146798 0.00138624 -0.0835 -0.5005
0.706127 -0.438959 -0.146798 0.00138624 -0.0835 -0.5005
0.702363 -0.463966 -0.146798 0.00138624 -0.0835 -0.5005
0.697375 -0.479274 -0.149672 0.00138624 -0.0835 -0.5005
0.690659 -0.488882 -0.153641 0.00138624 -0.0835 -0.5005
0.681466 -0.495121 -0.15928 0.00138624 -0.0835 -0.5005
0.668783 -0.499316 -0.166802 0.00138624 -0.0835 -0.5005
0.649976 -0.499323 -0.178948 0.00138624 -0.0835 -0.5005
0.622742 -0.499329 -0.19777 0.00138624 -0.512002 -0.5005
0.584124 -0.499335 -0.227347 0.00138624 0.345183 -0.5005
0.531345 -0.49934 -0.273557 0.00138624 0.247539 -0.5005
0.463656 -0.499346 -0.341692 0.00138624 -0.499381 -0.5005
0.384249 -0.464306 -0.432228 0.00138624 -0.499381 -0.5005
0.300655 -0.24362 -0.535743 0.00138624 -0.499381 -0.5005
0.222362 0.178153 -0.634872 0.711202 -0.499381 -0.5005
0.156861 0.305413 -0.714479 0.711202 -0.499381 -0.5005
0.107078 0.326988 -0.769804 0.711202 -0.499381 -0.5005
0.071777 0.323638 -0.804875 0.711202 -0.499381 -0.5005
0.047722 0.319242 -0.826288 0.711202 -0.499381 -0.5005
0.0315565 0.313417 -0.839396 0.708328 -0.499381 -0.5005
0.0206428 0.305574 -0.847624 0.704359 -0.499381 -0.5005
0.0131584 0.294837 -0.852966 0.69872 -0.499381 -0.5005
0.00791703 0.280026 -0.856558 0.691198 -0.499381 -0.5005
0.00416243 0.258063 -0.856564 0.679052 -0.499381 -0.5005
0.00141234 0.226258 -0.856569 0.66023 -0.499381 -0.86742
0.0525464 0.181158 -0.856574 0.630653 -0.499381 -0.133424
0.421797 0.119522 -0.856579 0.584443 -0.499381 -0.217035
0.678063 0.0404721 -0.856583 0.516308 -0.499381 -0.856614
0.711216 -0.0522614 -0.82658 0.425772 -0.499381 -0.856614
0.711212 -0.149885 -0.637609 0.322257 -0.499381 -0.856614
0.708985 -0.241318 -0.27645 0.223128 0.329565 -0.856614
0.706113 -0.317813 -0.167479 0.143521 0.329565 -0.856614
0.70238 -0.375951 -0.149004 0.0881963 0.329565 -0.856614
0.697426 -0.417176 -0.151873 0.0531248 0.329565 -0.856614
0.690729 -0.445269 -0.155637 0.031712 0.329565 -0.856614
0.681539 -0.464147 -0.160625 0.0186037 0.326208 -0.856614
0.668783 -0.476893 -0.167341 0.0103763 0.321573 -0.856614
0.649804 -0.485633 -0.176534 0.00503449 0.314987 -0.856614
0.622513 -0.491754 -0.189217 0.00144221 0.306203 -0.856614
0.583826 -0.496139 -0.208024 0.00143633 0.292019 -0.856614
0.530975 -0.499351 -0.235258 0.00143086 0.270038 -0.856614
0.46323 -0.439635 -0.273876 0.00142576 0.235497 -0.856614
0.383805 -0.00841207 -0.326655 0.00142102 0.181532 -0.856614
0.300241 0.290863 -0.394344 0.00141661 0.101961 -0.856614
0.222018 0.329581 -0.473751 0.0314205 -0.00377028 -0.856614
0.156603 0.329577 -0.557345 0.220391 -0.124658 -0.856614
0.1069 0.326975 -0.635638 0.58155 -0.240424 -0.146798
0.0716602 0.323622 -0.701139 0.690521 -0.333391 -0.146798
0.047647 0.319263 -0.750922 0.708996 -0.398002 -0.146798
0.0315083 0.313477 -0.786223 0.706127 -0.438959 -0.146798
0.0206113 0.305656 -0.810278 0.702363 -0.463966 -0.146798
0.0131374 0.294923 -0.826443 0.697375 -0.479274 -0.149672
0.0079027 0.280026 -0.837357 0.690659 -0.488882 -0.153641
0.00415238 0.257862 -0.844842 0.681466 -0.495121 -0.15928
0.0313834 0.225991 -0.850083 0.668783 -0.499316 -0.166802
0.220187 0.180811 -0.853838 0.649976 -0.499323 -0.178948
0.581409 0.11909 -0.856588 0.622742 -0.499329 -0.19777
0.690492 0.0399752 -0.805454 0.584124 -0.499335 -0.227347
0.711209 -0.0527802 -0.436203 0.531345 -0.49934 -0.273557
0.708875 -0.150369 -0.179937 0.463656 -0.499346 -0.341692
0.705833 -0.24172 -0.146784 0.384249 -0.464306 -0.432228
0.701796 -0.318113 -0.146788 0.300655 -0.24362 -0.535743
0.696365 -0.376159 -0.149015 0.222362 0.178153 -0.634872
0.68888 -0.417313 -0.151887 0.156861 0.305413 -0.714479
0.678372 -0.445356 -0.15562 0.107078 0.326988 -0.769804
0.663418 -0.464204 -0.160574 0.071777 0.323638 -0.804875
0.641844 -0.476929 -0.167271 0.047722 0.319242 -0.826288
0.609617 -0.485658 -0.176461 0.0315565 0.313417 -0.839396
0.563795 -0.491771 -0.189217 0.0206428 0.305574 -0.847624
0.501901 -0.496151 -0.208196 0.0131584 0.294837 -0.852966
0.42485 -0.464349 -0.235487 0.00791703 0.280026 -0.856558
0.338722 -0.243858 -0.274174 0.00416243 0.258063 -0.856564
0.253647 0.177988 -0.327025 0.00141234 0.226258 -0.856569
0.179548 0.305379 -0.39477 0.0525464 0.181158 -0.856574
0.121888 0.329573 -0.474195 0.421797 0.119522 -0.856579
0.0807248 0.326848 -0.557759 0.678063 0.0404721 -0.856583
0.0528595 0.323295 -0.635982 0.711216 -0.0522614 -0.82658
0.0344089 0.31858 -0.701397 0.711212 -0.149885 -0.637609
0.0221796 0.312238 -0.7511 0.708985 -0.241318 -0.27645
0.01395 0.303496 -0.78634 0.706113 -0.317813 -0.167479
0.00828797 0.291225 -0.810353 0.70238 -0.375951 -0.149004
0.0042959 0.273761 -0.826492 0.697426 -0.417176 -0.151873
0.00141234 0.248567 -0.837389 0.690729 -0.445269 -0.155637
0.00140809 0.210931 -0.844863 0.681539 -0.464147 -0.160625
0.0313787 0.157417 -0.850097 0.668783 -0.476893 -0.167341
0.220167 0.0851358 -0.853848 0.649804 -0.485633 -0.176534
0.581398 -0.00484693 -0.826617 0.622513 -0.491754 -0.189217
0.69049 -0.10543 -0.637813 0.583826 -0.496139 -0.208024
0.708985 -0.204783 -0.276591 0.530975 -0.499351 -0.235258
0.706113 -0.291318 -0.167508 0.46323 -0.439635 -0.273876
0.702346 -0.358656 -0.146791 0.383805 -0.00841207 -0.326655
0.697375 -0.406727 -0.149125 0.300241 0.290863 -0.394344
0.690659 -0.439269 -0.152167 0.222018 0.329581 -0.473751
0.681466 -0.460816 -0.156204 0.156603 0.329577 -0.557345
0.668783 -0.475098 -0.161635 0.1069 0.326975 -0.635638
0.649976 -0.484709 -0.16912 0.0716602 0.323622 -0.701139
0.622742 -0.491321 -0.179628 0.047647 0.319263 -0.750922
0.584124 -0.495983 -0.194582 0.0315083 0.313477 -0.786223
0.531345 -0.499351 -0.216156 0.0206113 0.305656 -0.810278
0.463656 -0.499356 -0.248383 0.0131374 0.294923 -0.826443
0.384249 -0.464355 -0.294205 0.0079027 0.280026 -0.837357
0.300655 -0.243882 -0.356099 0.00415238 0.257862 -0.844842
0.222362 0.177976 -0.43315 0.0313834 0.225991 -0.850083
0.156861 0.305377 -0.519278 0.220187 0.180811 -0.853838
0.107078 0.326975 -0.604353 0.581409 0.11909 -0.856588
0.071777 0.323622 -0.678452 0.690492 0.0399752 -0.805454
0.047722 0.319223 -0.736112 0.711209 -0.0527802 -0.436203
0.0315565 0.313417 -0.777275 0.708875 -0.150369 -0.179937
0.0206428 0.305574 -0.80514 0.705833 -0.24172 -0.146784
0.0131584 0.294837 -0.823591 0.701796 -0.318113 -0.146788
0.00791703 0.280026 -0.83582 0.696365 -0.376159 -0.149015
0.00416243 0.258063 -0.84405 0.68888 -0.417313 -0.151887
0.00141234 0.226258 -0.849712 0.678372 -0.445356 -0.15562
0.0525464 0.181158 -0.853704 0.663418 -0.464204 -0.160574
0.421797 0.119522 -0.856588 0.641844 -0.476929 -0.167271
0.678063 0.0404721 -0.856592 0.609617 -0.485658 -0.176461
0.711216 -0.0522614 -0.826621 0.563795 -0.491771 -0.189217
0.711212 -0.149885 -0.637833 0.501901 -0.496151 -0.208196
0.708985 -0.241318 -0.276602 0.42485 -0.464349 -0.235487
0.706113 -0.317813 -0.16751 0.338722 -0.243858 -0.274174
0.70238 -0.375951 -0.149015 0.253647 0.177988 -0.327025
0.697426 -0.417176 -0.151887 0.179548 0.305379 -0.39477
0.690729 -0.445269 -0.155654 0.121888 0.329573 -0.474195
0.681539 -0.464147 -0.160625 0.0807248 0.326848 -0.557759
0.668783 -0.476893 -0.167341 0.0528595 0.323295 -0.635982
0.649804 -0.485633 -0.176534 0.0344089 0.31858 -0.701397
0.622513 -0.491754 -0.189217 0.0221796 0.312238 -0.7511
0.583826 -0.496139 -0.208024 0.01395 0.303496 -0.78634
0.530975 -0.499351 -0.235258 0.00828797 0.291225 -0.810353
0.46323 -0.439635 -0.273876 0.0042959 0.273761 -0.826492
0.383805 -0.00841207 -0.326655 0.00141234 0.248567 -0.837389
0.300241 0.290863 -0.394344 0.00140809 0.210931 -0.844863
0.222018 0.329581 -0.473751 0.0313787 0.157417 -0.850097
0.156603 0.329577 -0.557345 0.220167 0.0851358 -0.853848
0.1069 0.326975 -0.635638 0.581398 -0.00484693 -0.826617
0.0716602 0.323622 -0.701139 0.69049 -0.10543 -0.637813
0.047647 0.319263 -0.750922 0.708985 -0.204783 -0.276591
0.0315083 0.313477 -0.786223 0.706113 -0.291318 -0.167508
0.0206113 0.305656 -0.810278 0.702346 -0.358656 -0.146791
0.0131374 0.294923 -0.826443 0.697375 -0.406727 -0.149125
0.0079027 0.280026 -0.837357 0.690659 -0.439269 -0.152167
0.00415238 0.257862 -0.844842 0.681466 -0.460816 -0.156204
0.0313834 0.225991 -0.850083 0.668783 -0.475098 -0.161635
0.220187 0.180811 -0.853838 0.649976 -0.484709 -0.16912
0.581409 0.11909 -0.856588 0.622742 -0.491321 -0.179628
0.690492 0.0399752 -0.805454 0.584124 -0.495983 -0.194582
0.711209 -0.0527802 -0.436203 0.531345 -0.499351 -0.216156
0.708875 -0.150369 -0.179937 0.463656 -0.499356 -0.248383
0.705833 -0.24172 -0.146784 0.384249 -0.464355 -0.294205
0.701796 -0.318113 -0.146788 0.300655 -0.243882 -0.356099
0.696365 -0.376159 -0.149015 0.222362 0.177976 -0.43315
0.68888 -0.417313 -0.151887 0.156861 0.305377 -0.519278
0.678372 -0.445356 -0.15562 0.107078 0.326975 -0.604353
0.663418 -0.464204 -0.160574 0.071777 0.323622 -0.678452
0.641844 -0.476929 -0.167271 0.047722 0.319223 -0.736112
0.609617 -0.485658 -0.176461 0.0315565 0.313417 -0.777275
0.563795 -0.491771 -0.189217 0.0206428 0.305574 -0.80514
0.501901 -0.496151 -0.208196 0.0131584 0.294837 -0.823591
0.42485 -0.464349 -0.235487 0.00791703 0.280026 -0.83582
0.338722 -0.243858 -0.274174 0.00416243 0.258063 -0.84405
0.253647 0.177988 -0.327025 0.00141234 0.226258 -0.849712
0.179548 0.305379 -0.39477 0.0525464 0.181158 -0.853704
0.121888 0.329573 -0.474195 0.421797 0.119522 -0.856588
0.0807248 0.326848 -0.557759 0.678063 0.0404721 -0.856592
0.0528595 0.323295 -0.635982 0.711216 -0.0522614 -0.826621
0.0344089 0.31858 -0.701397 0.711212 -0.149885 -0.637833
0.0221796 0.312238 -0.7511 0.708985 -0.241318 -0.276602
0.01395 0.303496 -0.78634 0.706113 -0.317813 -0.16751
0.00828797 0.291225 -0.810353 0.70238 -0.375951 -0.149015
0.0042959 0.273761 -0.826492 0.697426 -0.417176 -0.151887
0.00141234 0.248567 -0.837389 0.690729 -0.445269 -0.155654
0.00140809 0.210931 -0.844863 0.681539 -0.464147 -0.160625
0.0313787 0.157417 -0.850097 0.668783 -0.476893 -0.167341
0.220167 0.0851358 -0.853848 0.649804 -0.485633 -0.176534
0.581398 -0.00484693 -0.826617 0.622513 -0.491754 -0.189217
0.69049 -0.10543 -0.637813 0.583826 -0.496139 -0.208024
0.708985 -0.204783 -0.276591 0.530975 -0.499351 -0.235258
0.706113 -0.291318 -0.167508 0.46323 -0.439635 -0.273876
0.702346 -0.358656 -0.146791 0.383805 -0.00841207 -0.326655
0.697375 -0.406727 -0.149125 0.300241 0.290863 -0.394344
0.690659 -0.439269 -0.152167 0.222018 0.329581 -0.473751
0.681466 -0.460816 -0.156204 0.156603 0.329577 -0.557345
0.668783 -0.475098 -0.161635 0.1069 0.326975 -0.635638
0.649976 -0.484709 -0.16912 0.0716602 0.323622 -0.701139
0.622742 -0.491321 -0.179628 0.047647 0.319263 -0.750922
0.584124 -0.495983 -0.194582 0.0315083 0.313477 -0.786223
0.531345 -0.499351 -0.216156 0.0206113 0.305656 -0.810278
0.463656 -0.499356 -0.248383 0.0131374 0.294923 -0.826443
0.384249 -0.464355 -0.294205 0.0079027 0.280026 -0.837357
0.300655 -0.243882 -0.356099 0.00415238 0.257862 -0.844842
0.222362 0.177976 -0.43315 0.0313834 0.225991 -0.850083
0.156861 0.305377 -0.519278 0.220187 0.180811 -0.853838
0.107078 0.326975 -0.604353 0.581409 0.11909 -0.856588
0.071777 0.323622 -0.678452 0.690492 0.0399752 -0.805454
0.047722 0.319223 -0.736112 0.711209 -0.0527802 -0.436203
0.0315565 0.313417 -0.777275 0.708875 -0.150369 -0.179937
0.0206428 0.305574 -0.80514 0.705833 -0.24172 -0.146784
0.0131584 0.294837 -0.823591 0.701796 -0.318113 -0.146788
0.00791703 0.280026 -0.83582 0.696365 -0.376159 -0.149015
0.00416243 0.258063 -0.84405 0.68888 -0.417313 -0.151887
0.00141234 0.226258 -0.849712 0.678372 -0.445356 -0.15562
0.0525464 0.181158 -0.853704 0.663418 -0.464204 -0.160574
0.421797 0.119522 -0.856588 0.641844 -0.476929 -0.167271
0.678063 0.0404721 -0.856592 0.609617 -0.485658 -0.176461
0.711216 -0.0522614 -0.826621 0.563795 -0.491771 -0.189217
0.711212 -0.149885 -0.637833 0.501901 -0.496151 -0.208196
0.708985 -0.241318 -0.276602 0.42485 -0.464349 -0.235487
0.706113 -0.317813 -0.16751 0.338722 -0.243858 -0.274174
0.70238 -0.375951 -0.149015 0.253647 0.177988 -0.327025
0.697426 -0.417176 -0.151887 0.179548 0.305379 -0.39477
0.690729 -0.445269 -0.155654 0.121888 0.329573 -0.474195
0.681539 -0.464147 -0.160625 0.0807248 0.326848 -0.557759
0.668783 -0.476893 -0.167341 0.0528595 0.323295 -0.635982
0.649804 -0.485633 -0.176534 0.0344089 0.31858 -0.701397
0.622513 -0.491754 -0.189217 0.0221796 0.312238 -0.7511
0.583826 -0.496139 -0.208024 0.01395 0.303496 -0.78634
0.530975 -0.499351 -0.235258 0.00828797 0.291225 -0.810353
0.46323 -0.439635 -0.273876 0.0042959 0.273761 -0.826492
0.383805 -0.00841207 -0.326655 0.00141234 0.248567 -0.837389
0.300241 0.290863 -0.394344 0.00140809 0.210931 -0.844863
0.222018 0.329581 -0.473751 0.0313787 0.157417 -0.850097
0.156603 0.329577 -0.557345 0.220167 0.0851358 -0.853848
0.1069 0.326975 -0.635638 0.581398 -0.00484693 -0.826617
0.0716602 0.323622 -0.701139 0.69049 -0.10543 -0.637813
0.047647 0.319263 -0.750922 0.708985 -0.204783 -0.276591
0.0315083 0.313477 -0.786223 0.706113 -0.291318 -0.167508
0.0206113 0.305656 -0.810278 0.702346 -0.358656 -0.146791
0.0131374 0.294923 -0.826443 0.697375 -0.406727 -0.149125
0.0079027 0.280026 -0.837357 0.690659 -0.439269 -0.152167
0.00415238 0.257862 -0.844842 0.681466 -0.460816 -0.156204
0.0313834 0.225991 -0.850083 0.668783 -0.475098 -0.161635
0.220187 0.180811 -0.853838 0.649976 -0.484709 -0.16912
0.581409 0.11909 -0.856588 0.622742 -0.491321 -0.179628
0.690492 0.0399752 -0.805454 0.584124 -0.495983 -0.194582
0.711209 -0.0527802 -0.436203 0.531345 -0.499351 -0.216156
0.708875 -0.150369 -0.179937 0.463656 -0.499356 -0.248383
0.705833 -0.24172 -0.146784 0.384249 -0.464355 -0.294205
0.701796 -0.318113 -0.146788 0.300655 -0.243882 -0.356099
0.696365 -0.376159 -0.149015 0.222362 0.177976 -0.43315
0.68888 -0.417313 -0.151887 0.156861 0.305377 -0.519278
0.678372 -0.445356 -0.15562 0.107078 0.326975 -0.604353
0.663418 -0.464204 -0.160574 0.071777 0.323622 -0.678452
0.641844 -0.476929 -0.167271 0.047722 0.319223 -0.736112
0.609617 -0.485658 -0.176461 0.0315565 0.313417 -0.777275
0.563795 -0.491771 -0.189217 0.0206428 0.305574 -0.80514
0.501901 -0.496151 -0.208196 0.0131584 0.294837 -0.823591
0.42485 -0.464349 -0.235487 0.00791703 0.280026 -0.83582
0.338722 -0.243858 -0.274174 0.00416243 0.258063 -0.84405
0.253647 0.177988 -0.327025 0.00141234 0.226258 -0.849712
0.179548 0.305379 -0.39477 0.0525464 0.181158 -0.853704
0.121888 0.329573 -0.474195 0.421797 0.119522 -0.856588
0.0807248 0.326848 -0.557759 0.678063 0.0404721 -0.856592
0.0528595 0.323295 -0.635982 0.711216 -0.0522614 -0.826621
0.0344089 0.31858 -0.701397 0.711212 -0.149885 -0.637833
0.0221796 0.312238 -0.7511 0.708985 -0.241318 -0.276602
0.01395 0.303496 -0.78634 0.706113 -0.317813 -0.16751
0.00828797 0.291225 -0.810353 0.70238 -0.375951 -0.149015
0.0042959 0.273761 -0.826492 0.697426 -0.417176 -0.151887
0.00141234 0.248567 -0.837389 0.690729 -0.445269 -0.155654
0.00140809 0.210931 -0.844863 0.681539 -0.464147 -0.160625
0.0313787 0.157417 -0.850097 0.668783 -0.476893 -0.167341
0.220167 0.0851358 -0.853848 0.649804 -0.485633 -0.176534
0.581398 -0.00484693 -0.826617 0.622513 -0.491754 -0.189217
0.69049 -0.10543 -0.637813 0.583826 -0.496139 -0.208024
0.708985 -0.204783 -0.276591 0.530975 -0.499351 -0.235258
0.706113 -0.291318 -0.167508 0.46323 -0.439635 -0.273876
0.702346 -0.358656 -0.146791 0.383805 -0.00841207 -0.326655
0.697375 -0.406727 -0.149125 0.300241 0.290863 -0.394344
0.690659 -0.439269 -0.152167 0.222018 0.329581 -0.473751
0.681466 -0.460816 -0.156204 0.156603 0.329577 -0.557345
0.668783 -0.475098 -0.161635 0.1069 0.326975 -0.635638
0.649976 -0.484709 -0.16912 0.0716602 0.323622 -0.701139
0.622742 -0.491321 -0.179628 0.047647 0.319263 -0.750922
0.584124 -0.495983 -0.194582 0.0315083 0.313477 -0.786223
0.531345 -0.499351 -0.216156 0.0206113 0.305656 -0.810278
0.463656 -0.499356 -0.248383 0.0131374 0.294923 -0.826443
0.384249 -0.464355 -0.294205 0.0079027 0.280026 -0.837357
0.300655 -0.243882 -0.356099 0.00415238 0.257862 -0.844842
0.222362 0.177976 -0.43315 0.0313834 0.225991 -0.850083
0.156861 0.305377 -0.519278 0.220187 0.180811 -0.853838
0.107078 0.326975 -0.604353 0.581409 0.11909 -0.856588
0.071777 0.323622 -0.678452 0.690492 0.0399752 -0.805454
0.047722 0.319223 -0.736112 0.711209 -0.0527802 -0.436203
0.0315565 0.313417 -0.777275 0.708875 -0.150369 -0.179937
0.0206428 0.305574 -0.80514 0.705833 -0.24172 -0.146784
0.0131584 0.294837 -0.823591 0.701796 -0.318113 -0.146788
0.00791703 0.280026 -0.83582 0.696365 -0.376159 -0.149015
0.00416243 0.258063 -0.84405 0.68888 -0.417313 -0.151887
0.00141234 0.226258 -0.849712 0.678372 -0.445356 -0.15562
0.0525464 0.181158 -0.853704 0.663418 -0.464204 -0.160574
0.421797 0.119522 -0.856588 0.641844 -0.476929 -0.167271
0.678063 0.0404721 -0.856592 0.609617 -0.485658 -0.176461
0.711216 -0.0522614 -0.826621 0.563795 -0.491771 -0.189217
0.711212 -0.149885 -0.637833 0.501901 -0.496151 -0.208196
0.708985 -0.241318 -0.276602 0.42485 -0.464349 -0.235487
0.706113 -0.317813 -0.16751 0.338722 -0.243858 -0.274174
0.70238 -0.375951 -0.149015 0.253647 0.177988 -0.327025
0.697426 -0.417176 -0.151887 0.179548 0.305379 -0.39477
0.690729 -0.445269 -0.155654 0.121888 0.329573 -0.474195
0.681539 -0.464147 -0.160625 0.0807248 0.326848 -0.557759
0.668783 -0.476893 -0.167341 0.0528595 0.323295 -0.635982
0.649804 -0.485633 -0.176534 0.0344089 0.31858 -0.701397
0.622513 -0.491754 -0.189217 0.0221796 0.312238 -0.7511
0.583826 -0.496139 -0.208024 0.01395 0.303496 -0.78634
0.530975 -0.499351 -0.235258 0.00828797 0.291225 -0.810353
0.46323 -0.439635 -0.273876 0.0042959 0.273761 -0.826492
0.383805 -0.00841207 -0.326655 0.00141234 0.248567 -0.837389
0.300241 0.290863 -0.394344 0.00140809 0.210931 -0.844863
0.222018 0.329581 -0.473751 0.0313787 0.157417 -0.850097
0.156603 0.329577 -0.557345 0.220167 0.0851358 -0.853848
0.1069 0.326975 -0.635638 0.581398 -0.00484693 -0.826617
0.0716602 0.323622 -0.701139 0.69049 -0.10543 -0.637813
0.047647 0.319263 -0.750922 0.708985 -0.204783 -0.276591
0.0315083 0.313477 -0.786223 0.706113 -0.291318 -0.167508
0.0206113 0.305656 -0.810278 0.702346 -0.358656 -0.146791
0.0131374 0.294923 -0.826443 0.697375 -0.406727 -0.149125
0.0079027 0.280026 -0.837357 0.690659 -0.439269 -0.152167
0.00415238 0.257862 -0.844842 0.681466 -0.460816 -0.156204
0.0313834 0.225991 -0.850083 0.668783 -0.475098 -0.161635
0.220187 0.180811 -0.853838 0.649976 -0.484709 -0.16912
0.581409 0.11909 -0.856588 0.622742 -0.491321 -0.179628
0.690492 0.0399752 -0.805454 0.584124 -0.495983 -0.194582
0.711209 -0.0527802 -0.436203 0.531345 -0.499351 -0.216156
0.708875 -0.150369 -0.179937 0.463656 -0.499356 -0.248383
0.705833 -0.24172 -0.146784 0.384249 -0.464355 -0.294205
0.701796 -0.318113 -0.146788 0.300655 -0.243882 -0.356099
0.696365 -0.376159 -0.149015 0.222362 0.177976 -0.43315
0.68888 -0.417313 -0.151887 0.156861 0.305377 -0.519278
0.678372 -0.445356 -0.15562 0.107078 0.326975 -0.604353
0.663418 -0.464204 -0.160574 0.071777 0.323622 -0.678452
0.641844 -0.476929 -0.167271 0.047722 0.319223 -0.736112
0.609617 -0.485658 -0.176461 0.0315565 0.313417 -0.777275
0.563795 -0.491771 -0.189217 0.0206428 0.305574 -0.80514
0.501901 -0.496151 -0.208196 0.0131584 0.294837 -0.823591
0.42485 -0.464349 -0.235487 0.00791703 0.280026 -0.83582
0.338722 -0.243858 -0.274174 0.00416243 0.258063 -0.84405
0.253647 0.177988 -0.327025 0.00141234 0.226258 -0.849712
0.179548 0.305379 -0.39477 0.0525464 0.181158 -0.853704
0.121888 0.329573 -0.474195 0.421797 0.119522 -0.856588
0.0807248 0.326848 -0.557759 0.678063 0.0404721 -0.856592
0.0528595 0.323295 -0.635982 0.711216 -0.0522614 -0.826621
0.0344089 0.31858 -0.701397 0.711212 -0.149885 -0.637833
0.0221796 0.312238 -0.7511 0.708985 -0.241318 -0.276602
0.01395 0.303496 -0.78634 0.706113 -0.317813 -0.16751
0.00828797 0.291225 -0.810353 0.70238 -0.375951 -0.149015
0.0042959 0.273761 -0.826492 0.697426 -0.417176 -0.151887
0.00141234 0.248567 -0.837389 0.690729 -0.445269 -0.155654
0.00140809 0.210931 -0.844863 0.681539 -0.464147 -0.160625
0.0313787 0.157417 -0.850097 0.668783 -0.476893 -0.167341
0.220167 0.0851358 -0.853848 0.649804 -0.485633 -0.176534
0.581398 -0.00484693 -0.826617 0.622513 -0.491754 -0.189217
0.69049 -0.10543 -0.637813 0.583826 -0.496139 -0.208024
0.708985 -0.204783 -0.276591 0.530975 -0.499351 -0.235258
0.706113 -0.291318 -0.167508 0.46323 -0.439635 -0.273876
0.702346 -0.358656 -0.146791 0.383805 -0.00841207 -0.326655
0.697375 -0.406727 -0.149125 0.300241 0.290863 -0.394344
0.690659 -0.439269 -0.152167 0.222018 0.329581 -0.473751
0.681466 -0.460816 -0.156204 0.156603 0.329577 -0.557345
0.668783 -0.475098 -0.161635 0.1069 0.326975 -0.635638
0.649976 -0.484709 -0.16912 0.0716602 0.323622 -0.701139
0.622742 -0.491321 -0.179628 0.047647 0.319263 -0.750922
0.584124 -0.495983 -0.194582 0.0315083 0.313477 -0.786223
0.531345 -0.499351 -0.216156 0.0206113 0.305656 -0.810278
0.463656 -0.499356 -0.248383 0.0131374 0.294923 -0.826443
0.384249 -0.464355 -0.294205 0.0079027 0.280026 -0.837357
0.300655 -0.243882 -0.356099 0.00415238 0.257862 -0.844842
0.222362 0.177976 -0.43315 0.0313834 0.225991 -0.850083
0.156861 0.305377 -0.519278 0.220187 0.180811 -0.853838
0.107078 0.326975 -0.604353 0.581409 0.11909 -0.856588
0.071777 0.323622 -0.678452 0.690492 0.0399752 -0.805454
0.047722 0.319223 -0.736112 0.711209 -0.0527802 -0.436203
0.0315565 0.313417 -0.777275 0.708875 -0.150369 -0.179937
0.0206428 0.305574 -0.80514 0.705833 -0.24172 -0.146784
0.0131584 0.294837 -0.823591 0.701796 -0.318113 -0.146788
0.00791703 0.280026 -0.83582 0.696365 -0.376159 -0.149015
0.00416243 0.258063 -0.84405 0.68888 -0.417313 -0.151887
0.00141234 0.226258 -0.849712 0.678372 -0.445356 -0.15562
0.0525464 0.181158 -0.853704 0.663418 -0.464204 -0.160574
0.421797 0.119522 -0.856588 0.641844 -0.476929 -0.167271
0.678063 0.0404721 -0.856592 0.609617 -0.485658 -0.176461
0.711216 -0.0522614 -0.826621 0.563795 -0.491771 -0.189217
0.711212 -0.149885 -0.637833 0.501901 -0.496151 -0.208196
0.708985 -0.241318 -0.276602 0.42485 -0.464349 -0.235487
0.706113 -0.317813 -0.16751 0.338722 -0.243858 -0.274174
0.70238 -0.375951 -0.149015 0.253647 0.177988 -0.327025
0.697426 -0.417176 -0.151887 0.179548 0.305379 -0.39477
0.690729 -0.445269 -0.155654 0.121888 0.329573 -0.474195
0.681539 -0.464147 -0.160625 0.0807248 0.326848 -0.557759
0.668783 -0.476893 -0.167341 0.0528595 0.323295 -0.635982
0.649804 -0.485633 -0.176534 0.0344089 0.31858 -0.701397
0.622513 -0.491754 -0.189217 0.0221796 0.312238 -0.7511
0.583826 -0.496139 -0.208024 0.01395 0.303496 -0.78634
0.530975 -0.499351 -0.235258 0.00828797 0.291225 -0.810353
0.46323 -0.439635 -0.273876 0.0042959 0.273761 -0.826492
0.383805 -0.00841207 -0.326655 0.00141234 0.248567 -0.837389
0.300241 0.290863 -0.394344 0.00140809 0.210931 -0.844863
0.222018 0.329581 -0.473751 0.0313787 0.157417 -0.850097
0.156603 0.329577 -0.557345 0.220167 0.0851358 -0.853848
0.1069 0.326975 -0.635638 0.581398 -0.00484693 -0.826617
0.0716602 0.323622 -0.701139 0.69049 -0.10543 -0.637813
0.047647 0.319263 -0.750922 0.708985 -0.204783 -0.276591
0.0315083 0.313477 -0.786223 0.706113 -0.291318 -0.167508
0.0206113 0.305656 -0.810278 0.702346 -0.358656 -0.146791
0.0131374 0.294923 -0.826443 0.697375 -0.406727 -0.149125
0.0079027 0.280026 -0.837357 0.690659 -0.439269 -0.152167
0.00415238 0.257862 -0.844842 0.681466 -0.460816 -0.156204
0.0313834 0.225991 -0.850083 0.668783 -0.475098 -0.161635
0.220187 0.180811 -0.853838 0.649976 -0.484709 -0.16912
0.581409 0.11909 -0.856588 0.622742 -0.491321 -0.179628
0.690492 0.0399752 -0.805454 0.584124 -0.495983 -0.194582
0.711209 -0.0527802 -0.436203 0.531345 -0.499351 -0.216156
0.708875 -0.150369 -0.179937 0.463656 -0.499356 -0.248383
0.705833 -0.24172 -0.146784 0.384249 -0.464355 -0.294205
0.701796 -0.318113 -0.146788 0.300655 -0.243882 -0.356099
0.696365 -0.376159 -0.149015 0.222362 0.177976 -0.43315
0.68888 -0.417313 -0.151887 0.156861 0.305377 -0.519278
0.678372 -0.445356 -0.15562 0.107078 0.326975 -0.604353
0.663418 -0.464204 -0.160574 0.071777 0.323622 -0.678452
0.641844 -0.476929 -0.167271 0.047722 0.319223 -0.736112
0.609617 -0.485658 -0.176461 0.0315565 0.313417 -0.777275
0.563795 -0.491771 -0.189217 0.0206428 0.305574 -0.80514
0.501901 -0.496151 -0.208196 0.0131584 0.294837 -0.823591
0.42485 -0.464349 -0.235487 0.00791703 0.280026 -0.83582
0.338722 -0.243858 -0.274174 0.00416243 0.258063 -0.84405
0.253647 0.177988 -0.327025 0.00141234 0.226258 -0.849712
0.179548 0.305379 -0.39477 0.0525464 0.181158 -0.853704
0.121888 0.329573 -0.474195 0.421797 0.119522 -0.856588
0.0807248 0.326848 -0.557759 0.678063 0.0404721 -0.856592
0.0528595 0.323295 -0.635982 0.711216 -0.0522614 -0.826621
0.0344089 0.31858 -0.701397 0.711212 -0.149885 -0.637833
0.0221796 0.312238 -0.7511 0.708985 -0.241318 -0.276602
0.01395 0.303496 -0.78634 0.706113 -0.317813 -0.16751
0.00828797 0.291225 -0.810353 0.70238 -0.375951 -0.149015
0.0042959 0.273761 -0.826492 0.697426 -0.417176 -0.151887
0.00141234 0.248567 -0.837389 0.690729 -0.445269 -0.155654
0.00140809 0.210931 -0.844863 0.681539 -0.464147 -0.160625
0.0313787 0.157417 -0.850097 0.668783 -0.476893 -0.167341
0.220167 0.0851358 -0.853848 0.649804 -0.485633 -0.176534
0.581398 -0.00484693 -0.826617 0.622513 -0.491754 -0.189217
0.69049 -0.10543 -0.637813 0.583826 -0.496139 -0.208024
0.708985 -0.204783 -0.276591 0.530975 -0.499351 -0.235258
0.706113 -0.291318 -0.167508 0.46323 -0.439635 -0.273876
0.702346 -0.358656 -0.146791 0.383805 -0.00841207 -0.326655
0.697375 -0.406727 -0.149125 0.300241 0.290863 -0.394344
0.690659 -0.439269 -0.152167 0.222018 0.329581 -0.473751
0.681466 -0.460816 -0.156204 0.156603 0.329577 -0.557345
0.668783 -0.475098 -0.161635 0.1069 0.326975 -0.635638
0.649976 -0.484709 -0.16912 0.0716602 0.323622 -0.701139
0.622742 -0.491321 -0.179628 0.047647 0.319263 -0.750922
0.584124 -0.495983 -0.194582 0.0315083 0.313477 -0.786223
0.531345 -0.499351 -0.216156 0.0206113 0.305656 -0.810278
0.463656 -0.499356 -0.248383 0.0131374 0.294923 -0.826443
0.384249 -0.464355 -0.294205 0.0079027 0.280026 -0.837357
0.300655 -0.243882 -0.356099 0.00415238 0.257862 -0.844842
0.222362 0.177976 -0.43315 0.0313834 0.225991 -0.850083
0.156861 0.305377 -0.519278 0.220187 0.180811 -0.853838
0.107078 0.326975 -0.604353 0.581409 0.11909 -0.856588
0.071777 0.323622 -0.678452 0.690492 0.0399752 -0.805454
0.047722 0.319223 -0.736112 0.711209 -0.0527802 -0.436203
0.0315565 0.313417 -0.777275 0.708875 -0.150369 -0.179937
0.0206428 0.305574 -0.80514 0.705833 -0.24172 -0.146784
0.0131584 0.294837 -0.823591 0.701796 -0.318113 -0.146788
0.00791703 0.280026 -0.83582 0.696365 -0.376159 -0.149015
0.00416243 0.258063 -0.84405 0.68888 -0.417313 -0.151887
0.00141234 0.226258 -0.849712 0.678372 -0.445356 -0.15562
0.0525464 0.181158 -0.853704 0.663418 -0.464204 -0.160574
0.421797 0.119522 -0.856588 0.641844 -0.476929 -0.167271
0.678063 0.0404721 -0.856592 0.609617 -0.485658 -0.176461
0.711216 -0.0522614 -0.826621 0.563795 -0.491771 -0.189217
0.711212 -0.149885 -0.637833 0.501901 -0.496151 -0.208196
0.708985 -0.241318 -0.276602 0.42485 -0.464349 -0.235487
0.706113 -0.317813 -0.16751 0.338722 -0.243858 -0.274174
0.70238 -0.375951 -0.149015 0.253647 0.177988 -0.327025
0.697426 -0.417176 -0.151887 0.179548 0.305379 -0.39477
0.690729 -0.445269 -0.155654 0.121888 0.329573 -0.474195
0.681539 -0.464147 -0.160625 0.0807248 0.326848 -0.557759
0.668783 -0.476893 -0.167341 0.0528595 0.323295 -0.635982
0.649804 -0.485633 -0.176534 0.0344089 0.31858 -0.701397
0.622513 -0.491754 -0.189217 0.0221796 0.312238 -0.7511
0.583826 -0.496139 -0.208024 0.01395 0.303496 -0.78634
0.530975 -0.499351 -0.235258 0.00828797 0.291225 -0.810353
0.46323 -0.439635 -0.273876 0.0042959 0.273761 -0.826492
0.383805 -0.00841207 -0.326655 0.00141234 0.248567 -0.837389
0.300241 0.290863 -0.394344 0.00140809 0.210931 -0.844863
0.222018 0.329581 -0.473751 0.0313787 0.157417 -0.850097
0.156603 0.329577 -0.557345 0.220167 0.0851358 -0.853848
0.1069 0.326975 -0.635638 0.581398 -0.00484693 -0.826617
0.0716602 0.323622 -0.701139 0.69049 -0.10543 -0.637813
0.047647 0.319263 -0.750922 0.708985 -0.204783 -0.276591
0.0315083 0.313477 -0.786223 0.706113 -0.291318 -0.167508
0.0206113 0.305656 -0.810278 0.702346 -0.358656 -0.146791
0.0131374 0.294923 -0.826443 0.697375 -0.406727 -0.149125
0.0079027 0.280026 -0.837357 0.690659 -0.439269 -0.152167
0.00415238 0.257862 -0.844842 0.681466 -0.460816 -0.156204
0.0313834 0.225991 -0.850083 0.668783 -0.475098 -0.161635
0.220187 0.180811 -0.853838 0.649976 -0.484709 -0.16912
0.581409 0.11909 -0.856588 0.622742 -0.491321 -0.179628
0.690492 0.0399752 -0.805454 0.584124 -0.495983 -0.194582
0.711209 -0.0527802 -0.436203 0.531345 -0.499351 -0.216156
0.708875 -0.150369 -0.179937 0.463656 -0.499356 -0.248383
0.705833 -0.24172 -0.146784 0.384249 -0.464355 -0.294205
0.701796 -0.318113 -0.146788 0.300655 -0.243882 -0.356099
0.696365 -0.376159 -0.149015 0.222362 0.177976 -0.43315
0.68888 -0.417313 -0.151887 0.156861 0.305377 -0.519278
0.678372 -0.445356 -0.15562 0.107078 0.326975 -0.604353
0.663418 -0.464204 -0.160574 0.071777 0.323622 -0.678452
0.641844 -0.476929 -0.167271 0.047722 0.319223 -0.736112
0.609617 -0.485658 -0.176461 0.0315565 0.313417 -0.777275
0.563795 -0.491771 -0.189217 0.0206428 0.305574 -0.80514
0.501901 -0.496151 -0.208196 0.0131584 0.294837 -0.823591
0.42485 -0.464349 -0.235487 0.00791703 0.280026 -0.83582
0.338722 -0.243858 -0.274174 0.00416243 0.258063 -0.84405
0.253647 0.177988 -0.327025 0.00141234 0.226258 -0.849712
0.179548 0.305379 -0.39477 0.0525464 0.181158 -0.853704
0.121888 0.329573 -0.474195 0.421797 0.119522 -0.856588
0.0807248 0.326848 -0.557759 0.678063 0.0404721 -0.856592
0.0528595 0.323295 -0.635982 0.711216 -0.0522614 -0.826621
0.0344089 0.31858 -0.701397 0.711212 -0.149885 -0.637833
0.0221796 0.312238 -0.7511 0.708985 -0.241318 -0.276602
0.01395 0.303496 -0.78634 0.706113 -0.317813 -0.16751
0.00828797 0.291225 -0.810353 0.70238 -0.375951 -0.149015
0.0042959 0.273761 -0.826492 0.697426 -0.417176 -0.151887
0.00141234 0.248567 -0.837389 0.690729 -0.445269 -0.155654
0.00140809 0.210931 -0.844863 0.681539 -0.464147 -0.160625
0.0313787 0.157417 -0.850097 0.668783 -0.476893 -0.167341
0.220167 0.0851358 -0.853848 0.649804 -0.485633 -0.176534
0.581398 -0.00484693 -0.826617 0.622513 -0.491754 -0.189217
0.69049 -0.10543 -0.637813 0.583826 -0.496139 -0.208024
0.708985 -0.204783 -0.276591 0.530975 -0.499351 -0.235258
0.706113 -0.291318 -0.167508 0.46323 -0.439635 -0.273876
0.702346 -0.358656 -0.146791 0.383805 -0.00841207 -0.326655
0.697375 -0.406727 -0.149125 0.300241 0.290863 -0.394344
0.690659 -0.439269 -0.152167 0.222018 0.329581 -0.473751
0.681466 -0.460816 -0.156204 0.156603 0.329577 -0.557345
0.668783 -0.475098 -0.161635 0.1069 0.326975 -0.635638
0.649976 -0.484709 -0.16912 0.0716602 0.323622 -0.701139
0.622742 -0.491321 -0.179628 0.047647 0.319263 -0.750922
0.584124 -0.495983 -0.194582 0.0315083 0.313477 -0.786223
0.531345 -0.499351 -0.216156 0.0206113 0.305656 -0.810278
0.463656 -0.499356 -0.248383 0.0131374 0.294923 -0.826443
0.384249 -0.464355 -0.294205 0.0079027 0.280026 -0.837357
0.300655 -0.243882 -0.356099 0.00415238 0.257862 -0.844842
0.222362 0.177976 -0.43315 0.0313834 0.225991 -0.850083
0.156861 0.305377 -0.519278 0.220187 0.180811 -0.853838
0.107078 0.326975 -0.604353 0.581409 0.11909 -0.856588
0.071777 0.323622 -0.678452 0.690492 0.0399752 -0.805454
0.047722 0.319223 -0.736112 0.711209 -0.0527802 -0.436203
0.0315565 0.313417 -0.777275 0.708875 -0.150369 -0.179937
0.0206428 0.305574 -0.80514 0.705833 -0.24172 -0.146784
0.0131584 0.294837 -0.823591 0.701796 -0.318113 -0.146788
0.00791703 0.280026 -0.83582 0.696365 -0.376159 -0.149015
0.00416243 0.258063 -0.84405 0.68888 -0.417313 -0.151887
0.00141234 0.226258 -0.849712 0.678372 -0.445356 -0.15562
0.0525464 0.181158 -0.853704 0.663418 -0.464204 -0.160574
0.421797 0.119522 -0.856588 0.641844 -0.476929 -0.167271
0.678063 0.0404721 -0.856592 0.609617 -0.485658 -0.176461
0.711216 -0.0522614 -0.826621 0.563795 -0.491771 -0.189217
0.711212 -0.149885 -0.637833 0.501901 -0.496151 -0.208196
0.708985 -0.241318 -0.276602 0.42485 -0.464349 -0.235487
0.706113 -0.317813 -0.16751 0.338722 -0.243858 -0.274174
0.70238 -0.375951 -0.149015 0.253647 0.177988 -0.327025
0.697426 -0.417176 -0.151887 0.179548 0.305379 -0.39477
0.690729 -0.445269 -0.155654 0.121888 0.329573 -0.474195
0.681539 -0.464147 -0.160625 0.0807248 0.326848 -0.557759
0.668783 -0.476893 -0.167341 0.0528595 0.323295 -0.635982
0.649804 -0.485633 -0.176534 0.0344089 0.31858 -0.701397
0.622513 -0.491754 -0.189217 0.0221796 0.312238 -0.7511
0.583826 -0.496139 -0.208024 0.01395 0.303496 -0.78634
0.530975 -0.499351 -0.235258 0.00828797 0.291225 -0.810353
0.46323 -0.439635 -0.273876 0.0042959 0.273761 -0.826492
0.383805 -0.00841207 -0.326655 0.00141234 0.248567 -0.837389
0.300241 0.290863 -0.394344 0.00140809 0.210931 -0.844863
0.222018 0.329581 -0.473751 0.0313787 0.157417 -0.850097
0.156603 0.329577 -0.557345 0.220167 0.0851358 -0.853848
0.1069 0.326975 -0.635638 0.581398 -0.00484693 -0.826617
0.0716602 0.323622 -0.701139 0.69049 -0.10543 -0.637813
0.047647 0.319263 -0.750922 0.708985 -0.204783 -0.276591
0.0315083 0.313477 -0.786223 0.706113 -0.291318 -0.167508
0.0206113 0.305656 -0.810278 0.702346 -0.358656 -0.146791
0.0131374 0.294923 -0.826443 0.697375 -0.406727 -0.149125
0.0079027 0.280026 -0.837357 0.690659 -0.439269 -0.152167
0.00415238 0.257862 -0.844842 0.681466 -0.460816 -0.156204
0.0313834 0.225991 -0.850083 0.668783 -0.475098 -0.161635
0.220187 0.180811 -0.853838 0.649976 -0.484709 -0.16912
0.581409 0.11909 -0.856588 0.622742 -0.491321 -0.179628
0.690492 0.0399752 -0.805454 0.584124 -0.495983 -0.194582
0.711209 -0.0527802 -0.436203 0.531345 -0.499351 -0.216156
0.708875 -0.150369 -0.179937 0.463656 -0.499356 -0.248383
0.705833 -0.24172 -0.146784 0.384249 -0.464355 -0.294205
0.701796 -0.318113 -0.146788 0.300655 -0.243882 -0.356099
0.696365 -0.376159 -0.149015 0.222362 0.177976 -0.43315
0.68888 -0.417313 -0.151887 0.156861 0.305377 -0.519278
0.678372 -0.445356 -0.15562 0.107078 0.326975 -0.604353
0.663418 -0.464204 -0.160574 0.071777 0.323622 -0.678452
0.641844 -0.476929 -0.167271 0.047722 0.319223 -0.736112
0.609617 -0.485658 -0.176461 0.0315565 0.313417 -0.777275
0.563795 -0.491771 -0.189217 0.0206428 0.305574 -0.80514
0.501901 -0.496151 -0.208196 0.0131584 0.294837 -0.823591
0.42485 -0.464349 -0.235487 0.00791703 0.280026 -0.83582
0.338722 -0.243858 -0.274174 0.00416243 0.258063 -0.84405
0.253647 0.177988 -0.327025 0.00141234 0.226258 -0.849712
0.179548 0.305379 -0.39477 0.0525464 0.181158 -0.853704
0.121888 0.329573 -0.474195 0.421797 0.119522 -0.856588
0.0807248 0.326848 -0.557759 0.678063 0.0404721 -0.856592
0.0528595 0.323295 -0.635982 0.711216 -0.0522614 -0.826621
0.0344089 0.31858 -0.701397 0.711212 -0.149885 -0.637833
0.0221796 0.312238 -0.7511 0.708985 -0.241318 -0.276602
0.01395 0.303496 -0.78634 0.706113 -0.317813 -0.16751
0.00828797 0.291225 -0.810353 0.70238 -0.375951 -0.149015
0.0042959 0.273761 -0.826492 0.697426 -0.417176 -0.151887
0.00141234 0.248567 -0.837389 0.690729 -0.445269 -0.155654
0.00140809 0.210931 -0.844863 0.681539 -0.464147 -0.160625
0.0313787 0.157417 -0.850097 0.668783 -0.476893 -0.167341
0.220167 0.0851358 -0.853848 0.649804 -0.485633 -0.176534
0.581398 -0.00484693 -0.826617 0.622513 -0.491754 -0.189217
0.69049 -0.10543 -0.637813 0.583826 -0.496139 -0.208024
0.708985 -0.204783 -0.276591 0.530975 -0.499351 -0.235258
0.706113 -0.291318 -0.167508 0.46323 -0.439635 -0.273876
0.702346 -0.358656 -0.146791 0.383805 -0.00841207 -0.326655
0.697375 -0.406727 -0.149125 0.300241 0.290863 -0.394344
0.690659 -0.439269 -0.152167 0.222018 0.329581 -0.473751
0.681466 -0.460816 -0.156204 0.156603 0.329577 -0.557345
0.668783 -0.475098 -0.161635 0.1069 0.326975 -0.635638
0.649976 -0.484709 -0.16912 0.0716602 0.323622 -0.701139
0.622742 -0.491321 -0.179628 0.047647 0.319263 -0.750922
0.584124 -0.495983 -0.194582 0.0315083 0.313477 -0.786223
0.531345 -0.499351 -0.216156 0.0206113 0.305656 -0.810278
0.463656 -0.499356 -0.248383 0.0131374 0.294923 -0.826443
0.384249 -0.464355 -0.294205 0.0079027 0.280026 -0.837357
0.300655 -0.243882 -0.356099 0.00415238 0.257862 -0.844842
0.222362 0.177976 -0.43315 0.0313834 0.225991 -0.850083
0.156861 0.305377 -0.519278 0.220187 0.180811 -0.853838
0.107078 0.326975 -0.604353 0.581409 0.11909 -0.856588
0.071777 0.323622 -0.678452 0.690492 0.0399752 -0.805454
0.047722 0.319223 -0.736112 0.711209 -0.0527802 -0.436203
0.0315565 0.313417 -0.777275 0.708875 -0.150369 -0.179937
0.0206428 0.305574 -0.80514 0.705833 -0.24172 -0.146784
0.0131584 0.294837 -0.823591 0.701796 -0.318113 -0.146788
0.00791703 0.280026 -0.83582 0.696365 -0.376159 -0.149015
0.00416243 0.258063 -0.84405 0.68888 -0.417313 -0.151887
0.00141234 0.226258 -0.849712 0.678372 -0.445356 -0.15562
0.0525464 0.181158 -0.853704 0.663418 -0.464204 -0.160574
0.421797 0.119522 -0.856588 0.641844 -0.476929 -0.167271
0.678063 0.0404721 -0.856592 0.609617 -0.485658 -0.176461
0.711216 -0.0522614 -0.826621 0.563795 -0.491771 -0.189217
0.711212 -0.149885 -0.637833 0.501901 -0.496151 -0.208196
0.708985 -0.241318 -0.276602 0.42485 -0.464349 -0.235487
0.706113 -0.317813 -0.16751 0.338722 -0.243858 -0.274174
0.70238 -0.375951 -0.149015 0.253647 0.177988 -0.327025
0.697426 -0.417176 -0.151887 0.179548 0.305379 -0.39477
0.690729 -0.445269 -0.155654 0.121888 0.329573 -0.474195
0.681539 -0.464147 -0.160625 0.0807248 0.326848 -0.557759
0.668783 -0.476893 -0.167341 0.0528595 0.323295 -0.635982
0.649804 -0.485633 -0.176534 0.0344089 0.31858 -0.701397
0.622513 -0.491754 -0.189217 0.0221796 0.312238 -0.7511
0.583826 -0.496139 -0.208024 0.01395 0.303496 -0.78634
0.530975 -0.499351 -0.235258 0.00828797 0.291225 -0.810353
0.46323 -0.439635 -0.273876 0.0042959 0.273761 -0.826492
0.383805 -0.00841207 -0.326655 0.00141234 0.248567 -0.837389
0.300241 0.290863 -0.394344 0.00140809 0.210931 -0.844863
0.222018 0.329581 -0.473751 0.0313787 0.157417 -0.850097
0.156603 0.329577 -0.557345 0.220167 0.0851358 -0.853848
0.1069 0.326975 -0.635638 0.581398 -0.00484693 -0.826617
0.0716602 0.323622 -0.701139 0.69049 -0.10543 -0.637813
0.047647 0.319263 -0.750922 0.708985 -0.204783 -0.276591
0.0315083 0.313477 -0.786223 0.706113 -0.291318 -0.167508
0.0206113 0.305656 -0.810278 0.702346 -0.358656 -0.146791
0.0131374 0.294923 -0.826443 0.697375 -0.406727 -0.149125
0.0079027 0.280026 -0.837357 0.690659 -0.439269 -0.152167
0.00415238 0.257862 -0.844842 0.681466 -0.460816 -0.156204
0.0313834 0.225991 -0.850083 0.668783 -0.475098 -0.161635
0.220187 0.180811 -0.853838 0.649976 -0.484709 -0.16912
0.581409 0.11909 -0.856588 0.622742 -0.491321 -0.179628
0.690492 0.0399752 -0.805454 0.584124 -0.495983 -0.194582
0.711209 -0.0527802 -0.436203 0.531345 -0.499351 -0.216156
0.708875 -0.150369 -0.179937 0.463656 -0.499356 -0.248383
0.705833 -0.24172 -0.146784 0.384249 -0.464355 -0.294205
0.701796 -0.318113 -0.146788 0.300655 -0.243882 -0.356099
0.696365 -0.376159 -0.149015 0.222362 0.177976 -0.43315
0.68888 -0.417313 -0.151887 0.156861 0.305377 -0.519278
0.678372 -0.445356 -0.15562 0.107078 0.326975 -0.604353
0.663418 -0.464204 -0.160574 0.071777 0.323622 -0.678452
0.641844 -0.476929 -0.167271 0.047722 0.319223 -0.736112
0.609617 -0.485658 -0.176461 0.0315565 0.313417 -0.777275
0.563795 -0.491771 -0.189217 0.0206428 0.305574 -0.80514
0.501901 -0.496151 -0.208196 0.0131584 0.294837 -0.823591
0.42485 -0.464349 -0.235487 0.00791703 0.280026 -0.83582
0.338722 -0.243858 -0.274174 0.00416243 0.258063 -0.84405
0.253647 0.177988 -0.327025 0.00141234 0.226258 -0.849712
0.179548 0.305379 -0.39477 0.0525464 0.181158 -0.853704
0.121888 0.329573 -0.474195 0.421797 0.119522 -0.856588
0.0807248 0.326848 -0.557759 0.678063 0.0404721 -0.856592
0.0528595 0.323295 -0.635982 0.711216 -0.0522614 -0.826621
0.0344089 0.31858 -0.701397 0.711212 -0.149885 -0.637833
0.0221796 0.312238 -0.7511 0.708985 -0.241318 -0.276602
0.01395 0.303496 -0.78634 0.706113 -0.317813 -0.16751
0.00828797 0.291225 -0.810353 0.70238 -0.375951 -0.149015
0.0042959 0.273761 -0.826492 0.697426 -0.417176 -0.151887
0.00141234 0.248567 -0.837389 0.690729 -0.445269 -0.155654
0.00140809 0.210931 -0.844863 0.681539 -0.464147 -0.160625
0.0313787 0.157417 -0.850097 0.668783 -0.476893 -0.167341
0.220167 0.0851358 -0.853848 0.649804 -0.485633 -0.176534
0.581398 -0.00484693 -0.826617 0.622513 -0.491754 -0.189217
0.69049 -0.10543 -0.637813 0.583826 -0.496139 -0.208024
0.708985 -0.204783 -0.276591 0.530975 -0.499351 -0.235258
0.706113 -0.291318 -0.167508 0.46323 -0.439635 -0.273876
0.702346 -0.358656 -0.146791 0.383805 -0.00841207 -0.326655
0.697375 -0.406727 -0.149125 0.300241 0.290863 -0.394344
0.690659 -0.439269 -0.152167 0.222018 0.329581 -0.473751
0.681466 -0.460816 -0.156204 0.156603 0.329577 -0.557345
0.668783 -0.475098 -0.161635 0.1069 0.326975 -0.635638
0.649976 -0.484709 -0.16912 0.0716602 0.323622 -0.701139
0.622742 -0.491321 -0.179628 0.047647 0.319263 -0.750922
0.584124 -0.495983 -0.194582 0.0315083 0.313477 -0.786223
0.531345 -0.499351 -0.216156 0.0206113 0.305656 -0.810278
0.463656 -0.499356 -0.248383 0.0131374 0.294923 -0.826443
0.384249 -0.464355 -0.294205 0.0079027 0.280026 -0.837357
0.300655 -0.243882 -0.356099 0.00415238 0.257862 -0.844842
0.222362 0.177976 -0.43315 0.0313834 0.225991 -0.850083
0.156861 0.305377 -0.519278 0.220187 0.180811 -0.853838
0.107078 0.326975 -0.604353 0.581409 0.11909 -0.856588
0.071777 0.323622 -0.678452 0.690492 0.0399752 -0.805454
0.047722 0.319223 -0.736112 0.711209 -0.0527802 -0.436203
0.0315565 0.313417 -0.777275 0.708875 -0.150369 -0.179937
0.0206428 0.305574 -0.80514 0.705833 -0.24172 -0.146784
0.0131584 0.294837 -0.823591 0.701796 -0.318113 -0.146788
