0.3575 -0.0835 -0.5005 0.3575 -0.0835 -0.5005
0.3575 -0.0835 -0.5005 0.3575 -0.0835 -0.5005
-0.00942046 -0.0835 -0.5005 0.3575 -0.0835 -0.5005
0.724576 -0.0835 -0.5005 0.3575 -0.0835 -0.5005
0.640965 -0.0835 -0.5005 0.3575 -0.0835 -0.5005
0.00138624 -0.0835 -0.5005 0.3575 -0.0835 -0.5005
0.00138624 -0.0835 -0.5005 0.3575 -0.0835 -0.5005
0.00138624 -0.0835 -0.5005 0.3575 -0.0835 -0.5005
0.00138624 -0.0835 -0.5005 0.3575 -0.0835 -0.5005
0.00138624 -0.0835 -0.5005 0.3575 -0.0835 -0.5005
0.00138624 -0.0835 -0.5005 0.3575 -0.0835 -0.5005
0.00138624 -0.0835 -0.5005 0.3575 -0.0835 -0.5005
0.00138624 -0.0835 -0.5005 0.3575 -0.0835 -0.5005
0.00138624 -0.0835 -0.5005 0.3575 -0.0835 -0.5005
0.00138624 -0.0835 -0.5005 0.3575 -0.0835 -0.5005
0.00138624 -0.0835 -0.5005 0.3575 -0.0835 -0.5005
0.00138624 -0.0835 -0.5005 0.3575 -0.0835 -0.5005
0.00138624 -0.0835 -0.5005 0.3575 -0.0835 -0.5005
0.00138624 -0.512002 -0.5005 0.3575 -0.0835 -0.5005
0.00138624 0.345183 -0.5005 0.3575 -0.0835 -0.5005
0.00138624 0.247539 -0.5005 0.3575 -0.0835 -0.5005
0.00138624 -0.499381 -0.5005 0.3575 -0.0835 -0.5005
0.00138624 -0.499381 -0.5005 0.3575 -0.0835 -0.5005
0.00138624 -0.499381 -0.5005 0.3575 -0.0835 -0.5005
0.00138624 -0.499381 -0.5005 0.3575 -0.0835 -0.5005
0.00138624 -0.499381 -0.5005 0.3575 -0.0835 -0.5005
0.00138624 -0.499381 -0.5005 0.3575 -0.0835 -0.5005
0.00138624 -0.499381 -0.5005 0.3575 -0.0835 -0.5005
0.00138624 -0.499381 -0.5005 0.3575 -0.0835 -0.5005
0.00138624 -0.499381 -0.5005 0.3575 -0.0835 -0.5005
0.711202 -0.499381 -0.5005 0.3575 -0.0835 -0.5005
0.711202 -0.499381 -0.5005 0.3575 -0.0835 -0.5005
0.711202 -0.499381 -0.5005 0.3575 -0.0835 -0.5005
0.711202 -0.499381 -0.5005 0.3575 -0.0835 -0.5005
0.711202 -0.499381 -0.86742 0.3575 -0.0835 -0.5005
0.711202 -0.499381 -0.133424 0.3575 -0.0835 -0.5005
0.709073 -0.499381 -0.217035 0.3575 -0.0835 -0.5005
0.706357 -0.499381 -0.856614 0.3575 -0.0835 -0.5005
0.702837 -0.499381 -0.856614 0.3575 -0.0835 -0.5005
0.698733 -0.499381 -0.856614 0.3575 -0.0835 -0.5005
0.692655 -0.499381 -0.856614 0.3575 -0.0835 -0.5005
0.684344 -0.499381 -0.856614 0.3575 -0.0835 -0.5005
0.672788 -0.499381 -0.856614 0.3575 -0.0835 -0.5005
0.656505 -0.499381 -0.856614 0.3575 -0.0835 -0.5005
0.633431 -0.499381 -0.856614 0.3575 -0.0835 -0.5005
0.600761 -0.499381 -0.856614 0.3575 -0.0835 -0.5005
0.555893 0.329565 -0.856614 0.3575 -0.0835 -0.5005
0.497179 0.329565 -0.856614 0.3575 -0.0835 -0.5005
0.425694 0.329565 -0.856614 0.3575 -0.0835 -0.5005
0.346352 0.329565 -0.856614 0.3575 -0.0835 -0.5005
0.267092 0.329565 -0.856614 -0.00942046 -0.0835 -0.5005
0.196026 0.329565 -0.856614 0.724576 -0.0835 -0.5005
0.138353 0.327078 -0.856614 0.640965 -0.0835 -0.5005
0.0951826 0.323907 -0.856614 0.00138624 -0.0835 -0.5005
0.0646092 0.319795 -0.856614 0.00138624 -0.0835 -0.5005
0.043586 0.315003 -0.856614 0.00138624 -0.0835 -0.5005
0.0292448 0.307904 -0.856614 0.00138624 -0.0835 -0.5005
0.0193938 0.298199 -0.856614 0.00138624 -0.0835 -0.5005
0.0125207 0.284704 -0.856614 0.00138624 -0.0835 -0.5005
0.00762954 0.265688 -0.856614 0.00138624 -0.0835 -0.5005
0.00407516 0.238741 -0.856614 0.00138624 -0.0835 -0.5005
0.00143863 0.200588 -0.856614 0.00138624 -0.0835 -0.5005
0.00143409 0.14819 -0.146798 0.00138624 -0.0835 -0.5005
0.00142981 0.0796216 -0.146798 0.00138624 -0.0835 -0.5005
0.00142576 -0.00386033 -0.146798 0.00138624 -0.0835 -0.5005
0.00142194 -0.0965186 -0.146798 0.00138624 -0.0835 -0.5005
0.00141834 -0.189081 -0.146798 0.00138624 -0.512002 -0.5005
0.0221124 -0.272074 -0.146798 0.00138624 0.345183 -0.5005
0.120999 -0.339426 -0.148927 0.00138624 0.247539 -0.5005
0.421939 -0.389843 -0.151643 0.00138624 -0.499381 -0.5005
0.640151 -0.425547 -0.155163 0.00138624 -0.499381 -0.5005
0.696374 -0.450099 -0.159267 0.00138624 -0.499381 -0.5005
0.711221 -0.466847 -0.165345 0.00138624 -0.499381 -0.5005
0.709469 -0.478351 -0.173656 0.00138624 -0.499381 -0.5005
0.707326 -0.486378 -0.185212 0.00138624 -0.499381 -0.5005
0.704673 -0.49209 -0.201495 0.00138624 -0.499381 -0.5005
0.701352 -0.496241 -0.224569 0.00138624 -0.499381 -0.5005
0.697164 -0.49932 -0.257239 0.00138624 -0.499381 -0.5005
0.691825 -0.499325 -0.302107 0.711202 -0.499381 -0.5005
0.684924 -0.49933 -0.360821 0.711202 -0.499381 -0.5005
0.675915 -0.499335 -0.432306 0.711202 -0.499381 -0.5005
0.664082 -0.499339 -0.511648 0.711202 -0.499381 -0.5005
0.648512 -0.499344 -0.590908 0.711202 -0.499381 -0.86742
0.626848 -0.475176 -0.661974 0.711202 -0.499381 -0.133424
0.598046 -0.359693 -0.719647 0.709073 -0.499381 -0.217035
0.560515 -0.00824641 -0.762817 0.706357 -0.499381 -0.856614
0.513233 0.246588 -0.793391 0.702837 -0.499381 -0.856614
0.456464 0.312248 -0.814414 0.698733 -0.499381 -0.856614
0.392345 0.329586 -0.828755 0.692655 -0.499381 -0.856614
0.324881 0.327541 -0.838606 0.684344 -0.499381 -0.856614
0.259103 0.325038 -0.845479 0.672788 -0.499381 -0.856614
0.199667 0.32194 -0.85037 0.656505 -0.499381 -0.856614
0.149607 0.318061 -0.853925 0.633431 -0.499381 -0.856614
0.109871 0.31317 -0.856561 0.600761 -0.499381 -0.856614
0.0797027 0.306936 -0.856566 0.555893 0.329565 -0.856614
0.0574457 0.298876 -0.85657 0.497179 0.329565 -0.856614
0.0412566 0.288356 -0.856574 0.425694 0.329565 -0.856614
0.0295118 0.274536 -0.856578 0.346352 0.329565 -0.856614
0.0209437 0.256353 -0.856582 0.267092 0.329565 -0.856614
0.0146257 0.231053 -0.835888 0.196026 0.329565 -0.856614
0.00990387 0.197417 -0.737001 0.138353 0.327078 -0.856614
0.00632287 0.153588 -0.436061 0.0951826 0.323907 -0.856614
0.00356675 0.0983701 -0.217849 0.0646092 0.319795 -0.856614
0.00141503 0.0320736 -0.161626 0.043586 0.315003 -0.856614
0.00141152 -0.0428065 -0.146779 0.0292448 0.307904 -0.856614
0.0220877 -0.121593 -0.148531 0.0193938 0.298199 -0.856614
0.120883 -0.198411 -0.150674 0.0125207 0.284704 -0.856614
0.421735 -0.267823 -0.153327 0.00762954 0.265688 -0.856614
0.640078 -0.326284 -0.156648 0.00407516 0.238741 -0.856614
0.696354 -0.372689 -0.160836 0.00143863 0.200588 -0.856614
0.711213 -0.407921 -0.166175 0.00143409 0.14819 -0.146798
0.70952 -0.433913 -0.173076 0.00142981 0.0796216 -0.146798
0.707463 -0.452819 -0.182085 0.00142576 -0.00386033 -0.146798
0.704936 -0.466535 -0.193918 0.00142194 -0.0965186 -0.146798
0.701825 -0.476541 -0.209488 0.00141834 -0.189081 -0.146798
0.697938 -0.48392 -0.231152 0.0221124 -0.272074 -0.146798
0.693027 -0.489434 -0.259954 0.120999 -0.339426 -0.148927
0.686761 -0.493616 -0.297485 0.421939 -0.389843 -0.151643
0.678704 -0.496835 -0.344767 0.640151 -0.425547 -0.155163
0.668292 -0.499347 -0.401536 0.696374 -0.450099 -0.159267
0.653915 -0.499352 -0.465655 0.711221 -0.466847 -0.165345
0.634803 -0.475205 -0.533119 0.709469 -0.478351 -0.173656
0.609523 -0.359829 -0.598897 0.707326 -0.486378 -0.185212
0.576571 -0.00848409 -0.658333 0.704673 -0.49209 -0.201495
0.534745 0.246504 -0.708393 0.701352 -0.496241 -0.224569
0.483715 0.312224 -0.748129 0.697164 -0.49932 -0.257239
0.424622 0.329577 -0.778297 0.691825 -0.499325 -0.302107
0.360346 0.327601 -0.800554 0.684924 -0.49933 -0.360821
0.29513 0.325198 -0.816743 0.675915 -0.499335 -0.432306
0.233565 0.322247 -0.828488 0.664082 -0.499339 -0.511648
0.179364 0.318613 -0.837056 0.648512 -0.499344 -0.590908
0.134533 0.314075 -0.843374 0.626848 -0.475176 -0.661974
0.099289 0.308339 -0.848096 0.598046 -0.359693 -0.719647
0.0725834 0.301021 -0.851677 0.560515 -0.00824641 -0.762817
0.0527981 0.291612 -0.854433 0.513233 0.246588 -0.793391
0.0382858 0.279453 -0.856585 0.456464 0.312248 -0.814414
0.0276444 0.262663 -0.856588 0.392345 0.329586 -0.828755
0.0197905 0.240343 -0.835912 0.324881 0.327541 -0.838606
0.013932 0.21082 -0.737117 0.259103 0.325038 -0.845479
0.00950524 0.172338 -0.436265 0.199667 0.32194 -0.85037
0.00611386 0.123492 -0.217922 0.149607 0.318061 -0.853925
0.00347958 0.0638981 -0.161646 0.109871 0.31317 -0.856561
0.0014059 -0.00511255 -0.146787 0.0797027 0.306936 -0.856566
0.0220679 -0.0801766 -0.14848 0.0574457 0.298876 -0.85657
0.120793 -0.156338 -0.150537 0.0412566 0.288356 -0.856574
0.421581 -0.228235 -0.153064 0.0295118 0.274536 -0.856578
0.640025 -0.291533 -0.156175 0.0209437 0.256353 -0.856582
0.69634 -0.343889 -0.160062 0.0146257 0.231053 -0.835888
0.711207 -0.385047 -0.164973 0.00990387 0.197417 -0.737001
0.709514 -0.416235 -0.171239 0.00632287 0.153588 -0.436061
0.707456 -0.439341 -0.179296 0.00356675 0.0983701 -0.217849
0.704932 -0.456289 -0.189708 0.00141503 0.0320736 -0.161626
0.701825 -0.468716 -0.204085 0.00141152 -0.0428065 -0.146779
0.697938 -0.477888 -0.223197 0.0220877 -0.121593 -0.148531
0.693027 -0.48473 -0.248477 0.120883 -0.198411 -0.150674
0.686761 -0.489899 -0.281429 0.421735 -0.267823 -0.153327
0.678704 -0.49386 -0.323255 0.640078 -0.326284 -0.156648
0.668292 -0.496936 -0.374285 0.696354 -0.372689 -0.160836
0.653918 -0.499358 -0.433378 0.711213 -0.407921 -0.166175
0.634812 -0.475228 -0.497654 0.70952 -0.433913 -0.173076
0.60954 -0.359934 -0.56287 0.707463 -0.452819 -0.182085
0.576597 -0.00866418 -0.624435 0.704936 -0.466535 -0.193918
0.534783 0.246441 -0.678636 0.701825 -0.476541 -0.209488
0.483765 0.312208 -0.723467 0.697938 -0.48392 -0.231152
0.424683 0.329571 -0.758711 0.693027 -0.489434 -0.259954
0.360414 0.327594 -0.785417 0.686761 -0.493616 -0.297485
0.295199 0.32519 -0.805202 0.678704 -0.496835 -0.344767
0.233631 0.322242 -0.819714 0.668292 -0.499347 -0.401536
0.179421 0.318613 -0.830356 0.653915 -0.499352 -0.465655
0.134579 0.314075 -0.838209 0.634803 -0.475205 -0.533119
0.0993257 0.308339 -0.844068 0.609523 -0.359829 -0.598897
0.0726111 0.301021 -0.848495 0.576571 -0.00848409 -0.658333
0.0528187 0.291612 -0.851886 0.534745 0.246504 -0.708393
0.038301 0.279453 -0.85452 0.483715 0.312224 -0.748129
0.0276556 0.262667 -0.856594 0.424622 0.329577 -0.778297
0.0197989 0.240354 -0.835932 0.360346 0.327601 -0.800554
0.0139383 0.21084 -0.737207 0.29513 0.325198 -0.816743
0.00951005 0.172369 -0.436419 0.233565 0.322247 -0.828488
0.00611758 0.123537 -0.217975 0.179364 0.318613 -0.837056
0.0034825 0.0639569 -0.16166 0.134533 0.314075 -0.843374
0.0220877 -0.00504127 -0.146793 0.099289 0.308339 -0.848096
0.120883 -0.0800972 -0.148486 0.0725834 0.301021 -0.851677
0.421735 -0.156257 -0.150544 0.0527981 0.291612 -0.854433
0.640078 -0.228159 -0.153068 0.0382858 0.279453 -0.856585
0.696354 -0.291466 -0.156175 0.0276444 0.262663 -0.856588
0.711213 -0.343834 -0.160062 0.0197905 0.240343 -0.835912
0.70946 -0.385004 -0.164973 0.013932 0.21082 -0.737117
0.707316 -0.416202 -0.171239 0.00950524 0.172338 -0.436265
0.704662 -0.439317 -0.179296 0.00611386 0.123492 -0.217922
0.701338 -0.456271 -0.189708 0.00347958 0.0638981 -0.161646
0.697164 -0.468703 -0.204082 0.0014059 -0.00511255 -0.146787
0.691825 -0.477878 -0.223188 0.0220679 -0.0801766 -0.14848
0.684924 -0.484722 -0.24846 0.120793 -0.156338 -0.150537
0.675915 -0.489894 -0.281403 0.421581 -0.228235 -0.153064
0.664082 -0.493856 -0.323217 0.640025 -0.291533 -0.156175
0.648512 -0.496933 -0.374235 0.69634 -0.343889 -0.160062
0.626848 -0.475205 -0.433317 0.711207 -0.385047 -0.164973
0.598046 -0.359829 -0.497586 0.709514 -0.416235 -0.171239
0.560515 -0.00848409 -0.562801 0.707456 -0.439341 -0.179296
0.513233 0.246504 -0.624369 0.704932 -0.456289 -0.189708
0.456464 0.312224 -0.678579 0.701825 -0.468716 -0.204085
0.392345 0.329577 -0.723421 0.697938 -0.477888 -0.223197
0.324881 0.327531 -0.758674 0.693027 -0.48473 -0.248477
0.259103 0.325026 -0.785389 0.686761 -0.489899 -0.281429
0.199667 0.321927 -0.805181 0.678704 -0.49386 -0.323255
0.149607 0.318045 -0.819699 0.668292 -0.496936 -0.374285
0.109871 0.31317 -0.830344 0.653918 -0.499358 -0.433378
0.0797027 0.306936 -0.838201 0.634812 -0.475228 -0.497654
0.0574457 0.298876 -0.844062 0.60954 -0.359934 -0.56287
0.0412566 0.288356 -0.84849 0.576597 -0.00866418 -0.624435
0.0295118 0.274536 -0.851882 0.534783 0.246441 -0.678636
0.0209437 0.256353 -0.854517 0.483765 0.312208 -0.723467
0.0146257 0.231053 -0.835912 0.424683 0.329571 -0.758711
0.00990387 0.197417 -0.737117 0.360414 0.327594 -0.785417
0.00632287 0.153588 -0.436265 0.295199 0.32519 -0.805202
0.00356675 0.0983701 -0.217922 0.233631 0.322242 -0.819714
0.00141503 0.0320736 -0.161646 0.179421 0.318613 -0.830356
0.00141152 -0.0428065 -0.146787 0.134579 0.314075 -0.838209
0.0220877 -0.121593 -0.14854 0.0993257 0.308339 -0.844068
0.120883 -0.198411 -0.150684 0.0726111 0.301021 -0.848495
0.421735 -0.267823 -0.153338 0.0528187 0.291612 -0.851886
0.640078 -0.326284 -0.156662 0.038301 0.279453 -0.85452
0.696354 -0.372689 -0.160836 0.0276556 0.262667 -0.856594
0.711213 -0.407921 -0.166175 0.0197989 0.240354 -0.835932
0.70952 -0.433913 -0.173076 0.0139383 0.21084 -0.737207
0.707463 -0.452819 -0.182085 0.00951005 0.172369 -0.436419
0.704936 -0.466535 -0.193918 0.00611758 0.123537 -0.217975
0.701825 -0.476541 -0.209488 0.0034825 0.0639569 -0.16166
0.697938 -0.48392 -0.231152 0.0220877 -0.00504127 -0.146793
0.693027 -0.489434 -0.259954 0.120883 -0.0800972 -0.148486
0.686761 -0.493616 -0.297485 0.421735 -0.156257 -0.150544
0.678704 -0.496835 -0.344767 0.640078 -0.228159 -0.153068
0.668292 -0.499347 -0.401536 0.696354 -0.291466 -0.156175
0.653915 -0.499352 -0.465655 0.711213 -0.343834 -0.160062
0.634803 -0.475205 -0.533119 0.70946 -0.385004 -0.164973
0.609523 -0.359829 -0.598897 0.707316 -0.416202 -0.171239
0.576571 -0.00848409 -0.658333 0.704662 -0.439317 -0.179296
0.534745 0.246504 -0.708393 0.701338 -0.456271 -0.189708
0.483715 0.312224 -0.748129 0.697164 -0.468703 -0.204082
0.424622 0.329577 -0.778297 0.691825 -0.477878 -0.223188
0.360346 0.327601 -0.800554 0.684924 -0.484722 -0.24846
0.29513 0.325198 -0.816743 0.675915 -0.489894 -0.281403
0.233565 0.322247 -0.828488 0.664082 -0.493856 -0.323217
0.179364 0.318613 -0.837056 0.648512 -0.496933 -0.374235
0.134533 0.314075 -0.843374 0.626848 -0.475205 -0.433317
0.099289 0.308339 -0.848096 0.598046 -0.359829 -0.497586
0.0725834 0.301021 -0.851677 0.560515 -0.00848409 -0.562801
0.0527981 0.291612 -0.854433 0.513233 0.246504 -0.624369
0.0382858 0.279453 -0.856585 0.456464 0.312224 -0.678579
0.0276444 0.262663 -0.856588 0.392345 0.329577 -0.723421
0.0197905 0.240343 -0.835912 0.324881 0.327531 -0.758674
0.013932 0.21082 -0.737117 0.259103 0.325026 -0.785389
0.00950524 0.172338 -0.436265 0.199667 0.321927 -0.805181
0.00611386 0.123492 -0.217922 0.149607 0.318045 -0.819699
0.00347958 0.0638981 -0.161646 0.109871 0.31317 -0.830344
0.0014059 -0.00511255 -0.146787 0.0797027 0.306936 -0.838201
0.0220679 -0.0801766 -0.14848 0.0574457 0.298876 -0.844062
0.120793 -0.156338 -0.150537 0.0412566 0.288356 -0.84849
0.421581 -0.228235 -0.153064 0.0295118 0.274536 -0.851882
0.640025 -0.291533 -0.156175 0.0209437 0.256353 -0.854517
0.69634 -0.343889 -0.160062 0.0146257 0.231053 -0.835912
0.711207 -0.385047 -0.164973 0.00990387 0.197417 -0.737117
0.709514 -0.416235 -0.171239 0.00632287 0.153588 -0.436265
0.707456 -0.439341 -0.179296 0.00356675 0.0983701 -0.217922
0.704932 -0.456289 -0.189708 0.00141503 0.0320736 -0.161646
0.701825 -0.468716 -0.204085 0.00141152 -0.0428065 -0.146787
0.697938 -0.477888 -0.223197 0.0220877 -0.121593 -0.14854
0.693027 -0.48473 -0.248477 0.120883 -0.198411 -0.150684
0.686761 -0.489899 -0.281429 0.421735 -0.267823 -0.153338
0.678704 -0.49386 -0.323255 0.640078 -0.326284 -0.156662
0.668292 -0.496936 -0.374285 0.696354 -0.372689 -0.160836
0.653918 -0.499358 -0.433378 0.711213 -0.407921 -0.166175
0.634812 -0.475228 -0.497654 0.70952 -0.433913 -0.173076
0.60954 -0.359934 -0.56287 0.707463 -0.452819 -0.182085
0.576597 -0.00866418 -0.624435 0.704936 -0.466535 -0.193918
0.534783 0.246441 -0.678636 0.701825 -0.476541 -0.209488
0.483765 0.312208 -0.723467 0.697938 -0.48392 -0.231152
0.424683 0.329571 -0.758711 0.693027 -0.489434 -0.259954
0.360414 0.327594 -0.785417 0.686761 -0.493616 -0.297485
0.295199 0.32519 -0.805202 0.678704 -0.496835 -0.344767
0.233631 0.322242 -0.819714 0.668292 -0.499347 -0.401536
0.179421 0.318613 -0.830356 0.653915 -0.499352 -0.465655
0.134579 0.314075 -0.838209 0.634803 -0.475205 -0.533119
0.0993257 0.308339 -0.844068 0.609523 -0.359829 -0.598897
0.0726111 0.301021 -0.848495 0.576571 -0.00848409 -0.658333
0.0528187 0.291612 -0.851886 0.534745 0.246504 -0.708393
0.038301 0.279453 -0.85452 0.483715 0.312224 -0.748129
0.0276556 0.262667 -0.856594 0.424622 0.329577 -0.778297
0.0197989 0.240354 -0.835932 0.360346 0.327601 -0.800554
0.0139383 0.21084 -0.737207 0.29513 0.325198 -0.816743
0.00951005 0.172369 -0.436419 0.233565 0.322247 -0.828488
0.00611758 0.123537 -0.217975 0.179364 0.318613 -0.837056
0.0034825 0.0639569 -0.16166 0.134533 0.314075 -0.843374
0.0220877 -0.00504127 -0.146793 0.099289 0.308339 -0.848096
0.120883 -0.0800972 -0.148486 0.0725834 0.301021 -0.851677
0.421735 -0.156257 -0.150544 0.0527981 0.291612 -0.854433
0.640078 -0.228159 -0.153068 0.0382858 0.279453 -0.856585
0.696354 -0.291466 -0.156175 0.0276444 0.262663 -0.856588
0.711213 -0.343834 -0.160062 0.0197905 0.240343 -0.835912
0.70946 -0.385004 -0.164973 0.013932 0.21082 -0.737117
0.707316 -0.416202 -0.171239 0.00950524 0.172338 -0.436265
0.704662 -0.439317 -0.179296 0.00611386 0.123492 -0.217922
0.701338 -0.456271 -0.189708 0.00347958 0.0638981 -0.161646
0.697164 -0.468703 -0.204082 0.0014059 -0.00511255 -0.146787
0.691825 -0.477878 -0.223188 0.0220679 -0.0801766 -0.14848
0.684924 -0.484722 -0.24846 0.120793 -0.156338 -0.150537
0.675915 -0.489894 -0.281403 0.421581 -0.228235 -0.153064
0.664082 -0.493856 -0.323217 0.640025 -0.291533 -0.156175
0.648512 -0.496933 -0.374235 0.69634 -0.343889 -0.160062
0.626848 -0.475205 -0.433317 0.711207 -0.385047 -0.164973
0.598046 -0.359829 -0.497586 0.709514 -0.416235 -0.171239
0.560515 -0.00848409 -0.562801 0.707456 -0.439341 -0.179296
0.513233 0.246504 -0.624369 0.704932 -0.456289 -0.189708
0.456464 0.312224 -0.678579 0.701825 -0.468716 -0.204085
0.392345 0.329577 -0.723421 0.697938 -0.477888 -0.223197
0.324881 0.327531 -0.758674 0.693027 -0.48473 -0.248477
0.259103 0.325026 -0.785389 0.686761 -0.489899 -0.281429
0.199667 0.321927 -0.805181 0.678704 -0.49386 -0.323255
0.149607 0.318045 -0.819699 0.668292 -0.496936 -0.374285
0.109871 0.31317 -0.830344 0.653918 -0.499358 -0.433378
0.0797027 0.306936 -0.838201 0.634812 -0.475228 -0.497654
0.0574457 0.298876 -0.844062 0.60954 -0.359934 -0.56287
0.0412566 0.288356 -0.84849 0.576597 -0.00866418 -0.624435
0.0295118 0.274536 -0.851882 0.534783 0.246441 -0.678636
0.0209437 0.256353 -0.854517 0.483765 0.312208 -0.723467
0.0146257 0.231053 -0.835912 0.424683 0.329571 -0.758711
0.00990387 0.197417 -0.737117 0.360414 0.327594 -0.785417
0.00632287 0.153588 -0.436265 0.295199 0.32519 -0.805202
0.00356675 0.0983701 -0.217922 0.233631 0.322242 -0.819714
0.00141503 0.0320736 -0.161646 0.179421 0.318613 -0.830356
0.00141152 -0.0428065 -0.146787 0.134579 0.314075 -0.838209
0.0220877 -0.121593 -0.14854 0.0993257 0.308339 -0.844068
0.120883 -0.198411 -0.150684 0.0726111 0.301021 -0.848495
0.421735 -0.267823 -0.153338 0.0528187 0.291612 -0.851886
0.640078 -0.326284 -0.156662 0.038301 0.279453 -0.85452
0.696354 -0.372689 -0.160836 0.0276556 0.262667 -0.856594
0.711213 -0.407921 -0.166175 0.0197989 0.240354 -0.835932
0.70952 -0.433913 -0.173076 0.0139383 0.21084 -0.737207
0.707463 -0.452819 -0.182085 0.00951005 0.172369 -0.436419
0.704936 -0.466535 -0.193918 0.00611758 0.123537 -0.217975
0.701825 -0.476541 -0.209488 0.0034825 0.0639569 -0.16166
0.697938 -0.48392 -0.231152 0.0220877 -0.00504127 -0.146793
0.693027 -0.489434 -0.259954 0.120883 -0.0800972 -0.148486
0.686761 -0.493616 -0.297485 0.421735 -0.156257 -0.150544
0.678704 -0.496835 -0.344767 0.640078 -0.228159 -0.153068
0.668292 -0.499347 -0.401536 0.696354 -0.291466 -0.156175
0.653915 -0.499352 -0.465655 0.711213 -0.343834 -0.160062
0.634803 -0.475205 -0.533119 0.70946 -0.385004 -0.164973
0.609523 -0.359829 -0.598897 0.707316 -0.416202 -0.171239
0.576571 -0.00848409 -0.658333 0.704662 -0.439317 -0.179296
0.534745 0.246504 -0.708393 0.701338 -0.456271 -0.189708
0.483715 0.312224 -0.748129 0.697164 -0.468703 -0.204082
0.424622 0.329577 -0.778297 0.691825 -0.477878 -0.223188
0.360346 0.327601 -0.800554 0.684924 -0.484722 -0.24846
0.29513 0.325198 -0.816743 0.675915 -0.489894 -0.281403
0.233565 0.322247 -0.828488 0.664082 -0.493856 -0.323217
0.179364 0.318613 -0.837056 0.648512 -0.496933 -0.374235
0.134533 0.314075 -0.843374 0.626848 -0.475205 -0.433317
0.099289 0.308339 -0.848096 0.598046 -0.359829 -0.497586
0.0725834 0.301021 -0.851677 0.560515 -0.00848409 -0.562801
0.0527981 0.291612 -0.854433 0.513233 0.246504 -0.624369
0.0382858 0.279453 -0.856585 0.456464 0.312224 -0.678579
0.0276444 0.262663 -0.856588 0.392345 0.329577 -0.723421
0.0197905 0.240343 -0.835912 0.324881 0.327531 -0.758674
0.013932 0.21082 -0.737117 0.259103 0.325026 -0.785389
0.00950524 0.172338 -0.436265 0.199667 0.321927 -0.805181
0.00611386 0.123492 -0.217922 0.149607 0.318045 -0.819699
0.00347958 0.0638981 -0.161646 0.109871 0.31317 -0.830344
0.0014059 -0.00511255 -0.146787 0.0797027 0.306936 -0.838201
0.0220679 -0.0801766 -0.14848 0.0574457 0.298876 -0.844062
0.120793 -0.156338 -0.150537 0.0412566 0.288356 -0.84849
0.421581 -0.228235 -0.153064 0.0295118 0.274536 -0.851882
0.640025 -0.291533 -0.156175 0.0209437 0.256353 -0.854517
0.69634 -0.343889 -0.160062 0.0146257 0.231053 -0.835912
0.711207 -0.385047 -0.164973 0.00990387 0.197417 -0.737117
0.709514 -0.416235 -0.171239 0.00632287 0.153588 -0.436265
0.707456 -0.439341 -0.179296 0.00356675 0.0983701 -0.217922
0.704932 -0.456289 -0.189708 0.00141503 0.0320736 -0.161646
0.701825 -0.468716 -0.204085 0.00141152 -0.0428065 -0.146787
0.697938 -0.477888 -0.223197 0.0220877 -0.121593 -0.14854
0.693027 -0.48473 -0.248477 0.120883 -0.198411 -0.150684
0.686761 -0.489899 -0.281429 0.421735 -0.267823 -0.153338
0.678704 -0.49386 -0.323255 0.640078 -0.326284 -0.156662
0.668292 -0.496936 -0.374285 0.696354 -0.372689 -0.160836
0.653918 -0.499358 -0.433378 0.711213 -0.407921 -0.166175
0.634812 -0.475228 -0.497654 0.70952 -0.433913 -0.173076
0.60954 -0.359934 -0.56287 0.707463 -0.452819 -0.182085
0.576597 -0.00866418 -0.624435 0.704936 -0.466535 -0.193918
0.534783 0.246441 -0.678636 0.701825 -0.476541 -0.209488
0.483765 0.312208 -0.723467 0.697938 -0.48392 -0.231152
0.424683 0.329571 -0.758711 0.693027 -0.489434 -0.259954
0.360414 0.327594 -0.785417 0.686761 -0.493616 -0.297485
0.295199 0.32519 -0.805202 0.678704 -0.496835 -0.344767
0.233631 0.322242 -0.819714 0.668292 -0.499347 -0.401536
0.179421 0.318613 -0.830356 0.653915 -0.499352 -0.465655
0.134579 0.314075 -0.838209 0.634803 -0.475205 -0.533119
0.0993257 0.308339 -0.844068 0.609523 -0.359829 -0.598897
0.0726111 0.301021 -0.848495 0.576571 -0.00848409 -0.658333
0.0528187 0.291612 -0.851886 0.534745 0.246504 -0.708393
0.038301 0.279453 -0.85452 0.483715 0.312224 -0.748129
0.0276556 0.262667 -0.856594 0.424622 0.329577 -0.778297
0.0197989 0.240354 -0.835932 0.360346 0.327601 -0.800554
0.0139383 0.21084 -0.737207 0.29513 0.325198 -0.816743
0.00951005 0.172369 -0.436419 0.233565 0.322247 -0.828488
0.00611758 0.123537 -0.217975 0.179364 0.318613 -0.837056
0.0034825 0.0639569 -0.16166 0.134533 0.314075 -0.843374
0.0220877 -0.00504127 -0.146793 0.099289 0.308339 -0.848096
0.120883 -0.0800972 -0.148486 0.0725834 0.301021 -0.851677
0.421735 -0.156257 -0.150544 0.0527981 0.291612 -0.854433
0.640078 -0.228159 -0.153068 0.0382858 0.279453 -0.856585
0.696354 -0.291466 -0.156175 0.0276444 0.262663 -0.856588
0.711213 -0.343834 -0.160062 0.0197905 0.240343 -0.835912
0.70946 -0.385004 -0.164973 0.013932 0.21082 -0.737117
0.707316 -0.416202 -0.171239 0.00950524 0.172338 -0.436265
0.704662 -0.439317 -0.179296 0.00611386 0.123492 -0.217922
0.701338 -0.456271 -0.189708 0.00347958 0.0638981 -0.161646
0.697164 -0.468703 -0.204082 0.0014059 -0.00511255 -0.146787
0.691825 -0.477878 -0.223188 0.0220679 -0.0801766 -0.14848
0.684924 -0.484722 -0.24846 0.120793 -0.156338 -0.150537
0.675915 -0.489894 -0.281403 0.421581 -0.228235 -0.153064
0.664082 -0.493856 -0.323217 0.640025 -0.291533 -0.156175
0.648512 -0.496933 -0.374235 0.69634 -0.343889 -0.160062
0.626848 -0.475205 -0.433317 0.711207 -0.385047 -0.164973
0.598046 -0.359829 -0.497586 0.709514 -0.416235 -0.171239
0.560515 -0.00848409 -0.562801 0.707456 -0.439341 -0.179296
0.513233 0.246504 -0.624369 0.704932 -0.456289 -0.189708
0.456464 0.312224 -0.678579 0.701825 -0.468716 -0.204085
0.392345 0.329577 -0.723421 0.697938 -0.477888 -0.223197
0.324881 0.327531 -0.758674 0.693027 -0.48473 -0.248477
0.259103 0.325026 -0.785389 0.686761 -0.489899 -0.281429
0.199667 0.321927 -0.805181 0.678704 -0.49386 -0.323255
0.149607 0.318045 -0.819699 0.668292 -0.496936 -0.374285
0.109871 0.31317 -0.830344 0.653918 -0.499358 -0.433378
0.0797027 0.306936 -0.838201 0.634812 -0.475228 -0.497654
0.0574457 0.298876 -0.844062 0.60954 -0.359934 -0.56287
0.0412566 0.288356 -0.84849 0.576597 -0.00866418 -0.624435
0.0295118 0.274536 -0.851882 0.534783 0.246441 -0.678636
0.0209437 0.256353 -0.854517 0.483765 0.312208 -0.723467
0.0146257 0.231053 -0.835912 0.424683 0.329571 -0.758711
0.00990387 0.197417 -0.737117 0.360414 0.327594 -0.785417
0.00632287 0.153588 -0.436265 0.295199 0.32519 -0.805202
0.00356675 0.0983701 -0.217922 0.233631 0.322242 -0.819714
0.00141503 0.0320736 -0.161646 0.179421 0.318613 -0.830356
0.00141152 -0.0428065 -0.146787 0.134579 0.314075 -0.838209
0.0220877 -0.121593 -0.14854 0.0993257 0.308339 -0.844068
0.120883 -0.198411 -0.150684 0.0726111 0.301021 -0.848495
0.421735 -0.267823 -0.153338 0.0528187 0.291612 -0.851886
0.640078 -0.326284 -0.156662 0.038301 0.279453 -0.85452
0.696354 -0.372689 -0.160836 0.0276556 0.262667 -0.856594
0.711213 -0.407921 -0.166175 0.0197989 0.240354 -0.835932
0.70952 -0.433913 -0.173076 0.0139383 0.21084 -0.737207
0.707463 -0.452819 -0.182085 0.00951005 0.172369 -0.436419
0.704936 -0.466535 -0.193918 0.00611758 0.123537 -0.217975
0.701825 -0.476541 -0.209488 0.0034825 0.0639569 -0.16166
0.697938 -0.48392 -0.231152 0.0220877 -0.00504127 -0.146793
0.693027 -0.489434 -0.259954 0.120883 -0.0800972 -0.148486
0.686761 -0.493616 -0.297485 0.421735 -0.156257 -0.150544
0.678704 -0.496835 -0.344767 0.640078 -0.228159 -0.153068
0.668292 -0.499347 -0.401536 0.696354 -0.291466 -0.156175
0.653915 -0.499352 -0.465655 0.711213 -0.343834 -0.160062
0.634803 -0.475205 -0.533119 0.70946 -0.385004 -0.164973
0.609523 -0.359829 -0.598897 0.707316 -0.416202 -0.171239
0.576571 -0.00848409 -0.658333 0.704662 -0.439317 -0.179296
0.534745 0.246504 -0.708393 0.701338 -0.456271 -0.189708
0.483715 0.312224 -0.748129 0.697164 -0.468703 -0.204082
0.424622 0.329577 -0.778297 0.691825 -0.477878 -0.223188
0.360346 0.327601 -0.800554 0.684924 -0.484722 -0.24846
0.29513 0.325198 -0.816743 0.675915 -0.489894 -0.281403
0.233565 0.322247 -0.828488 0.664082 -0.493856 -0.323217
0.179364 0.318613 -0.837056 0.648512 -0.496933 -0.374235
0.134533 0.314075 -0.843374 0.626848 -0.475205 -0.433317
0.099289 0.308339 -0.848096 0.598046 -0.359829 -0.497586
0.0725834 0.301021 -0.851677 0.560515 -0.00848409 -0.562801
0.0527981 0.291612 -0.854433 0.513233 0.246504 -0.624369
0.0382858 0.279453 -0.856585 0.456464 0.312224 -0.678579
0.0276444 0.262663 -0.856588 0.392345 0.329577 -0.723421
0.0197905 0.240343 -0.835912 0.324881 0.327531 -0.758674
0.013932 0.21082 -0.737117 0.259103 0.325026 -0.785389
0.00950524 0.172338 -0.436265 0.199667 0.321927 -0.805181
0.00611386 0.123492 -0.217922 0.149607 0.318045 -0.819699
0.00347958 0.0638981 -0.161646 0.109871 0.31317 -0.830344
0.0014059 -0.00511255 -0.146787 0.0797027 0.306936 -0.838201
0.0220679 -0.0801766 -0.14848 0.0574457 0.298876 -0.844062
0.120793 -0.156338 -0.150537 0.0412566 0.288356 -0.84849
0.421581 -0.228235 -0.153064 0.0295118 0.274536 -0.851882
0.640025 -0.291533 -0.156175 0.0209437 0.256353 -0.854517
0.69634 -0.343889 -0.160062 0.0146257 0.231053 -0.835912
0.711207 -0.385047 -0.164973 0.00990387 0.197417 -0.737117
0.709514 -0.416235 -0.171239 0.00632287 0.153588 -0.436265
0.707456 -0.439341 -0.179296 0.00356675 0.0983701 -0.217922
0.704932 -0.456289 -0.189708 0.00141503 0.0320736 -0.161646
0.701825 -0.468716 -0.204085 0.00141152 -0.0428065 -0.146787
0.697938 -0.477888 -0.223197 0.0220877 -0.121593 -0.14854
0.693027 -0.48473 -0.248477 0.120883 -0.198411 -0.150684
0.686761 -0.489899 -0.281429 0.421735 -0.267823 -0.153338
0.678704 -0.49386 -0.323255 0.640078 -0.326284 -0.156662
0.668292 -0.496936 -0.374285 0.696354 -0.372689 -0.160836
0.653918 -0.499358 -0.433378 0.711213 -0.407921 -0.166175
0.634812 -0.475228 -0.497654 0.70952 -0.433913 -0.173076
0.60954 -0.359934 -0.56287 0.707463 -0.452819 -0.182085
0.576597 -0.00866418 -0.624435 0.704936 -0.466535 -0.193918
0.534783 0.246441 -0.678636 0.701825 -0.476541 -0.209488
0.483765 0.312208 -0.723467 0.697938 -0.48392 -0.231152
0.424683 0.329571 -0.758711 0.693027 -0.489434 -0.259954
0.360414 0.327594 -0.785417 0.686761 -0.493616 -0.297485
0.295199 0.32519 -0.805202 0.678704 -0.496835 -0.344767
0.233631 0.322242 -0.819714 0.668292 -0.499347 -0.401536
0.179421 0.318613 -0.830356 0.653915 -0.499352 -0.465655
0.134579 0.314075 -0.838209 0.634803 -0.475205 -0.533119
0.0993257 0.308339 -0.844068 0.609523 -0.359829 -0.598897
0.0726111 0.301021 -0.848495 0.576571 -0.00848409 -0.658333
0.0528187 0.291612 -0.851886 0.534745 0.246504 -0.708393
0.038301 0.279453 -0.85452 0.483715 0.312224 -0.748129
0.0276556 0.262667 -0.856594 0.424622 0.329577 -0.778297
0.0197989 0.240354 -0.835932 0.360346 0.327601 -0.800554
0.0139383 0.21084 -0.737207 0.29513 0.325198 -0.816743
0.00951005 0.172369 -0.436419 0.233565 0.322247 -0.828488
0.00611758 0.123537 -0.217975 0.179364 0.318613 -0.837056
0.0034825 0.0639569 -0.16166 0.134533 0.314075 -0.843374
0.0220877 -0.00504127 -0.146793 0.099289 0.308339 -0.848096
0.120883 -0.0800972 -0.148486 0.0725834 0.301021 -0.851677
0.421735 -0.156257 -0.150544 0.0527981 0.291612 -0.854433
0.640078 -0.228159 -0.153068 0.0382858 0.279453 -0.856585
0.696354 -0.291466 -0.156175 0.0276444 0.262663 -0.856588
0.711213 -0.343834 -0.160062 0.0197905 0.240343 -0.835912
0.70946 -0.385004 -0.164973 0.013932 0.21082 -0.737117
0.707316 -0.416202 -0.171239 0.00950524 0.172338 -0.436265
0.704662 -0.439317 -0.179296 0.00611386 0.123492 -0.217922
0.701338 -0.456271 -0.189708 0.00347958 0.0638981 -0.161646
0.697164 -0.468703 -0.204082 0.0014059 -0.00511255 -0.146787
0.691825 -0.477878 -0.223188 0.0220679 -0.0801766 -0.14848
0.684924 -0.484722 -0.24846 0.120793 -0.156338 -0.150537
0.675915 -0.489894 -0.281403 0.421581 -0.228235 -0.153064
0.664082 -0.493856 -0.323217 0.640025 -0.291533 -0.156175
0.648512 -0.496933 -0.374235 0.69634 -0.343889 -0.160062
0.626848 -0.475205 -0.433317 0.711207 -0.385047 -0.164973
0.598046 -0.359829 -0.497586 0.709514 -0.416235 -0.171239
0.560515 -0.00848409 -0.562801 0.707456 -0.439341 -0.179296
0.513233 0.246504 -0.624369 0.704932 -0.456289 -0.189708
0.456464 0.312224 -0.678579 0.701825 -0.468716 -0.204085
0.392345 0.329577 -0.723421 0.697938 -0.477888 -0.223197
0.324881 0.327531 -0.758674 0.693027 -0.48473 -0.248477
0.259103 0.325026 -0.785389 0.686761 -0.489899 -0.281429
0.199667 0.321927 -0.805181 0.678704 -0.49386 -0.323255
0.149607 0.318045 -0.819699 0.668292 -0.496936 -0.374285
0.109871 0.31317 -0.830344 0.653918 -0.499358 -0.433378
0.0797027 0.306936 -0.838201 0.634812 -0.475228 -0.497654
0.0574457 0.298876 -0.844062 0.60954 -0.359934 -0.56287
0.0412566 0.288356 -0.84849 0.576597 -0.00866418 -0.624435
0.0295118 0.274536 -0.851882 0.534783 0.246441 -0.678636
0.0209437 0.256353 -0.854517 0.483765 0.312208 -0.723467
0.0146257 0.231053 -0.835912 0.424683 0.329571 -0.758711
0.00990387 0.197417 -0.737117 0.360414 0.327594 -0.785417
0.00632287 0.153588 -0.436265 0.295199 0.32519 -0.805202
0.00356675 0.0983701 -0.217922 0.233631 0.322242 -0.819714
0.00141503 0.0320736 -0.161646 0.179421 0.318613 -0.830356
0.00141152 -0.0428065 -0.146787 0.134579 0.314075 -0.838209
0.0220877 -0.121593 -0.14854 0.0993257 0.308339 -0.844068
0.120883 -0.198411 -0.150684 0.0726111 0.301021 -0.848495
0.421735 -0.267823 -0.153338 0.0528187 0.291612 -0.851886
0.640078 -0.326284 -0.156662 0.038301 0.279453 -0.85452
0.696354 -0.372689 -0.160836 0.0276556 0.262667 -0.856594
0.711213 -0.407921 -0.166175 0.0197989 0.240354 -0.835932
0.70952 -0.433913 -0.173076 0.0139383 0.21084 -0.737207
0.707463 -0.452819 -0.182085 0.00951005 0.172369 -0.436419
0.704936 -0.466535 -0.193918 0.00611758 0.123537 -0.217975
0.701825 -0.476541 -0.209488 0.0034825 0.0639569 -0.16166
0.697938 -0.48392 -0.231152 0.0220877 -0.00504127 -0.146793
0.693027 -0.489434 -0.259954 0.120883 -0.0800972 -0.148486
0.686761 -0.493616 -0.297485 0.421735 -0.156257 -0.150544
0.678704 -0.496835 -0.344767 0.640078 -0.228159 -0.153068
0.668292 -0.499347 -0.401536 0.696354 -0.291466 -0.156175
0.653915 -0.499352 -0.465655 0.711213 -0.343834 -0.160062
0.634803 -0.475205 -0.533119 0.70946 -0.385004 -0.164973
0.609523 -0.359829 -0.598897 0.707316 -0.416202 -0.171239
0.576571 -0.00848409 -0.658333 0.704662 -0.439317 -0.179296
0.534745 0.246504 -0.708393 0.701338 -0.456271 -0.189708
0.483715 0.312224 -0.748129 0.697164 -0.468703 -0.204082
0.424622 0.329577 -0.778297 0.691825 -0.477878 -0.223188
0.360346 0.327601 -0.800554 0.684924 -0.484722 -0.24846
0.29513 0.325198 -0.816743 0.675915 -0.489894 -0.281403
0.233565 0.322247 -0.828488 0.664082 -0.493856 -0.323217
0.179364 0.318613 -0.837056 0.648512 -0.496933 -0.374235
0.134533 0.314075 -0.843374 0.626848 -0.475205 -0.433317
0.099289 0.308339 -0.848096 0.598046 -0.359829 -0.497586
0.0725834 0.301021 -0.851677 0.560515 -0.00848409 -0.562801
0.0527981 0.291612 -0.854433 0.513233 0.246504 -0.624369
0.0382858 0.279453 -0.856585 0.456464 0.312224 -0.678579
0.0276444 0.262663 -0.856588 0.392345 0.329577 -0.723421
0.0197905 0.240343 -0.835912 0.324881 0.327531 -0.758674
0.013932 0.21082 -0.737117 0.259103 0.325026 -0.785389
0.00950524 0.172338 -0.436265 0.199667 0.321927 -0.805181
0.00611386 0.123492 -0.217922 0.149607 0.318045 -0.819699
0.00347958 0.0638981 -0.161646 0.109871 0.31317 -0.830344
0.0014059 -0.00511255 -0.146787 0.0797027 0.306936 -0.838201
0.0220679 -0.0801766 -0.14848 0.0574457 0.298876 -0.844062
0.120793 -0.156338 -0.150537 0.0412566 0.288356 -0.84849
0.421581 -0.228235 -0.153064 0.0295118 0.274536 -0.851882
0.640025 -0.291533 -0.156175 0.0209437 0.256353 -0.854517
0.69634 -0.343889 -0.160062 0.0146257 0.231053 -0.835912
0.711207 -0.385047 -0.164973 0.00990387 0.197417 -0.737117
0.709514 -0.416235 -0.171239 0.00632287 0.153588 -0.436265
0.707456 -0.439341 -0.179296 0.00356675 0.0983701 -0.217922
0.704932 -0.456289 -0.189708 0.00141503 0.0320736 -0.161646
0.701825 -0.468716 -0.204085 0.00141152 -0.0428065 -0.146787
0.697938 -0.477888 -0.223197 0.0220877 -0.121593 -0.14854
0.693027 -0.48473 -0.248477 0.120883 -0.198411 -0.150684
0.686761 -0.489899 -0.281429 0.421735 -0.267823 -0.153338
0.678704 -0.49386 -0.323255 0.640078 -0.326284 -0.156662
0.668292 -0.496936 -0.374285 0.696354 -0.372689 -0.160836
0.653918 -0.499358 -0.433378 0.711213 -0.407921 -0.166175
0.634812 -0.475228 -0.497654 0.70952 -0.433913 -0.173076
0.60954 -0.359934 -0.56287 0.707463 -0.452819 -0.182085
0.576597 -0.00866418 -0.624435 0.704936 -0.466535 -0.193918
0.534783 0.246441 -0.678636 0.701825 -0.476541 -0.209488
0.483765 0.312208 -0.723467 0.697938 -0.48392 -0.231152
0.424683 0.329571 -0.758711 0.693027 -0.489434 -0.259954
0.360414 0.327594 -0.785417 0.686761 -0.493616 -0.297485
0.295199 0.32519 -0.805202 0.678704 -0.496835 -0.344767
0.233631 0.322242 -0.819714 0.668292 -0.499347 -0.401536
0.179421 0.318613 -0.830356 0.653915 -0.499352 -0.465655
0.134579 0.314075 -0.838209 0.634803 -0.475205 -0.533119
0.0993257 0.308339 -0.844068 0.609523 -0.359829 -0.598897
0.0726111 0.301021 -0.848495 0.576571 -0.00848409 -0.658333
0.0528187 0.291612 -0.851886 0.534745 0.246504 -0.708393
0.038301 0.279453 -0.85452 0.483715 0.312224 -0.748129
0.0276556 0.262667 -0.856594 0.424622 0.329577 -0.778297
0.0197989 0.240354 -0.835932 0.360346 0.327601 -0.800554
0.0139383 0.21084 -0.737207 0.29513 0.325198 -0.816743
0.00951005 0.172369 -0.436419 0.233565 0.322247 -0.828488
0.00611758 0.123537 -0.217975 0.179364 0.318613 -0.837056
0.0034825 0.0639569 -0.16166 0.134533 0.314075 -0.843374
0.0220877 -0.00504127 -0.146793 0.099289 0.308339 -0.848096
0.120883 -0.0800972 -0.148486 0.0725834 0.301021 -0.851677
0.421735 -0.156257 -0.150544 0.0527981 0.291612 -0.854433
0.640078 -0.228159 -0.153068 0.0382858 0.279453 -0.856585
0.696354 -0.291466 -0.156175 0.0276444 0.262663 -0.856588
0.711213 -0.343834 -0.160062 0.0197905 0.240343 -0.835912
0.70946 -0.385004 -0.164973 0.013932 0.21082 -0.737117
0.707316 -0.416202 -0.171239 0.00950524 0.172338 -0.436265
0.704662 -0.439317 -0.179296 0.00611386 0.123492 -0.217922
0.701338 -0.456271 -0.189708 0.00347958 0.0638981 -0.161646
0.697164 -0.468703 -0.204082 0.0014059 -0.00511255 -0.146787
0.691825 -0.477878 -0.223188 0.0220679 -0.0801766 -0.14848
0.684924 -0.484722 -0.24846 0.120793 -0.156338 -0.150537
0.675915 -0.489894 -0.281403 0.421581 -0.228235 -0.153064
0.664082 -0.493856 -0.323217 0.640025 -0.291533 -0.156175
0.648512 -0.496933 -0.374235 0.69634 -0.343889 -0.160062
0.626848 -0.475205 -0.433317 0.711207 -0.385047 -0.164973
0.598046 -0.359829 -0.497586 0.709514 -0.416235 -0.171239
0.560515 -0.00848409 -0.562801 0.707456 -0.439341 -0.179296
0.513233 0.246504 -0.624369 0.704932 -0.456289 -0.189708
0.456464 0.312224 -0.678579 0.701825 -0.468716 -0.204085
0.392345 0.329577 -0.723421 0.697938 -0.477888 -0.223197
0.324881 0.327531 -0.758674 0.693027 -0.48473 -0.248477
0.259103 0.325026 -0.785389 0.686761 -0.489899 -0.281429
0.199667 0.321927 -0.805181 0.678704 -0.49386 -0.323255
0.149607 0.318045 -0.819699 0.668292 -0.496936 -0.374285
0.109871 0.31317 -0.830344 0.653918 -0.499358 -0.433378
0.0797027 0.306936 -0.838201 0.634812 -0.475228 -0.497654
0.0574457 0.298876 -0.844062 0.60954 -0.359934 -0.56287
0.0412566 0.288356 -0.84849 0.576597 -0.00866418 -0.624435
0.0295118 0.274536 -0.851882 0.534783 0.246441 -0.678636
0.0209437 0.256353 -0.854517 0.483765 0.312208 -0.723467
0.0146257 0.231053 -0.835912 0.424683 0.329571 -0.758711
0.00990387 0.197417 -0.737117 0.360414 0.327594 -0.785417
0.00632287 0.153588 -0.436265 0.295199 0.32519 -0.805202
0.00356675 0.0983701 -0.217922 0.233631 0.322242 -0.819714
0.00141503 0.0320736 -0.161646 0.179421 0.318613 -0.830356
0.00141152 -0.0428065 -0.146787 0.134579 0.314075 -0.838209
0.0220877 -0.121593 -0.14854 0.0993257 0.308339 -0.844068
0.120883 -0.198411 -0.150684 0.0726111 0.301021 -0.848495
0.421735 -0.267823 -0.153338 0.0528187 0.291612 -0.851886
0.640078 -0.326284 -0.156662 0.038301 0.279453 -0.85452
0.696354 -0.372689 -0.160836 0.0276556 0.262667 -0.856594
0.711213 -0.407921 -0.166175 0.0197989 0.240354 -0.835932
0.70952 -0.433913 -0.173076 0.0139383 0.21084 -0.737207
0.707463 -0.452819 -0.182085 0.00951005 0.172369 -0.436419
0.704936 -0.466535 -0.193918 0.00611758 0.123537 -0.217975
0.701825 -0.476541 -0.209488 0.0034825 0.0639569 -0.16166
0.697938 -0.48392 -0.231152 0.0220877 -0.00504127 -0.146793
0.693027 -0.489434 -0.259954 0.120883 -0.0800972 -0.148486
0.686761 -0.493616 -0.297485 0.421735 -0.156257 -0.150544
0.678704 -0.496835 -0.344767 0.640078 -0.228159 -0.153068
0.668292 -0.499347 -0.401536 0.696354 -0.291466 -0.156175
0.653915 -0.499352 -0.465655 0.711213 -0.343834 -0.160062
0.634803 -0.475205 -0.533119 0.70946 -0.385004 -0.164973
0.609523 -0.359829 -0.598897 0.707316 -0.416202 -0.171239
0.576571 -0.00848409 -0.658333 0.704662 -0.439317 -0.179296
0.534745 0.246504 -0.708393 0.701338 -0.456271 -0.189708
0.483715 0.312224 -0.748129 0.697164 -0.468703 -0.204082
0.424622 0.329577 -0.778297 0.691825 -0.477878 -0.223188
0.360346 0.327601 -0.800554 0.684924 -0.484722 -0.24846
0.29513 0.325198 -0.816743 0.675915 -0.489894 -0.281403
0.233565 0.322247 -0.828488 0.664082 -0.493856 -0.323217
0.179364 0.318613 -0.837056 0.648512 -0.496933 -0.374235
0.134533 0.314075 -0.843374 0.626848 -0.475205 -0.433317
0.099289 0.308339 -0.848096 0.598046 -0.359829 -0.497586
0.0725834 0.301021 -0.851677 0.560515 -0.00848409 -0.562801
0.0527981 0.291612 -0.854433 0.513233 0.246504 -0.624369
0.0382858 0.279453 -0.856585 0.456464 0.312224 -0.678579
0.0276444 0.262663 -0.856588 0.392345 0.329577 -0.723421
0.0197905 0.240343 -0.835912 0.324881 0.327531 -0.758674
0.013932 0.21082 -0.737117 0.259103 0.325026 -0.785389
0.00950524 0.172338 -0.436265 0.199667 0.321927 -0.805181
0.00611386 0.123492 -0.217922 0.149607 0.318045 -0.819699
0.00347958 0.0638981 -0.161646 0.109871 0.31317 -0.830344
0.0014059 -0.00511255 -0.146787 0.0797027 0.306936 -0.838201
0.0220679 -0.0801766 -0.14848 0.0574457 0.298876 -0.844062
0.120793 -0.156338 -0.150537 0.0412566 0.288356 -0.84849
0.421581 -0.228235 -0.153064 0.0295118 0.274536 -0.851882
0.640025 -0.291533 -0.156175 0.0209437 0.256353 -0.854517
0.69634 -0.343889 -0.160062 0.0146257 0.231053 -0.835912
0.711207 -0.385047 -0.164973 0.00990387 0.197417 -0.737117
0.709514 -0.416235 -0.171239 0.00632287 0.153588 -0.436265
0.707456 -0.439341 -0.179296 0.00356675 0.0983701 -0.217922
0.704932 -0.456289 -0.189708 0.00141503 0.0320736 -0.161646
0.701825 -0.468716 -0.204085 0.00141152 -0.0428065 -0.146787
0.697938 -0.477888 -0.223197 0.0220877 -0.121593 -0.14854
0.693027 -0.48473 -0.248477 0.120883 -0.198411 -0.150684
0.686761 -0.489899 -0.281429 0.421735 -0.267823 -0.153338
0.678704 -0.49386 -0.323255 0.640078 -0.326284 -0.156662
0.668292 -0.496936 -0.374285 0.696354 -0.372689 -0.160836
0.653918 -0.499358 -0.433378 0.711213 -0.407921 -0.166175
0.634812 -0.475228 -0.497654 0.70952 -0.433913 -0.173076
0.60954 -0.359934 -0.56287 0.707463 -0.452819 -0.182085
0.576597 -0.00866418 -0.624435 0.704936 -0.466535 -0.193918
0.534783 0.246441 -0.678636 0.701825 -0.476541 -0.209488
0.483765 0.312208 -0.723467 0.697938 -0.48392 -0.231152
0.424683 0.329571 -0.758711 0.693027 -0.489434 -0.259954
0.360414 0.327594 -0.785417 0.686761 -0.493616 -0.297485
0.295199 0.32519 -0.805202 0.678704 -0.496835 -0.344767
0.233631 0.322242 -0.819714 0.668292 -0.499347 -0.401536
0.179421 0.318613 -0.830356 0.653915 -0.499352 -0.465655
0.134579 0.314075 -0.838209 0.634803 -0.475205 -0.533119
0.0993257 0.308339 -0.844068 0.609523 -0.359829 -0.598897
0.0726111 0.301021 -0.848495 0.576571 -0.00848409 -0.658333
0.0528187 0.291612 -0.851886 0.534745 0.246504 -0.708393
0.038301 0.279453 -0.85452 0.483715 0.312224 -0.748129
0.0276556 0.262667 -0.856594 0.424622 0.329577 -0.778297
0.0197989 0.240354 -0.835932 0.360346 0.327601 -0.800554
0.0139383 0.21084 -0.737207 0.29513 0.325198 -0.816743
0.00951005 0.172369 -0.436419 0.233565 0.322247 -0.828488
0.00611758 0.123537 -0.217975 0.179364 0.318613 -0.837056
0.0034825 0.0639569 -0.16166 0.134533 0.314075 -0.843374
0.0220877 -0.00504127 -0.146793 0.099289 0.308339 -0.848096
0.120883 -0.0800972 -0.148486 0.0725834 0.301021 -0.851677
0.421735 -0.156257 -0.150544 0.0527981 0.291612 -0.854433
0.640078 -0.228159 -0.153068 0.0382858 0.279453 -0.856585
0.696354 -0.291466 -0.156175 0.0276444 0.262663 -0.856588
0.711213 -0.343834 -0.160062 0.0197905 0.240343 -0.835912
0.70946 -0.385004 -0.164973 0.013932 0.21082 -0.737117
0.707316 -0.416202 -0.171239 0.00950524 0.172338 -0.436265
0.704662 -0.439317 -0.179296 0.00611386 0.123492 -0.217922
0.701338 -0.456271 -0.189708 0.00347958 0.0638981 -0.161646
0.697164 -0.468703 -0.204082 0.0014059 -0.00511255 -0.146787
0.691825 -0.477878 -0.223188 0.0220679 -0.0801766 -0.14848
0.684924 -0.484722 -0.24846 0.120793 -0.156338 -0.150537
0.675915 -0.489894 -0.281403 0.421581 -0.228235 -0.153064
0.664082 -0.493856 -0.323217 0.640025 -0.291533 -0.156175
0.648512 -0.496933 -0.374235 0.69634 -0.343889 -0.160062
0.626848 -0.475205 -0.433317 0.711207 -0.385047 -0.164973
0.598046 -0.359829 -0.497586 0.709514 -0.416235 -0.171239
0.560515 -0.00848409 -0.562801 0.707456 -0.439341 -0.179296
0.513233 0.246504 -0.624369 0.704932 -0.456289 -0.189708
0.456464 0.312224 -0.678579 0.701825 -0.468716 -0.204085
0.392345 0.329577 -0.723421 0.697938 -0.477888 -0.223197
0.324881 0.327531 -0.758674 0.693027 -0.48473 -0.248477
0.259103 0.325026 -0.785389 0.686761 -0.489899 -0.281429
0.199667 0.321927 -0.805181 0.678704 -0.49386 -0.323255
0.149607 0.318045 -0.819699 0.668292 -0.496936 -0.374285
0.109871 0.31317 -0.830344 0.653918 -0.499358 -0.433378
0.0797027 0.306936 -0.838201 0.634812 -0.475228 -0.497654
0.0574457 0.298876 -0.844062 0.60954 -0.359934 -0.56287
0.0412566 0.288356 -0.84849 0.576597 -0.00866418 -0.624435
0.0295118 0.274536 -0.851882 0.534783 0.246441 -0.678636
0.0209437 0.256353 -0.854517 0.483765 0.312208 -0.723467
0.0146257 0.231053 -0.835912 0.424683 0.329571 -0.758711
0.00990387 0.197417 -0.737117 0.360414 0.327594 -0.785417
0.00632287 0.153588 -0.436265 0.295199 0.32519 -0.805202
0.00356675 0.0983701 -0.217922 0.233631 0.322242 -0.819714
0.00141503 0.0320736 -0.161646 0.179421 0.318613 -0.830356
0.00141152 -0.0428065 -0.146787 0.134579 0.314075 -0.838209
0.0220877 -0.121593 -0.14854 0.0993257 0.308339 -0.844068
0.120883 -0.198411 -0.150684 0.0726111 0.301021 -0.848495
0.421735 -0.267823 -0.153338 0.0528187 0.291612 -0.851886
0.640078 -0.326284 -0.156662 0.038301 0.279453 -0.85452
0.696354 -0.372689 -0.160836 0.0276556 0.262667 -0.856594
0.711213 -0.407921 -0.166175 0.0197989 0.240354 -0.835932
0.70952 -0.433913 -0.173076 0.0139383 0.21084 -0.737207
0.707463 -0.452819 -0.182085 0.00951005 0.172369 -0.436419
0.704936 -0.466535 -0.193918 0.00611758 0.123537 -0.217975
0.701825 -0.476541 -0.209488 0.0034825 0.0639569 -0.16166
0.697938 -0.48392 -0.231152 0.0220877 -0.00504127 -0.146793
0.693027 -0.489434 -0.259954 0.120883 -0.0800972 -0.148486
0.686761 -0.493616 -0.297485 0.421735 -0.156257 -0.150544
0.678704 -0.496835 -0.344767 0.640078 -0.228159 -0.153068
0.668292 -0.499347 -0.401536 0.696354 -0.291466 -0.156175
0.653915 -0.499352 -0.465655 0.711213 -0.343834 -0.160062
0.634803 -0.475205 -0.533119 0.70946 -0.385004 -0.164973
0.609523 -0.359829 -0.598897 0.707316 -0.416202 -0.171239
0.576571 -0.00848409 -0.658333 0.704662 -0.439317 -0.179296
0.534745 0.246504 -0.708393 0.701338 -0.456271 -0.189708
0.483715 0.312224 -0.748129 0.697164 -0.468703 -0.204082
0.424622 0.329577 -0.778297 0.691825 -0.477878 -0.223188
0.360346 0.327601 -0.800554 0.684924 -0.484722 -0.24846
0.29513 0.325198 -0.816743 0.675915 -0.489894 -0.281403
0.233565 0.322247 -0.828488 0.664082 -0.493856 -0.323217
0.179364 0.318613 -0.837056 0.648512 -0.496933 -0.374235
0.134533 0.314075 -0.843374 0.626848 -0.475205 -0.433317
0.099289 0.308339 -0.848096 0.598046 -0.359829 -0.497586
0.0725834 0.301021 -0.851677 0.560515 -0.00848409 -0.562801
0.0527981 0.291612 -0.854433 0.513233 0.246504 -0.624369
0.0382858 0.279453 -0.856585 0.456464 0.312224 -0.678579
0.0276444 0.262663 -0.856588 0.392345 0.329577 -0.723421
0.0197905 0.240343 -0.835912 0.324881 0.327531 -0.758674
0.013932 0.21082 -0.737117 0.259103 0.325026 -0.785389
0.00950524 0.172338 -0.436265 0.199667 0.321927 -0.805181
0.00611386 0.123492 -0.217922 0.149607 0.318045 -0.819699
0.00347958 0.0638981 -0.161646 0.109871 0.31317 -0.830344
0.0014059 -0.00511255 -0.146787 0.0797027 0.306936 -0.838201
0.0220679 -0.0801766 -0.14848 0.0574457 0.298876 -0.844062
0.120793 -0.156338 -0.150537 0.0412566 0.288356 -0.84849
0.421581 -0.228235 -0.153064 0.0295118 0.274536 -0.851882
0.640025 -0.291533 -0.156175 0.0209437 0.256353 -0.854517
0.69634 -0.343889 -0.160062 0.0146257 0.231053 -0.835912
0.711207 -0.385047 -0.164973 0.00990387 0.197417 -0.737117
0.709514 -0.416235 -0.171239 0.00632287 0.153588 -0.436265
0.707456 -0.439341 -0.179296 0.00356675 0.0983701 -0.217922
0.704932 -0.456289 -0.189708 0.00141503 0.0320736 -0.161646
0.701825 -0.468716 -0.204085 0.00141152 -0.0428065 -0.146787
0.697938 -0.477888 -0.223197 0.0220877 -0.121593 -0.14854
0.693027 -0.48473 -0.248477 0.120883 -0.198411 -0.150684
0.686761 -0.489899 -0.281429 0.421735 -0.267823 -0.153338
0.678704 -0.49386 -0.323255 0.640078 -0.326284 -0.156662
0.668292 -0.496936 -0.374285 0.696354 -0.372689 -0.160836
0.653918 -0.499358 -0.433378 0.711213 -0.407921 -0.166175
0.634812 -0.475228 -0.497654 0.70952 -0.433913 -0.173076
0.60954 -0.359934 -0.56287 0.707463 -0.452819 -0.182085
0.576597 -0.00866418 -0.624435 0.704936 -0.466535 -0.193918
0.534783 0.246441 -0.678636 0.701825 -0.476541 -0.209488
0.483765 0.312208 -0.723467 0.697938 -0.48392 -0.231152
0.424683 0.329571 -0.758711 0.693027 -0.489434 -0.259954
0.360414 0.327594 -0.785417 0.686761 -0.493616 -0.297485
0.295199 0.32519 -0.805202 0.678704 -0.496835 -0.344767
0.233631 0.322242 -0.819714 0.668292 -0.499347 -0.401536
0.179421 0.318613 -0.830356 0.653915 -0.499352 -0.465655
0.134579 0.314075 -0.838209 0.634803 -0.475205 -0.533119
0.0993257 0.308339 -0.844068 0.609523 -0.359829 -0.598897
0.0726111 0.301021 -0.848495 0.576571 -0.00848409 -0.658333
0.0528187 0.291612 -0.851886 0.534745 0.246504 -0.708393
0.038301 0.279453 -0.85452 0.483715 0.312224 -0.748129
0.0276556 0.262667 -0.856594 0.424622 0.329577 -0.778297
0.0197989 0.240354 -0.835932 0.360346 0.327601 -0.800554
0.0139383 0.21084 -0.737207 0.29513 0.325198 -0.816743
0.00951005 0.172369 -0.436419 0.233565 0.322247 -0.828488
0.00611758 0.123537 -0.217975 0.179364 0.318613 -0.837056
0.0034825 0.0639569 -0.16166 0.134533 0.314075 -0.843374
0.0220877 -0.00504127 -0.146793 0.099289 0.308339 -0.848096
0.120883 -0.0800972 -0.148486 0.0725834 0.301021 -0.851677
0.421735 -0.156257 -0.150544 0.0527981 0.291612 -0.854433
0.640078 -0.228159 -0.153068 0.0382858 0.279453 -0.856585
0.696354 -0.291466 -0.156175 0.0276444 0.262663 -0.856588
0.711213 -0.343834 -0.160062 0.0197905 0.240343 -0.835912
0.70946 -0.385004 -0.164973 0.013932 0.21082 -0.737117
0.707316 -0.416202 -0.171239 0.00950524 0.172338 -0.436265
0.704662 -0.439317 -0.179296 0.00611386 0.123492 -0.217922
0.701338 -0.456271 -0.189708 0.00347958 0.0638981 -0.161646
0.697164 -0.468703 -0.204082 0.0014059 -0.00511255 -0.146787
0.691825 -0.477878 -0.223188 0.0220679 -0.0801766 -0.14848
0.684924 -0.484722 -0.24846 0.120793 -0.156338 -0.150537
0.675915 -0.489894 -0.281403 0.421581 -0.228235 -0.153064
0.664082 -0.493856 -0.323217 0.640025 -0.291533 -0.156175
0.648512 -0.496933 -0.374235 0.69634 -0.343889 -0.160062
0.626848 -0.475205 -0.433317 0.711207 -0.385047 -0.164973
0.598046 -0.359829 -0.497586 0.709514 -0.416235 -0.171239
0.560515 -0.00848409 -0.562801 0.707456 -0.439341 -0.179296
0.513233 0.246504 -0.624369 0.704932 -0.456289 -0.189708
0.456464 0.312224 -0.678579 0.701825 -0.468716 -0.204085
0.392345 0.329577 -0.723421 0.697938 -0.477888 -0.223197
0.324881 0.327531 -0.758674 0.693027 -0.48473 -0.248477
0.259103 0.325026 -0.785389 0.686761 -0.489899 -0.281429
0.199667 0.321927 -0.805181 0.678704 -0.49386 -0.323255
0.149607 0.318045 -0.819699 0.668292 -0.496936 -0.374285
0.109871 0.31317 -0.830344 0.653918 -0.499358 -0.433378
0.0797027 0.306936 -0.838201 0.634812 -0.475228 -0.497654
0.0574457 0.298876 -0.844062 0.60954 -0.359934 -0.56287
0.0412566 0.288356 -0.84849 0.576597 -0.00866418 -0.624435
0.0295118 0.274536 -0.851882 0.534783 0.246441 -0.678636
0.0209437 0.256353 -0.854517 0.483765 0.312208 -0.723467
0.0146257 0.231053 -0.835912 0.424683 0.329571 -0.758711
0.00990387 0.197417 -0.737117 0.360414 0.327594 -0.785417
0.00632287 0.153588 -0.436265 0.295199 0.32519 -0.805202
0.00356675 0.0983701 -0.217922 0.233631 0.322242 -0.819714
0.00141503 0.0320736 -0.161646 0.179421 0.318613 -0.830356
0.00141152 -0.0428065 -0.146787 0.134579 0.314075 -0.838209
0.0220877 -0.121593 -0.14854 0.0993257 0.308339 -0.844068
0.120883 -0.198411 -0.150684 0.0726111 0.301021 -0.848495
0.421735 -0.267823 -0.153338 0.0528187 0.291612 -0.851886
0.640078 -0.326284 -0.156662 0.038301 0.279453 -0.85452
0.696354 -0.372689 -0.160836 0.0276556 0.262667 -0.856594
0.711213 -0.407921 -0.166175 0.0197989 0.240354 -0.835932
0.70952 -0.433913 -0.173076 0.0139383 0.21084 -0.737207
0.707463 -0.452819 -0.182085 0.00951005 0.172369 -0.436419
0.704936 -0.466535 -0.193918 0.00611758 0.123537 -0.217975
0.701825 -0.476541 -0.209488 0.0034825 0.0639569 -0.16166
0.697938 -0.48392 -0.231152 0.0220877 -0.00504127 -0.146793
0.693027 -0.489434 -0.259954 0.120883 -0.0800972 -0.148486
0.686761 -0.493616 -0.297485 0.421735 -0.156257 -0.150544
0.678704 -0.496835 -0.344767 0.640078 -0.228159 -0.153068
0.668292 -0.499347 -0.401536 0.696354 -0.291466 -0.156175
0.653915 -0.499352 -0.465655 0.711213 -0.343834 -0.160062
0.634803 -0.475205 -0.533119 0.70946 -0.385004 -0.164973
0.609523 -0.359829 -0.598897 0.707316 -0.416202 -0.171239
0.576571 -0.00848409 -0.658333 0.704662 -0.439317 -0.179296
0.534745 0.246504 -0.708393 0.701338 -0.456271 -0.189708
0.483715 0.312224 -0.748129 0.697164 -0.468703 -0.204082
0.424622 0.329577 -0.778297 0.691825 -0.477878 -0.223188
0.360346 0.327601 -0.800554 0.684924 -0.484722 -0.24846
0.29513 0.325198 -0.816743 0.675915 -0.489894 -0.281403
0.233565 0.322247 -0.828488 0.664082 -0.493856 -0.323217
0.179364 0.318613 -0.837056 0.648512 -0.496933 -0.374235
0.134533 0.314075 -0.843374 0.626848 -0.475205 -0.433317
0.099289 0.308339 -0.848096 0.598046 -0.359829 -0.497586
0.0725834 0.301021 -0.851677 0.560515 -0.00848409 -0.562801
0.0527981 0.291612 -0.854433 0.513233 0.246504 -0.624369
0.0382858 0.279453 -0.856585 0.456464 0.312224 -0.678579
0.0276444 0.262663 -0.856588 0.392345 0.329577 -0.723421
0.0197905 0.240343 -0.835912 0.324881 0.327531 -0.758674
0.013932 0.21082 -0.737117 0.259103 0.325026 -0.785389
0.00950524 0.172338 -0.436265 0.199667 0.321927 -0.805181
0.00611386 0.123492 -0.217922 0.149607 0.318045 -0.819699
0.00347958 0.0638981 -0.161646 0.109871 0.31317 -0.830344
0.0014059 -0.00511255 -0.146787 0.0797027 0.306936 -0.838201
0.0220679 -0.0801766 -0.14848 0.0574457 0.298876 -0.844062
0.120793 -0.156338 -0.150537 0.0412566 0.288356 -0.84849
0.421581 -0.228235 -0.153064 0.0295118 0.274536 -0.851882
0.640025 -0.291533 -0.156175 0.0209437 0.256353 -0.854517
0.69634 -0.343889 -0.160062 0.0146257 0.231053 -0.835912
0.711207 -0.385047 -0.164973 0.00990387 0.197417 -0.737117
0.709514 -0.416235 -0.171239 0.00632287 0.153588 -0.436265
0.707456 -0.439341 -0.179296 0.00356675 0.0983701 -0.217922
0.704932 -0.456289 -0.189708 0.00141503 0.0320736 -0.161646
0.701825 -0.468716 -0.204085 0.00141152 -0.0428065 -0.146787
0.697938 -0.477888 -0.223197 0.0220877 -0.121593 -0.14854
0.693027 -0.48473 -0.248477 0.120883 -0.198411 -0.150684
0.686761 -0.489899 -0.281429 0.421735 -0.267823 -0.153338
0.678704 -0.49386 -0.323255 0.640078 -0.326284 -0.156662
0.668292 -0.496936 -0.374285 0.696354 -0.372689 -0.160836
0.653918 -0.499358 -0.433378 0.711213 -0.407921 -0.166175
0.634812 -0.475228 -0.497654 0.70952 -0.433913 -0.173076
0.60954 -0.359934 -0.56287 0.707463 -0.452819 -0.182085
0.576597 -0.00866418 -0.624435 0.704936 -0.466535 -0.193918
0.534783 0.246441 -0.678636 0.701825 -0.476541 -0.209488
0.483765 0.312208 -0.723467 0.697938 -0.48392 -0.231152
0.424683 0.329571 -0.758711 0.693027 -0.489434 -0.259954
0.360414 0.327594 -0.785417 0.686761 -0.493616 -0.297485
0.295199 0.32519 -0.805202 0.678704 -0.496835 -0.344767
0.233631 0.322242 -0.819714 0.668292 -0.499347 -0.401536
0.179421 0.318613 -0.830356 0.653915 -0.499352 -0.465655
0.134579 0.314075 -0.838209 0.634803 -0.475205 -0.533119
0.0993257 0.308339 -0.844068 0.609523 -0.359829 -0.598897
0.0726111 0.301021 -0.848495 0.576571 -0.00848409 -0.658333
0.0528187 0.291612 -0.851886 0.534745 0.246504 -0.708393
0.038301 0.279453 -0.85452 0.483715 0.312224 -0.748129
0.0276556 0.262667 -0.856594 0.424622 0.329577 -0.778297
0.0197989 0.240354 -0.835932 0.360346 0.327601 -0.800554
0.0139383 0.21084 -0.737207 0.29513 0.325198 -0.816743
0.00951005 0.172369 -0.436419 0.233565 0.322247 -0.828488
0.00611758 0.123537 -0.217975 0.179364 0.318613 -0.837056
0.0034825 0.0639569 -0.16166 0.134533 0.314075 -0.843374
0.0220877 -0.00504127 -0.146793 0.099289 0.308339 -0.848096
0.120883 -0.0800972 -0.148486 0.0725834 0.301021 -0.851677
0.421735 -0.156257 -0.150544 0.0527981 0.291612 -0.854433
0.640078 -0.228159 -0.153068 0.0382858 0.279453 -0.856585
0.696354 -0.291466 -0.156175 0.0276444 0.262663 -0.856588
0.711213 -0.343834 -0.160062 0.0197905 0.240343 -0.835912
0.70946 -0.385004 -0.164973 0.013932 0.21082 -0.737117
0.707316 -0.416202 -0.171239 0.00950524 0.172338 -0.436265
0.704662 -0.439317 -0.179296 0.00611386 0.123492 -0.217922
0.701338 -0.456271 -0.189708 0.00347958 0.0638981 -0.161646
0.697164 -0.468703 -0.204082 0.0014059 -0.00511255 -0.146787
0.691825 -0.477878 -0.223188 0.0220679 -0.0801766 -0.14848
0.684924 -0.484722 -0.24846 0.120793 -0.156338 -0.150537
0.675915 -0.489894 -0.281403 0.421581 -0.228235 -0.153064
0.664082 -0.493856 -0.323217 0.640025 -0.291533 -0.156175
0.648512 -0.496933 -0.374235 0.69634 -0.343889 -0.160062
0.626848 -0.475205 -0.433317 0.711207 -0.385047 -0.164973
0.598046 -0.359829 -0.497586 0.709514 -0.416235 -0.171239
0.560515 -0.00848409 -0.562801 0.707456 -0.439341 -0.179296
0.513233 0.246504 -0.624369 0.704932 -0.456289 -0.189708
0.456464 0.312224 -0.678579 0.701825 -0.468716 -0.204085
0.392345 0.329577 -0.723421 0.697938 -0.477888 -0.223197
0.324881 0.327531 -0.758674 0.693027 -0.48473 -0.248477
0.259103 0.325026 -0.785389 0.686761 -0.489899 -0.281429
0.199667 0.321927 -0.805181 0.678704 -0.49386 -0.323255
0.149607 0.318045 -0.819699 0.668292 -0.496936 -0.374285
0.109871 0.31317 -0.830344 0.653918 -0.499358 -0.433378
0.0797027 0.306936 -0.838201 0.634812 -0.475228 -0.497654
0.0574457 0.298876 -0.844062 0.60954 -0.359934 -0.56287
0.0412566 0.288356 -0.84849 0.576597 -0.00866418 -0.624435
0.0295118 0.274536 -0.851882 0.534783 0.246441 -0.678636
0.0209437 0.256353 -0.854517 0.483765 0.312208 -0.723467
0.0146257 0.231053 -0.835912 0.424683 0.329571 -0.758711
0.00990387 0.197417 -0.737117 0.360414 0.327594 -0.785417
0.00632287 0.153588 -0.436265 0.295199 0.32519 -0.805202
0.00356675 0.0983701 -0.217922 0.233631 0.322242 -0.819714
0.00141503 0.0320736 -0.161646 0.179421 0.318613 -0.830356
0.00141152 -0.0428065 -0.146787 0.134579 0.314075 -0.838209
0.0220877 -0.121593 -0.14854 0.0993257 0.308339 -0.844068
0.120883 -0.198411 -0.150684 0.0726111 0.301021 -0.848495
0.421735 -0.267823 -0.153338 0.0528187 0.291612 -0.851886
0.640078 -0.326284 -0.156662 0.038301 0.279453 -0.85452
0.696354 -0.372689 -0.160836 0.0276556 0.262667 -0.856594
0.711213 -0.407921 -0.166175 0.0197989 0.240354 -0.835932
0.70952 -0.433913 -0.173076 0.0139383 0.21084 -0.737207
0.707463 -0.452819 -0.182085 0.00951005 0.172369 -0.436419
0.704936 -0.466535 -0.193918 0.00611758 0.123537 -0.217975
0.701825 -0.476541 -0.209488 0.0034825 0.0639569 -0.16166
0.697938 -0.48392 -0.231152 0.0220877 -0.00504127 -0.146793
0.693027 -0.489434 -0.259954 0.120883 -0.0800972 -0.148486
0.686761 -0.493616 -0.297485 0.421735 -0.156257 -0.150544
0.678704 -0.496835 -0.344767 0.640078 -0.228159 -0.153068
0.668292 -0.499347 -0.401536 0.696354 -0.291466 -0.156175
0.653915 -0.499352 -0.465655 0.711213 -0.343834 -0.160062
0.634803 -0.475205 -0.533119 0.70946 -0.385004 -0.164973
0.609523 -0.359829 -0.598897 0.707316 -0.416202 -0.171239
0.576571 -0.00848409 -0.658333 0.704662 -0.439317 -0.179296
0.534745 0.246504 -0.708393 0.701338 -0.456271 -0.189708
0.483715 0.312224 -0.748129 0.697164 -0.468703 -0.204082
0.424622 0.329577 -0.778297 0.691825 -0.477878 -0.223188
0.360346 0.327601 -0.800554 0.684924 -0.484722 -0.24846
0.29513 0.325198 -0.816743 0.675915 -0.489894 -0.281403
0.233565 0.322247 -0.828488 0.664082 -0.493856 -0.323217
0.179364 0.318613 -0.837056 0.648512 -0.496933 -0.374235
0.134533 0.314075 -0.843374 0.626848 -0.475205 -0.433317
0.099289 0.308339 -0.848096 0.598046 -0.359829 -0.497586
0.0725834 0.301021 -0.851677 0.560515 -0.00848409 -0.562801
0.0527981 0.291612 -0.854433 0.513233 0.246504 -0.624369
0.0382858 0.279453 -0.856585 0.456464 0.312224 -0.678579
0.0276444 0.262663 -0.856588 0.392345 0.329577 -0.723421
0.0197905 0.240343 -0.835912 0.324881 0.327531 -0.758674
0.013932 0.21082 -0.737117 0.259103 0.325026 -0.785389
0.00950524 0.172338 -0.436265 0.199667 0.321927 -0.805181
0.00611386 0.123492 -0.217922 0.149607 0.318045 -0.819699
0.00347958 0.0638981 -0.161646 0.109871 0.31317 -0.830344
0.0014059 -0.00511255 -0.146787 0.0797027 0.306936 -0.838201
0.0220679 -0.0801766 -0.14848 0.0574457 0.298876 -0.844062
0.120793 -0.156338 -0.150537 0.0412566 0.288356 -0.84849
0.421581 -0.228235 -0.153064 0.0295118 0.274536 -0.851882
0.640025 -0.291533 -0.156175 0.0209437 0.256353 -0.854517
0.69634 -0.343889 -0.160062 0.0146257 0.231053 -0.835912
0.711207 -0.385047 -0.164973 0.00990387 0.197417 -0.737117
0.709514 -0.416235 -0.171239 0.00632287 0.153588 -0.436265
0.707456 -0.439341 -0.179296 0.00356675 0.0983701 -0.217922
0.704932 -0.456289 -0.189708 0.00141503 0.0320736 -0.161646
0.701825 -0.468716 -0.204085 0.00141152 -0.0428065 -0.146787
0.697938 -0.477888 -0.223197 0.0220877 -0.121593 -0.14854
0.693027 -0.48473 -0.248477 0.120883 -0.198411 -0.150684
0.686761 -0.489899 -0.281429 0.421735 -0.267823 -0.153338
0.678704 -0.49386 -0.323255 0.640078 -0.326284 -0.156662
0.668292 -0.496936 -0.374285 0.696354 -0.372689 -0.160836
0.653918 -0.499358 -0.433378 0.711213 -0.407921 -0.166175
0.634812 -0.475228 -0.497654 0.70952 -0.433913 -0.173076
0.60954 -0.359934 -0.56287 0.707463 -0.452819 -0.182085
0.576597 -0.00866418 -0.624435 0.704936 -0.466535 -0.193918
0.534783 0.246441 -0.678636 0.701825 -0.476541 -0.209488
0.483765 0.312208 -0.723467 0.697938 -0.48392 -0.231152
0.424683 0.329571 -0.758711 0.693027 -0.489434 -0.259954
0.360414 0.327594 -0.785417 0.686761 -0.493616 -0.297485
0.295199 0.32519 -0.805202 0.678704 -0.496835 -0.344767
0.233631 0.322242 -0.819714 0.668292 -0.499347 -0.401536
0.179421 0.318613 -0.830356 0.653915 -0.499352 -0.465655
0.134579 0.314075 -0.838209 0.634803 -0.475205 -0.533119
0.0993257 0.308339 -0.844068 0.609523 -0.359829 -0.598897
0.0726111 0.301021 -0.848495 0.576571 -0.00848409 -0.658333
0.0528187 0.291612 -0.851886 0.534745 0.246504 -0.708393
0.038301 0.279453 -0.85452 0.483715 0.312224 -0.748129
0.0276556 0.262667 -0.856594 0.424622 0.329577 -0.778297
0.0197989 0.240354 -0.835932 0.360346 0.327601 -0.800554
0.0139383 0.21084 -0.737207 0.29513 0.325198 -0.816743
0.00951005 0.172369 -0.436419 0.233565 0.322247 -0.828488
0.00611758 0.123537 -0.217975 0.179364 0.318613 -0.837056
0.0034825 0.0639569 -0.16166 0.134533 0.314075 -0.843374
0.0220877 -0.00504127 -0.146793 0.099289 0.308339 -0.848096
0.120883 -0.0800972 -0.148486 0.0725834 0.301021 -0.851677
0.421735 -0.156257 -0.150544 0.0527981 0.291612 -0.854433
0.640078 -0.228159 -0.153068 0.0382858 0.279453 -0.856585
0.696354 -0.291466 -0.156175 0.0276444 0.262663 -0.856588
0.711213 -0.343834 -0.160062 0.0197905 0.240343 -0.835912
0.70946 -0.385004 -0.164973 0.013932 0.21082 -0.737117
0.707316 -0.416202 -0.171239 0.00950524 0.172338 -0.436265
0.704662 -0.439317 -0.179296 0.00611386 0.123492 -0.217922
0.701338 -0.456271 -0.189708 0.00347958 0.0638981 -0.161646
0.697164 -0.468703 -0.204082 0.0014059 -0.00511255 -0.146787
0.691825 -0.477878 -0.223188 0.0220679 -0.0801766 -0.14848
0.684924 -0.484722 -0.24846 0.120793 -0.156338 -0.150537
0.675915 -0.489894 -0.281403 0.421581 -0.228235 -0.153064
0.664082 -0.493856 -0.323217 0.640025 -0.291533 -0.156175
0.648512 -0.496933 -0.374235 0.69634 -0.343889 -0.160062
0.626848 -0.475205 -0.433317 0.711207 -0.385047 -0.164973
0.598046 -0.359829 -0.497586 0.709514 -0.416235 -0.171239
0.560515 -0.00848409 -0.562801 0.707456 -0.439341 -0.179296
0.513233 0.246504 -0.624369 0.704932 -0.456289 -0.189708
0.456464 0.312224 -0.678579 0.701825 -0.468716 -0.204085
0.392345 0.329577 -0.723421 0.697938 -0.477888 -0.223197
0.324881 0.327531 -0.758674 0.693027 -0.48473 -0.248477
0.259103 0.325026 -0.785389 0.686761 -0.489899 -0.281429
0.199667 0.321927 -0.805181 0.678704 -0.49386 -0.323255
0.149607 0.318045 -0.819699 0.668292 -0.496936 -0.374285
0.109871 0.31317 -0.830344 0.653918 -0.499358 -0.433378
0.0797027 0.306936 -0.838201 0.634812 -0.475228 -0.497654
0.0574457 0.298876 -0.844062 0.60954 -0.359934 -0.56287
0.0412566 0.288356 -0.84849 0.576597 -0.00866418 -0.624435
0.0295118 0.274536 -0.851882 0.534783 0.246441 -0.678636
0.0209437 0.256353 -0.854517 0.483765 0.312208 -0.723467
0.0146257 0.231053 -0.835912 0.424683 0.329571 -0.758711
0.00990387 0.197417 -0.737117 0.360414 0.327594 -0.785417
0.00632287 0.153588 -0.436265 0.295199 0.32519 -0.805202
0.00356675 0.0983701 -0.217922 0.233631 0.322242 -0.819714
0.00141503 0.0320736 -0.161646 0.179421 0.318613 -0.830356
0.00141152 -0.0428065 -0.146787 0.134579 0.314075 -0.838209
0.0220877 -0.121593 -0.14854 0.0993257 0.308339 -0.844068
0.120883 -0.198411 -0.150684 0.0726111 0.301021 -0.848495
0.421735 -0.267823 -0.153338 0.0528187 0.291612 -0.851886
0.640078 -0.326284 -0.156662 0.038301 0.279453 -0.85452
0.696354 -0.372689 -0.160836 0.0276556 0.262667 -0.856594
0.711213 -0.407921 -0.166175 0.0197989 0.240354 -0.835932
0.70952 -0.433913 -0.173076 0.0139383 0.21084 -0.737207
0.707463 -0.452819 -0.182085 0.00951005 0.172369 -0.436419
0.704936 -0.466535 -0.193918 0.00611758 0.123537 -0.217975
0.701825 -0.476541 -0.209488 0.0034825 0.0639569 -0.16166
0.697938 -0.48392 -0.231152 0.0220877 -0.00504127 -0.146793
0.693027 -0.489434 -0.259954 0.120883 -0.0800972 -0.148486
0.686761 -0.493616 -0.297485 0.421735 -0.156257 -0.150544
0.678704 -0.496835 -0.344767 0.640078 -0.228159 -0.153068
0.668292 -0.499347 -0.401536 0.696354 -0.291466 -0.156175
0.653915 -0.499352 -0.465655 0.711213 -0.343834 -0.160062
0.634803 -0.475205 -0.533119 0.70946 -0.385004 -0.164973
0.609523 -0.359829 -0.598897 0.707316 -0.416202 -0.171239
0.576571 -0.00848409 -0.658333 0.704662 -0.439317 -0.179296
0.534745 0.246504 -0.708393 0.701338 -0.456271 -0.189708
0.483715 0.312224 -0.748129 0.697164 -0.468703 -0.204082
0.424622 0.329577 -0.778297 0.691825 -0.477878 -0.223188
0.360346 0.327601 -0.800554 0.684924 -0.484722 -0.24846
0.29513 0.325198 -0.816743 0.675915 -0.489894 -0.281403
0.233565 0.322247 -0.828488 0.664082 -0.493856 -0.323217
0.179364 0.318613 -0.837056 0.648512 -0.496933 -0.374235
0.134533 0.314075 -0.843374 0.626848 -0.475205 -0.433317
0.099289 0.308339 -0.848096 0.598046 -0.359829 -0.497586
0.0725834 0.301021 -0.851677 0.560515 -0.00848409 -0.562801
0.0527981 0.291612 -0.854433 0.513233 0.246504 -0.624369
0.0382858 0.279453 -0.856585 0.456464 0.312224 -0.678579
0.0276444 0.262663 -0.856588 0.392345 0.329577 -0.723421
0.0197905 0.240343 -0.835912 0.324881 0.327531 -0.758674
0.013932 0.21082 -0.737117 0.259103 0.325026 -0.785389
0.00950524 0.172338 -0.436265 0.199667 0.321927 -0.805181
0.00611386 0.123492 -0.217922 0.149607 0.318045 -0.819699
0.00347958 0.0638981 -0.161646 0.109871 0.31317 -0.830344
0.0014059 -0.00511255 -0.146787 0.0797027 0.306936 -0.838201
0.0220679 -0.0801766 -0.14848 0.0574457 0.298876 -0.844062
0.120793 -0.156338 -0.150537 0.0412566 0.288356 -0.84849
0.421581 -0.228235 -0.153064 0.0295118 0.274536 -0.851882
0.640025 -0.291533 -0.156175 0.0209437 0.256353 -0.854517
0.69634 -0.343889 -0.160062 0.0146257 0.231053 -0.835912
0.711207 -0.385047 -0.164973 0.00990387 0.197417 -0.737117
0.709514 -0.416235 -0.171239 0.00632287 0.153588 -0.436265
0.707456 -0.439341 -0.179296 0.00356675 0.0983701 -0.217922
0.704932 -0.456289 -0.189708 0.00141503 0.0320736 -0.161646
0.701825 -0.468716 -0.204085 0.00141152 -0.0428065 -0.146787
0.697938 -0.477888 -0.223197 0.0220877 -0.121593 -0.14854
0.693027 -0.48473 -0.248477 0.120883 -0.198411 -0.150684
0.686761 -0.489899 -0.281429 0.421735 -0.267823 -0.153338
0.678704 -0.49386 -0.323255 0.640078 -0.326284 -0.156662
0.668292 -0.496936 -0.374285 0.696354 -0.372689 -0.160836
0.653918 -0.499358 -0.433378 0.711213 -0.407921 -0.166175
0.634812 -0.475228 -0.497654 0.70952 -0.433913 -0.173076
0.60954 -0.359934 -0.56287 0.707463 -0.452819 -0.182085
0.576597 -0.00866418 -0.624435 0.704936 -0.466535 -0.193918
0.534783 0.246441 -0.678636 0.701825 -0.476541 -0.209488
0.483765 0.312208 -0.723467 0.697938 -0.48392 -0.231152
0.424683 0.329571 -0.758711 0.693027 -0.489434 -0.259954
0.360414 0.327594 -0.785417 0.686761 -0.493616 -0.297485
0.295199 0.32519 -0.805202 0.678704 -0.496835 -0.344767
0.233631 0.322242 -0.819714 0.668292 -0.499347 -0.401536
0.179421 0.318613 -0.830356 0.653915 -0.499352 -0.465655
0.134579 0.314075 -0.838209 0.634803 -0.475205 -0.533119
0.0993257 0.308339 -0.844068 0.609523 -0.359829 -0.598897
0.0726111 0.301021 -0.848495 0.576571 -0.00848409 -0.658333
0.0528187 0.291612 -0.851886 0.534745 0.246504 -0.708393
0.038301 0.279453 -0.85452 0.483715 0.312224 -0.748129
0.0276556 0.262667 -0.856594 0.424622 0.329577 -0.778297
0.0197989 0.240354 -0.835932 0.360346 0.327601 -0.800554
0.0139383 0.21084 -0.737207 0.29513 0.325198 -0.816743
0.00951005 0.172369 -0.436419 0.233565 0.322247 -0.828488
0.00611758 0.123537 -0.217975 0.179364 0.318613 -0.837056
0.0034825 0.0639569 -0.16166 0.134533 0.314075 -0.843374
0.0220877 -0.00504127 -0.146793 0.099289 0.308339 -0.848096
0.120883 -0.0800972 -0.148486 0.0725834 0.301021 -0.851677
0.421735 -0.156257 -0.150544 0.0527981 0.291612 -0.854433
0.640078 -0.228159 -0.153068 0.0382858 0.279453 -0.856585
0.696354 -0.291466 -0.156175 0.0276444 0.262663 -0.856588
0.711213 -0.343834 -0.160062 0.0197905 0.240343 -0.835912
0.70946 -0.385004 -0.164973 0.013932 0.21082 -0.737117
0.707316 -0.416202 -0.171239 0.00950524 0.172338 -0.436265
