0.357500 0.000000 0.000000 0.000000 0.000000 0.000000 
0.357500 0.000000 0.000000 0.000000 0.000000 0.000000 
-0.009420 0.000000 0.000000 0.000000 0.000000 0.000000 
0.724576 0.000000 0.000000 0.000000 0.000000 0.000000 
0.640965 0.000000 0.000000 0.000000 0.000000 0.000000 
0.001386 0.000000 0.000000 0.000000 0.000000 0.000000 
0.001386 0.000000 0.000000 0.000000 0.000000 0.000000 
0.001386 0.000000 0.000000 0.000000 0.000000 0.000000 
0.001386 0.000000 0.000000 0.000000 0.000000 0.000000 
0.001386 0.000000 0.000000 0.000000 0.000000 0.000000 
0.001386 0.000000 0.000000 0.000000 0.000000 0.000000 
0.001386 0.000000 0.000000 0.000000 0.000000 0.000000 
0.001386 0.000000 0.000000 0.000000 0.000000 0.000000 
0.001386 0.000000 0.000000 0.000000 0.000000 0.000000 
0.001386 0.000000 0.000000 0.000000 0.000000 0.000000 
0.001386 0.000000 0.000000 0.000000 0.000000 0.000000 
0.001386 0.000000 0.000000 0.000000 0.000000 0.000000 
0.001386 0.000000 0.000000 0.000000 0.000000 0.000000 
0.001386 0.000000 0.000000 0.000000 0.000000 0.000000 
0.001386 0.000000 0.000000 0.000000 0.000000 0.000000 
0.001386 0.000000 0.000000 0.000000 0.000000 0.000000 
0.001386 0.000000 0.000000 0.000000 0.000000 0.000000 
0.001386 0.000000 0.000000 0.000000 0.000000 0.000000 
0.001386 0.000000 0.000000 0.000000 0.000000 0.000000 
0.001386 0.000000 0.000000 0.000000 0.000000 0.000000 
0.001386 0.000000 0.000000 0.000000 0.000000 0.000000 
0.001386 0.000000 0.000000 0.000000 0.000000 0.000000 
0.001386 0.000000 0.000000 0.000000 0.000000 0.000000 
0.001386 0.000000 0.000000 0.000000 0.000000 0.000000 
0.001386 0.000000 0.000000 0.000000 0.000000 0.000000 
0.001386 0.000000 0.000000 0.000000 0.000000 0.000000 
0.001386 0.000000 0.000000 0.000000 0.000000 0.000000 
0.001386 0.000000 0.000000 0.000000 0.000000 0.000000 
0.001386 0.000000 0.000000 0.000000 0.000000 0.000000 
0.001386 0.000000 0.000000 0.000000 0.000000 0.000000 
0.001386 0.000000 0.000000 0.000000 0.000000 0.000000 
0.001386 0.000000 0.000000 0.000000 0.000000 0.000000 
0.001386 0.000000 0.000000 0.000000 0.000000 0.000000 
0.001386 0.000000 0.000000 0.000000 0.000000 0.000000 
0.001386 0.000000 0.000000 0.000000 0.000000 0.000000 
0.001386 0.000000 0.000000 0.000000 0.000000 0.000000 
0.001386 0.000000 0.000000 0.000000 0.000000 0.000000 
0.001386 0.000000 0.000000 0.000000 0.000000 0.000000 
0.711202 0.000000 0.000000 0.000000 0.000000 0.000000 
0.711202 0.000000 0.000000 0.000000 0.000000 0.000000 
0.711202 0.000000 0.000000 0.000000 0.000000 0.000000 
0.711202 0.000000 0.000000 0.000000 0.000000 0.000000 
0.711202 0.000000 0.000000 0.000000 0.000000 0.000000 
0.711202 0.000000 0.000000 0.000000 0.000000 0.000000 
0.711202 0.000000 0.000000 0.000000 0.000000 0.000000 
0.711202 0.000000 0.000000 0.000000 0.000000 0.000000 
0.711202 0.000000 0.000000 0.000000 0.000000 0.000000 
0.711202 0.000000 0.000000 0.000000 0.000000 0.000000 
0.709839 0.000000 0.000000 0.000000 0.000000 0.000000 
0.708242 0.000000 0.000000 0.000000 0.000000 0.000000 
0.706357 0.000000 0.000000 0.000000 0.000000 0.000000 
0.704117 0.000000 0.000000 0.000000 0.000000 0.000000 
0.701433 0.000000 0.000000 0.000000 0.000000 0.000000 
0.698733 0.000000 0.000000 0.000000 0.000000 0.000000 
0.694889 0.000000 0.000000 0.000000 0.000000 0.000000 
0.690174 -0.090435 -0.369671 -0.247165 -0.476063 -0.559428 
0.684344 0.112770 -0.275425 -0.122239 -0.471094 -0.599671 
0.677081 0.213197 -0.214778 -0.060414 -0.470833 -0.647785 
0.667975 0.262746 -0.184455 -0.027603 -0.473978 -0.671843 
0.656505 0.286300 -0.165912 0.011021 -0.478214 -0.706183 
0.642029 0.296774 -0.156643 0.030333 -0.481464 -0.735130 
0.623790 0.297796 -0.152352 0.066147 -0.483089 -0.753152 
0.600962 0.295571 -0.151661 0.162933 -0.487454 -0.768190 
0.572583 0.294459 -0.151316 0.317411 -0.489637 -0.786680 
0.538154 0.289321 -0.152555 0.436340 -0.492052 -0.798829 
0.497487 0.280975 -0.153175 0.524839 -0.494245 -0.807497 
0.451052 0.273394 -0.154959 0.599381 -0.495586 -0.815272 
0.400117 0.264704 -0.156935 0.647753 -0.497470 -0.822362 
0.346697 0.250170 -0.158560 0.675813 -0.496190 -0.828076 
0.293293 0.236421 -0.162318 0.693388 -0.484570 -0.834585 
0.242448 0.217229 -0.165694 0.701450 -0.456769 -0.839321 
0.196281 0.192903 -0.168642 0.705394 -0.419303 -0.843052 
0.156153 0.166201 -0.171696 0.707011 -0.308495 -0.845944 
0.122572 0.139955 -0.176888 0.705030 -0.111235 -0.848635 
0.095315 0.104986 -0.184034 0.704039 0.052130 -0.850448 
0.073686 0.063343 -0.189945 0.702932 0.155445 -0.852372 
0.056772 0.001428 -0.198556 0.700957 0.234092 -0.854253 
0.043645 -0.035767 -0.209929 0.698522 0.278879 -0.852039 
0.033478 -0.088912 -0.226033 0.695250 0.304119 -0.846394 
0.025584 -0.129584 -0.237174 0.692673 0.316066 -0.817346 
0.019421 -0.168955 -0.256353 0.689913 0.321575 -0.753814 
0.014572 -0.219030 -0.281640 0.686047 0.323613 -0.664224 
0.010724 -0.264404 -0.308688 0.678888 0.323627 -0.515252 
0.007643 -0.303593 -0.349040 0.672711 0.322232 -0.379958 
0.005151 -0.332653 -0.381731 0.665139 0.321129 -0.285472 
0.003119 -0.363973 -0.416644 0.658010 0.318787 -0.224271 
0.001446 -0.391185 -0.450221 0.642998 0.316175 -0.189198 
0.001442 -0.407260 -0.491905 0.626962 0.312795 -0.168140 
0.001439 -0.422467 -0.531668 0.612320 0.308123 -0.157755 
0.001436 -0.438097 -0.578843 0.593760 0.304906 -0.153706 
0.001433 -0.449364 -0.609373 0.575967 0.299199 -0.151921 
0.001431 -0.459183 -0.651223 0.541012 0.291918 -0.152069 
0.001428 -0.467294 -0.688942 0.506852 0.284798 -0.152969 
0.001425 -0.473602 -0.718762 0.476724 0.275340 -0.154156 
0.001423 -0.478631 -0.746455 0.443225 0.267213 -0.157313 
0.001421 -0.483304 -0.761072 0.408565 0.252765 -0.159397 
0.001418 -0.486935 -0.776223 0.373412 0.236270 -0.161268 
0.001416 -0.489375 -0.783798 0.332997 0.223623 -0.164745 
0.010290 -0.490595 -0.797379 0.301888 0.210837 -0.167710 
0.031417 -0.491206 -0.804169 0.286334 0.204444 -0.169192 
0.087166 -0.492193 -0.807564 0.278556 0.194219 -0.169934 
0.220369 -0.492687 -0.809261 0.258850 0.189107 -0.171629 
0.421855 -0.495026 -0.814197 0.248997 0.178824 -0.172477 
0.581533 -0.496196 -0.816664 0.232336 0.156087 -0.174368 
0.658772 -0.497529 -0.822647 0.196342 0.132464 -0.177651 
0.690518 -0.492818 -0.828779 0.163701 0.101230 -0.183266 
0.704387 -0.490462 -0.833425 0.142214 0.066576 -0.190928 
0.711217 -0.458942 -0.837781 0.118080 0.024611 -0.202324 
0.710172 -0.420532 -0.841804 0.095843 -0.031168 -0.208022 
0.708990 -0.286783 -0.845318 0.078398 -0.072845 -0.228177 
0.707649 -0.118315 -0.848864 0.065185 -0.121324 -0.246512 
0.706120 0.027500 -0.851003 0.053361 -0.174337 -0.272836 
0.704369 0.143219 -0.853067 0.045287 -0.216991 -0.293826 
0.702362 0.225061 -0.854376 0.038218 -0.259289 -0.326171 
0.700058 0.273073 -0.853584 0.031202 -0.303576 -0.347626 
0.697390 0.300235 -0.838285 0.025133 -0.325720 -0.381191 
0.694286 0.313816 -0.830635 0.020188 -0.355751 -0.418677 
0.690659 0.319968 -0.759579 0.015707 -0.384721 -0.461017 
0.686406 0.322813 -0.678816 0.011717 -0.403951 -0.494258 
0.681399 0.324235 -0.532202 0.009090 -0.421622 -0.545630 
0.675490 0.321683 -0.385772 0.006559 -0.436874 -0.582243 
0.668501 0.320406 -0.290272 0.004623 -0.447662 -0.611078 
0.660230 0.317015 -0.224128 0.003017 -0.459117 -0.653489 
0.649891 0.314655 -0.189130 0.004112 -0.468120 -0.686358 
0.637487 0.312255 -0.168249 0.013856 -0.475285 -0.713441 
0.622634 0.309751 -0.157812 0.031750 -0.480000 -0.738759 
0.604931 0.304285 -0.153985 0.066856 -0.483724 -0.754966 
0.583988 0.298815 -0.152478 0.163287 -0.487771 -0.780068 
0.559474 0.291499 -0.152228 0.317588 -0.491119 -0.792619 
0.531182 0.282064 -0.153011 0.465463 -0.492793 -0.804392 
0.499101 0.273939 -0.154877 0.569693 -0.494860 -0.813720 
0.463475 0.264977 -0.156894 0.632909 -0.496501 -0.821586 
0.424850 0.250306 -0.158540 0.668391 -0.495705 -0.827688 
0.384066 0.236728 -0.160765 0.689677 -0.484328 -0.833118 
0.342207 0.217383 -0.163420 0.699594 -0.456648 -0.837613 
0.300490 0.200394 -0.167505 0.704467 -0.419242 -0.841708 
0.260136 0.169946 -0.171128 0.706547 -0.308465 -0.845272 
0.222229 0.151647 -0.176603 0.707588 -0.111220 -0.848063 
0.187598 0.122669 -0.183891 0.705318 0.026320 -0.850162 
0.156764 0.084414 -0.189587 0.704183 0.136317 -0.852229 
0.129927 0.052800 -0.195323 0.702451 0.219571 -0.853645 
0.107013 -0.003843 -0.205932 0.700716 0.269947 -0.855112 
0.087747 -0.044501 -0.217676 0.698402 0.297997 -0.852468 
0.071735 -0.079688 -0.233128 0.694249 0.313441 -0.837657 
0.058533 -0.144007 -0.246332 0.690701 0.320801 -0.812978 
0.047696 -0.182985 -0.271300 0.686441 0.323682 -0.745353 
0.038818 -0.231914 -0.291622 0.682452 0.323996 -0.617664 
0.031540 -0.270846 -0.313679 0.677090 0.323257 -0.456516 
0.025562 -0.306814 -0.351791 0.667328 0.321629 -0.340957 
0.020632 -0.334264 -0.383106 0.658863 0.320108 -0.265971 
0.016550 -0.364779 -0.424655 0.648397 0.317758 -0.214521 
0.013152 -0.391588 -0.467080 0.638192 0.314279 -0.180670 
0.010307 -0.407461 -0.519255 0.624559 0.310669 -0.164020 
0.007913 -0.426631 -0.557949 0.611573 0.306151 -0.156343 
0.005885 -0.440179 -0.599019 0.584874 0.302333 -0.153247 
0.004159 -0.452375 -0.632529 0.571524 0.295498 -0.152112 
0.002682 -0.463890 -0.669609 0.538790 0.288915 -0.152464 
0.001410 -0.470819 -0.698306 0.503532 0.280562 -0.153903 
0.010278 -0.476636 -0.723444 0.456629 0.269824 -0.157187 
0.031388 -0.481693 -0.743859 0.424085 0.258111 -0.159334 
0.087092 -0.484835 -0.767620 0.381172 0.244878 -0.161236 
0.220216 -0.488325 -0.779497 0.336877 0.227927 -0.162188 
0.421683 -0.490070 -0.791159 0.303828 0.212989 -0.165204 
0.581430 -0.491625 -0.801059 0.271486 0.198492 -0.169265 
0.658726 -0.494496 -0.810095 0.243581 0.169847 -0.172762 
0.690496 -0.496679 -0.819363 0.208312 0.139345 -0.176848 
0.704376 -0.498003 -0.827137 0.184330 0.104670 -0.182864 
0.711211 -0.493055 -0.832604 0.152529 0.068296 -0.190727 
0.710165 -0.460239 -0.837370 0.127357 0.025471 -0.202224 
0.708982 -0.421180 -0.841598 0.105605 -0.023003 -0.207972 
0.707641 -0.287108 -0.845216 0.083278 -0.068763 -0.223122 
0.706111 -0.118477 -0.847686 0.067625 -0.119283 -0.237118 
0.704359 0.027419 -0.850414 0.054581 -0.173317 -0.262389 
0.702362 0.143179 -0.852772 0.045897 -0.216481 -0.280774 
0.700058 0.225041 -0.854229 0.038523 -0.259034 -0.307551 
0.697390 0.273062 -0.853511 0.031355 -0.292501 -0.338316 
0.694286 0.297073 -0.849755 0.025209 -0.320182 -0.376536 
0.690659 0.312235 -0.824633 0.020226 -0.352983 -0.416350 
0.686406 0.319776 -0.790294 0.015726 -0.378360 -0.453886 
0.681399 0.322717 -0.694173 0.012054 -0.400771 -0.490692 
0.675490 0.324187 -0.539881 0.009259 -0.420032 -0.536022 
0.668501 0.321659 -0.389612 0.007411 -0.436078 -0.577439 
0.660230 0.320394 -0.292192 0.005554 -0.447265 -0.608676 
0.649891 0.318108 -0.228158 0.003764 -0.456981 -0.652288 
0.637487 0.315202 -0.191145 0.004486 -0.465507 -0.685758 
0.622634 0.312528 -0.169257 0.014043 -0.473142 -0.713140 
0.604931 0.309888 -0.158658 0.031844 -0.478628 -0.738609 
0.583988 0.304353 -0.154408 0.092472 -0.483038 -0.760918 
0.559474 0.298850 -0.152272 0.176095 -0.487429 -0.772073 
0.531182 0.291516 -0.152125 0.323992 -0.490517 -0.788622 
0.499101 0.282072 -0.152960 0.468665 -0.493477 -0.802393 
0.463475 0.273943 -0.154851 0.571294 -0.495202 -0.812721 
0.424850 0.264979 -0.156352 0.633710 -0.497278 -0.821087 
0.384066 0.249025 -0.159945 0.671594 -0.495948 -0.829334 
0.342207 0.235848 -0.163010 0.691101 -0.484449 -0.835214 
0.300490 0.216977 -0.165628 0.700294 -0.456709 -0.839719 
0.260136 0.187209 -0.170189 0.704461 -0.357785 -0.843252 
0.222229 0.160279 -0.176134 0.706545 -0.231927 -0.846325 
0.187598 0.126985 -0.179106 0.704797 -0.034034 -0.849293 
0.156764 0.098501 -0.187194 0.703923 0.106141 -0.851302 
0.129927 0.059843 -0.194127 0.702321 0.196053 -0.853181 
0.107013 0.003035 -0.205333 0.700651 0.258188 -0.854880 
0.087747 -0.041062 -0.217377 0.698369 0.292118 -0.852353 
0.071735 -0.077969 -0.232978 0.694232 0.310501 -0.837599 
0.058533 -0.143147 -0.246257 0.690692 0.319331 -0.812949 
0.047696 -0.182555 -0.271262 0.686437 0.322947 -0.745339 
0.038818 -0.231699 -0.291603 0.682450 0.323628 -0.617657 
0.031540 -0.270738 -0.313670 0.677089 0.323073 -0.456513 
0.025562 -0.306760 -0.351787 0.667328 0.321537 -0.340955 
0.020632 -0.334237 -0.383104 0.658863 0.320062 -0.265970 
0.016550 -0.364765 -0.424654 0.648397 0.317735 -0.214520 
0.013152 -0.391581 -0.467079 0.638192 0.314268 -0.180670 
0.010307 -0.407458 -0.519255 0.624559 0.310663 -0.164020 
0.007913 -0.426629 -0.557949 0.611573 0.306148 -0.156343 
0.005885 -0.440178 -0.599019 0.584874 0.302332 -0.153247 
0.004159 -0.452375 -0.632529 0.571524 0.295497 -0.152112 
0.002682 -0.463890 -0.669609 0.538790 0.288914 -0.152464 
0.001410 -0.470819 -0.698306 0.503532 0.280562 -0.153903 
0.001408 -0.476636 -0.723444 0.456629 0.269824 -0.157187 
0.010274 -0.481693 -0.743859 0.424085 0.258111 -0.158829 
0.031379 -0.484835 -0.767620 0.381172 0.244878 -0.160984 
0.087067 -0.488325 -0.779497 0.359715 0.227927 -0.162062 
0.220167 -0.490070 -0.791159 0.326149 0.219452 -0.165141 
0.421629 -0.491625 -0.801059 0.298464 0.208751 -0.167908 
0.581398 -0.494496 -0.810095 0.268804 0.188647 -0.170617 
0.658712 -0.495931 -0.814614 0.242240 0.160998 -0.173438 
0.690490 -0.497396 -0.821622 0.207641 0.134920 -0.177186 
0.704373 -0.493950 -0.828266 0.169350 0.102457 -0.183033 
0.710186 -0.480576 -0.833923 0.145039 0.067190 -0.190812 
0.709032 -0.454000 -0.838030 0.119493 0.024917 -0.202266 
0.707724 -0.388959 -0.841928 0.096549 -0.023279 -0.207993 
0.706238 -0.270997 -0.845380 0.078751 -0.068901 -0.228162 
0.704541 -0.110421 -0.848895 0.065362 -0.119352 -0.246505 
0.702598 0.031447 -0.851019 0.053449 -0.173351 -0.267082 
0.700377 0.145192 -0.853074 0.045331 -0.216498 -0.290949 
0.697812 0.226048 -0.854474 0.038240 -0.259042 -0.312638 
0.694837 0.273566 -0.853633 0.031213 -0.292506 -0.340859 
0.691372 0.301004 -0.838309 0.025139 -0.320184 -0.377808 
0.687322 0.314200 -0.818910 0.020191 -0.352984 -0.416985 
0.682570 0.320161 -0.753716 0.015708 -0.383338 -0.460171 
0.676977 0.322909 -0.675884 0.011718 -0.403259 -0.505507 
0.670381 0.324283 -0.530736 0.009091 -0.421276 -0.543430 
0.662592 0.321707 -0.385040 0.006559 -0.436701 -0.581143 
0.653317 0.319865 -0.283109 0.004623 -0.447576 -0.610528 
0.641848 0.316744 -0.223617 0.003017 -0.459074 -0.653214 
0.628151 0.314520 -0.188874 0.004112 -0.468099 -0.686221 
0.611852 0.311989 -0.168121 0.013856 -0.474438 -0.713372 
0.592573 0.309618 -0.158091 0.036956 -0.479576 -0.738724 
0.569976 0.304218 -0.154125 0.095028 -0.483512 -0.760976 
0.543811 0.298782 -0.152548 0.177373 -0.487666 -0.781356 
0.513981 0.291483 -0.152263 0.324631 -0.490636 -0.793263 
0.480603 0.282056 -0.153028 0.468984 -0.493537 -0.804714 
0.444059 0.273935 -0.154886 0.571454 -0.495232 -0.813881 
0.405012 0.264974 -0.157412 0.633789 -0.497293 -0.821667 
0.364377 0.249023 -0.160475 0.671634 -0.491792 -0.829624 
0.323251 0.226816 -0.163275 0.691121 -0.482371 -0.835866 
0.282802 0.212460 -0.167433 0.700304 -0.432104 -0.840045 
0.244136 0.184950 -0.171092 0.704466 -0.345482 -0.844441 
0.208185 0.159150 -0.176585 0.706547 -0.225776 -0.847647 
0.175619 0.126420 -0.183882 0.704798 -0.030958 -0.849954 
0.146808 0.086290 -0.189582 0.703923 0.107679 -0.851956 
0.121841 0.043164 -0.195321 0.702321 0.205252 -0.853508 
0.100575 -0.005305 -0.205930 0.700651 0.262787 -0.855044 
0.082706 -0.045231 -0.217676 0.698369 0.294418 -0.851034 
0.067839 -0.099856 -0.233128 0.694233 0.311651 -0.836940 
0.055554 -0.154091 -0.254330 0.690692 0.319367 -0.802638 
0.045438 -0.188027 -0.275299 0.686437 0.322965 -0.740184 
0.037118 -0.234435 -0.293621 0.682450 0.323637 -0.615079 
0.030270 -0.272106 -0.341506 0.674492 0.323078 -0.455224 
0.024618 -0.316910 -0.365705 0.666029 0.321539 -0.331313 
0.019938 -0.339311 -0.408631 0.658214 0.320063 -0.247192 
0.016044 -0.367302 -0.446214 0.648072 0.317736 -0.200658 
0.012789 -0.392850 -0.477860 0.638029 0.314268 -0.173739 
0.010052 -0.415262 -0.524645 0.624478 0.310663 -0.160555 
0.007740 -0.430531 -0.560644 0.599839 0.306148 -0.154610 
0.005775 -0.445581 -0.600366 0.579007 0.299820 -0.152380 
0.004096 -0.455077 -0.633203 0.542531 0.294241 -0.151678 
0.002654 -0.465241 -0.669946 0.524294 0.288286 -0.152247 
0.001410 -0.471494 -0.698475 0.496284 0.280248 -0.153795 
0.011790 -0.476974 -0.723529 0.453005 0.269667 -0.157133 
0.039505 -0.482476 -0.743901 0.413455 0.258032 -0.159307 
0.120859 -0.486521 -0.767641 0.375857 0.244838 -0.161223 
0.306994 -0.489168 -0.779508 0.334219 0.227907 -0.164722 
0.521393 -0.491174 -0.795233 0.302499 0.212979 -0.167699 
0.640068 -0.494270 -0.807183 0.270796 0.190760 -0.170512 
0.685611 -0.495818 -0.816640 0.234080 0.162055 -0.175723 
0.703297 -0.497340 -0.824009 0.203562 0.135448 -0.181287 
0.711212 -0.493922 -0.831040 0.167310 0.102722 -0.185084 
0.710188 -0.480562 -0.835310 0.144019 0.055380 -0.191837 
0.709033 -0.453992 -0.839678 0.118983 0.011885 -0.202779 
0.707726 -0.388955 -0.843808 0.096294 -0.037531 -0.220525 
0.706240 -0.270995 -0.846805 0.078623 -0.089853 -0.234429 
0.704544 -0.095987 -0.849607 0.062825 -0.135779 -0.249638 
0.702598 0.081476 -0.851509 0.052181 -0.181565 -0.268649 
0.700379 0.190427 -0.853320 0.041665 -0.220605 -0.291732 
0.697818 0.255422 -0.854597 0.033863 -0.261096 -0.325124 
0.694849 0.288253 -0.851461 0.027147 -0.304479 -0.347102 
0.691396 0.308347 -0.837223 0.021519 -0.345131 -0.390146 
0.687364 0.317872 -0.796589 0.017736 -0.374142 -0.423153 
0.682641 0.321997 -0.742556 0.014481 -0.393917 -0.463255 
0.677096 0.323827 -0.607280 0.011104 -0.412208 -0.507049 
0.670577 0.321479 -0.445576 0.008387 -0.429150 -0.552025 
0.662908 0.320304 -0.331841 0.006208 -0.440607 -0.595969 
0.653396 0.319164 -0.256510 0.004447 -0.453367 -0.633943 
0.641937 0.316394 -0.207247 0.002929 -0.461969 -0.664921 
0.628251 0.313124 -0.177991 0.007289 -0.469546 -0.692074 
0.611964 0.310186 -0.162683 0.015444 -0.475993 -0.722486 
0.592699 0.305937 -0.155372 0.058703 -0.480354 -0.746830 
0.570115 0.302252 -0.152765 0.138518 -0.484957 -0.765029 
0.543963 0.297799 -0.151868 0.266538 -0.488388 -0.783382 
0.514144 0.290991 -0.152831 0.410904 -0.491428 -0.797180 
0.480775 0.281810 -0.153313 0.525482 -0.493933 -0.807687 
0.444237 0.273812 -0.155028 0.605535 -0.496037 -0.816296 
0.405191 0.254724 -0.157607 0.654406 -0.497695 -0.825043 
0.364552 0.238937 -0.160298 0.681942 -0.485323 -0.831795 
0.323418 0.218488 -0.163481 0.696275 -0.457145 -0.836951 
0.282956 0.200946 -0.167535 0.702807 -0.408428 -0.841377 
0.244275 0.170222 -0.171143 0.705717 -0.303058 -0.845388 
0.208308 0.141966 -0.176611 0.707173 -0.108517 -0.848120 
0.175724 0.105992 -0.183895 0.705111 0.053489 -0.850716 
0.146896 0.063319 -0.189876 0.704080 0.164194 -0.852506 
0.121914 0.031679 -0.198521 0.701530 0.238467 -0.854320 
0.100634 -0.020641 -0.209811 0.698809 0.281066 -0.852073 
0.082753 -0.067759 -0.219616 0.696375 0.305213 -0.846411 
0.067877 -0.119007 -0.233965 0.693235 0.317055 -0.817354 
0.055584 -0.163666 -0.254749 0.690194 0.321801 -0.747542 
0.045462 -0.205002 -0.280838 0.684328 0.323726 -0.661088 
0.037137 -0.257390 -0.308287 0.678028 0.323693 -0.513684 
0.030285 -0.300086 -0.348839 0.672281 0.322265 -0.369541 
0.024630 -0.330900 -0.369197 0.664924 0.321145 -0.280263 
0.019947 -0.363097 -0.410377 0.657902 0.318261 -0.221667 
0.016052 -0.390747 -0.447087 0.642944 0.315912 -0.185753 
0.012795 -0.407041 -0.490338 0.626936 0.312685 -0.166274 
0.010058 -0.422357 -0.530884 0.612307 0.309872 -0.157138 
0.007744 -0.438042 -0.578451 0.593753 0.305780 -0.152902 
0.005779 -0.449337 -0.609177 0.575964 0.299636 -0.151519 
0.004099 -0.459170 -0.651125 0.541010 0.292137 -0.151868 
0.002657 -0.467287 -0.688893 0.506852 0.284907 -0.152868 
0.001412 -0.472518 -0.707949 0.476723 0.275394 -0.154105 
0.011794 -0.478089 -0.736111 0.443225 0.267240 -0.157288 
0.039517 -0.483033 -0.755900 0.408564 0.252779 -0.159384 
0.120892 -0.486799 -0.773637 0.373412 0.242212 -0.161262 
0.307052 -0.489308 -0.782505 0.332997 0.226594 -0.164741 
0.521437 -0.491244 -0.796732 0.301888 0.205294 -0.167708 
0.640087 -0.494305 -0.807932 0.270490 0.186918 -0.170517 
0.685619 -0.495835 -0.817014 0.233927 0.160133 -0.175725 
0.703301 -0.497349 -0.824196 0.203485 0.134488 -0.181288 
0.711214 -0.493926 -0.831134 0.167272 0.102241 -0.185085 
0.711212 -0.480565 -0.835357 0.144000 0.055139 -0.191837 
0.710188 -0.453994 -0.839701 0.118973 0.011765 -0.202779 
0.709033 -0.388956 -0.843820 0.096290 -0.037591 -0.220525 
0.707726 -0.270996 -0.846811 0.078621 -0.089883 -0.234429 
0.706240 -0.095987 -0.849610 0.062824 -0.135794 -0.249638 
0.704544 0.081476 -0.851511 0.052180 -0.181572 -0.268649 
0.702614 0.190427 -0.853320 0.041664 -0.220609 -0.291732 
0.700398 0.255422 -0.854597 0.033863 -0.261097 -0.325124 
0.697841 0.288253 -0.851461 0.027147 -0.304480 -0.347102 
0.694877 0.308347 -0.837223 0.021519 -0.345132 -0.390146 
0.691428 0.317872 -0.796589 0.017736 -0.374142 -0.423153 
0.687401 0.321997 -0.742556 0.014481 -0.393917 -0.463255 
0.682680 0.323827 -0.607280 0.011104 -0.412208 -0.507049 
0.677134 0.321479 -0.445576 0.008387 -0.429150 -0.552025 
0.670603 0.320304 -0.331841 0.006208 -0.440607 -0.595969 
0.662908 0.319164 -0.256510 0.004447 -0.453367 -0.633943 
0.653315 0.316394 -0.207247 0.002929 -0.461969 -0.664921 
0.641844 0.313124 -0.177991 0.007289 -0.469546 -0.692074 
0.628145 0.310186 -0.162683 0.015444 -0.475993 -0.722486 
0.611843 0.305937 -0.155372 0.058703 -0.480354 -0.746830 
0.592561 0.302252 -0.152765 0.138518 -0.484957 -0.765029 
0.569960 0.297799 -0.151868 0.266538 -0.488388 -0.783382 
0.543790 0.290991 -0.152831 0.410914 -0.491428 -0.797180 
0.513955 0.281810 -0.153313 0.525487 -0.493933 -0.807687 
0.480573 0.273812 -0.155028 0.605537 -0.496037 -0.816296 
0.444025 0.254724 -0.156974 0.654407 -0.497695 -0.825043 
0.404974 0.238937 -0.159982 0.681943 -0.491993 -0.831795 
0.364336 0.221773 -0.163322 0.696275 -0.460481 -0.836951 
0.323209 0.202589 -0.167456 0.702807 -0.410095 -0.841377 
0.282760 0.171043 -0.171104 0.705718 -0.303892 -0.845388 
0.244095 0.152196 -0.176591 0.707173 -0.108934 -0.848120 
0.208147 0.111107 -0.183885 0.705111 0.027463 -0.850191 
0.175584 0.065877 -0.189871 0.704080 0.151181 -0.852243 
0.146777 0.032958 -0.198519 0.702400 0.231960 -0.854189 
0.121815 -0.010408 -0.209810 0.700690 0.276141 -0.855384 
0.100552 -0.062642 -0.219615 0.697316 0.302750 -0.848067 
0.082686 -0.116449 -0.233965 0.693706 0.315823 -0.818182 
0.067823 -0.162387 -0.254749 0.690429 0.321453 -0.803240 
0.055540 -0.204363 -0.280837 0.686305 0.323552 -0.688937 
0.045427 -0.242603 -0.308287 0.682384 0.323606 -0.527609 
0.037109 -0.292693 -0.348839 0.674459 0.323062 -0.376503 
0.030262 -0.327203 -0.369197 0.666013 0.321544 -0.283744 
0.024612 -0.361248 -0.410377 0.658447 0.318995 -0.223407 
0.019932 -0.378271 -0.447087 0.648189 0.316279 -0.186623 
0.016040 -0.400803 -0.490338 0.638088 0.312868 -0.166722 
0.012785 -0.419238 -0.530884 0.617883 0.309963 -0.157046 
0.010049 -0.432519 -0.563763 0.596541 0.305826 -0.152856 
0.007737 -0.446575 -0.601833 0.577358 0.302171 -0.151496 
0.005773 -0.457789 -0.633937 0.541707 0.293404 -0.151236 
0.004094 -0.466597 -0.670313 0.507200 0.285541 -0.152026 
0.002653 -0.472173 -0.698658 0.487737 0.278875 -0.153684 
0.010278 -0.477313 -0.731466 0.448732 0.268980 -0.157078 
0.031388 -0.482645 -0.753577 0.411318 0.253649 -0.159279 
0.087092 -0.486605 -0.772476 0.374788 0.242647 -0.161209 
0.220216 -0.489210 -0.781925 0.333685 0.226812 -0.164715 
0.421683 -0.490513 -0.796442 0.302232 0.212431 -0.167695 
0.581430 -0.491847 -0.803700 0.270688 0.198213 -0.170510 
0.658726 -0.494606 -0.811416 0.243182 0.169708 -0.173385 
0.690496 -0.496734 -0.820023 0.220273 0.151528 -0.177159 
0.704376 -0.498031 -0.827467 0.190311 0.110762 -0.183020 
0.711211 -0.493069 -0.832769 0.160691 0.071342 -0.190805 
0.710165 -0.480136 -0.837453 0.132930 0.026994 -0.202263 
0.708982 -0.431129 -0.841640 0.108391 -0.022241 -0.207991 
0.707641 -0.294237 -0.845236 0.090999 -0.068382 -0.223132 
0.706111 -0.122041 -0.847696 0.071485 -0.119092 -0.237123 
0.704359 0.025637 -0.850052 0.059256 -0.150399 -0.250985 
0.702362 0.142287 -0.852382 0.048234 -0.205022 -0.275072 
0.700058 0.224595 -0.854034 0.039692 -0.253304 -0.304700 
0.697390 0.272840 -0.853413 0.031939 -0.289637 -0.336890 
0.694286 0.296962 -0.849706 0.025502 -0.318750 -0.375823 
0.690659 0.312702 -0.824608 0.020372 -0.352267 -0.404456 
0.686406 0.320009 -0.790282 0.016283 -0.378002 -0.438449 
0.681399 0.322833 -0.694167 0.012962 -0.400592 -0.482974 
0.675490 0.324245 -0.539878 0.009713 -0.419942 -0.532163 
0.668501 0.321688 -0.389610 0.007638 -0.436034 -0.575510 
0.660230 0.320409 -0.292191 0.005667 -0.447242 -0.607712 
0.649891 0.318192 -0.228158 0.003821 -0.456684 -0.639814 
0.637487 0.315244 -0.191144 0.004514 -0.465358 -0.679521 
0.622634 0.312549 -0.169256 0.014057 -0.471238 -0.710022 
0.604931 0.309898 -0.158658 0.031851 -0.477676 -0.732761 
0.583988 0.305794 -0.154408 0.076355 -0.482562 -0.751967 
0.559474 0.299570 -0.152272 0.168037 -0.486061 -0.767597 
0.531182 0.291876 -0.152125 0.319977 -0.489833 -0.786384 
0.499101 0.282252 -0.152960 0.466657 -0.492150 -0.801274 
0.463475 0.274033 -0.154851 0.564412 -0.494539 -0.812161 
0.424850 0.265024 -0.156352 0.630268 -0.496340 -0.820807 
0.384066 0.249048 -0.158800 0.667493 -0.495479 -0.829194 
0.342207 0.235860 -0.162438 0.689050 -0.484215 -0.835144 
0.300490 0.216982 -0.165342 0.699269 -0.456591 -0.839684 
0.260136 0.187211 -0.170046 0.703948 -0.357726 -0.843234 
0.222229 0.160280 -0.176063 0.706288 -0.231898 -0.846316 
0.187598 0.126985 -0.179071 0.704668 -0.034019 -0.849289 
0.156764 0.098501 -0.187176 0.703859 0.106148 -0.851300 
0.129927 0.059843 -0.194118 0.702289 0.196057 -0.853180 
0.107013 0.003035 -0.205329 0.700635 0.258189 -0.854880 
0.087747 -0.041061 -0.217375 0.698361 0.292119 -0.852352 
0.071735 -0.077969 -0.232977 0.694228 0.310502 -0.837599 
0.058533 -0.143147 -0.246257 0.690690 0.319332 -0.812949 
0.047696 -0.182555 -0.271262 0.686436 0.322947 -0.745339 
0.038818 -0.231699 -0.291603 0.682449 0.323628 -0.617657 
0.031540 -0.270738 -0.313670 0.677089 0.323073 -0.456513 
0.025562 -0.306760 -0.351787 0.667327 0.321537 -0.340955 
0.020632 -0.334237 -0.383104 0.658863 0.320062 -0.265970 
0.016550 -0.364765 -0.424654 0.648397 0.317735 -0.214520 
0.013152 -0.391581 -0.467079 0.638192 0.314268 -0.180670 
0.010307 -0.407458 -0.519255 0.624559 0.310663 -0.164020 
0.007913 -0.426629 -0.557949 0.611573 0.306148 -0.156343 
0.005885 -0.440178 -0.599019 0.584874 0.302332 -0.153247 
0.004159 -0.452375 -0.632529 0.571524 0.295497 -0.152112 
0.002682 -0.463890 -0.669609 0.538790 0.288914 -0.152464 
0.001410 -0.470819 -0.698306 0.503532 0.280562 -0.153903 
0.010278 -0.476636 -0.723444 0.456629 0.269824 -0.157187 
0.031388 -0.481693 -0.743859 0.424085 0.258111 -0.159334 
0.087092 -0.484835 -0.767620 0.381172 0.244878 -0.161236 
0.220216 -0.488325 -0.779497 0.336877 0.227927 -0.162188 
0.421683 -0.490070 -0.791159 0.303828 0.212989 -0.165204 
0.581430 -0.491625 -0.801059 0.271486 0.198492 -0.169265 
0.658726 -0.494496 -0.810095 0.243581 0.169847 -0.172762 
0.690496 -0.496679 -0.819363 0.208312 0.139345 -0.176848 
0.704376 -0.498003 -0.827137 0.184330 0.104670 -0.182864 
0.711211 -0.493055 -0.832604 0.152529 0.068296 -0.190727 
0.710165 -0.460239 -0.837370 0.127357 0.025471 -0.202224 
0.708982 -0.421180 -0.841598 0.105605 -0.023003 -0.207972 
0.707641 -0.287108 -0.845216 0.083278 -0.068763 -0.223122 
0.706111 -0.118477 -0.847686 0.067625 -0.119283 -0.237118 
0.704359 0.027419 -0.850414 0.054581 -0.173317 -0.262389 
0.702362 0.143179 -0.852772 0.045897 -0.216481 -0.280774 
0.700058 0.225041 -0.854229 0.038523 -0.259034 -0.307551 
0.697390 0.273062 -0.853511 0.031355 -0.292501 -0.338316 
0.694286 0.297073 -0.849755 0.025209 -0.320182 -0.376536 
0.690659 0.312235 -0.824633 0.020226 -0.352983 -0.416350 
0.686406 0.319776 -0.790294 0.015726 -0.378360 -0.453886 
0.681399 0.322717 -0.694173 0.012054 -0.400771 -0.490692 
0.675490 0.324187 -0.539881 0.009259 -0.420032 -0.536022 
0.668501 0.321659 -0.389612 0.007411 -0.436078 -0.577439 
0.660230 0.320394 -0.292192 0.005554 -0.447265 -0.608676 
0.649891 0.318108 -0.228158 0.003764 -0.456981 -0.652288 
0.637487 0.315202 -0.191145 0.004486 -0.465507 -0.685758 
0.622634 0.312528 -0.169257 0.014043 -0.473142 -0.713140 
0.604931 0.309888 -0.158658 0.031844 -0.478628 -0.738609 
0.583988 0.304353 -0.154408 0.092472 -0.483038 -0.760918 
0.559474 0.298850 -0.152272 0.176095 -0.487429 -0.772073 
0.531182 0.291516 -0.152125 0.323992 -0.490517 -0.788622 
0.499101 0.282072 -0.152960 0.468665 -0.493477 -0.802393 
0.463475 0.273943 -0.154851 0.571294 -0.495202 -0.812721 
0.424850 0.264979 -0.156352 0.633710 -0.497278 -0.821087 
0.384066 0.249025 -0.159945 0.671594 -0.495948 -0.829334 
0.342207 0.235848 -0.163010 0.691101 -0.484449 -0.835214 
0.300490 0.216977 -0.165628 0.700294 -0.456709 -0.839719 
0.260136 0.187209 -0.170189 0.704461 -0.357785 -0.843252 
0.222229 0.160279 -0.176134 0.706545 -0.231927 -0.846325 
0.187598 0.126985 -0.179106 0.704797 -0.034034 -0.849293 
0.156764 0.098501 -0.187194 0.703923 0.106141 -0.851302 
0.129927 0.059843 -0.194127 0.702321 0.196053 -0.853181 
0.107013 0.003035 -0.205333 0.700651 0.258188 -0.854880 
0.087747 -0.041062 -0.217377 0.698369 0.292118 -0.852353 
0.071735 -0.077969 -0.232978 0.694232 0.310501 -0.837599 
0.058533 -0.143147 -0.246257 0.690692 0.319331 -0.812949 
0.047696 -0.182555 -0.271262 0.686437 0.322947 -0.745339 
0.038818 -0.231699 -0.291603 0.682450 0.323628 -0.617657 
0.031540 -0.270738 -0.313670 0.677089 0.323073 -0.456513 
0.025562 -0.306760 -0.351787 0.667328 0.321537 -0.340955 
0.020632 -0.334237 -0.383104 0.658863 0.320062 -0.265970 
0.016550 -0.364765 -0.424654 0.648397 0.317735 -0.214520 
0.013152 -0.391581 -0.467079 0.638192 0.314268 -0.180670 
0.010307 -0.407458 -0.519255 0.624559 0.310663 -0.164020 
0.007913 -0.426629 -0.557949 0.611573 0.306148 -0.156343 
0.005885 -0.440178 -0.599019 0.584874 0.302332 -0.153247 
0.004159 -0.452375 -0.632529 0.571524 0.295497 -0.152112 
0.002682 -0.463890 -0.669609 0.538790 0.288914 -0.152464 
0.001410 -0.470819 -0.698306 0.503532 0.280562 -0.153903 
0.001408 -0.476636 -0.723444 0.456629 0.269824 -0.157187 
0.010274 -0.481693 -0.743859 0.424085 0.258111 -0.158829 
0.031379 -0.484835 -0.767620 0.381172 0.244878 -0.160984 
0.087067 -0.488325 -0.779497 0.359715 0.227927 -0.162062 
0.220167 -0.490070 -0.791159 0.326149 0.219452 -0.165141 
0.421629 -0.491625 -0.801059 0.298464 0.208751 -0.167908 
0.581398 -0.494496 -0.810095 0.268804 0.188647 -0.170617 
0.658712 -0.495931 -0.814614 0.242240 0.160998 -0.173438 
0.690490 -0.497396 -0.821622 0.207641 0.134920 -0.177186 
0.704373 -0.493950 -0.828266 0.169350 0.102457 -0.183033 
0.710186 -0.480576 -0.833923 0.145039 0.067190 -0.190812 
0.709032 -0.454000 -0.838030 0.119493 0.024917 -0.202266 
0.707724 -0.388959 -0.841928 0.096549 -0.023279 -0.207993 
0.706238 -0.270997 -0.845380 0.078751 -0.068901 -0.228162 
0.704541 -0.110421 -0.848895 0.065362 -0.119352 -0.246505 
0.702598 0.031447 -0.851019 0.053449 -0.173351 -0.267082 
0.700377 0.145192 -0.853074 0.045331 -0.216498 -0.290949 
0.697812 0.226048 -0.854474 0.038240 -0.259042 -0.312638 
0.694837 0.273566 -0.853633 0.031213 -0.292506 -0.340859 
0.691372 0.301004 -0.838309 0.025139 -0.320184 -0.377808 
0.687322 0.314200 -0.818910 0.020191 -0.352984 -0.416985 
0.682570 0.320161 -0.753716 0.015708 -0.383338 -0.460171 
0.676977 0.322909 -0.675884 0.011718 -0.403259 -0.505507 
0.670381 0.324283 -0.530736 0.009091 -0.421276 -0.543430 
0.662592 0.321707 -0.385040 0.006559 -0.436701 -0.581143 
0.653317 0.319865 -0.283109 0.004623 -0.447576 -0.610528 
0.641848 0.316744 -0.223617 0.003017 -0.459074 -0.653214 
0.628151 0.314520 -0.188874 0.004112 -0.468099 -0.686221 
0.611852 0.311989 -0.168121 0.013856 -0.474438 -0.713372 
0.592573 0.309618 -0.158091 0.036956 -0.479576 -0.738724 
0.569976 0.304218 -0.154125 0.095028 -0.483512 -0.760976 
0.543811 0.298782 -0.152548 0.177373 -0.487666 -0.781356 
0.513981 0.291483 -0.152263 0.324631 -0.490636 -0.793263 
0.480603 0.282056 -0.153028 0.468984 -0.493537 -0.804714 
0.444059 0.273935 -0.154886 0.571454 -0.495232 -0.813881 
0.405012 0.264974 -0.157412 0.633789 -0.497293 -0.821667 
0.364377 0.249023 -0.160475 0.671634 -0.491792 -0.829624 
0.323251 0.226816 -0.163275 0.691121 -0.482371 -0.835866 
0.282802 0.212460 -0.167433 0.700304 -0.432104 -0.840045 
0.244136 0.184950 -0.171092 0.704466 -0.345482 -0.844441 
0.208185 0.159150 -0.176585 0.706547 -0.225776 -0.847647 
0.175619 0.126420 -0.183882 0.704798 -0.030958 -0.849954 
0.146808 0.086290 -0.189582 0.703923 0.107679 -0.851956 
0.121841 0.043164 -0.195321 0.702321 0.205252 -0.853508 
0.100575 -0.005305 -0.205930 0.700651 0.262787 -0.855044 
0.082706 -0.045231 -0.217676 0.698369 0.294418 -0.851034 
0.067839 -0.099856 -0.233128 0.694233 0.311651 -0.836940 
0.055554 -0.154091 -0.254330 0.690692 0.319367 -0.802638 
0.045438 -0.188027 -0.275299 0.686437 0.322965 -0.740184 
0.037118 -0.234435 -0.293621 0.682450 0.323637 -0.615079 
0.030270 -0.272106 -0.341506 0.674492 0.323078 -0.455224 
0.024618 -0.316910 -0.365705 0.666029 0.321539 -0.331313 
0.019938 -0.339311 -0.408631 0.658214 0.320063 -0.247192 
0.016044 -0.367302 -0.446214 0.648072 0.317736 -0.200658 
0.012789 -0.392850 -0.477860 0.638029 0.314268 -0.173739 
0.010052 -0.415262 -0.524645 0.624478 0.310663 -0.160555 
0.007740 -0.430531 -0.560644 0.599839 0.306148 -0.154610 
0.005775 -0.445581 -0.600366 0.579007 0.299820 -0.152380 
0.004096 -0.455077 -0.633203 0.542531 0.294241 -0.151678 
0.002654 -0.465241 -0.669946 0.524294 0.288286 -0.152247 
0.001410 -0.471494 -0.698475 0.496284 0.280248 -0.153795 
0.011790 -0.476974 -0.723529 0.453005 0.269667 -0.157133 
0.039505 -0.482476 -0.743901 0.413455 0.258032 -0.159307 
0.120859 -0.486521 -0.767641 0.375857 0.244838 -0.161223 
0.306994 -0.489168 -0.779508 0.334219 0.227907 -0.164722 
0.521393 -0.491174 -0.795233 0.302499 0.212979 -0.167699 
0.640068 -0.494270 -0.807183 0.270796 0.190760 -0.170512 
0.685611 -0.495818 -0.816640 0.234080 0.162055 -0.175723 
0.703297 -0.497340 -0.824009 0.203562 0.135448 -0.181287 
0.711212 -0.493922 -0.831040 0.167310 0.102722 -0.185084 
0.710188 -0.480562 -0.835310 0.144019 0.055380 -0.191837 
0.709033 -0.453992 -0.839678 0.118983 0.011885 -0.202779 
0.707726 -0.388955 -0.843808 0.096294 -0.037531 -0.220525 
0.706240 -0.270995 -0.846805 0.078623 -0.089853 -0.234429 
0.704544 -0.095987 -0.849607 0.062825 -0.135779 -0.249638 
0.702598 0.081476 -0.851509 0.052181 -0.181565 -0.268649 
0.700379 0.190427 -0.853320 0.041665 -0.220605 -0.291732 
0.697818 0.255422 -0.854597 0.033863 -0.261096 -0.325124 
0.694849 0.288253 -0.851461 0.027147 -0.304479 -0.347102 
0.691396 0.308347 -0.837223 0.021519 -0.345131 -0.390146 
0.687364 0.317872 -0.796589 0.017736 -0.374142 -0.423153 
0.682641 0.321997 -0.742556 0.014481 -0.393917 -0.463255 
0.677096 0.323827 -0.607280 0.011104 -0.412208 -0.507049 
0.670577 0.321479 -0.445576 0.008387 -0.429150 -0.552025 
0.662908 0.320304 -0.331841 0.006208 -0.440607 -0.595969 
0.653317 0.319164 -0.256510 0.004447 -0.453367 -0.633943 
0.641848 0.316394 -0.207247 0.002929 -0.461969 -0.664921 
0.628151 0.313124 -0.177991 0.007289 -0.469546 -0.692074 
0.611852 0.310186 -0.162683 0.015444 -0.475993 -0.722486 
0.592573 0.305937 -0.155372 0.058703 -0.480354 -0.746830 
0.569976 0.302252 -0.152765 0.138518 -0.484957 -0.765029 
0.543811 0.297799 -0.151868 0.266538 -0.488388 -0.783382 
0.513981 0.290991 -0.152831 0.410904 -0.491428 -0.797180 
0.480603 0.281810 -0.153313 0.525482 -0.493933 -0.807687 
0.444059 0.273812 -0.155028 0.605535 -0.496037 -0.816296 
0.405012 0.254724 -0.157607 0.654406 -0.497695 -0.825043 
0.364377 0.238937 -0.160298 0.681942 -0.485323 -0.831795 
0.323251 0.218488 -0.163481 0.696275 -0.457145 -0.836951 
0.282802 0.200946 -0.167535 0.702807 -0.408428 -0.841377 
0.244136 0.170222 -0.171143 0.705717 -0.303058 -0.845388 
0.208185 0.141966 -0.176611 0.707173 -0.108517 -0.848120 
0.175619 0.105992 -0.183895 0.705111 0.053489 -0.850716 
0.146808 0.063319 -0.189876 0.704080 0.164194 -0.852506 
0.121841 0.031679 -0.198521 0.701530 0.238467 -0.854320 
0.100575 -0.020641 -0.209811 0.698809 0.281066 -0.852073 
0.082706 -0.067759 -0.219616 0.696375 0.305213 -0.846411 
0.067839 -0.119007 -0.233965 0.693235 0.317055 -0.817354 
0.055554 -0.163666 -0.254749 0.690194 0.321801 -0.747542 
0.045438 -0.205002 -0.280838 0.684328 0.323726 -0.661088 
0.037118 -0.257390 -0.308287 0.678028 0.323693 -0.513684 
0.030270 -0.300086 -0.348839 0.672281 0.322265 -0.369541 
0.024618 -0.330900 -0.369197 0.664924 0.321145 -0.280263 
0.019938 -0.363097 -0.410377 0.657902 0.318261 -0.221667 
0.016044 -0.390747 -0.447087 0.642944 0.315912 -0.185753 
0.012789 -0.407041 -0.490338 0.626936 0.312685 -0.166274 
0.010052 -0.422357 -0.530884 0.612307 0.309872 -0.157138 
0.007740 -0.438042 -0.578451 0.593753 0.305780 -0.152902 
0.005775 -0.449337 -0.609177 0.575964 0.299636 -0.151519 
0.004096 -0.459170 -0.651125 0.541010 0.292137 -0.151868 
0.002654 -0.467287 -0.688893 0.506852 0.284907 -0.152868 
0.001410 -0.472518 -0.707949 0.476723 0.275394 -0.154105 
0.011790 -0.478089 -0.736111 0.443225 0.267240 -0.157288 
0.039505 -0.483033 -0.755900 0.408564 0.252779 -0.159384 
0.120859 -0.486799 -0.773637 0.373412 0.242212 -0.161262 
0.306994 -0.489308 -0.782505 0.332997 0.226594 -0.164741 
0.521393 -0.491244 -0.796732 0.301888 0.205294 -0.167708 
0.640068 -0.494305 -0.807932 0.270490 0.186918 -0.170517 
0.685611 -0.495835 -0.817014 0.233927 0.160133 -0.175725 
0.703297 -0.497349 -0.824196 0.203485 0.134488 -0.181288 
0.711212 -0.493926 -0.831134 0.167272 0.102241 -0.185085 
0.711210 -0.480565 -0.835357 0.144000 0.055139 -0.191837 
0.710186 -0.453994 -0.839701 0.118973 0.011765 -0.202779 
0.709031 -0.388956 -0.843820 0.096290 -0.037591 -0.220525 
0.707724 -0.270996 -0.846811 0.078621 -0.089883 -0.234429 
0.706238 -0.095987 -0.849610 0.062824 -0.135794 -0.249638 
0.704541 0.081476 -0.851511 0.052180 -0.181572 -0.268649 
0.702615 0.190427 -0.853320 0.041664 -0.220609 -0.291732 
0.700403 0.255422 -0.854597 0.033863 -0.261097 -0.325124 
0.697851 0.288253 -0.851461 0.027147 -0.304480 -0.347102 
0.694897 0.308347 -0.837223 0.021519 -0.345132 -0.390146 
0.691464 0.317872 -0.796589 0.017736 -0.374142 -0.423153 
0.687462 0.321997 -0.742556 0.014481 -0.393917 -0.463255 
0.682783 0.323827 -0.607280 0.011104 -0.412208 -0.507049 
0.677301 0.321479 -0.445576 0.008387 -0.429150 -0.552025 
0.670873 0.320304 -0.331841 0.006208 -0.440607 -0.595969 
0.662908 0.319164 -0.256510 0.004447 -0.453367 -0.633943 
0.653317 0.316394 -0.207247 0.002929 -0.461969 -0.664921 
0.641848 0.313124 -0.177991 0.007289 -0.469546 -0.692074 
0.628151 0.310186 -0.162683 0.015444 -0.475993 -0.722486 
0.611852 0.305937 -0.155372 0.058703 -0.480354 -0.746830 
0.592573 0.302252 -0.152765 0.138518 -0.484957 -0.765029 
0.569976 0.297799 -0.151868 0.266538 -0.488388 -0.783382 
0.543811 0.290991 -0.152831 0.410914 -0.491428 -0.797180 
0.513981 0.281810 -0.153313 0.525487 -0.493933 -0.807687 
0.480603 0.273812 -0.155028 0.605537 -0.496037 -0.816296 
0.444059 0.254724 -0.156974 0.654407 -0.497695 -0.825043 
0.405012 0.238937 -0.159982 0.681943 -0.491993 -0.831795 
0.364377 0.221773 -0.163322 0.696275 -0.460481 -0.836951 
0.323251 0.202589 -0.167456 0.702807 -0.410095 -0.841377 
0.282802 0.171043 -0.171104 0.705718 -0.303892 -0.845388 
0.244136 0.152196 -0.176591 0.707173 -0.108934 -0.848120 
0.208185 0.111107 -0.183885 0.705111 0.027463 -0.850191 
0.175619 0.065877 -0.189871 0.704080 0.151181 -0.852243 
0.146808 0.032958 -0.198519 0.702400 0.231960 -0.854189 
0.121841 -0.010408 -0.209810 0.700690 0.276141 -0.855384 
0.100575 -0.062642 -0.219615 0.697316 0.302750 -0.848067 
0.082706 -0.116449 -0.233965 0.693706 0.315823 -0.818182 
0.067839 -0.162387 -0.254749 0.690429 0.321453 -0.803240 
0.055554 -0.204363 -0.280837 0.686305 0.323552 -0.688937 
0.045438 -0.242603 -0.308287 0.682384 0.323606 -0.527609 
0.037118 -0.292693 -0.348839 0.674459 0.323062 -0.376503 
0.030270 -0.327203 -0.369197 0.666013 0.321544 -0.283744 
0.024618 -0.361248 -0.410377 0.658447 0.318995 -0.223407 
0.019938 -0.378271 -0.447087 0.648189 0.316279 -0.186623 
0.016044 -0.400803 -0.490338 0.638088 0.312868 -0.166722 
0.012789 -0.419238 -0.530884 0.617883 0.309963 -0.157046 
0.010052 -0.432519 -0.563763 0.596541 0.305826 -0.152856 
0.007740 -0.446575 -0.601833 0.577358 0.302171 -0.151496 
0.005775 -0.457789 -0.633937 0.541707 0.293404 -0.151236 
0.004096 -0.466597 -0.670313 0.507200 0.285541 -0.152026 
0.002654 -0.472173 -0.698658 0.487737 0.278875 -0.153684 
0.010281 -0.477313 -0.731466 0.448732 0.268980 -0.157078 
0.031396 -0.482645 -0.753577 0.411318 0.253649 -0.159279 
0.087110 -0.486605 -0.772476 0.374788 0.242647 -0.161209 
0.220255 -0.489210 -0.781925 0.333685 0.226812 -0.164715 
0.421727 -0.490513 -0.796442 0.302232 0.212431 -0.167695 
0.581456 -0.491847 -0.803700 0.270688 0.198213 -0.170510 
0.658737 -0.494606 -0.811416 0.243182 0.169708 -0.173385 
0.690502 -0.496734 -0.820023 0.220273 0.151528 -0.177159 
0.704379 -0.498031 -0.827467 0.190311 0.110762 -0.183020 
0.711212 -0.493069 -0.832769 0.160691 0.071342 -0.190805 
0.710166 -0.480136 -0.837453 0.132930 0.026994 -0.202263 
0.708984 -0.431129 -0.841640 0.108391 -0.022241 -0.207991 
0.707643 -0.294237 -0.845236 0.090999 -0.068382 -0.223132 
0.706113 -0.122041 -0.847696 0.071485 -0.119092 -0.237123 
0.704361 0.025637 -0.850052 0.059256 -0.150399 -0.250985 
0.702362 0.142287 -0.852382 0.048234 -0.205022 -0.275072 
0.700058 0.224595 -0.854034 0.039692 -0.253304 -0.304700 
0.697390 0.272840 -0.853413 0.031939 -0.289637 -0.336890 
0.694286 0.296962 -0.849706 0.025502 -0.318750 -0.375823 
0.690659 0.312702 -0.824608 0.020372 -0.352267 -0.404456 
0.686406 0.320009 -0.790282 0.016283 -0.378002 -0.438449 
0.681399 0.322833 -0.694167 0.012962 -0.400592 -0.482974 
0.675490 0.324245 -0.539878 0.009713 -0.419942 -0.532163 
0.668501 0.321688 -0.389610 0.007638 -0.436034 -0.575510 
0.660230 0.320409 -0.292191 0.005667 -0.447242 -0.607712 
0.649891 0.318192 -0.228158 0.003821 -0.456684 -0.639814 
0.637487 0.315244 -0.191144 0.004514 -0.465358 -0.679521 
0.622634 0.312549 -0.169256 0.014057 -0.471238 -0.710022 
0.604931 0.309898 -0.158658 0.031851 -0.477676 -0.732761 
0.583988 0.305794 -0.154408 0.076355 -0.482562 -0.751967 
0.559474 0.299570 -0.152272 0.168037 -0.486061 -0.767597 
0.531182 0.291876 -0.152125 0.319977 -0.489833 -0.786384 
0.499101 0.282252 -0.152960 0.466657 -0.492150 -0.801274 
0.463475 0.274033 -0.154851 0.564412 -0.494539 -0.812161 
0.424850 0.265024 -0.156352 0.630268 -0.496340 -0.820807 
0.384066 0.249048 -0.158800 0.667493 -0.495479 -0.829194 
0.342207 0.235860 -0.162438 0.689050 -0.484215 -0.835144 
0.300490 0.216982 -0.165342 0.699269 -0.456591 -0.839684 
0.260136 0.187211 -0.170046 0.703948 -0.357726 -0.843234 
0.222229 0.160280 -0.176063 0.706288 -0.231898 -0.846316 
0.187598 0.126985 -0.179071 0.704668 -0.034019 -0.849289 
0.156764 0.098501 -0.187176 0.703859 0.106148 -0.851300 
0.129927 0.059843 -0.194118 0.702289 0.196057 -0.853180 
0.107013 0.003035 -0.205329 0.700635 0.258189 -0.854880 
0.087747 -0.041061 -0.217375 0.698361 0.292119 -0.852352 
0.071735 -0.077969 -0.232977 0.694228 0.310502 -0.837599 
0.058533 -0.143147 -0.246257 0.690690 0.319332 -0.812949 
0.047696 -0.182555 -0.271262 0.686436 0.322947 -0.745339 
0.038818 -0.231699 -0.291603 0.682449 0.323628 -0.617657 
0.031540 -0.270738 -0.313670 0.677089 0.323073 -0.456513 
0.025562 -0.306760 -0.351787 0.667327 0.321537 -0.340955 
0.020632 -0.334237 -0.383104 0.658863 0.320062 -0.265970 
0.016550 -0.364765 -0.424654 0.648397 0.317735 -0.214520 
0.013152 -0.391581 -0.467079 0.638192 0.314268 -0.180670 
0.010307 -0.407458 -0.519255 0.624559 0.310663 -0.164020 
0.007913 -0.426629 -0.557949 0.611573 0.306148 -0.156343 
0.005885 -0.440178 -0.599019 0.584874 0.302332 -0.153247 
0.004159 -0.452375 -0.632529 0.571524 0.295497 -0.152112 
0.002682 -0.463890 -0.669609 0.538790 0.288914 -0.152464 
0.001410 -0.470819 -0.698306 0.503532 0.280562 -0.153903 
0.010278 -0.476636 -0.723444 0.456629 0.269824 -0.157187 
0.031388 -0.481693 -0.743859 0.424085 0.258111 -0.159334 
0.087092 -0.484835 -0.767620 0.381172 0.244878 -0.161236 
0.220216 -0.488325 -0.779497 0.336877 0.227927 -0.162188 
0.421683 -0.490070 -0.791159 0.303828 0.212989 -0.165204 
0.581430 -0.491625 -0.801059 0.271486 0.198492 -0.169265 
0.658726 -0.494496 -0.810095 0.243581 0.169847 -0.172762 
0.690496 -0.496679 -0.819363 0.208312 0.139345 -0.176848 
0.704376 -0.498003 -0.827137 0.184330 0.104670 -0.182864 
0.711211 -0.493055 -0.832604 0.152529 0.068296 -0.190727 
0.710165 -0.460239 -0.837370 0.127357 0.025471 -0.202224 
0.708982 -0.421180 -0.841598 0.105605 -0.023003 -0.207972 
0.707641 -0.287108 -0.845216 0.083278 -0.068763 -0.223122 
0.706111 -0.118477 -0.847686 0.067625 -0.119283 -0.237118 
0.704359 0.027419 -0.850414 0.054581 -0.173317 -0.262389 
0.702362 0.143179 -0.852772 0.045897 -0.216481 -0.280774 
0.700058 0.225041 -0.854229 0.038523 -0.259034 -0.307551 
0.697390 0.273062 -0.853511 0.031355 -0.292501 -0.338316 
0.694286 0.297073 -0.849755 0.025209 -0.320182 -0.376536 
0.690659 0.312235 -0.824633 0.020226 -0.352983 -0.416350 
0.686406 0.319776 -0.790294 0.015726 -0.378360 -0.453886 
0.681399 0.322717 -0.694173 0.012054 -0.400771 -0.490692 
0.675490 0.324187 -0.539881 0.009259 -0.420032 -0.536022 
0.668501 0.321659 -0.389612 0.007411 -0.436078 -0.577439 
0.660230 0.320394 -0.292192 0.005554 -0.447265 -0.608676 
0.649891 0.318108 -0.228158 0.003764 -0.456981 -0.652288 
0.637487 0.315202 -0.191145 0.004486 -0.465507 -0.685758 
0.622634 0.312528 -0.169257 0.014043 -0.473142 -0.713140 
0.604931 0.309888 -0.158658 0.031844 -0.478628 -0.738609 
0.583988 0.304353 -0.154408 0.092472 -0.483038 -0.760918 
0.559474 0.298850 -0.152272 0.176095 -0.487429 -0.772073 
0.531182 0.291516 -0.152125 0.323992 -0.490517 -0.788622 
0.499101 0.282072 -0.152960 0.468665 -0.493477 -0.802393 
0.463475 0.273943 -0.154851 0.571294 -0.495202 -0.812721 
0.424850 0.264979 -0.156352 0.633710 -0.497278 -0.821087 
0.384066 0.249025 -0.159945 0.671594 -0.495948 -0.829334 
0.342207 0.235848 -0.163010 0.691101 -0.484449 -0.835214 
0.300490 0.216977 -0.165628 0.700294 -0.456709 -0.839719 
0.260136 0.187209 -0.170189 0.704461 -0.357785 -0.843252 
0.222229 0.160279 -0.176134 0.706545 -0.231927 -0.846325 
0.187598 0.126985 -0.179106 0.704797 -0.034034 -0.849293 
0.156764 0.098501 -0.187194 0.703923 0.106141 -0.851302 
0.129927 0.059843 -0.194127 0.702321 0.196053 -0.853181 
0.107013 0.003035 -0.205333 0.700651 0.258188 -0.854880 
0.087747 -0.041062 -0.217377 0.698369 0.292118 -0.852353 
0.071735 -0.077969 -0.232978 0.694232 0.310501 -0.837599 
0.058533 -0.143147 -0.246257 0.690692 0.319331 -0.812949 
0.047696 -0.182555 -0.271262 0.686437 0.322947 -0.745339 
0.038818 -0.231699 -0.291603 0.682450 0.323628 -0.617657 
0.031540 -0.270738 -0.313670 0.677089 0.323073 -0.456513 
0.025562 -0.306760 -0.351787 0.667328 0.321537 -0.340955 
0.020632 -0.334237 -0.383104 0.658863 0.320062 -0.265970 
0.016550 -0.364765 -0.424654 0.648397 0.317735 -0.214520 
0.013152 -0.391581 -0.467079 0.638192 0.314268 -0.180670 
0.010307 -0.407458 -0.519255 0.624559 0.310663 -0.164020 
0.007913 -0.426629 -0.557949 0.611573 0.306148 -0.156343 
0.005885 -0.440178 -0.599019 0.584874 0.302332 -0.153247 
0.004159 -0.452375 -0.632529 0.571524 0.295497 -0.152112 
0.002682 -0.463890 -0.669609 0.538790 0.288914 -0.152464 
0.001410 -0.470819 -0.698306 0.503532 0.280562 -0.153903 
0.010278 -0.476636 -0.723444 0.456629 0.269824 -0.157187 
0.031388 -0.481693 -0.743859 0.424085 0.258111 -0.159334 
0.087092 -0.484835 -0.767620 0.381172 0.244878 -0.161236 
0.220216 -0.488325 -0.779497 0.336877 0.227927 -0.162188 
0.421683 -0.490070 -0.791159 0.303828 0.212989 -0.165204 
0.581430 -0.491625 -0.801059 0.271486 0.198492 -0.169265 
0.658726 -0.494496 -0.810095 0.243581 0.169847 -0.172762 
0.690496 -0.496679 -0.819363 0.208312 0.139345 -0.176848 
0.704376 -0.498003 -0.827137 0.184330 0.104670 -0.182864 
0.711211 -0.493055 -0.832604 0.152529 0.068296 -0.190727 
0.710165 -0.460239 -0.837370 0.127357 0.025471 -0.202224 
0.708982 -0.421180 -0.841598 0.105605 -0.023003 -0.207972 
0.707641 -0.287108 -0.845216 0.083278 -0.068763 -0.223122 
0.706111 -0.118477 -0.847686 0.067625 -0.119283 -0.237118 
0.704359 0.027419 -0.850414 0.054581 -0.173317 -0.262389 
0.702346 0.143179 -0.852772 0.045897 -0.216481 -0.280774 
0.700037 0.225041 -0.854229 0.038523 -0.259034 -0.307551 
0.697361 0.273062 -0.853511 0.031355 -0.292501 -0.338316 
0.694245 0.297073 -0.849755 0.025209 -0.320182 -0.376536 
0.690602 0.312235 -0.824633 0.020226 -0.352983 -0.416350 
0.686325 0.319776 -0.790294 0.015726 -0.378360 -0.453886 
0.681285 0.322717 -0.694173 0.012054 -0.400771 -0.490692 
0.675327 0.324187 -0.539881 0.009259 -0.420032 -0.536022 
0.668269 0.321659 -0.389612 0.007411 -0.436078 -0.577439 
0.659898 0.320394 -0.292192 0.005554 -0.447265 -0.608676 
0.649893 0.318108 -0.228158 0.003764 -0.456981 -0.652288 
0.637490 0.315202 -0.191145 0.004486 -0.465507 -0.685758 
0.622640 0.312528 -0.169257 0.014043 -0.473142 -0.713140 
0.604941 0.309888 -0.158658 0.031844 -0.478628 -0.738609 
0.584001 0.304353 -0.154408 0.092472 -0.483038 -0.760918 
0.559491 0.298850 -0.152272 0.176095 -0.487429 -0.772073 
0.531204 0.291516 -0.152125 0.323992 -0.490517 -0.788622 
0.499127 0.282072 -0.152960 0.468665 -0.493477 -0.802393 
0.463506 0.273943 -0.154851 0.571294 -0.495202 -0.812721 
0.424885 0.264979 -0.156352 0.633710 -0.497278 -0.821087 
0.384105 0.249025 -0.159945 0.671594 -0.495948 -0.829334 
0.342247 0.235848 -0.163010 0.691101 -0.484449 -0.835214 
0.300531 0.216977 -0.165628 0.700294 -0.456709 -0.839719 
0.260177 0.187209 -0.170189 0.704461 -0.357785 -0.843252 
0.222267 0.160279 -0.176134 0.706545 -0.231927 -0.846325 
0.187634 0.126985 -0.179106 0.704797 -0.034034 -0.849293 
0.156796 0.098501 -0.187194 0.703923 0.106141 -0.851302 
0.129955 0.059843 -0.194127 0.702321 0.196053 -0.853181 
0.107037 0.003035 -0.205333 0.700651 0.258188 -0.854880 
0.087767 -0.041062 -0.217377 0.698369 0.292118 -0.852353 
0.071752 -0.077969 -0.232978 0.694232 0.310501 -0.837599 
0.058547 -0.143147 -0.246257 0.690692 0.319331 -0.812949 
0.047708 -0.182555 -0.271262 0.686437 0.322947 -0.745339 
0.038827 -0.231699 -0.291603 0.682450 0.323628 -0.617657 
0.031548 -0.270738 -0.313670 0.677089 0.323073 -0.456513 
0.025568 -0.306760 -0.351787 0.667328 0.321537 -0.340955 
0.020638 -0.334237 -0.383104 0.658863 0.320062 -0.265970 
0.016555 -0.364765 -0.424654 0.648397 0.317735 -0.214520 
0.013156 -0.391581 -0.467079 0.638192 0.314268 -0.180670 
0.010310 -0.407458 -0.519255 0.624559 0.310663 -0.164020 
0.007915 -0.426629 -0.557949 0.611573 0.306148 -0.156343 
0.005888 -0.440178 -0.599019 0.584874 0.302332 -0.153247 
0.004161 -0.452375 -0.632529 0.571524 0.295497 -0.152112 
0.002684 -0.463890 -0.669609 0.538790 0.288914 -0.152464 
0.001412 -0.470819 -0.698306 0.503532 0.280562 -0.153903 
0.001410 -0.476636 -0.723444 0.456629 0.269824 -0.157187 
0.010277 -0.481693 -0.743859 0.424085 0.258111 -0.158829 
0.031386 -0.484835 -0.767620 0.381172 0.244878 -0.160984 
0.087086 -0.488325 -0.779497 0.359715 0.227927 -0.162062 
0.220205 -0.490070 -0.791159 0.326149 0.219452 -0.165141 
0.421672 -0.491625 -0.801059 0.298464 0.208751 -0.167908 
0.581424 -0.494496 -0.810095 0.268804 0.188647 -0.170617 
0.658723 -0.495931 -0.814614 0.242240 0.160998 -0.173438 
0.690496 -0.497396 -0.821622 0.207641 0.134920 -0.177186 
0.704375 -0.493950 -0.828266 0.169350 0.102457 -0.183033 
0.710188 -0.480576 -0.833923 0.145039 0.067190 -0.190812 
0.709033 -0.454000 -0.838030 0.119493 0.024917 -0.202266 
0.707726 -0.388959 -0.841928 0.096549 -0.023279 -0.207993 
0.706240 -0.270997 -0.845380 0.078751 -0.068901 -0.228162 
0.704544 -0.110421 -0.848895 0.065362 -0.119352 -0.246505 
0.702598 0.031447 -0.851019 0.053449 -0.173351 -0.267082 
0.700379 0.145192 -0.853074 0.045331 -0.216498 -0.290949 
0.697818 0.226048 -0.854474 0.038240 -0.259042 -0.312638 
0.694849 0.273566 -0.853633 0.031213 -0.292506 -0.340859 
0.691396 0.301004 -0.838309 0.025139 -0.320184 -0.377808 
0.687364 0.314200 -0.818910 0.020191 -0.352984 -0.416985 
0.682641 0.320161 -0.753716 0.015708 -0.383338 -0.460171 
0.677096 0.322909 -0.675884 0.011718 -0.403259 -0.505507 
0.670577 0.324283 -0.530736 0.009091 -0.421276 -0.543430 
0.662908 0.321707 -0.385040 0.006559 -0.436701 -0.581143 
0.653317 0.319865 -0.283109 0.004623 -0.447576 -0.610528 
0.641848 0.316744 -0.223617 0.003017 -0.459074 -0.653214 
0.628151 0.314520 -0.188874 0.004112 -0.468099 -0.686221 
0.611852 0.311989 -0.168121 0.013856 -0.474438 -0.713372 
0.592573 0.309618 -0.158091 0.036956 -0.479576 -0.738724 
0.569976 0.304218 -0.154125 0.095028 -0.483512 -0.760976 
0.543811 0.298782 -0.152548 0.177373 -0.487666 -0.781356 
0.513981 0.291483 -0.152263 0.324631 -0.490636 -0.793263 
0.480603 0.282056 -0.153028 0.468984 -0.493537 -0.804714 
0.444059 0.273935 -0.154886 0.571454 -0.495232 -0.813881 
0.405012 0.264974 -0.157412 0.633789 -0.497293 -0.821667 
0.364377 0.249023 -0.160475 0.671634 -0.491792 -0.829624 
0.323251 0.226816 -0.163275 0.691121 -0.482371 -0.835866 
0.282802 0.212460 -0.167433 0.700304 -0.432104 -0.840045 
0.244136 0.184950 -0.171092 0.704466 -0.345482 -0.844441 
0.208185 0.159150 -0.176585 0.706547 -0.225776 -0.847647 
0.175619 0.126420 -0.183882 0.704798 -0.030958 -0.849954 
0.146808 0.086290 -0.189582 0.703923 0.107679 -0.851956 
0.121841 0.043164 -0.195321 0.702321 0.205252 -0.853508 
0.100575 -0.005305 -0.205930 0.700651 0.262787 -0.855044 
0.082706 -0.045231 -0.217676 0.698369 0.294418 -0.851034 
0.067839 -0.099856 -0.233128 0.694233 0.311651 -0.836940 
0.055554 -0.154091 -0.254330 0.690692 0.319367 -0.802638 
0.045438 -0.188027 -0.275299 0.686437 0.322965 -0.740184 
0.037118 -0.234435 -0.293621 0.682450 0.323637 -0.615079 
0.030270 -0.272106 -0.341506 0.674492 0.323078 -0.455224 
0.024618 -0.316910 -0.365705 0.666029 0.321539 -0.331313 
0.019938 -0.339311 -0.408631 0.658214 0.320063 -0.247192 
0.016044 -0.367302 -0.446214 0.648072 0.317736 -0.200658 
0.012789 -0.392850 -0.477860 0.638029 0.314268 -0.173739 
0.010052 -0.415262 -0.524645 0.624478 0.310663 -0.160555 
0.007740 -0.430531 -0.560644 0.599839 0.306148 -0.154610 
0.005775 -0.445581 -0.600366 0.579007 0.299820 -0.152380 
0.004096 -0.455077 -0.633203 0.542531 0.294241 -0.151678 
0.002654 -0.465241 -0.669946 0.524294 0.288286 -0.152247 
0.001410 -0.471494 -0.698475 0.496284 0.280248 -0.153795 
0.011790 -0.476974 -0.723529 0.453005 0.269667 -0.157133 
0.039505 -0.482476 -0.743901 0.413455 0.258032 -0.159307 
0.120859 -0.486521 -0.767641 0.375857 0.244838 -0.161223 
0.306994 -0.489168 -0.779508 0.334219 0.227907 -0.164722 
0.521393 -0.491174 -0.795233 0.302499 0.212979 -0.167699 
0.640068 -0.494270 -0.807183 0.270796 0.190760 -0.170512 
0.685611 -0.495818 -0.816640 0.234080 0.162055 -0.175723 
0.703297 -0.497340 -0.824009 0.203562 0.135448 -0.181287 
0.711212 -0.493922 -0.831040 0.167310 0.102722 -0.185084 
0.711210 -0.480562 -0.835310 0.144019 0.055380 -0.191837 
0.710186 -0.453992 -0.839678 0.118983 0.011885 -0.202779 
0.709031 -0.388955 -0.843808 0.096294 -0.037531 -0.220525 
0.707724 -0.270995 -0.846805 0.078623 -0.089853 -0.234429 
0.706238 -0.095987 -0.849607 0.062825 -0.135779 -0.249638 
0.704541 0.081476 -0.851509 0.052181 -0.181565 -0.268649 
0.702615 0.190427 -0.853320 0.041665 -0.220605 -0.291732 
0.700403 0.255422 -0.854597 0.033863 -0.261096 -0.325124 
0.697851 0.288253 -0.851461 0.027147 -0.304479 -0.347102 
0.694897 0.308347 -0.837223 0.021519 -0.345131 -0.390146 
0.691464 0.317872 -0.796589 0.017736 -0.374142 -0.423153 
0.687462 0.321997 -0.742556 0.014481 -0.393917 -0.463255 
0.682783 0.323827 -0.607280 0.011104 -0.412208 -0.507049 
0.677301 0.321479 -0.445576 0.008387 -0.429150 -0.552025 
0.670873 0.320304 -0.331841 0.006208 -0.440607 -0.595969 
0.662908 0.319164 -0.256510 0.004447 -0.453367 -0.633943 
0.653317 0.316394 -0.207247 0.002929 -0.461969 -0.664921 
0.641848 0.313124 -0.177991 0.007289 -0.469546 -0.692074 
0.628151 0.310186 -0.162683 0.015444 -0.475993 -0.722486 
0.611852 0.305937 -0.155372 0.058703 -0.480354 -0.746830 
0.592573 0.302252 -0.152765 0.138518 -0.484957 -0.765029 
0.569976 0.297799 -0.151868 0.266538 -0.488388 -0.783382 
0.543811 0.290991 -0.152831 0.410914 -0.491428 -0.797180 
0.513981 0.281810 -0.153313 0.525487 -0.493933 -0.807687 
0.480603 0.273812 -0.155028 0.605537 -0.496037 -0.816296 
0.444059 0.254724 -0.156974 0.654407 -0.497695 -0.825043 
0.405012 0.238937 -0.159982 0.681943 -0.491993 -0.831795 
0.364377 0.221773 -0.163322 0.696275 -0.460481 -0.836951 
0.323251 0.202589 -0.167456 0.702807 -0.410095 -0.841377 
0.282802 0.171043 -0.171104 0.705718 -0.303892 -0.845388 
0.244136 0.152196 -0.176591 0.707173 -0.108934 -0.848120 
0.208185 0.111107 -0.183885 0.705111 0.027463 -0.850191 
0.175619 0.065877 -0.189871 0.704080 0.151181 -0.852243 
0.146808 0.032958 -0.198519 0.702400 0.231960 -0.854189 
0.121841 -0.010408 -0.209810 0.700690 0.276141 -0.855384 
0.100575 -0.062642 -0.219615 0.697316 0.302750 -0.848067 
0.082706 -0.116449 -0.233965 0.693706 0.315823 -0.818182 
0.067839 -0.162387 -0.254749 0.690429 0.321453 -0.803240 
0.055554 -0.204363 -0.280837 0.686305 0.323552 -0.688937 
0.045438 -0.242603 -0.308287 0.682384 0.323606 -0.527609 
0.037118 -0.292693 -0.348839 0.674459 0.323062 -0.376503 
0.030270 -0.327203 -0.369197 0.666013 0.321544 -0.283744 
0.024618 -0.361248 -0.410377 0.658447 0.318995 -0.223407 
0.019938 -0.378271 -0.447087 0.648189 0.316279 -0.186623 
0.016044 -0.400803 -0.490338 0.638088 0.312868 -0.166722 
0.012789 -0.419238 -0.530884 0.617883 0.309963 -0.157046 
0.010052 -0.432519 -0.563763 0.596541 0.305826 -0.152856 
0.007740 -0.446575 -0.601833 0.577358 0.302171 -0.151496 
0.005775 -0.457789 -0.633937 0.541707 0.293404 -0.151236 
0.004096 -0.466597 -0.670313 0.507200 0.285541 -0.152026 
0.002654 -0.472173 -0.698658 0.487737 0.278875 -0.153684 
0.010281 -0.477313 -0.731466 0.448732 0.268980 -0.157078 
0.031396 -0.482645 -0.753577 0.411318 0.253649 -0.159279 
0.087110 -0.486605 -0.772476 0.374788 0.242647 -0.161209 
0.220255 -0.489210 -0.781925 0.333685 0.226812 -0.164715 
0.421727 -0.490513 -0.796442 0.302232 0.212431 -0.167695 
0.581456 -0.491847 -0.803700 0.270688 0.198213 -0.170510 
0.658737 -0.494606 -0.811416 0.243182 0.169708 -0.173385 
0.690502 -0.496734 -0.820023 0.220273 0.151528 -0.177159 
0.704379 -0.498031 -0.827467 0.190311 0.110762 -0.183020 
0.711212 -0.493069 -0.832769 0.160691 0.071342 -0.190805 
0.710166 -0.480136 -0.837453 0.132930 0.026994 -0.202263 
0.708984 -0.431129 -0.841640 0.108391 -0.022241 -0.207991 
0.707643 -0.294237 -0.845236 0.090999 -0.068382 -0.223132 
0.706113 -0.122041 -0.847696 0.071485 -0.119092 -0.237123 
0.704361 0.025637 -0.850052 0.059256 -0.150399 -0.250985 
0.702362 0.142287 -0.852382 0.048234 -0.205022 -0.275072 
0.700058 0.224595 -0.854034 0.039692 -0.253304 -0.304700 
0.697390 0.272840 -0.853413 0.031939 -0.289637 -0.336890 
0.694286 0.296962 -0.849706 0.025502 -0.318750 -0.375823 
0.690659 0.312702 -0.824608 0.020372 -0.352267 -0.404456 
0.686406 0.320009 -0.790282 0.016283 -0.378002 -0.438449 
0.681399 0.322833 -0.694167 0.012962 -0.400592 -0.482974 
0.675490 0.324245 -0.539878 0.009713 -0.419942 -0.532163 
0.668501 0.321688 -0.389610 0.007638 -0.436034 -0.575510 
0.660230 0.320409 -0.292191 0.005667 -0.447242 -0.607712 
0.649891 0.318192 -0.228158 0.003821 -0.456684 -0.639814 
0.637487 0.315244 -0.191144 0.004514 -0.465358 -0.679521 
0.622634 0.312549 -0.169256 0.014057 -0.471238 -0.710022 
0.604931 0.309898 -0.158658 0.031851 -0.477676 -0.732761 
0.583988 0.305794 -0.154408 0.076355 -0.482562 -0.751967 
0.559474 0.299570 -0.152272 0.168037 -0.486061 -0.767597 
0.531182 0.291876 -0.152125 0.319977 -0.489833 -0.786384 
0.499101 0.282252 -0.152960 0.466657 -0.492150 -0.801274 
0.463475 0.274033 -0.154851 0.564412 -0.494539 -0.812161 
0.424850 0.265024 -0.156352 0.630268 -0.496340 -0.820807 
0.384066 0.249048 -0.158800 0.667493 -0.495479 -0.829194 
0.342207 0.235860 -0.162438 0.689050 -0.484215 -0.835144 
0.300490 0.216982 -0.165342 0.699269 -0.456591 -0.839684 
0.260136 0.187211 -0.170046 0.703948 -0.357726 -0.843234 
0.222229 0.160280 -0.176063 0.706288 -0.231898 -0.846316 
0.187598 0.126985 -0.179071 0.704668 -0.034019 -0.849289 
0.156764 0.098501 -0.187176 0.703859 0.106148 -0.851300 
0.129927 0.059843 -0.194118 0.702289 0.196057 -0.853180 
0.107013 0.003035 -0.205329 0.700635 0.258189 -0.854880 
0.087747 -0.041061 -0.217375 0.698361 0.292119 -0.852352 
0.071735 -0.077969 -0.232977 0.694228 0.310502 -0.837599 
0.058533 -0.143147 -0.246257 0.690690 0.319332 -0.812949 
0.047696 -0.182555 -0.271262 0.686436 0.322947 -0.745339 
0.038818 -0.231699 -0.291603 0.682449 0.323628 -0.617657 
0.031540 -0.270738 -0.313670 0.677089 0.323073 -0.456513 
0.025562 -0.306760 -0.351787 0.667327 0.321537 -0.340955 
0.020632 -0.334237 -0.383104 0.658863 0.320062 -0.265970 
0.016550 -0.364765 -0.424654 0.648397 0.317735 -0.214520 
0.013152 -0.391581 -0.467079 0.638192 0.314268 -0.180670 
0.010307 -0.407458 -0.519255 0.624559 0.310663 -0.164020 
0.007913 -0.426629 -0.557949 0.611573 0.306148 -0.156343 
0.005885 -0.440178 -0.599019 0.584874 0.302332 -0.153247 
0.004159 -0.452375 -0.632529 0.571524 0.295497 -0.152112 
0.002682 -0.463890 -0.669609 0.538790 0.288914 -0.152464 
0.001410 -0.470819 -0.698306 0.503532 0.280562 -0.153903 
0.010278 -0.476636 -0.723444 0.456629 0.269824 -0.157187 
0.031388 -0.481693 -0.743859 0.424085 0.258111 -0.159334 
0.087092 -0.484835 -0.767620 0.381172 0.244878 -0.161236 
0.220216 -0.488325 -0.779497 0.336877 0.227927 -0.162188 
0.421683 -0.490070 -0.791159 0.303828 0.212989 -0.165204 
0.581430 -0.491625 -0.801059 0.271486 0.198492 -0.169265 
0.658726 -0.494496 -0.810095 0.243581 0.169847 -0.172762 
0.690496 -0.496679 -0.819363 0.208312 0.139345 -0.176848 
0.704376 -0.498003 -0.827137 0.184330 0.104670 -0.182864 
0.711211 -0.493055 -0.832604 0.152529 0.068296 -0.190727 
0.710165 -0.460239 -0.837370 0.127357 0.025471 -0.202224 
0.708982 -0.421180 -0.841598 0.105605 -0.023003 -0.207972 
0.707641 -0.287108 -0.845216 0.083278 -0.068763 -0.223122 
0.706111 -0.118477 -0.847686 0.067625 -0.119283 -0.237118 
0.704359 0.027419 -0.850414 0.054581 -0.173317 -0.262389 
0.702362 0.143179 -0.852772 0.045897 -0.216481 -0.280774 
0.700058 0.225041 -0.854229 0.038523 -0.259034 -0.307551 
0.697390 0.273062 -0.853511 0.031355 -0.292501 -0.338316 
0.694286 0.297073 -0.849755 0.025209 -0.320182 -0.376536 
0.690659 0.312235 -0.824633 0.020226 -0.352983 -0.416350 
0.686406 0.319776 -0.790294 0.015726 -0.378360 -0.453886 
0.681399 0.322717 -0.694173 0.012054 -0.400771 -0.490692 
0.675490 0.324187 -0.539881 0.009259 -0.420032 -0.536022 
0.668501 0.321659 -0.389612 0.007411 -0.436078 -0.577439 
0.660230 0.320394 -0.292192 0.005554 -0.447265 -0.608676 
0.649891 0.318108 -0.228158 0.003764 -0.456981 -0.652288 
0.637487 0.315202 -0.191145 0.004486 -0.465507 -0.685758 
0.622634 0.312528 -0.169257 0.014043 -0.473142 -0.713140 
0.604931 0.309888 -0.158658 0.031844 -0.478628 -0.738609 
0.583988 0.304353 -0.154408 0.092472 -0.483038 -0.760918 
0.559474 0.298850 -0.152272 0.176095 -0.487429 -0.772073 
0.531182 0.291516 -0.152125 0.323992 -0.490517 -0.788622 
0.499101 0.282072 -0.152960 0.468665 -0.493477 -0.802393 
0.463475 0.273943 -0.154851 0.571294 -0.495202 -0.812721 
0.424850 0.264979 -0.156352 0.633710 -0.497278 -0.821087 
0.384066 0.249025 -0.159945 0.671594 -0.495948 -0.829334 
0.342207 0.235848 -0.163010 0.691101 -0.484449 -0.835214 
0.300490 0.216977 -0.165628 0.700294 -0.456709 -0.839719 
0.260136 0.187209 -0.170189 0.704461 -0.357785 -0.843252 
0.222229 0.160279 -0.176134 0.706545 -0.231927 -0.846325 
0.187598 0.126985 -0.179106 0.704797 -0.034034 -0.849293 
0.156764 0.098501 -0.187194 0.703923 0.106141 -0.851302 
0.129927 0.059843 -0.194127 0.702321 0.196053 -0.853181 
0.107013 0.003035 -0.205333 0.700651 0.258188 -0.854880 
0.087747 -0.041062 -0.217377 0.698369 0.292118 -0.852353 
0.071735 -0.077969 -0.232978 0.694232 0.310501 -0.837599 
0.058533 -0.143147 -0.246257 0.690692 0.319331 -0.812949 
0.047696 -0.182555 -0.271262 0.686437 0.322947 -0.745339 
0.038818 -0.231699 -0.291603 0.682450 0.323628 -0.617657 
0.031540 -0.270738 -0.313670 0.677089 0.323073 -0.456513 
0.025562 -0.306760 -0.351787 0.667328 0.321537 -0.340955 
0.020632 -0.334237 -0.383104 0.658863 0.320062 -0.265970 
0.016550 -0.364765 -0.424654 0.648397 0.317735 -0.214520 
0.013152 -0.391581 -0.467079 0.638192 0.314268 -0.180670 
0.010307 -0.407458 -0.519255 0.624559 0.310663 -0.164020 
0.007913 -0.426629 -0.557949 0.611573 0.306148 -0.156343 
0.005885 -0.440178 -0.599019 0.584874 0.302332 -0.153247 
0.004159 -0.452375 -0.632529 0.571524 0.295497 -0.152112 
0.002682 -0.463890 -0.669609 0.538790 0.288914 -0.152464 
0.001410 -0.470819 -0.698306 0.503532 0.280562 -0.153903 
0.010278 -0.476636 -0.723444 0.456629 0.269824 -0.157187 
0.031388 -0.481693 -0.743859 0.424085 0.258111 -0.159334 
0.087092 -0.484835 -0.767620 0.381172 0.244878 -0.161236 
0.220216 -0.488325 -0.779497 0.336877 0.227927 -0.162188 
0.421683 -0.490070 -0.791159 0.303828 0.212989 -0.165204 
0.581430 -0.491625 -0.801059 0.271486 0.198492 -0.169265 
0.658726 -0.494496 -0.810095 0.243581 0.169847 -0.172762 
0.690496 -0.496679 -0.819363 0.208312 0.139345 -0.176848 
0.704376 -0.498003 -0.827137 0.184330 0.104670 -0.182864 
0.711211 -0.493055 -0.832604 0.152529 0.068296 -0.190727 
0.710165 -0.460239 -0.837370 0.127357 0.025471 -0.202224 
0.708982 -0.421180 -0.841598 0.105605 -0.023003 -0.207972 
0.707641 -0.287108 -0.845216 0.083278 -0.068763 -0.223122 
0.706111 -0.118477 -0.847686 0.067625 -0.119283 -0.237118 
0.704359 0.027419 -0.850414 0.054581 -0.173317 -0.262389 
0.702362 0.143179 -0.852772 0.045897 -0.216481 -0.280774 
0.700058 0.225041 -0.854229 0.038523 -0.259034 -0.307551 
0.697390 0.273062 -0.853511 0.031355 -0.292501 -0.338316 
0.694286 0.297073 -0.849755 0.025209 -0.320182 -0.376536 
0.690659 0.312235 -0.824633 0.020226 -0.352983 -0.416350 
0.686406 0.319776 -0.790294 0.015726 -0.378360 -0.453886 
0.681399 0.322717 -0.694173 0.012054 -0.400771 -0.490692 
0.675490 0.324187 -0.539881 0.009259 -0.420032 -0.536022 
0.668501 0.321659 -0.389612 0.007411 -0.436078 -0.577439 
0.660230 0.320394 -0.292192 0.005554 -0.447265 -0.608676 
0.649891 0.318108 -0.228158 0.003764 -0.456981 -0.652288 
0.637487 0.315202 -0.191145 0.004486 -0.465507 -0.685758 
0.622634 0.312528 -0.169257 0.014043 -0.473142 -0.713140 
0.604931 0.309888 -0.158658 0.031844 -0.478628 -0.738609 
0.583988 0.304353 -0.154408 0.092472 -0.483038 -0.760918 
0.559474 0.298850 -0.152272 0.176095 -0.487429 -0.772073 
0.531182 0.291516 -0.152125 0.323992 -0.490517 -0.788622 
0.499101 0.282072 -0.152960 0.468665 -0.493477 -0.802393 
0.463475 0.273943 -0.154851 0.571294 -0.495202 -0.812721 
0.424850 0.264979 -0.156352 0.633710 -0.497278 -0.821087 
0.384066 0.249025 -0.159945 0.671594 -0.495948 -0.829334 
0.342207 0.235848 -0.163010 0.691101 -0.484449 -0.835214 
0.300490 0.216977 -0.165628 0.700294 -0.456709 -0.839719 
0.260136 0.187209 -0.170189 0.704461 -0.357785 -0.843252 
0.222229 0.160279 -0.176134 0.706545 -0.231927 -0.846325 
0.187598 0.126985 -0.179106 0.704797 -0.034034 -0.849293 
0.156764 0.098501 -0.187194 0.703923 0.106141 -0.851302 
0.129927 0.059843 -0.194127 0.702321 0.196053 -0.853181 
0.107013 0.003035 -0.205333 0.700651 0.258188 -0.854880 
0.087747 -0.041062 -0.217377 0.698369 0.292118 -0.852353 
0.071735 -0.077969 -0.232978 0.694232 0.310501 -0.837599 
0.058533 -0.143147 -0.246257 0.690692 0.319331 -0.812949 
0.047696 -0.182555 -0.271262 0.686437 0.322947 -0.745339 
0.038818 -0.231699 -0.291603 0.682450 0.323628 -0.617657 
0.031540 -0.270738 -0.313670 0.677089 0.323073 -0.456513 
0.025562 -0.306760 -0.351787 0.667328 0.321537 -0.340955 
0.020632 -0.334237 -0.383104 0.658863 0.320062 -0.265970 
0.016550 -0.364765 -0.424654 0.648397 0.317735 -0.214520 
0.013152 -0.391581 -0.467079 0.638192 0.314268 -0.180670 
0.010307 -0.407458 -0.519255 0.624559 0.310663 -0.164020 
0.007913 -0.426629 -0.557949 0.611573 0.306148 -0.156343 
0.005885 -0.440178 -0.599019 0.584874 0.302332 -0.153247 
0.004159 -0.452375 -0.632529 0.571524 0.295497 -0.152112 
0.002682 -0.463890 -0.669609 0.538790 0.288914 -0.152464 
0.001410 -0.470819 -0.698306 0.503532 0.280562 -0.153903 
0.001408 -0.476636 -0.723444 0.456629 0.269824 -0.157187 
