0.357500 0.000000 0.000000 0.000000 0.000000 0.000000 
0.357500 0.000000 0.000000 0.000000 0.000000 0.000000 
-0.009420 0.000000 0.000000 0.000000 0.000000 0.000000 
0.724576 0.000000 0.000000 0.000000 0.000000 0.000000 
0.640965 0.000000 0.000000 0.000000 0.000000 0.000000 
0.001386 0.000000 0.000000 0.000000 0.000000 0.000000 
0.001386 0.000000 0.000000 0.000000 0.000000 0.000000 
0.001386 0.000000 0.000000 0.000000 0.000000 0.000000 
0.001386 0.000000 0.000000 0.000000 0.000000 0.000000 
0.001386 0.000000 0.000000 0.000000 0.000000 0.000000 
0.001386 0.000000 0.000000 0.000000 0.000000 0.000000 
0.001386 0.000000 0.000000 0.000000 0.000000 0.000000 
0.001386 0.000000 0.000000 0.000000 0.000000 0.000000 
0.001386 0.000000 0.000000 0.000000 0.000000 0.000000 
0.001386 0.000000 0.000000 0.000000 0.000000 0.000000 
0.001386 0.000000 0.000000 0.000000 0.000000 0.000000 
0.001386 0.000000 0.000000 0.000000 0.000000 0.000000 
0.001386 0.000000 0.000000 0.000000 0.000000 0.000000 
0.001386 0.000000 0.000000 0.000000 0.000000 0.000000 
0.001386 0.000000 0.000000 0.000000 0.000000 0.000000 
0.711202 0.000000 0.000000 0.000000 0.000000 0.000000 
0.711202 0.000000 0.000000 0.000000 0.000000 0.000000 
0.711202 0.000000 0.000000 0.000000 0.000000 0.000000 
0.711202 0.000000 0.000000 0.000000 0.000000 0.000000 
0.707456 -0.120531 -0.677565 -0.234426 -0.379823 -0.407408 
0.701796 0.103433 -0.750275 -0.109591 -0.382803 -0.420299 
0.693520 0.214545 -0.674164 -0.050932 -0.402992 -0.473899 
0.679052 0.266838 -0.456753 -0.022631 -0.427559 -0.546378 
0.654041 0.290231 -0.305442 -0.008711 -0.449065 -0.621139 
0.610113 0.298739 -0.226409 0.020467 -0.466890 -0.692608 
0.535724 0.296042 -0.188690 0.140093 -0.479354 -0.748889 
0.425951 0.284335 -0.172716 0.376715 -0.488141 -0.782527 
0.296499 0.258704 -0.166982 0.540294 -0.491525 -0.808159 
0.180420 0.228371 -0.168026 0.624891 -0.436681 -0.826192 
0.099937 0.171040 -0.175052 0.663970 -0.175328 -0.838759 
0.053151 0.096113 -0.188056 0.682345 0.055319 -0.846910 
0.027833 -0.009382 -0.215096 0.688143 0.192339 -0.843829 
0.014037 -0.115672 -0.261011 0.685162 0.259451 -0.709232 
0.006175 -0.229227 -0.325457 0.675849 0.290144 -0.467315 
0.001444 -0.312260 -0.404627 0.656890 0.301853 -0.310720 
0.001436 -0.379030 -0.500635 0.627739 0.301743 -0.229355 
0.001429 -0.424017 -0.596854 0.566897 0.293190 -0.190786 
0.001423 -0.453235 -0.672718 0.484531 0.276138 -0.175628 
0.052622 -0.471900 -0.732046 0.411395 0.247956 -0.169384 
0.422048 -0.481858 -0.771502 0.341087 0.223003 -0.170029 
0.678102 -0.489612 -0.795317 0.290090 0.195773 -0.173144 
0.711224 -0.488859 -0.815114 0.225219 0.132884 -0.181013 
0.708171 -0.435490 -0.830470 0.159583 0.057764 -0.197366 
0.703877 -0.192668 -0.841440 0.105777 -0.056019 -0.231107 
0.697678 0.057118 -0.848562 0.068463 -0.178803 -0.282717 
0.688468 0.192257 -0.835774 0.042177 -0.282293 -0.357954 
0.674346 0.258957 -0.716913 0.024952 -0.352737 -0.442726 
0.652292 0.289044 -0.455842 0.014490 -0.405594 -0.541320 
0.615640 0.300670 -0.304987 0.009849 -0.441359 -0.630274 
0.558198 0.299744 -0.226523 0.055905 -0.464403 -0.700724 
0.475222 0.291964 -0.190159 0.305587 -0.479435 -0.755851 
0.371050 0.273989 -0.174006 0.500856 -0.488789 -0.792652 
0.262327 0.239299 -0.170041 0.605434 -0.480870 -0.816873 
0.169347 0.189399 -0.176060 0.657031 -0.293470 -0.833135 
0.102714 0.117779 -0.185671 0.680040 -0.023577 -0.843546 
0.060476 0.022409 -0.203386 0.688063 0.150044 -0.846686 
0.035205 -0.092958 -0.239459 0.687608 0.238564 -0.807511 
0.020174 -0.201368 -0.287598 0.679668 0.281112 -0.586896 
0.011013 -0.298331 -0.369578 0.665274 0.298779 -0.374983 
0.005220 -0.360833 -0.451583 0.638101 0.302919 -0.261194 
0.001412 -0.410732 -0.545743 0.598137 0.298205 -0.205665 
0.052533 -0.444240 -0.636373 0.533206 0.285207 -0.180504 
0.421712 -0.466109 -0.706031 0.453555 0.259183 -0.170992 
0.678042 -0.479645 -0.758495 0.362167 0.221589 -0.170833 
0.711211 -0.489254 -0.793562 0.267605 0.165215 -0.175883 
0.708156 -0.478228 -0.817849 0.184895 0.086626 -0.187237 
0.703857 -0.315632 -0.833826 0.122924 -0.013811 -0.217784 
0.697678 -0.028347 -0.844269 0.080075 -0.136728 -0.258472 
0.688468 0.146369 -0.846296 0.049569 -0.242296 -0.313776 
0.674346 0.236245 -0.767410 0.030398 -0.327993 -0.402599 
0.652292 0.277687 -0.525640 0.018034 -0.387043 -0.499800 
0.615640 0.295656 -0.341812 0.009722 -0.428807 -0.597850 
0.558198 0.301451 -0.244936 0.029683 -0.456461 -0.680963 
0.475222 0.297399 -0.197953 0.212120 -0.474140 -0.741350 
0.371050 0.281607 -0.177348 0.443022 -0.485534 -0.782199 
0.262327 0.252139 -0.171712 0.576992 -0.479242 -0.810373 
0.169347 0.195819 -0.173231 0.642810 -0.338465 -0.829605 
0.102714 0.132918 -0.182205 0.672929 -0.046075 -0.841458 
0.060476 0.029978 -0.201653 0.684508 0.138795 -0.845642 
0.035205 -0.089174 -0.238593 0.685830 0.232939 -0.806989 
0.020174 -0.199475 -0.287165 0.678779 0.278300 -0.586635 
0.011013 -0.297384 -0.369361 0.664830 0.297372 -0.374853 
0.005220 -0.360360 -0.451475 0.637878 0.302216 -0.261128 
0.001412 -0.410495 -0.545689 0.598026 0.297853 -0.205632 
0.052533 -0.444122 -0.636346 0.533151 0.285032 -0.180487 
0.421712 -0.466050 -0.706017 0.453527 0.259095 -0.170984 
0.678042 -0.479615 -0.758488 0.362153 0.221545 -0.170829 
0.711211 -0.489239 -0.793559 0.267598 0.165193 -0.175881 
0.708156 -0.478221 -0.817848 0.184891 0.086615 -0.187236 
0.703857 -0.315628 -0.833825 0.122922 -0.013817 -0.217784 
0.697678 -0.028345 -0.844268 0.080074 -0.136731 -0.258472 
0.688468 0.146370 -0.846296 0.049569 -0.242297 -0.313776 
0.674346 0.236245 -0.767410 0.030397 -0.327994 -0.402599 
0.652292 0.277688 -0.525640 0.018034 -0.387043 -0.499800 
0.615640 0.295656 -0.341812 0.009722 -0.428807 -0.597850 
0.558198 0.301452 -0.244936 0.029683 -0.456461 -0.680963 
0.475222 0.297399 -0.197953 0.212120 -0.474140 -0.741350 
0.371050 0.281607 -0.177348 0.443022 -0.485534 -0.782199 
0.262327 0.252139 -0.171712 0.576992 -0.479242 -0.810373 
0.169347 0.195819 -0.173231 0.642810 -0.338465 -0.829605 
0.102714 0.132918 -0.182205 0.672929 -0.046075 -0.841458 
0.060476 0.029978 -0.201653 0.684508 0.138795 -0.845642 
0.035205 -0.089174 -0.238593 0.685830 0.232939 -0.806989 
0.020174 -0.199475 -0.287165 0.678779 0.278300 -0.586635 
0.011013 -0.297384 -0.369361 0.664830 0.297372 -0.374853 
0.005220 -0.360360 -0.451475 0.637878 0.302216 -0.261128 
0.001412 -0.410495 -0.545689 0.598026 0.297853 -0.205632 
0.052533 -0.444122 -0.636346 0.533151 0.285032 -0.180487 
0.421712 -0.466050 -0.706017 0.453527 0.259095 -0.170984 
0.678042 -0.479615 -0.758488 0.362153 0.221545 -0.170829 
0.711211 -0.489239 -0.793559 0.267598 0.165193 -0.175881 
0.708156 -0.478221 -0.817848 0.184891 0.086615 -0.187236 
0.703857 -0.315628 -0.833825 0.122922 -0.013817 -0.217784 
0.697678 -0.028345 -0.844268 0.080074 -0.136731 -0.258472 
0.688468 0.146370 -0.846296 0.049569 -0.242297 -0.313776 
0.674346 0.236245 -0.767410 0.030397 -0.327994 -0.402599 
0.652292 0.277688 -0.525640 0.018034 -0.387043 -0.499800 
0.615640 0.295656 -0.341812 0.009722 -0.428807 -0.597850 
0.558198 0.301452 -0.244936 0.029683 -0.456461 -0.680963 
0.475222 0.297399 -0.197953 0.212120 -0.474140 -0.741350 
0.371050 0.281607 -0.177348 0.443022 -0.485534 -0.782199 
0.262327 0.252139 -0.171712 0.576992 -0.479242 -0.810373 
0.169347 0.195819 -0.173231 0.642810 -0.338465 -0.829605 
0.102714 0.132918 -0.182205 0.672929 -0.046075 -0.841458 
0.060476 0.029978 -0.201653 0.684508 0.138795 -0.845642 
0.035205 -0.089174 -0.238593 0.685830 0.232939 -0.806989 
0.020174 -0.199475 -0.287165 0.678779 0.278300 -0.586635 
0.011013 -0.297384 -0.369361 0.664830 0.297372 -0.374853 
0.005220 -0.360360 -0.451475 0.637878 0.302216 -0.261128 
0.001412 -0.410495 -0.545689 0.598026 0.297853 -0.205632 
0.052533 -0.444122 -0.636346 0.533151 0.285032 -0.180487 
0.421712 -0.466050 -0.706017 0.453527 0.259095 -0.170984 
0.678042 -0.479615 -0.758488 0.362153 0.221545 -0.170829 
0.711211 -0.489239 -0.793559 0.267598 0.165193 -0.175881 
0.708156 -0.478221 -0.817848 0.184891 0.086615 -0.187236 
0.703857 -0.315628 -0.833825 0.122922 -0.013817 -0.217784 
0.697678 -0.028345 -0.844268 0.080074 -0.136731 -0.258472 
0.688468 0.146370 -0.846296 0.049569 -0.242297 -0.313776 
0.674346 0.236245 -0.767410 0.030397 -0.327994 -0.402599 
0.652292 0.277688 -0.525640 0.018034 -0.387043 -0.499800 
0.615640 0.295656 -0.341812 0.009722 -0.428807 -0.597850 
0.558198 0.301452 -0.244936 0.029683 -0.456461 -0.680963 
0.475222 0.297399 -0.197953 0.212120 -0.474140 -0.741350 
0.371050 0.281607 -0.177348 0.443022 -0.485534 -0.782199 
0.262327 0.252139 -0.171712 0.576992 -0.479242 -0.810373 
0.169347 0.195819 -0.173231 0.642810 -0.338465 -0.829605 
0.102714 0.132918 -0.182205 0.672929 -0.046075 -0.841458 
0.060476 0.029978 -0.201653 0.684508 0.138795 -0.845642 
0.035205 -0.089174 -0.238593 0.685830 0.232939 -0.806989 
0.020174 -0.199475 -0.287165 0.678779 0.278300 -0.586635 
0.011013 -0.297384 -0.369361 0.664830 0.297372 -0.374853 
0.005220 -0.360360 -0.451475 0.637878 0.302216 -0.261128 
0.001412 -0.410495 -0.545689 0.598026 0.297853 -0.205632 
0.052533 -0.444122 -0.636346 0.533151 0.285032 -0.180487 
0.421712 -0.466050 -0.706017 0.453527 0.259095 -0.170984 
0.678042 -0.479615 -0.758488 0.362153 0.221545 -0.170829 
0.711211 -0.489239 -0.793559 0.267598 0.165193 -0.175881 
0.708156 -0.478221 -0.817848 0.184891 0.086615 -0.187236 
0.703857 -0.315628 -0.833825 0.122922 -0.013817 -0.217784 
0.697678 -0.028345 -0.844268 0.080074 -0.136731 -0.258472 
0.688468 0.146370 -0.846296 0.049569 -0.242297 -0.313776 
0.674346 0.236245 -0.767410 0.030397 -0.327994 -0.402599 
0.652292 0.277688 -0.525640 0.018034 -0.387043 -0.499800 
0.615640 0.295656 -0.341812 0.009722 -0.428807 -0.597850 
0.558198 0.301452 -0.244936 0.029683 -0.456461 -0.680963 
0.475222 0.297399 -0.197953 0.212120 -0.474140 -0.741350 
0.371050 0.281607 -0.177348 0.443022 -0.485534 -0.782199 
0.262327 0.252139 -0.171712 0.576992 -0.479242 -0.810373 
0.169347 0.195819 -0.173231 0.642810 -0.338465 -0.829605 
0.102714 0.132918 -0.182205 0.672929 -0.046075 -0.841458 
0.060476 0.029978 -0.201653 0.684508 0.138795 -0.845642 
0.035205 -0.089174 -0.238593 0.685830 0.232939 -0.806989 
0.020174 -0.199475 -0.287165 0.678779 0.278300 -0.586635 
0.011013 -0.297384 -0.369361 0.664830 0.297372 -0.374853 
0.005220 -0.360360 -0.451475 0.637878 0.302216 -0.261128 
0.001412 -0.410495 -0.545689 0.598026 0.297853 -0.205632 
0.052533 -0.444122 -0.636346 0.533151 0.285032 -0.180487 
0.421712 -0.466050 -0.706017 0.453527 0.259095 -0.170984 
0.678042 -0.479615 -0.758488 0.362153 0.221545 -0.170829 
0.711211 -0.489239 -0.793559 0.267598 0.165193 -0.175881 
0.708156 -0.478221 -0.817848 0.184891 0.086615 -0.187236 
0.703857 -0.315628 -0.833825 0.122922 -0.013817 -0.217784 
0.697678 -0.028345 -0.844268 0.080074 -0.136731 -0.258472 
0.688468 0.146370 -0.846296 0.049569 -0.242297 -0.313776 
0.674346 0.236245 -0.767410 0.030397 -0.327994 -0.402599 
0.652292 0.277688 -0.525640 0.018034 -0.387043 -0.499800 
0.615640 0.295656 -0.341812 0.009722 -0.428807 -0.597850 
0.558198 0.301452 -0.244936 0.029683 -0.456461 -0.680963 
0.475222 0.297399 -0.197953 0.212120 -0.474140 -0.741350 
0.371050 0.281607 -0.177348 0.443022 -0.485534 -0.782199 
0.262327 0.252139 -0.171712 0.576992 -0.479242 -0.810373 
0.169347 0.195819 -0.173231 0.642810 -0.338465 -0.829605 
0.102714 0.132918 -0.182205 0.672929 -0.046075 -0.841458 
0.060476 0.029978 -0.201653 0.684508 0.138795 -0.845642 
0.035205 -0.089174 -0.238593 0.685830 0.232939 -0.806989 
0.020174 -0.199475 -0.287165 0.678779 0.278300 -0.586635 
0.011013 -0.297384 -0.369361 0.664830 0.297372 -0.374853 
0.005220 -0.360360 -0.451475 0.637878 0.302216 -0.261128 
0.001412 -0.410495 -0.545689 0.598026 0.297853 -0.205632 
0.052533 -0.444122 -0.636346 0.533151 0.285032 -0.180487 
0.421712 -0.466050 -0.706017 0.453527 0.259095 -0.170984 
0.678042 -0.479615 -0.758488 0.362153 0.221545 -0.170829 
0.711211 -0.489239 -0.793559 0.267598 0.165193 -0.175881 
0.708156 -0.478221 -0.817848 0.184891 0.086615 -0.187236 
0.703857 -0.315628 -0.833825 0.122922 -0.013817 -0.217784 
0.697678 -0.028345 -0.844268 0.080074 -0.136731 -0.258472 
0.688468 0.146370 -0.846296 0.049569 -0.242297 -0.313776 
0.674346 0.236245 -0.767410 0.030397 -0.327994 -0.402599 
0.652292 0.277688 -0.525640 0.018034 -0.387043 -0.499800 
0.615640 0.295656 -0.341812 0.009722 -0.428807 -0.597850 
0.558198 0.301452 -0.244936 0.029683 -0.456461 -0.680963 
0.475222 0.297399 -0.197953 0.212120 -0.474140 -0.741350 
0.371050 0.281607 -0.177348 0.443022 -0.485534 -0.782199 
0.262327 0.252139 -0.171712 0.576992 -0.479242 -0.810373 
0.169347 0.195819 -0.173231 0.642810 -0.338465 -0.829605 
0.102714 0.132918 -0.182205 0.672929 -0.046075 -0.841458 
0.060476 0.029978 -0.201653 0.684508 0.138795 -0.845642 
0.035205 -0.089174 -0.238593 0.685830 0.232939 -0.806989 
0.020174 -0.199475 -0.287165 0.678779 0.278300 -0.586635 
0.011013 -0.297384 -0.369361 0.664830 0.297372 -0.374853 
0.005220 -0.360360 -0.451475 0.637878 0.302216 -0.261128 
0.001412 -0.410495 -0.545689 0.598026 0.297853 -0.205632 
0.052533 -0.444122 -0.636346 0.533151 0.285032 -0.180487 
0.421712 -0.466050 -0.706017 0.453527 0.259095 -0.170984 
0.678042 -0.479615 -0.758488 0.362153 0.221545 -0.170829 
0.711211 -0.489239 -0.793559 0.267598 0.165193 -0.175881 
0.708156 -0.478221 -0.817848 0.184891 0.086615 -0.187236 
0.703857 -0.315628 -0.833825 0.122922 -0.013817 -0.217784 
0.697678 -0.028345 -0.844268 0.080074 -0.136731 -0.258472 
0.688468 0.146370 -0.846296 0.049569 -0.242297 -0.313776 
0.674346 0.236245 -0.767410 0.030397 -0.327994 -0.402599 
0.652292 0.277688 -0.525640 0.018034 -0.387043 -0.499800 
0.615640 0.295656 -0.341812 0.009722 -0.428807 -0.597850 
0.558198 0.301452 -0.244936 0.029683 -0.456461 -0.680963 
0.475222 0.297399 -0.197953 0.212120 -0.474140 -0.741350 
0.371050 0.281607 -0.177348 0.443022 -0.485534 -0.782199 
0.262327 0.252139 -0.171712 0.576992 -0.479242 -0.810373 
0.169347 0.195819 -0.173231 0.642810 -0.338465 -0.829605 
0.102714 0.132918 -0.182205 0.672929 -0.046075 -0.841458 
0.060476 0.029978 -0.201653 0.684508 0.138795 -0.845642 
0.035205 -0.089174 -0.238593 0.685830 0.232939 -0.806989 
0.020174 -0.199475 -0.287165 0.678779 0.278300 -0.586635 
0.011013 -0.297384 -0.369361 0.664830 0.297372 -0.374853 
0.005220 -0.360360 -0.451475 0.637878 0.302216 -0.261128 
0.001412 -0.410495 -0.545689 0.598026 0.297853 -0.205632 
0.052533 -0.444122 -0.636346 0.533151 0.285032 -0.180487 
0.421712 -0.466050 -0.706017 0.453527 0.259095 -0.170984 
0.678042 -0.479615 -0.758488 0.362153 0.221545 -0.170829 
0.711211 -0.489239 -0.793559 0.267598 0.165193 -0.175881 
0.708156 -0.478221 -0.817848 0.184891 0.086615 -0.187236 
0.703857 -0.315628 -0.833825 0.122922 -0.013817 -0.217784 
0.697678 -0.028345 -0.844268 0.080074 -0.136731 -0.258472 
0.688468 0.146370 -0.846296 0.049569 -0.242297 -0.313776 
0.674346 0.236245 -0.767410 0.030397 -0.327994 -0.402599 
0.652292 0.277688 -0.525640 0.018034 -0.387043 -0.499800 
0.615640 0.295656 -0.341812 0.009722 -0.428807 -0.597850 
0.558198 0.301452 -0.244936 0.029683 -0.456461 -0.680963 
0.475222 0.297399 -0.197953 0.212120 -0.474140 -0.741350 
0.371050 0.281607 -0.177348 0.443022 -0.485534 -0.782199 
0.262327 0.252139 -0.171712 0.576992 -0.479242 -0.810373 
0.169347 0.195819 -0.173231 0.642810 -0.338465 -0.829605 
0.102714 0.132918 -0.182205 0.672929 -0.046075 -0.841458 
0.060476 0.029978 -0.201653 0.684508 0.138795 -0.845642 
0.035205 -0.089174 -0.238593 0.685830 0.232939 -0.806989 
0.020174 -0.199475 -0.287165 0.678779 0.278300 -0.586635 
0.011013 -0.297384 -0.369361 0.664830 0.297372 -0.374853 
0.005220 -0.360360 -0.451475 0.637878 0.302216 -0.261128 
0.001412 -0.410495 -0.545689 0.598026 0.297853 -0.205632 
0.052533 -0.444122 -0.636346 0.533151 0.285032 -0.180487 
0.421712 -0.466050 -0.706017 0.453527 0.259095 -0.170984 
0.678042 -0.479615 -0.758488 0.362153 0.221545 -0.170829 
0.711211 -0.489239 -0.793559 0.267598 0.165193 -0.175881 
0.708156 -0.478221 -0.817848 0.184891 0.086615 -0.187236 
0.703857 -0.315628 -0.833825 0.122922 -0.013817 -0.217784 
0.697678 -0.028345 -0.844268 0.080074 -0.136731 -0.258472 
0.688468 0.146370 -0.846296 0.049569 -0.242297 -0.313776 
0.674346 0.236245 -0.767410 0.030397 -0.327994 -0.402599 
0.652292 0.277688 -0.525640 0.018034 -0.387043 -0.499800 
0.615640 0.295656 -0.341812 0.009722 -0.428807 -0.597850 
0.558198 0.301452 -0.244936 0.029683 -0.456461 -0.680963 
0.475222 0.297399 -0.197953 0.212120 -0.474140 -0.741350 
0.371050 0.281607 -0.177348 0.443022 -0.485534 -0.782199 
0.262327 0.252139 -0.171712 0.576992 -0.479242 -0.810373 
0.169347 0.195819 -0.173231 0.642810 -0.338465 -0.829605 
0.102714 0.132918 -0.182205 0.672929 -0.046075 -0.841458 
0.060476 0.029978 -0.201653 0.684508 0.138795 -0.845642 
0.035205 -0.089174 -0.238593 0.685830 0.232939 -0.806989 
0.020174 -0.199475 -0.287165 0.678779 0.278300 -0.586635 
0.011013 -0.297384 -0.369361 0.664830 0.297372 -0.374853 
0.005220 -0.360360 -0.451475 0.637878 0.302216 -0.261128 
0.001412 -0.410495 -0.545689 0.598026 0.297853 -0.205632 
0.052533 -0.444122 -0.636346 0.533151 0.285032 -0.180487 
0.421712 -0.466050 -0.706017 0.453527 0.259095 -0.170984 
0.678042 -0.479615 -0.758488 0.362153 0.221545 -0.170829 
0.711211 -0.489239 -0.793559 0.267598 0.165193 -0.175881 
0.708156 -0.478221 -0.817848 0.184891 0.086615 -0.187236 
0.703857 -0.315628 -0.833825 0.122922 -0.013817 -0.217784 
0.697678 -0.028345 -0.844268 0.080074 -0.136731 -0.258472 
0.688468 0.146370 -0.846296 0.049569 -0.242297 -0.313776 
0.674346 0.236245 -0.767410 0.030397 -0.327994 -0.402599 
0.652292 0.277688 -0.525640 0.018034 -0.387043 -0.499800 
0.615640 0.295656 -0.341812 0.009722 -0.428807 -0.597850 
0.558198 0.301452 -0.244936 0.029683 -0.456461 -0.680963 
0.475222 0.297399 -0.197953 0.212120 -0.474140 -0.741350 
0.371050 0.281607 -0.177348 0.443022 -0.485534 -0.782199 
0.262327 0.252139 -0.171712 0.576992 -0.479242 -0.810373 
0.169347 0.195819 -0.173231 0.642810 -0.338465 -0.829605 
0.102714 0.132918 -0.182205 0.672929 -0.046075 -0.841458 
0.060476 0.029978 -0.201653 0.684508 0.138795 -0.845642 
0.035205 -0.089174 -0.238593 0.685830 0.232939 -0.806989 
0.020174 -0.199475 -0.287165 0.678779 0.278300 -0.586635 
0.011013 -0.297384 -0.369361 0.664830 0.297372 -0.374853 
0.005220 -0.360360 -0.451475 0.637878 0.302216 -0.261128 
0.001412 -0.410495 -0.545689 0.598026 0.297853 -0.205632 
0.052533 -0.444122 -0.636346 0.533151 0.285032 -0.180487 
0.421712 -0.466050 -0.706017 0.453527 0.259095 -0.170984 
0.678042 -0.479615 -0.758488 0.362153 0.221545 -0.170829 
0.711211 -0.489239 -0.793559 0.267598 0.165193 -0.175881 
0.708156 -0.478221 -0.817848 0.184891 0.086615 -0.187236 
0.703857 -0.315628 -0.833825 0.122922 -0.013817 -0.217784 
0.697678 -0.028345 -0.844268 0.080074 -0.136731 -0.258472 
0.688468 0.146370 -0.846296 0.049569 -0.242297 -0.313776 
0.674346 0.236245 -0.767410 0.030397 -0.327994 -0.402599 
0.652292 0.277688 -0.525640 0.018034 -0.387043 -0.499800 
0.615640 0.295656 -0.341812 0.009722 -0.428807 -0.597850 
0.558198 0.301452 -0.244936 0.029683 -0.456461 -0.680963 
0.475222 0.297399 -0.197953 0.212120 -0.474140 -0.741350 
0.371050 0.281607 -0.177348 0.443022 -0.485534 -0.782199 
0.262327 0.252139 -0.171712 0.576992 -0.479242 -0.810373 
0.169347 0.195819 -0.173231 0.642810 -0.338465 -0.829605 
0.102714 0.132918 -0.182205 0.672929 -0.046075 -0.841458 
0.060476 0.029978 -0.201653 0.684508 0.138795 -0.845642 
0.035205 -0.089174 -0.238593 0.685830 0.232939 -0.806989 
0.020174 -0.199475 -0.287165 0.678779 0.278300 -0.586635 
0.011013 -0.297384 -0.369361 0.664830 0.297372 -0.374853 
0.005220 -0.360360 -0.451475 0.637878 0.302216 -0.261128 
0.001412 -0.410495 -0.545689 0.598026 0.297853 -0.205632 
0.001406 -0.444122 -0.636346 0.533151 0.285032 -0.180487 
0.052492 -0.466050 -0.706017 0.453527 0.259095 -0.170984 
0.421572 -0.478933 -0.754419 0.373055 0.235036 -0.169603 
0.678019 -0.488149 -0.786776 0.306099 0.201789 -0.171464 
0.708333 -0.493506 -0.809077 0.233224 0.135892 -0.180173 
0.704359 -0.460464 -0.826561 0.163585 0.059268 -0.196946 
0.698774 -0.205155 -0.838182 0.107779 -0.055267 -0.222639 
0.690659 0.047112 -0.846656 0.069464 -0.157456 -0.268728 
0.678568 0.187776 -0.834821 0.044264 -0.252660 -0.341742 
0.660230 0.256717 -0.716437 0.027745 -0.337920 -0.434620 
0.630378 0.287924 -0.477890 0.015887 -0.395023 -0.526738 
0.583953 0.300110 -0.316011 0.010547 -0.432797 -0.622983 
0.515542 0.300899 -0.232035 0.056255 -0.458756 -0.697078 
0.424755 0.292541 -0.192006 0.264072 -0.476612 -0.751124 
0.321143 0.274278 -0.175459 0.480098 -0.487377 -0.790288 
0.222127 0.239443 -0.170767 0.595055 -0.480164 -0.815691 
0.142766 0.189471 -0.176423 0.651841 -0.293117 -0.832264 
0.087694 0.105586 -0.185852 0.676833 -0.017178 -0.843111 
0.052812 0.010214 -0.203477 0.686460 0.153244 -0.846468 
0.031520 -0.099056 -0.239505 0.686806 0.240164 -0.807403 
0.018484 -0.204416 -0.287621 0.679267 0.281341 -0.551386 
0.010299 -0.299855 -0.369589 0.665074 0.298358 -0.357228 
0.004983 -0.368764 -0.470510 0.631376 0.302708 -0.252316 
0.001406 -0.416668 -0.564507 0.594775 0.295686 -0.201646 
0.120819 -0.448289 -0.656545 0.520685 0.280784 -0.178495 
0.640050 -0.468133 -0.723949 0.429472 0.256214 -0.170817 
0.711211 -0.482750 -0.771541 0.333261 0.212378 -0.172061 
0.711206 -0.486627 -0.803224 0.232160 0.141186 -0.180471 
0.708328 -0.434374 -0.824525 0.158006 0.034855 -0.197096 
0.704399 -0.177676 -0.838467 0.102517 -0.073425 -0.230971 
0.698863 0.064614 -0.847171 0.066833 -0.187506 -0.282649 
0.690864 0.196527 -0.835078 0.041362 -0.286644 -0.357920 
0.679052 0.261092 -0.716565 0.024872 -0.358572 -0.454382 
0.660047 0.290111 -0.455668 0.014284 -0.408511 -0.547148 
0.630130 0.299983 -0.302202 0.012966 -0.442817 -0.633188 
0.583624 0.300836 -0.226180 0.066913 -0.465133 -0.702181 
0.515136 0.292510 -0.189987 0.330266 -0.479800 -0.756571 
0.424313 0.274262 -0.174454 0.516780 -0.489576 -0.793012 
0.320734 0.236183 -0.171350 0.613694 -0.459272 -0.817560 
0.221811 0.184766 -0.176714 0.661161 -0.282671 -0.833479 
0.142558 0.102976 -0.188887 0.680940 -0.003886 -0.843887 
0.087572 -0.005950 -0.209154 0.687441 0.162844 -0.846856 
0.052744 -0.113957 -0.252711 0.684811 0.244703 -0.762293 
0.031482 -0.228370 -0.321307 0.675673 0.283611 -0.493845 
0.018462 -0.311832 -0.393755 0.663277 0.299510 -0.328458 
0.010286 -0.378816 -0.495199 0.630932 0.303284 -0.238224 
0.004975 -0.421694 -0.580619 0.568494 0.295974 -0.194600 
0.052492 -0.452073 -0.653812 0.507545 0.280928 -0.174971 
0.421572 -0.471319 -0.722593 0.422902 0.256286 -0.169055 
0.678019 -0.482250 -0.766776 0.346841 0.220140 -0.169865 
0.711206 -0.490394 -0.797703 0.259942 0.164491 -0.175399 
0.708150 -0.478798 -0.818641 0.190335 0.086264 -0.186995 
0.703898 -0.318072 -0.833736 0.125644 -0.013992 -0.212633 
0.697772 -0.029567 -0.843574 0.081435 -0.120672 -0.255897 
0.688689 0.145759 -0.845949 0.052811 -0.234267 -0.312488 
0.674883 0.236538 -0.791872 0.032502 -0.319003 -0.392465 
0.652084 0.277834 -0.537872 0.019086 -0.382547 -0.494733 
0.615353 0.296828 -0.350998 0.010530 -0.424622 -0.595317 
0.557818 0.302037 -0.249184 0.025018 -0.453531 -0.675408 
0.474769 0.297692 -0.200077 0.209788 -0.472675 -0.738572 
0.370591 0.281753 -0.178410 0.435977 -0.484801 -0.780810 
0.261944 0.252452 -0.170700 0.573470 -0.478876 -0.809679 
0.169083 0.195975 -0.172725 0.641049 -0.368868 -0.829258 
0.102557 0.132996 -0.181952 0.672049 -0.061276 -0.841285 
0.060389 0.030017 -0.201527 0.684068 0.131195 -0.845555 
0.035159 -0.089154 -0.238530 0.685610 0.229139 -0.806946 
0.020148 -0.199466 -0.287133 0.678669 0.276399 -0.586613 
0.010998 -0.297380 -0.369345 0.664775 0.296422 -0.374842 
0.005211 -0.360357 -0.451467 0.637851 0.301740 -0.261123 
0.001406 -0.410494 -0.545685 0.598013 0.297616 -0.205629 
0.052492 -0.444121 -0.636344 0.533144 0.284913 -0.180486 
0.421572 -0.466049 -0.706016 0.453524 0.259035 -0.170983 
0.678019 -0.479615 -0.758488 0.362152 0.221515 -0.170829 
0.711206 -0.489239 -0.793559 0.267597 0.165178 -0.175881 
0.708150 -0.478221 -0.817848 0.184891 0.086608 -0.187236 
0.703898 -0.315628 -0.833825 0.122922 -0.013821 -0.217784 
0.697772 -0.028345 -0.844268 0.080074 -0.136733 -0.258472 
0.688689 0.146370 -0.846296 0.049569 -0.242298 -0.313775 
0.674883 0.236245 -0.767410 0.030397 -0.327995 -0.402599 
0.652084 0.277688 -0.525640 0.018034 -0.387043 -0.499800 
0.615353 0.295656 -0.341812 0.009722 -0.428808 -0.597850 
0.557818 0.301452 -0.244936 0.029683 -0.456461 -0.680963 
0.474769 0.297399 -0.197953 0.212120 -0.474140 -0.741350 
0.370591 0.281607 -0.177348 0.443022 -0.485534 -0.782199 
0.261944 0.252139 -0.171712 0.576992 -0.479242 -0.810373 
0.169083 0.195819 -0.173231 0.642810 -0.338465 -0.829605 
0.102557 0.132918 -0.182205 0.672929 -0.046075 -0.841458 
0.060389 0.029978 -0.201653 0.684508 0.138795 -0.845642 
0.035159 -0.089174 -0.238593 0.685830 0.232939 -0.806989 
0.020148 -0.199475 -0.287165 0.678779 0.278300 -0.586635 
0.010998 -0.297384 -0.369361 0.664830 0.297372 -0.374853 
0.005211 -0.360360 -0.451475 0.637878 0.302216 -0.261128 
0.001406 -0.410495 -0.545689 0.598026 0.297853 -0.205632 
0.052492 -0.444122 -0.636346 0.533151 0.285032 -0.180487 
0.421572 -0.466050 -0.706017 0.453527 0.259095 -0.170984 
0.678019 -0.479615 -0.758488 0.362153 0.221545 -0.170829 
0.711206 -0.489239 -0.793559 0.267598 0.165193 -0.175881 
0.708150 -0.478221 -0.817848 0.184891 0.086615 -0.187236 
0.703898 -0.315628 -0.833825 0.122922 -0.013817 -0.217784 
0.697772 -0.028345 -0.844268 0.080074 -0.136731 -0.258472 
0.688689 0.146370 -0.846296 0.049569 -0.242297 -0.313776 
0.674883 0.236245 -0.767410 0.030397 -0.327994 -0.402599 
0.652084 0.277688 -0.525640 0.018034 -0.387043 -0.499800 
0.615353 0.295656 -0.341812 0.009722 -0.428807 -0.597850 
0.557818 0.301452 -0.244936 0.029683 -0.456461 -0.680963 
0.474769 0.297399 -0.197953 0.212120 -0.474140 -0.741350 
0.370591 0.281607 -0.177348 0.443022 -0.485534 -0.782199 
0.261944 0.252139 -0.171712 0.576992 -0.479242 -0.810373 
0.169083 0.195819 -0.173231 0.642810 -0.338465 -0.829605 
0.102557 0.132918 -0.182205 0.672929 -0.046075 -0.841458 
0.060389 0.029978 -0.201653 0.684508 0.138795 -0.845642 
0.035159 -0.089174 -0.238593 0.685830 0.232939 -0.806989 
0.020148 -0.199475 -0.287165 0.678779 0.278300 -0.586635 
0.010998 -0.297384 -0.369361 0.664830 0.297372 -0.374853 
0.005211 -0.360360 -0.451475 0.637878 0.302216 -0.261128 
0.001406 -0.410495 -0.545689 0.598026 0.297853 -0.205632 
0.052492 -0.444122 -0.636346 0.533151 0.285032 -0.180487 
0.421572 -0.466050 -0.706017 0.453527 0.259095 -0.170984 
0.678019 -0.479615 -0.758488 0.362153 0.221545 -0.170829 
0.711206 -0.489239 -0.793559 0.267598 0.165193 -0.175881 
0.708150 -0.478221 -0.817848 0.184891 0.086615 -0.187236 
0.703898 -0.315628 -0.833825 0.122922 -0.013817 -0.217784 
0.697772 -0.028345 -0.844268 0.080074 -0.136731 -0.258472 
0.688689 0.146370 -0.846296 0.049569 -0.242297 -0.313776 
0.674883 0.236245 -0.767410 0.030397 -0.327994 -0.402599 
0.652084 0.277688 -0.525640 0.018034 -0.387043 -0.499800 
0.615353 0.295656 -0.341812 0.009722 -0.428807 -0.597850 
0.557818 0.301452 -0.244936 0.029683 -0.456461 -0.680963 
0.474769 0.297399 -0.197953 0.212120 -0.474140 -0.741350 
0.370591 0.281607 -0.177348 0.443022 -0.485534 -0.782199 
0.261944 0.252139 -0.171712 0.576992 -0.479242 -0.810373 
0.169083 0.195819 -0.173231 0.642810 -0.338465 -0.829605 
0.102557 0.132918 -0.182205 0.672929 -0.046075 -0.841458 
0.060389 0.029978 -0.201653 0.684508 0.138795 -0.845642 
0.035159 -0.089174 -0.238593 0.685830 0.232939 -0.806989 
0.020148 -0.199475 -0.287165 0.678779 0.278300 -0.586635 
0.010998 -0.297384 -0.369361 0.664830 0.297372 -0.374853 
0.005211 -0.360360 -0.451475 0.637878 0.302216 -0.261128 
0.001406 -0.410495 -0.545689 0.598026 0.297853 -0.205632 
0.052492 -0.444122 -0.636346 0.533151 0.285032 -0.180487 
0.421572 -0.466050 -0.706017 0.453527 0.259095 -0.170984 
0.678019 -0.479615 -0.758488 0.362153 0.221545 -0.170829 
0.711206 -0.489239 -0.793559 0.267598 0.165193 -0.175881 
0.708150 -0.478221 -0.817848 0.184891 0.086615 -0.187236 
0.703898 -0.315628 -0.833825 0.122922 -0.013817 -0.217784 
0.697772 -0.028345 -0.844268 0.080074 -0.136731 -0.258472 
0.688689 0.146370 -0.846296 0.049569 -0.242297 -0.313776 
0.674883 0.236245 -0.767410 0.030397 -0.327994 -0.402599 
0.652084 0.277688 -0.525640 0.018034 -0.387043 -0.499800 
0.615353 0.295656 -0.341812 0.009722 -0.428807 -0.597850 
0.557818 0.301452 -0.244936 0.029683 -0.456461 -0.680963 
0.474769 0.297399 -0.197953 0.212120 -0.474140 -0.741350 
0.370591 0.281607 -0.177348 0.443022 -0.485534 -0.782199 
0.261944 0.252139 -0.171712 0.576992 -0.479242 -0.810373 
0.169083 0.195819 -0.173231 0.642810 -0.338465 -0.829605 
0.102557 0.132918 -0.182205 0.672929 -0.046075 -0.841458 
0.060389 0.029978 -0.201653 0.684508 0.138795 -0.845642 
0.035159 -0.089174 -0.238593 0.685830 0.232939 -0.806989 
0.020148 -0.199475 -0.287165 0.678779 0.278300 -0.586635 
0.010998 -0.297384 -0.369361 0.664830 0.297372 -0.374853 
0.005211 -0.360360 -0.451475 0.637878 0.302216 -0.261128 
0.001406 -0.410495 -0.545689 0.598026 0.297853 -0.205632 
0.052492 -0.444122 -0.636346 0.533151 0.285032 -0.180487 
0.421572 -0.466050 -0.706017 0.453527 0.259095 -0.170984 
0.678019 -0.479615 -0.758488 0.362153 0.221545 -0.170829 
0.711206 -0.489239 -0.793559 0.267598 0.165193 -0.175881 
0.708150 -0.478221 -0.817848 0.184891 0.086615 -0.187236 
0.703857 -0.315628 -0.833825 0.122922 -0.013817 -0.217784 
0.697678 -0.028345 -0.844268 0.080074 -0.136731 -0.258472 
0.688468 0.146370 -0.846296 0.049569 -0.242297 -0.313776 
0.674346 0.236245 -0.767410 0.030397 -0.327994 -0.402599 
0.652094 0.277688 -0.525640 0.018034 -0.387043 -0.499800 
0.615380 0.295656 -0.341812 0.009722 -0.428807 -0.597850 
0.557873 0.301452 -0.244936 0.029683 -0.456461 -0.680963 
0.474856 0.297399 -0.197953 0.212120 -0.474140 -0.741350 
0.370702 0.281607 -0.177348 0.443022 -0.485534 -0.782199 
0.262055 0.252139 -0.171712 0.576992 -0.479242 -0.810373 
0.169172 0.195819 -0.173231 0.642810 -0.338465 -0.829605 
0.102618 0.132918 -0.182205 0.672929 -0.046075 -0.841458 
0.060427 0.029978 -0.201653 0.684508 0.138795 -0.845642 
0.035181 -0.089174 -0.238593 0.685830 0.232939 -0.806989 
0.020162 -0.199475 -0.287165 0.678779 0.278300 -0.586635 
0.011007 -0.297384 -0.369361 0.664830 0.297372 -0.374853 
0.005217 -0.360360 -0.451475 0.637878 0.302216 -0.261128 
0.001410 -0.410495 -0.545689 0.598026 0.297853 -0.205632 
0.052522 -0.444122 -0.636346 0.533151 0.285032 -0.180487 
0.421683 -0.466050 -0.706017 0.453527 0.259095 -0.170984 
0.678038 -0.479615 -0.758488 0.362153 0.221545 -0.170829 
0.711211 -0.489239 -0.793559 0.267598 0.165193 -0.175881 
0.708155 -0.478221 -0.817848 0.184891 0.086615 -0.187236 
0.703857 -0.315628 -0.833825 0.122922 -0.013817 -0.217784 
0.697705 -0.028345 -0.844268 0.080074 -0.136731 -0.258472 
0.688603 0.146370 -0.846296 0.049569 -0.242297 -0.313776 
0.674883 0.236245 -0.767410 0.030397 -0.327994 -0.402599 
0.652292 0.277688 -0.525640 0.018034 -0.387043 -0.499800 
0.615655 0.295656 -0.341812 0.009722 -0.428807 -0.597850 
0.558239 0.301452 -0.244936 0.029683 -0.456461 -0.680963 
0.475294 0.297399 -0.197953 0.212120 -0.474140 -0.741350 
0.371148 0.281607 -0.177348 0.443022 -0.485534 -0.782199 
0.262429 0.252139 -0.171712 0.576992 -0.479242 -0.810373 
0.169431 0.195819 -0.173231 0.642810 -0.338465 -0.829605 
0.102773 0.132918 -0.182205 0.672929 -0.046075 -0.841458 
0.060513 0.029978 -0.201653 0.684508 0.138795 -0.845642 
0.035228 -0.089174 -0.238593 0.685830 0.232939 -0.806989 
0.020188 -0.199475 -0.287165 0.678779 0.278300 -0.586635 
0.011022 -0.297384 -0.369361 0.664830 0.297372 -0.374853 
0.005226 -0.360360 -0.451475 0.637878 0.302216 -0.261128 
0.001416 -0.410495 -0.545689 0.598026 0.297853 -0.205632 
0.052563 -0.444122 -0.636346 0.533151 0.285032 -0.180487 
0.421827 -0.466050 -0.706017 0.453527 0.259095 -0.170984 
0.678063 -0.479615 -0.758488 0.362153 0.221545 -0.170829 
0.711215 -0.489239 -0.793559 0.267598 0.165193 -0.175881 
0.708161 -0.478221 -0.817848 0.184891 0.086615 -0.187236 
0.703863 -0.315628 -0.833825 0.122922 -0.013817 -0.217784 
0.697678 -0.028345 -0.844268 0.080074 -0.136731 -0.258472 
0.688468 0.146370 -0.846296 0.049569 -0.242297 -0.313776 
0.674346 0.236245 -0.767410 0.030397 -0.327994 -0.402599 
0.652292 0.277688 -0.525640 0.018034 -0.387043 -0.499800 
0.615640 0.295656 -0.341812 0.009722 -0.428807 -0.597850 
0.558198 0.301452 -0.244936 0.029683 -0.456461 -0.680963 
0.475222 0.297399 -0.197953 0.212120 -0.474140 -0.741350 
0.371050 0.281607 -0.177348 0.443022 -0.485534 -0.782199 
0.262327 0.252139 -0.171712 0.576992 -0.479242 -0.810373 
0.169347 0.195819 -0.173231 0.642810 -0.338465 -0.829605 
0.102714 0.132918 -0.182205 0.672929 -0.046075 -0.841458 
0.060476 0.029978 -0.201653 0.684508 0.138795 -0.845642 
0.035205 -0.089174 -0.238593 0.685830 0.232939 -0.806989 
0.020174 -0.199475 -0.287165 0.678779 0.278300 -0.586635 
0.011013 -0.297384 -0.369361 0.664830 0.297372 -0.374853 
0.005220 -0.360360 -0.451475 0.637878 0.302216 -0.261128 
0.001412 -0.410495 -0.545689 0.598026 0.297853 -0.205632 
0.052533 -0.444122 -0.636346 0.533151 0.285032 -0.180487 
0.421712 -0.466050 -0.706017 0.453527 0.259095 -0.170984 
0.678042 -0.479615 -0.758488 0.362153 0.221545 -0.170829 
0.711211 -0.489239 -0.793559 0.267598 0.165193 -0.175881 
0.708156 -0.478221 -0.817848 0.184891 0.086615 -0.187236 
0.703857 -0.315628 -0.833825 0.122922 -0.013817 -0.217784 
0.697678 -0.028345 -0.844268 0.080074 -0.136731 -0.258472 
0.688468 0.146370 -0.846296 0.049569 -0.242297 -0.313776 
0.674346 0.236245 -0.767410 0.030397 -0.327994 -0.402599 
0.652292 0.277688 -0.525640 0.018034 -0.387043 -0.499800 
0.615640 0.295656 -0.341812 0.009722 -0.428807 -0.597850 
0.558198 0.301452 -0.244936 0.029683 -0.456461 -0.680963 
0.475222 0.297399 -0.197953 0.212120 -0.474140 -0.741350 
0.371050 0.281607 -0.177348 0.443022 -0.485534 -0.782199 
0.262327 0.252139 -0.171712 0.576992 -0.479242 -0.810373 
0.169347 0.195819 -0.173231 0.642810 -0.338465 -0.829605 
0.102714 0.132918 -0.182205 0.672929 -0.046075 -0.841458 
0.060476 0.029978 -0.201653 0.684508 0.138795 -0.845642 
0.035205 -0.089174 -0.238593 0.685830 0.232939 -0.806989 
0.020174 -0.199475 -0.287165 0.678779 0.278300 -0.586635 
0.011013 -0.297384 -0.369361 0.664830 0.297372 -0.374853 
0.005220 -0.360360 -0.451475 0.637878 0.302216 -0.261128 
0.001412 -0.410495 -0.545689 0.598026 0.297853 -0.205632 
0.052533 -0.444122 -0.636346 0.533151 0.285032 -0.180487 
0.421712 -0.466050 -0.706017 0.453527 0.259095 -0.170984 
0.678042 -0.479615 -0.758488 0.362153 0.221545 -0.170829 
0.711211 -0.489239 -0.793559 0.267598 0.165193 -0.175881 
0.708156 -0.478221 -0.817848 0.184891 0.086615 -0.187236 
0.703857 -0.315628 -0.833825 0.122922 -0.013817 -0.217784 
0.697678 -0.028345 -0.844268 0.080074 -0.136731 -0.258472 
0.688468 0.146370 -0.846296 0.049569 -0.242297 -0.313776 
0.674346 0.236245 -0.767410 0.030397 -0.327994 -0.402599 
0.652292 0.277688 -0.525640 0.018034 -0.387043 -0.499800 
0.615640 0.295656 -0.341812 0.009722 -0.428807 -0.597850 
0.558198 0.301452 -0.244936 0.029683 -0.456461 -0.680963 
0.475222 0.297399 -0.197953 0.212120 -0.474140 -0.741350 
0.371050 0.281607 -0.177348 0.443022 -0.485534 -0.782199 
0.262327 0.252139 -0.171712 0.576992 -0.479242 -0.810373 
0.169347 0.195819 -0.173231 0.642810 -0.338465 -0.829605 
0.102714 0.132918 -0.182205 0.672929 -0.046075 -0.841458 
0.060476 0.029978 -0.201653 0.684508 0.138795 -0.845642 
0.035205 -0.089174 -0.238593 0.685830 0.232939 -0.806989 
0.020174 -0.199475 -0.287165 0.678779 0.278300 -0.586635 
0.011013 -0.297384 -0.369361 0.664830 0.297372 -0.374853 
0.005220 -0.360360 -0.451475 0.637878 0.302216 -0.261128 
0.001412 -0.410495 -0.545689 0.598026 0.297853 -0.205632 
0.052533 -0.444122 -0.636346 0.533151 0.285032 -0.180487 
0.421712 -0.466050 -0.706017 0.453527 0.259095 -0.170984 
0.678042 -0.479615 -0.758488 0.362153 0.221545 -0.170829 
0.711211 -0.489239 -0.793559 0.267598 0.165193 -0.175881 
0.708156 -0.478221 -0.817848 0.184891 0.086615 -0.187236 
0.703857 -0.315628 -0.833825 0.122922 -0.013817 -0.217784 
0.697678 -0.028345 -0.844268 0.080074 -0.136731 -0.258472 
0.688468 0.146370 -0.846296 0.049569 -0.242297 -0.313776 
0.674346 0.236245 -0.767410 0.030397 -0.327994 -0.402599 
0.652292 0.277688 -0.525640 0.018034 -0.387043 -0.499800 
0.615640 0.295656 -0.341812 0.009722 -0.428807 -0.597850 
0.558198 0.301452 -0.244936 0.029683 -0.456461 -0.680963 
0.475222 0.297399 -0.197953 0.212120 -0.474140 -0.741350 
0.371050 0.281607 -0.177348 0.443022 -0.485534 -0.782199 
0.262327 0.252139 -0.171712 0.576992 -0.479242 -0.810373 
0.169347 0.195819 -0.173231 0.642810 -0.338465 -0.829605 
0.102714 0.132918 -0.182205 0.672929 -0.046075 -0.841458 
0.060476 0.029978 -0.201653 0.684508 0.138795 -0.845642 
0.035205 -0.089174 -0.238593 0.685830 0.232939 -0.806989 
0.020174 -0.199475 -0.287165 0.678779 0.278300 -0.586635 
0.011013 -0.297384 -0.369361 0.664830 0.297372 -0.374853 
0.005220 -0.360360 -0.451475 0.637878 0.302216 -0.261128 
0.001412 -0.410495 -0.545689 0.598026 0.297853 -0.205632 
0.052533 -0.444122 -0.636346 0.533151 0.285032 -0.180487 
0.421712 -0.466050 -0.706017 0.453527 0.259095 -0.170984 
0.678042 -0.479615 -0.758488 0.362153 0.221545 -0.170829 
0.711211 -0.489239 -0.793559 0.267598 0.165193 -0.175881 
0.708156 -0.478221 -0.817848 0.184891 0.086615 -0.187236 
0.703857 -0.315628 -0.833825 0.122922 -0.013817 -0.217784 
0.697678 -0.028345 -0.844268 0.080074 -0.136731 -0.258472 
0.688468 0.146370 -0.846296 0.049569 -0.242297 -0.313776 
0.674346 0.236245 -0.767410 0.030397 -0.327994 -0.402599 
0.652292 0.277688 -0.525640 0.018034 -0.387043 -0.499800 
0.615640 0.295656 -0.341812 0.009722 -0.428807 -0.597850 
0.558198 0.301452 -0.244936 0.029683 -0.456461 -0.680963 
0.475222 0.297399 -0.197953 0.212120 -0.474140 -0.741350 
0.371050 0.281607 -0.177348 0.443022 -0.485534 -0.782199 
0.262327 0.252139 -0.171712 0.576992 -0.479242 -0.810373 
0.169347 0.195819 -0.173231 0.642810 -0.338465 -0.829605 
0.102714 0.132918 -0.182205 0.672929 -0.046075 -0.841458 
0.060476 0.029978 -0.201653 0.684508 0.138795 -0.845642 
0.035205 -0.089174 -0.238593 0.685830 0.232939 -0.806989 
0.020174 -0.199475 -0.287165 0.678779 0.278300 -0.586635 
0.011013 -0.297384 -0.369361 0.664830 0.297372 -0.374853 
0.005220 -0.360360 -0.451475 0.637878 0.302216 -0.261128 
0.001412 -0.410495 -0.545689 0.598026 0.297853 -0.205632 
0.052533 -0.444122 -0.636346 0.533151 0.285032 -0.180487 
0.421712 -0.466050 -0.706017 0.453527 0.259095 -0.170984 
0.678042 -0.479615 -0.758488 0.362153 0.221545 -0.170829 
0.711211 -0.489239 -0.793559 0.267598 0.165193 -0.175881 
0.708156 -0.478221 -0.817848 0.184891 0.086615 -0.187236 
0.703857 -0.315628 -0.833825 0.122922 -0.013817 -0.217784 
0.697678 -0.028345 -0.844268 0.080074 -0.136731 -0.258472 
0.688468 0.146370 -0.846296 0.049569 -0.242297 -0.313776 
0.674346 0.236245 -0.767410 0.030397 -0.327994 -0.402599 
0.652292 0.277688 -0.525640 0.018034 -0.387043 -0.499800 
0.615640 0.295656 -0.341812 0.009722 -0.428807 -0.597850 
0.558198 0.301452 -0.244936 0.029683 -0.456461 -0.680963 
0.475222 0.297399 -0.197953 0.212120 -0.474140 -0.741350 
0.371050 0.281607 -0.177348 0.443022 -0.485534 -0.782199 
0.262327 0.252139 -0.171712 0.576992 -0.479242 -0.810373 
0.169347 0.195819 -0.173231 0.642810 -0.338465 -0.829605 
0.102714 0.132918 -0.182205 0.672929 -0.046075 -0.841458 
0.060476 0.029978 -0.201653 0.684508 0.138795 -0.845642 
0.035205 -0.089174 -0.238593 0.685830 0.232939 -0.806989 
0.020174 -0.199475 -0.287165 0.678779 0.278300 -0.586635 
0.011013 -0.297384 -0.369361 0.664830 0.297372 -0.374853 
0.005220 -0.360360 -0.451475 0.637878 0.302216 -0.261128 
0.001412 -0.410495 -0.545689 0.598026 0.297853 -0.205632 
0.052533 -0.444122 -0.636346 0.533151 0.285032 -0.180487 
0.421712 -0.466050 -0.706017 0.453527 0.259095 -0.170984 
0.678042 -0.479615 -0.758488 0.362153 0.221545 -0.170829 
0.711211 -0.489239 -0.793559 0.267598 0.165193 -0.175881 
0.708156 -0.478221 -0.817848 0.184891 0.086615 -0.187236 
0.703857 -0.315628 -0.833825 0.122922 -0.013817 -0.217784 
0.697678 -0.028345 -0.844268 0.080074 -0.136731 -0.258472 
0.688468 0.146370 -0.846296 0.049569 -0.242297 -0.313776 
0.674346 0.236245 -0.767410 0.030397 -0.327994 -0.402599 
0.652292 0.277688 -0.525640 0.018034 -0.387043 -0.499800 
0.615640 0.295656 -0.341812 0.009722 -0.428807 -0.597850 
0.558198 0.301452 -0.244936 0.029683 -0.456461 -0.680963 
0.475222 0.297399 -0.197953 0.212120 -0.474140 -0.741350 
0.371050 0.281607 -0.177348 0.443022 -0.485534 -0.782199 
0.262327 0.252139 -0.171712 0.576992 -0.479242 -0.810373 
0.169347 0.195819 -0.173231 0.642810 -0.338465 -0.829605 
0.102714 0.132918 -0.182205 0.672929 -0.046075 -0.841458 
0.060476 0.029978 -0.201653 0.684508 0.138795 -0.845642 
0.035205 -0.089174 -0.238593 0.685830 0.232939 -0.806989 
0.020174 -0.199475 -0.287165 0.678779 0.278300 -0.586635 
0.011013 -0.297384 -0.369361 0.664830 0.297372 -0.374853 
0.005220 -0.360360 -0.451475 0.637878 0.302216 -0.261128 
0.001412 -0.410495 -0.545689 0.598026 0.297853 -0.205632 
0.052533 -0.444122 -0.636346 0.533151 0.285032 -0.180487 
0.421712 -0.466050 -0.706017 0.453527 0.259095 -0.170984 
0.678042 -0.479615 -0.758488 0.362153 0.221545 -0.170829 
0.711211 -0.489239 -0.793559 0.267598 0.165193 -0.175881 
0.708156 -0.478221 -0.817848 0.184891 0.086615 -0.187236 
0.703857 -0.315628 -0.833825 0.122922 -0.013817 -0.217784 
0.697678 -0.028345 -0.844268 0.080074 -0.136731 -0.258472 
0.688468 0.146370 -0.846296 0.049569 -0.242297 -0.313776 
0.674346 0.236245 -0.767410 0.030397 -0.327994 -0.402599 
0.652292 0.277688 -0.525640 0.018034 -0.387043 -0.499800 
0.615640 0.295656 -0.341812 0.009722 -0.428807 -0.597850 
0.558198 0.301452 -0.244936 0.029683 -0.456461 -0.680963 
0.475222 0.297399 -0.197953 0.212120 -0.474140 -0.741350 
0.371050 0.281607 -0.177348 0.443022 -0.485534 -0.782199 
0.262327 0.252139 -0.171712 0.576992 -0.479242 -0.810373 
0.169347 0.195819 -0.173231 0.642810 -0.338465 -0.829605 
0.102714 0.132918 -0.182205 0.672929 -0.046075 -0.841458 
0.060476 0.029978 -0.201653 0.684508 0.138795 -0.845642 
0.035205 -0.089174 -0.238593 0.685830 0.232939 -0.806989 
0.020174 -0.199475 -0.287165 0.678779 0.278300 -0.586635 
0.011013 -0.297384 -0.369361 0.664830 0.297372 -0.374853 
0.005220 -0.360360 -0.451475 0.637878 0.302216 -0.261128 
0.001412 -0.410495 -0.545689 0.598026 0.297853 -0.205632 
0.052533 -0.444122 -0.636346 0.533151 0.285032 -0.180487 
0.421712 -0.466050 -0.706017 0.453527 0.259095 -0.170984 
0.678042 -0.479615 -0.758488 0.362153 0.221545 -0.170829 
0.711211 -0.489239 -0.793559 0.267598 0.165193 -0.175881 
0.708156 -0.478221 -0.817848 0.184891 0.086615 -0.187236 
0.703857 -0.315628 -0.833825 0.122922 -0.013817 -0.217784 
0.697678 -0.028345 -0.844268 0.080074 -0.136731 -0.258472 
0.688468 0.146370 -0.846296 0.049569 -0.242297 -0.313776 
0.674346 0.236245 -0.767410 0.030397 -0.327994 -0.402599 
0.652292 0.277688 -0.525640 0.018034 -0.387043 -0.499800 
0.615640 0.295656 -0.341812 0.009722 -0.428807 -0.597850 
0.558198 0.301452 -0.244936 0.029683 -0.456461 -0.680963 
0.475222 0.297399 -0.197953 0.212120 -0.474140 -0.741350 
0.371050 0.281607 -0.177348 0.443022 -0.485534 -0.782199 
0.262327 0.252139 -0.171712 0.576992 -0.479242 -0.810373 
0.169347 0.195819 -0.173231 0.642810 -0.338465 -0.829605 
0.102714 0.132918 -0.182205 0.672929 -0.046075 -0.841458 
0.060476 0.029978 -0.201653 0.684508 0.138795 -0.845642 
0.035205 -0.089174 -0.238593 0.685830 0.232939 -0.806989 
0.020174 -0.199475 -0.287165 0.678779 0.278300 -0.586635 
0.011013 -0.297384 -0.369361 0.664830 0.297372 -0.374853 
0.005220 -0.360360 -0.451475 0.637878 0.302216 -0.261128 
0.001412 -0.410495 -0.545689 0.598026 0.297853 -0.205632 
0.052533 -0.444122 -0.636346 0.533151 0.285032 -0.180487 
0.421712 -0.466050 -0.706017 0.453527 0.259095 -0.170984 
0.678042 -0.479615 -0.758488 0.362153 0.221545 -0.170829 
0.711211 -0.489239 -0.793559 0.267598 0.165193 -0.175881 
0.708156 -0.478221 -0.817848 0.184891 0.086615 -0.187236 
0.703857 -0.315628 -0.833825 0.122922 -0.013817 -0.217784 
0.697678 -0.028345 -0.844268 0.080074 -0.136731 -0.258472 
0.688468 0.146370 -0.846296 0.049569 -0.242297 -0.313776 
0.674346 0.236245 -0.767410 0.030397 -0.327994 -0.402599 
0.652292 0.277688 -0.525640 0.018034 -0.387043 -0.499800 
0.615640 0.295656 -0.341812 0.009722 -0.428807 -0.597850 
0.558198 0.301452 -0.244936 0.029683 -0.456461 -0.680963 
0.475222 0.297399 -0.197953 0.212120 -0.474140 -0.741350 
0.371050 0.281607 -0.177348 0.443022 -0.485534 -0.782199 
0.262327 0.252139 -0.171712 0.576992 -0.479242 -0.810373 
0.169347 0.195819 -0.173231 0.642810 -0.338465 -0.829605 
0.102714 0.132918 -0.182205 0.672929 -0.046075 -0.841458 
0.060476 0.029978 -0.201653 0.684508 0.138795 -0.845642 
0.035205 -0.089174 -0.238593 0.685830 0.232939 -0.806989 
0.020174 -0.199475 -0.287165 0.678779 0.278300 -0.586635 
0.011013 -0.297384 -0.369361 0.664830 0.297372 -0.374853 
0.005220 -0.360360 -0.451475 0.637878 0.302216 -0.261128 
0.001412 -0.410495 -0.545689 0.598026 0.297853 -0.205632 
0.052533 -0.444122 -0.636346 0.533151 0.285032 -0.180487 
0.421712 -0.466050 -0.706017 0.453527 0.259095 -0.170984 
0.678042 -0.479615 -0.758488 0.362153 0.221545 -0.170829 
0.711211 -0.489239 -0.793559 0.267598 0.165193 -0.175881 
0.708156 -0.478221 -0.817848 0.184891 0.086615 -0.187236 
0.703857 -0.315628 -0.833825 0.122922 -0.013817 -0.217784 
0.697678 -0.028345 -0.844268 0.080074 -0.136731 -0.258472 
0.688468 0.146370 -0.846296 0.049569 -0.242297 -0.313776 
0.674346 0.236245 -0.767410 0.030397 -0.327994 -0.402599 
0.652292 0.277688 -0.525640 0.018034 -0.387043 -0.499800 
0.615640 0.295656 -0.341812 0.009722 -0.428807 -0.597850 
0.558198 0.301452 -0.244936 0.029683 -0.456461 -0.680963 
0.475222 0.297399 -0.197953 0.212120 -0.474140 -0.741350 
0.371050 0.281607 -0.177348 0.443022 -0.485534 -0.782199 
0.262327 0.252139 -0.171712 0.576992 -0.479242 -0.810373 
0.169347 0.195819 -0.173231 0.642810 -0.338465 -0.829605 
0.102714 0.132918 -0.182205 0.672929 -0.046075 -0.841458 
0.060476 0.029978 -0.201653 0.684508 0.138795 -0.845642 
0.035205 -0.089174 -0.238593 0.685830 0.232939 -0.806989 
0.020174 -0.199475 -0.287165 0.678779 0.278300 -0.586635 
0.011013 -0.297384 -0.369361 0.664830 0.297372 -0.374853 
0.005220 -0.360360 -0.451475 0.637878 0.302216 -0.261128 
0.001412 -0.410495 -0.545689 0.598026 0.297853 -0.205632 
0.052533 -0.444122 -0.636346 0.533151 0.285032 -0.180487 
0.421712 -0.466050 -0.706017 0.453527 0.259095 -0.170984 
0.678042 -0.479615 -0.758488 0.362153 0.221545 -0.170829 
0.711211 -0.489239 -0.793559 0.267598 0.165193 -0.175881 
0.708156 -0.478221 -0.817848 0.184891 0.086615 -0.187236 
0.703857 -0.315628 -0.833825 0.122922 -0.013817 -0.217784 
0.697678 -0.028345 -0.844268 0.080074 -0.136731 -0.258472 
0.688468 0.146370 -0.846296 0.049569 -0.242297 -0.313776 
0.674346 0.236245 -0.767410 0.030397 -0.327994 -0.402599 
0.652292 0.277688 -0.525640 0.018034 -0.387043 -0.499800 
0.615640 0.295656 -0.341812 0.009722 -0.428807 -0.597850 
0.558198 0.301452 -0.244936 0.029683 -0.456461 -0.680963 
0.475222 0.297399 -0.197953 0.212120 -0.474140 -0.741350 
0.371050 0.281607 -0.177348 0.443022 -0.485534 -0.782199 
0.262327 0.252139 -0.171712 0.576992 -0.479242 -0.810373 
0.169347 0.195819 -0.173231 0.642810 -0.338465 -0.829605 
0.102714 0.132918 -0.182205 0.672929 -0.046075 -0.841458 
0.060476 0.029978 -0.201653 0.684508 0.138795 -0.845642 
0.035205 -0.089174 -0.238593 0.685830 0.232939 -0.806989 
0.020174 -0.199475 -0.287165 0.678779 0.278300 -0.586635 
0.011013 -0.297384 -0.369361 0.664830 0.297372 -0.374853 
0.005220 -0.360360 -0.451475 0.637878 0.302216 -0.261128 
0.001412 -0.410495 -0.545689 0.598026 0.297853 -0.205632 
0.052533 -0.444122 -0.636346 0.533151 0.285032 -0.180487 
0.421712 -0.466050 -0.706017 0.453527 0.259095 -0.170984 
0.678042 -0.479615 -0.758488 0.362153 0.221545 -0.170829 
0.711211 -0.489239 -0.793559 0.267598 0.165193 -0.175881 
0.708156 -0.478221 -0.817848 0.184891 0.086615 -0.187236 
0.703857 -0.315628 -0.833825 0.122922 -0.013817 -0.217784 
0.697678 -0.028345 -0.844268 0.080074 -0.136731 -0.258472 
0.688468 0.146370 -0.846296 0.049569 -0.242297 -0.313776 
0.674346 0.236245 -0.767410 0.030397 -0.327994 -0.402599 
0.652292 0.277688 -0.525640 0.018034 -0.387043 -0.499800 
0.615640 0.295656 -0.341812 0.009722 -0.428807 -0.597850 
0.558198 0.301452 -0.244936 0.029683 -0.456461 -0.680963 
0.475222 0.297399 -0.197953 0.212120 -0.474140 -0.741350 
0.371050 0.281607 -0.177348 0.443022 -0.485534 -0.782199 
0.262327 0.252139 -0.171712 0.576992 -0.479242 -0.810373 
0.169347 0.195819 -0.173231 0.642810 -0.338465 -0.829605 
0.102714 0.132918 -0.182205 0.672929 -0.046075 -0.841458 
0.060476 0.029978 -0.201653 0.684508 0.138795 -0.845642 
0.035205 -0.089174 -0.238593 0.685830 0.232939 -0.806989 
0.020174 -0.199475 -0.287165 0.678779 0.278300 -0.586635 
0.011013 -0.297384 -0.369361 0.664830 0.297372 -0.374853 
0.005220 -0.360360 -0.451475 0.637878 0.302216 -0.261128 
0.001412 -0.410495 -0.545689 0.598026 0.297853 -0.205632 
0.052533 -0.444122 -0.636346 0.533151 0.285032 -0.180487 
0.421712 -0.466050 -0.706017 0.453527 0.259095 -0.170984 
0.678042 -0.479615 -0.758488 0.362153 0.221545 -0.170829 
0.711211 -0.489239 -0.793559 0.267598 0.165193 -0.175881 
0.708156 -0.478221 -0.817848 0.184891 0.086615 -0.187236 
0.703857 -0.315628 -0.833825 0.122922 -0.013817 -0.217784 
0.697678 -0.028345 -0.844268 0.080074 -0.136731 -0.258472 
0.688468 0.146370 -0.846296 0.049569 -0.242297 -0.313776 
0.674346 0.236245 -0.767410 0.030397 -0.327994 -0.402599 
0.652292 0.277688 -0.525640 0.018034 -0.387043 -0.499800 
0.615640 0.295656 -0.341812 0.009722 -0.428807 -0.597850 
0.558198 0.301452 -0.244936 0.029683 -0.456461 -0.680963 
0.475222 0.297399 -0.197953 0.212120 -0.474140 -0.741350 
0.371050 0.281607 -0.177348 0.443022 -0.485534 -0.782199 
0.262327 0.252139 -0.171712 0.576992 -0.479242 -0.810373 
0.169347 0.195819 -0.173231 0.642810 -0.338465 -0.829605 
0.102714 0.132918 -0.182205 0.672929 -0.046075 -0.841458 
0.060476 0.029978 -0.201653 0.684508 0.138795 -0.845642 
0.035205 -0.089174 -0.238593 0.685830 0.232939 -0.806989 
0.020174 -0.199475 -0.287165 0.678779 0.278300 -0.586635 
0.011013 -0.297384 -0.369361 0.664830 0.297372 -0.374853 
0.005220 -0.360360 -0.451475 0.637878 0.302216 -0.261128 
0.001412 -0.410495 -0.545689 0.598026 0.297853 -0.205632 
0.052533 -0.444122 -0.636346 0.533151 0.285032 -0.180487 
0.421712 -0.466050 -0.706017 0.453527 0.259095 -0.170984 
0.678042 -0.479615 -0.758488 0.362153 0.221545 -0.170829 
0.711211 -0.489239 -0.793559 0.267598 0.165193 -0.175881 
0.708156 -0.478221 -0.817848 0.184891 0.086615 -0.187236 
0.703857 -0.315628 -0.833825 0.122922 -0.013817 -0.217784 
0.697678 -0.028345 -0.844268 0.080074 -0.136731 -0.258472 
0.688468 0.146370 -0.846296 0.049569 -0.242297 -0.313776 
0.674346 0.236245 -0.767410 0.030397 -0.327994 -0.402599 
0.652292 0.277688 -0.525640 0.018034 -0.387043 -0.499800 
0.615640 0.295656 -0.341812 0.009722 -0.428807 -0.597850 
0.558198 0.301452 -0.244936 0.029683 -0.456461 -0.680963 
0.475222 0.297399 -0.197953 0.212120 -0.474140 -0.741350 
0.371050 0.281607 -0.177348 0.443022 -0.485534 -0.782199 
0.262327 0.252139 -0.171712 0.576992 -0.479242 -0.810373 
0.169347 0.195819 -0.173231 0.642810 -0.338465 -0.829605 
0.102714 0.132918 -0.182205 0.672929 -0.046075 -0.841458 
0.060476 0.029978 -0.201653 0.684508 0.138795 -0.845642 
0.035205 -0.089174 -0.238593 0.685830 0.232939 -0.806989 
0.020174 -0.199475 -0.287165 0.678779 0.278300 -0.586635 
0.011013 -0.297384 -0.369361 0.664830 0.297372 -0.374853 
0.005220 -0.360360 -0.451475 0.637878 0.302216 -0.261128 
0.001412 -0.410495 -0.545689 0.598026 0.297853 -0.205632 
0.052533 -0.444122 -0.636346 0.533151 0.285032 -0.180487 
0.421712 -0.466050 -0.706017 0.453527 0.259095 -0.170984 
0.678042 -0.479615 -0.758488 0.362153 0.221545 -0.170829 
0.711211 -0.489239 -0.793559 0.267598 0.165193 -0.175881 
0.708156 -0.478221 -0.817848 0.184891 0.086615 -0.187236 
0.703857 -0.315628 -0.833825 0.122922 -0.013817 -0.217784 
0.697678 -0.028345 -0.844268 0.080074 -0.136731 -0.258472 
0.688468 0.146370 -0.846296 0.049569 -0.242297 -0.313776 
0.674346 0.236245 -0.767410 0.030397 -0.327994 -0.402599 
0.652292 0.277688 -0.525640 0.018034 -0.387043 -0.499800 
0.615640 0.295656 -0.341812 0.009722 -0.428807 -0.597850 
0.558198 0.301452 -0.244936 0.029683 -0.456461 -0.680963 
0.475222 0.297399 -0.197953 0.212120 -0.474140 -0.741350 
0.371050 0.281607 -0.177348 0.443022 -0.485534 -0.782199 
0.262327 0.252139 -0.171712 0.576992 -0.479242 -0.810373 
0.169347 0.195819 -0.173231 0.642810 -0.338465 -0.829605 
0.102714 0.132918 -0.182205 0.672929 -0.046075 -0.841458 
0.060476 0.029978 -0.201653 0.684508 0.138795 -0.845642 
0.035205 -0.089174 -0.238593 0.685830 0.232939 -0.806989 
0.020174 -0.199475 -0.287165 0.678779 0.278300 -0.586635 
0.011013 -0.297384 -0.369361 0.664830 0.297372 -0.374853 
0.005220 -0.360360 -0.451475 0.637878 0.302216 -0.261128 
0.001412 -0.410495 -0.545689 0.598026 0.297853 -0.205632 
0.052533 -0.444122 -0.636346 0.533151 0.285032 -0.180487 
0.421712 -0.466050 -0.706017 0.453527 0.259095 -0.170984 
0.678042 -0.479615 -0.758488 0.362153 0.221545 -0.170829 
0.711211 -0.489239 -0.793559 0.267598 0.165193 -0.175881 
0.708156 -0.478221 -0.817848 0.184891 0.086615 -0.187236 
0.703857 -0.315628 -0.833825 0.122922 -0.013817 -0.217784 
0.697678 -0.028345 -0.844268 0.080074 -0.136731 -0.258472 
0.688468 0.146370 -0.846296 0.049569 -0.242297 -0.313776 
0.674346 0.236245 -0.767410 0.030397 -0.327994 -0.402599 
0.652292 0.277688 -0.525640 0.018034 -0.387043 -0.499800 
0.615640 0.295656 -0.341812 0.009722 -0.428807 -0.597850 
0.558198 0.301452 -0.244936 0.029683 -0.456461 -0.680963 
0.475222 0.297399 -0.197953 0.212120 -0.474140 -0.741350 
0.371050 0.281607 -0.177348 0.443022 -0.485534 -0.782199 
0.262327 0.252139 -0.171712 0.576992 -0.479242 -0.810373 
0.169347 0.195819 -0.173231 0.642810 -0.338465 -0.829605 
0.102714 0.132918 -0.182205 0.672929 -0.046075 -0.841458 
0.060476 0.029978 -0.201653 0.684508 0.138795 -0.845642 
0.035205 -0.089174 -0.238593 0.685830 0.232939 -0.806989 
0.020174 -0.199475 -0.287165 0.678779 0.278300 -0.586635 
0.011013 -0.297384 -0.369361 0.664830 0.297372 -0.374853 
0.005220 -0.360360 -0.451475 0.637878 0.302216 -0.261128 
0.001412 -0.410495 -0.545689 0.598026 0.297853 -0.205632 
0.052533 -0.444122 -0.636346 0.533151 0.285032 -0.180487 
0.421712 -0.466050 -0.706017 0.453527 0.259095 -0.170984 
0.678042 -0.479615 -0.758488 0.362153 0.221545 -0.170829 
0.711211 -0.489239 -0.793559 0.267598 0.165193 -0.175881 
0.708156 -0.478221 -0.817848 0.184891 0.086615 -0.187236 
0.703857 -0.315628 -0.833825 0.122922 -0.013817 -0.217784 
0.697678 -0.028345 -0.844268 0.080074 -0.136731 -0.258472 
0.688468 0.146370 -0.846296 0.049569 -0.242297 -0.313776 
0.674346 0.236245 -0.767410 0.030397 -0.327994 -0.402599 
0.652292 0.277688 -0.525640 0.018034 -0.387043 -0.499800 
0.615640 0.295656 -0.341812 0.009722 -0.428807 -0.597850 
0.558198 0.301452 -0.244936 0.029683 -0.456461 -0.680963 
0.475222 0.297399 -0.197953 0.212120 -0.474140 -0.741350 
0.371050 0.281607 -0.177348 0.443022 -0.485534 -0.782199 
0.262327 0.252139 -0.171712 0.576992 -0.479242 -0.810373 
0.169347 0.195819 -0.173231 0.642810 -0.338465 -0.829605 
0.102714 0.132918 -0.182205 0.672929 -0.046075 -0.841458 
0.060476 0.029978 -0.201653 0.684508 0.138795 -0.845642 
0.035205 -0.089174 -0.238593 0.685830 0.232939 -0.806989 
0.020174 -0.199475 -0.287165 0.678779 0.278300 -0.586635 
0.011013 -0.297384 -0.369361 0.664830 0.297372 -0.374853 
0.005220 -0.360360 -0.451475 0.637878 0.302216 -0.261128 
0.001412 -0.410495 -0.545689 0.598026 0.297853 -0.205632 
0.052533 -0.444122 -0.636346 0.533151 0.285032 -0.180487 
0.421712 -0.466050 -0.706017 0.453527 0.259095 -0.170984 
0.678042 -0.479615 -0.758488 0.362153 0.221545 -0.170829 
0.711211 -0.489239 -0.793559 0.267598 0.165193 -0.175881 
0.708156 -0.478221 -0.817848 0.184891 0.086615 -0.187236 
0.703857 -0.315628 -0.833825 0.122922 -0.013817 -0.217784 
0.697678 -0.028345 -0.844268 0.080074 -0.136731 -0.258472 
0.688468 0.146370 -0.846296 0.049569 -0.242297 -0.313776 
0.674346 0.236245 -0.767410 0.030397 -0.327994 -0.402599 
0.652292 0.277688 -0.525640 0.018034 -0.387043 -0.499800 
0.615640 0.295656 -0.341812 0.009722 -0.428807 -0.597850 
0.558198 0.301452 -0.244936 0.029683 -0.456461 -0.680963 
0.475222 0.297399 -0.197953 0.212120 -0.474140 -0.741350 
0.371050 0.281607 -0.177348 0.443022 -0.485534 -0.782199 
0.262327 0.252139 -0.171712 0.576992 -0.479242 -0.810373 
0.169347 0.195819 -0.173231 0.642810 -0.338465 -0.829605 
0.102714 0.132918 -0.182205 0.672929 -0.046075 -0.841458 
0.060476 0.029978 -0.201653 0.684508 0.138795 -0.845642 
0.035205 -0.089174 -0.238593 0.685830 0.232939 -0.806989 
0.020174 -0.199475 -0.287165 0.678779 0.278300 -0.586635 
0.011013 -0.297384 -0.369361 0.664830 0.297372 -0.374853 
0.005220 -0.360360 -0.451475 0.637878 0.302216 -0.261128 
0.001412 -0.410495 -0.545689 0.598026 0.297853 -0.205632 
0.052533 -0.444122 -0.636346 0.533151 0.285032 -0.180487 
0.421712 -0.466050 -0.706017 0.453527 0.259095 -0.170984 
0.678042 -0.479615 -0.758488 0.362153 0.221545 -0.170829 
0.711211 -0.489239 -0.793559 0.267598 0.165193 -0.175881 
0.708156 -0.478221 -0.817848 0.184891 0.086615 -0.187236 
0.703857 -0.315628 -0.833825 0.122922 -0.013817 -0.217784 
0.697678 -0.028345 -0.844268 0.080074 -0.136731 -0.258472 
0.688468 0.146370 -0.846296 0.049569 -0.242297 -0.313776 
0.674346 0.236245 -0.767410 0.030397 -0.327994 -0.402599 
0.652292 0.277688 -0.525640 0.018034 -0.387043 -0.499800 
0.615640 0.295656 -0.341812 0.009722 -0.428807 -0.597850 
0.558198 0.301452 -0.244936 0.029683 -0.456461 -0.680963 
0.475222 0.297399 -0.197953 0.212120 -0.474140 -0.741350 
0.371050 0.281607 -0.177348 0.443022 -0.485534 -0.782199 
0.262327 0.252139 -0.171712 0.576992 -0.479242 -0.810373 
0.169347 0.195819 -0.173231 0.642810 -0.338465 -0.829605 
0.102714 0.132918 -0.182205 0.672929 -0.046075 -0.841458 
0.060476 0.029978 -0.201653 0.684508 0.138795 -0.845642 
0.035205 -0.089174 -0.238593 0.685830 0.232939 -0.806989 
0.020174 -0.199475 -0.287165 0.678779 0.278300 -0.586635 
0.011013 -0.297384 -0.369361 0.664830 0.297372 -0.374853 
0.005220 -0.360360 -0.451475 0.637878 0.302216 -0.261128 
0.001412 -0.410495 -0.545689 0.598026 0.297853 -0.205632 
0.001406 -0.444122 -0.636346 0.533151 0.285032 -0.180487 
0.052492 -0.466050 -0.706017 0.453527 0.259095 -0.170984 
0.421572 -0.478933 -0.754419 0.373055 0.235036 -0.169603 
0.678019 -0.488149 -0.786776 0.306099 0.201789 -0.171464 
0.708333 -0.493506 -0.809077 0.233224 0.135892 -0.180173 
0.704359 -0.460464 -0.826561 0.163585 0.059268 -0.196946 
0.698774 -0.205155 -0.838182 0.107779 -0.055267 -0.222639 
0.690659 0.047112 -0.846656 0.069464 -0.157456 -0.268728 
0.678568 0.187776 -0.834821 0.044264 -0.252660 -0.341742 
0.660230 0.256717 -0.716437 0.027745 -0.337920 -0.434620 
0.630378 0.287924 -0.477890 0.015887 -0.395023 -0.526738 
0.583953 0.300110 -0.316011 0.010547 -0.432797 -0.622983 
0.515542 0.300899 -0.232035 0.056255 -0.458756 -0.697078 
0.424755 0.292541 -0.192006 0.264072 -0.476612 -0.751124 
0.321143 0.274278 -0.175459 0.480098 -0.487377 -0.790288 
0.222127 0.239443 -0.170767 0.595055 -0.480164 -0.815691 
0.142766 0.189471 -0.176423 0.651841 -0.293117 -0.832264 
0.087694 0.105586 -0.185852 0.676833 -0.017178 -0.843111 
0.052812 0.010214 -0.203477 0.686460 0.153244 -0.846468 
0.031520 -0.099056 -0.239505 0.686806 0.240164 -0.807403 
0.018484 -0.204416 -0.287621 0.679267 0.281341 -0.551386 
0.010299 -0.299855 -0.369589 0.665074 0.298358 -0.357228 
0.004983 -0.368764 -0.470510 0.631376 0.302708 -0.252316 
