0.357500 0.000000 0.000000 0.000000 0.000000 0.000000 
0.357500 0.000000 0.000000 0.000000 0.000000 0.000000 
-0.009420 0.000000 0.000000 0.000000 0.000000 0.000000 
0.724576 0.000000 0.000000 0.000000 0.000000 0.000000 
0.640965 0.000000 0.000000 0.000000 0.000000 0.000000 
0.001386 0.000000 0.000000 0.000000 0.000000 0.000000 
0.001386 0.000000 0.000000 0.000000 0.000000 0.000000 
0.001386 0.000000 0.000000 0.000000 0.000000 0.000000 
0.001386 0.000000 0.000000 0.000000 0.000000 0.000000 
0.001386 0.000000 0.000000 0.000000 0.000000 0.000000 
0.001386 0.000000 0.000000 0.000000 0.000000 0.000000 
0.001386 0.000000 0.000000 0.000000 0.000000 0.000000 
0.001386 0.000000 0.000000 0.000000 0.000000 0.000000 
0.001386 0.000000 0.000000 0.000000 0.000000 0.000000 
0.001386 0.000000 0.000000 0.000000 0.000000 0.000000 
0.001386 0.000000 0.000000 0.000000 0.000000 0.000000 
0.001386 0.000000 0.000000 0.000000 0.000000 0.000000 
0.001386 0.000000 0.000000 0.000000 0.000000 0.000000 
0.001386 0.000000 0.000000 0.000000 0.000000 0.000000 
0.001386 0.000000 0.000000 0.000000 0.000000 0.000000 
0.001386 0.000000 0.000000 0.000000 0.000000 0.000000 
0.001386 0.000000 0.000000 0.000000 0.000000 0.000000 
0.001386 0.000000 0.000000 0.000000 0.000000 0.000000 
0.001386 0.000000 0.000000 0.000000 0.000000 0.000000 
0.001386 0.000000 0.000000 0.000000 0.000000 0.000000 
0.001386 0.000000 0.000000 0.000000 0.000000 0.000000 
0.001386 0.000000 0.000000 0.000000 0.000000 0.000000 
0.001386 0.000000 0.000000 0.000000 0.000000 0.000000 
0.001386 0.000000 0.000000 0.000000 0.000000 0.000000 
0.711202 0.000000 0.000000 0.000000 0.000000 0.000000 
0.711202 0.000000 0.000000 0.000000 0.000000 0.000000 
0.711202 0.000000 0.000000 0.000000 0.000000 0.000000 
0.711202 0.000000 0.000000 0.000000 0.000000 0.000000 
0.711202 0.000000 0.000000 0.000000 0.000000 0.000000 
0.708977 0.000000 0.000000 0.000000 0.000000 0.000000 
0.706109 0.000000 0.000000 0.000000 0.000000 0.000000 
0.702346 -0.089458 -0.674162 -0.240468 -0.423932 -0.434540 
0.697317 0.118969 -0.715059 -0.112613 -0.413542 -0.445352 
0.691198 0.222313 -0.656556 -0.052443 -0.418361 -0.486425 
0.681914 0.270722 -0.521072 -0.023386 -0.435243 -0.552641 
0.668783 0.293348 -0.351125 -0.010988 -0.452908 -0.612278 
0.649976 0.302822 -0.252628 -0.002890 -0.465015 -0.665753 
0.622971 0.305035 -0.200002 0.023377 -0.473732 -0.709325 
0.584491 0.301927 -0.175080 0.062670 -0.479223 -0.740249 
0.531884 0.297636 -0.163026 0.161194 -0.485521 -0.772710 
0.464368 0.290910 -0.158410 0.358232 -0.489994 -0.791844 
0.385085 0.278362 -0.157576 0.516078 -0.493461 -0.807446 
0.301518 0.256999 -0.159412 0.609975 -0.494185 -0.820618 
0.223146 0.230804 -0.162744 0.659993 -0.483568 -0.830856 
0.157497 0.194122 -0.168747 0.684666 -0.402635 -0.838820 
0.107549 0.157679 -0.175413 0.696647 -0.158306 -0.844837 
0.072108 0.101919 -0.183296 0.699236 0.028595 -0.849397 
0.047947 0.020716 -0.195232 0.699109 0.165710 -0.852766 
0.031710 -0.032221 -0.212326 0.695544 0.245879 -0.849895 
0.020748 -0.101238 -0.235931 0.691348 0.287020 -0.819096 
0.013232 -0.185172 -0.271429 0.683223 0.306336 -0.696865 
0.007970 -0.263977 -0.330410 0.674879 0.313586 -0.470764 
0.004201 -0.329635 -0.390983 0.662880 0.315016 -0.316917 
0.001441 -0.374016 -0.450244 0.645433 0.312908 -0.231869 
0.001436 -0.409908 -0.534542 0.622010 0.308179 -0.189929 
0.001432 -0.435270 -0.587222 0.590092 0.300835 -0.170033 
0.001428 -0.455337 -0.646955 0.548074 0.291583 -0.161424 
0.001423 -0.468895 -0.697769 0.497335 0.278733 -0.158384 
0.001420 -0.478436 -0.736729 0.435619 0.258525 -0.159932 
0.031439 -0.485126 -0.764051 0.364101 0.234751 -0.161535 
0.220503 -0.488471 -0.787505 0.317440 0.216401 -0.166105 
0.581635 -0.490826 -0.799232 0.278292 0.200198 -0.169715 
0.690540 -0.494096 -0.809182 0.246984 0.166773 -0.172987 
0.711225 -0.496479 -0.820280 0.203666 0.118384 -0.180934 
0.711221 -0.481841 -0.831208 0.162197 0.063211 -0.189762 
0.709405 -0.431981 -0.838517 0.117901 -0.011867 -0.201741 
0.707167 -0.190913 -0.844160 0.084937 -0.090835 -0.225037 
0.704375 0.034012 -0.848651 0.063236 -0.159093 -0.262098 
0.700871 0.170458 -0.852168 0.047193 -0.230340 -0.298213 
0.696434 0.245771 -0.850246 0.033128 -0.289101 -0.356485 
0.690729 0.286584 -0.803101 0.022177 -0.346127 -0.406324 
0.683332 0.306121 -0.637552 0.014952 -0.388313 -0.478584 
0.673687 0.312625 -0.438448 0.009490 -0.420219 -0.548720 
0.660230 0.314300 -0.301286 0.005450 -0.443173 -0.610318 
0.641874 0.312077 -0.225011 0.008550 -0.460148 -0.675421 
0.617070 0.309662 -0.186535 0.029097 -0.472431 -0.719749 
0.583988 0.301504 -0.168347 0.144408 -0.480995 -0.751488 
0.541038 0.292844 -0.161071 0.349839 -0.487731 -0.781233 
0.487599 0.279329 -0.158907 0.511881 -0.492329 -0.802141 
0.424850 0.257482 -0.160077 0.607877 -0.493619 -0.817965 
0.356206 0.231045 -0.163076 0.659242 -0.483285 -0.830036 
0.286830 0.207225 -0.167333 0.684291 -0.421497 -0.837920 
0.222229 0.170287 -0.174706 0.696459 -0.263783 -0.843659 
0.166602 0.120152 -0.182943 0.699754 -0.008734 -0.848485 
0.121863 0.070669 -0.195055 0.700237 0.152002 -0.852310 
0.087747 -0.007245 -0.212238 0.698162 0.239025 -0.851067 
0.062649 -0.088750 -0.235887 0.694129 0.283593 -0.819683 
0.044538 -0.167544 -0.271406 0.688155 0.304622 -0.697159 
0.031540 -0.238660 -0.303572 0.677345 0.313570 -0.461278 
0.022172 -0.300187 -0.377564 0.664113 0.316079 -0.312174 
0.015348 -0.359292 -0.443535 0.646050 0.314821 -0.229497 
0.010307 -0.398483 -0.507483 0.622319 0.310940 -0.188744 
0.006525 -0.429557 -0.573693 0.590247 0.304727 -0.169440 
0.003642 -0.449280 -0.633383 0.548151 0.293529 -0.161128 
0.001410 -0.463514 -0.680193 0.497373 0.282870 -0.158235 
0.022082 -0.475746 -0.722234 0.435639 0.264634 -0.159858 
0.120855 -0.483156 -0.756804 0.386949 0.242204 -0.161498 
0.421683 -0.487486 -0.779813 0.339765 0.220127 -0.164860 
0.640058 -0.490333 -0.795386 0.289455 0.202061 -0.169092 
0.696348 -0.493849 -0.810741 0.252565 0.167705 -0.172676 
0.711211 -0.496589 -0.822826 0.206457 0.118850 -0.180779 
0.709393 -0.481896 -0.832481 0.155812 0.063444 -0.189684 
0.707153 -0.402907 -0.839154 0.114709 -0.011751 -0.201702 
0.704359 -0.176376 -0.844655 0.083341 -0.090777 -0.226408 
0.700864 0.041281 -0.849033 0.060283 -0.159064 -0.262784 
0.696408 0.174092 -0.852454 0.043172 -0.230325 -0.298556 
0.690659 0.251267 -0.849226 0.031118 -0.289094 -0.356656 
0.683160 0.288694 -0.802591 0.021172 -0.346416 -0.424039 
0.673290 0.307176 -0.594090 0.013818 -0.392854 -0.487254 
0.660230 0.313153 -0.416716 0.008923 -0.422460 -0.563584 
0.641874 0.314487 -0.290420 0.005167 -0.446516 -0.629742 
0.617070 0.312171 -0.218894 0.008408 -0.461820 -0.685132 
0.583988 0.306930 -0.183477 0.055185 -0.473267 -0.728153 
0.541038 0.300138 -0.167224 0.181025 -0.482543 -0.764945 
0.487599 0.292161 -0.160509 0.387322 -0.488505 -0.787953 
0.424850 0.274087 -0.158626 0.536455 -0.493324 -0.806429 
0.356206 0.253580 -0.160808 0.622967 -0.489808 -0.822005 
0.286830 0.225809 -0.164527 0.666240 -0.459388 -0.833115 
0.222229 0.182654 -0.169639 0.687434 -0.328538 -0.840976 
0.166602 0.148182 -0.175859 0.695241 -0.082339 -0.846618 
0.121863 0.084414 -0.185857 0.699145 0.096280 -0.850457 
0.087747 0.015320 -0.203580 0.699063 0.208301 -0.853518 
0.062649 -0.049778 -0.226080 0.696502 0.268937 -0.838182 
0.044538 -0.135870 -0.250806 0.691827 0.297742 -0.757956 
0.031540 -0.208357 -0.293272 0.681778 0.310701 -0.562118 
0.022172 -0.285035 -0.341413 0.669672 0.315364 -0.376552 
0.015348 -0.340164 -0.412606 0.653801 0.315386 -0.269811 
0.010307 -0.381750 -0.473097 0.632364 0.312422 -0.208303 
0.006525 -0.417738 -0.549558 0.603782 0.307056 -0.178485 
0.003642 -0.441155 -0.607799 0.554919 0.297859 -0.164731 
0.001410 -0.459452 -0.667401 0.511597 0.285035 -0.159300 
0.022082 -0.470952 -0.715838 0.460661 0.272060 -0.159885 
0.120855 -0.479465 -0.753609 0.399460 0.251852 -0.161512 
0.421683 -0.485640 -0.778215 0.346021 0.231414 -0.164867 
0.640058 -0.489410 -0.794587 0.292582 0.207704 -0.167771 
0.696348 -0.493388 -0.810342 0.254129 0.170527 -0.172015 
0.711211 -0.496358 -0.822626 0.207239 0.120261 -0.180448 
0.709393 -0.481780 -0.832381 0.156203 0.064149 -0.189519 
0.707153 -0.402849 -0.839104 0.114905 -0.011398 -0.201620 
0.704359 -0.176348 -0.844630 0.083438 -0.090600 -0.226367 
0.700864 0.041295 -0.849020 0.060332 -0.158976 -0.262763 
0.696408 0.174099 -0.852447 0.043197 -0.230281 -0.298545 
0.690659 0.251270 -0.849223 0.031130 -0.289072 -0.356651 
0.683160 0.288696 -0.802590 0.021178 -0.346405 -0.424036 
0.673290 0.307176 -0.594089 0.013821 -0.392849 -0.487253 
0.660230 0.313153 -0.416716 0.008924 -0.422457 -0.563583 
0.641874 0.314487 -0.290420 0.005167 -0.446514 -0.629741 
0.617070 0.312171 -0.218894 0.008408 -0.461819 -0.685132 
0.583988 0.306930 -0.183477 0.055185 -0.473267 -0.728153 
0.541038 0.300138 -0.167224 0.181025 -0.482543 -0.764945 
0.487599 0.292161 -0.160509 0.387322 -0.488505 -0.787953 
0.424850 0.274087 -0.158626 0.536455 -0.493323 -0.806429 
0.356206 0.253580 -0.160808 0.622967 -0.489807 -0.822005 
0.286830 0.225809 -0.164527 0.666240 -0.459388 -0.833115 
0.222229 0.182654 -0.169639 0.687434 -0.328538 -0.840976 
0.166602 0.148182 -0.175859 0.695241 -0.082339 -0.846618 
0.121863 0.084414 -0.185857 0.699145 0.096280 -0.850457 
0.087747 0.015320 -0.203580 0.699063 0.208301 -0.853518 
0.062649 -0.049778 -0.226080 0.696502 0.268937 -0.838182 
0.044538 -0.135870 -0.250806 0.691827 0.297742 -0.757956 
0.031540 -0.208357 -0.293272 0.681778 0.310701 -0.562118 
0.022172 -0.285035 -0.341413 0.669672 0.315364 -0.376552 
0.015348 -0.340164 -0.412606 0.653801 0.315386 -0.269811 
0.010307 -0.381750 -0.473097 0.632364 0.312422 -0.208303 
0.006525 -0.417738 -0.549558 0.603782 0.307056 -0.178485 
0.003642 -0.441155 -0.607799 0.554919 0.297859 -0.164731 
0.001410 -0.459452 -0.667401 0.511597 0.285035 -0.159300 
0.022082 -0.470952 -0.715838 0.460661 0.272060 -0.159885 
0.120855 -0.479465 -0.753609 0.399460 0.251852 -0.161512 
0.421683 -0.485640 -0.778215 0.346021 0.231414 -0.164867 
0.640058 -0.489410 -0.794587 0.292582 0.207704 -0.167771 
0.696348 -0.493388 -0.810342 0.254129 0.170527 -0.172015 
0.711211 -0.496358 -0.822626 0.207239 0.120261 -0.180448 
0.709393 -0.481780 -0.832381 0.156203 0.064149 -0.189519 
0.707153 -0.402849 -0.839104 0.114905 -0.011398 -0.201620 
0.704359 -0.176348 -0.844630 0.083438 -0.090600 -0.226367 
0.700864 0.041295 -0.849020 0.060332 -0.158976 -0.262763 
0.696408 0.174099 -0.852447 0.043197 -0.230281 -0.298545 
0.690659 0.251270 -0.849223 0.031130 -0.289072 -0.356651 
0.683160 0.288696 -0.802590 0.021178 -0.346405 -0.424036 
0.673290 0.307176 -0.594089 0.013821 -0.392849 -0.487253 
0.660230 0.313153 -0.416716 0.008924 -0.422457 -0.563583 
0.641874 0.314487 -0.290420 0.005167 -0.446514 -0.629741 
0.617070 0.312171 -0.218894 0.008408 -0.461819 -0.685132 
0.583988 0.306930 -0.183477 0.055185 -0.473267 -0.728153 
0.541038 0.300138 -0.167224 0.181025 -0.482543 -0.764945 
0.487599 0.292161 -0.160509 0.387322 -0.488505 -0.787953 
0.424850 0.274087 -0.158626 0.536455 -0.493323 -0.806429 
0.356206 0.253580 -0.160808 0.622967 -0.489807 -0.822005 
0.286830 0.225809 -0.164527 0.666240 -0.459388 -0.833115 
0.222229 0.182654 -0.169639 0.687434 -0.328538 -0.840976 
0.166602 0.148182 -0.175859 0.695241 -0.082339 -0.846618 
0.121863 0.084414 -0.185857 0.699145 0.096280 -0.850457 
0.087747 0.015320 -0.203580 0.699063 0.208301 -0.853518 
0.062649 -0.049778 -0.226080 0.696502 0.268937 -0.838182 
0.044538 -0.135870 -0.250806 0.691827 0.297742 -0.757956 
0.031540 -0.208357 -0.293272 0.681778 0.310701 -0.562118 
0.022172 -0.285035 -0.341413 0.669672 0.315364 -0.376552 
0.015348 -0.340164 -0.412606 0.653801 0.315386 -0.269811 
0.010307 -0.381750 -0.473097 0.632364 0.312422 -0.208303 
0.006525 -0.417738 -0.549558 0.603782 0.307056 -0.178485 
0.003642 -0.441155 -0.607799 0.554919 0.297859 -0.164731 
0.001410 -0.459452 -0.667401 0.511597 0.285035 -0.159300 
0.022082 -0.470952 -0.715838 0.460661 0.272060 -0.159885 
0.120855 -0.479465 -0.753609 0.399460 0.251852 -0.161512 
0.421683 -0.485640 -0.778215 0.346021 0.231414 -0.164867 
0.640058 -0.489410 -0.794587 0.292582 0.207704 -0.167771 
0.696348 -0.493388 -0.810342 0.254129 0.170527 -0.172015 
0.711211 -0.496358 -0.822626 0.207239 0.120261 -0.180448 
0.709393 -0.481780 -0.832381 0.156203 0.064149 -0.189519 
0.707153 -0.402849 -0.839104 0.114905 -0.011398 -0.201620 
0.704359 -0.176348 -0.844630 0.083438 -0.090600 -0.226367 
0.700864 0.041295 -0.849020 0.060332 -0.158976 -0.262763 
0.696408 0.174099 -0.852447 0.043197 -0.230281 -0.298545 
0.690659 0.251270 -0.849223 0.031130 -0.289072 -0.356651 
0.683160 0.288696 -0.802590 0.021178 -0.346405 -0.424036 
0.673290 0.307176 -0.594089 0.013821 -0.392849 -0.487253 
0.660230 0.313153 -0.416716 0.008924 -0.422457 -0.563583 
0.641874 0.314487 -0.290420 0.005167 -0.446514 -0.629741 
0.617070 0.312171 -0.218894 0.008408 -0.461819 -0.685132 
0.583988 0.306930 -0.183477 0.055185 -0.473267 -0.728153 
0.541038 0.300138 -0.167224 0.181025 -0.482543 -0.764945 
0.487599 0.292161 -0.160509 0.387322 -0.488505 -0.787953 
0.424850 0.274087 -0.158626 0.536455 -0.493323 -0.806429 
0.356206 0.253580 -0.160808 0.622967 -0.489807 -0.822005 
0.286830 0.225809 -0.164527 0.666240 -0.459388 -0.833115 
0.222229 0.182654 -0.169639 0.687434 -0.328538 -0.840976 
0.166602 0.148182 -0.175859 0.695241 -0.082339 -0.846618 
0.121863 0.084414 -0.185857 0.699145 0.096280 -0.850457 
0.087747 0.015320 -0.203580 0.699063 0.208301 -0.853518 
0.062649 -0.049778 -0.226080 0.696502 0.268937 -0.838182 
0.044538 -0.135870 -0.250806 0.691827 0.297742 -0.757956 
0.031540 -0.208357 -0.293272 0.681778 0.310701 -0.562118 
0.022172 -0.285035 -0.341413 0.669672 0.315364 -0.376552 
0.015348 -0.340164 -0.412606 0.653801 0.315386 -0.269811 
0.010307 -0.381750 -0.473097 0.632364 0.312422 -0.208303 
0.006525 -0.417738 -0.549558 0.603782 0.307056 -0.178485 
0.003642 -0.441155 -0.607799 0.554919 0.297859 -0.164731 
0.001410 -0.459452 -0.667401 0.511597 0.285035 -0.159300 
0.022082 -0.470952 -0.715838 0.460661 0.272060 -0.159885 
0.120855 -0.479465 -0.753609 0.399460 0.251852 -0.161512 
0.421683 -0.485640 -0.778215 0.346021 0.231414 -0.164867 
0.640058 -0.489410 -0.794587 0.292582 0.207704 -0.167771 
0.696348 -0.493388 -0.810342 0.254129 0.170527 -0.172015 
0.711211 -0.496358 -0.822626 0.207239 0.120261 -0.180448 
0.709393 -0.481780 -0.832381 0.156203 0.064149 -0.189519 
0.707153 -0.402849 -0.839104 0.114905 -0.011398 -0.201620 
0.704359 -0.176348 -0.844630 0.083438 -0.090600 -0.226367 
0.700864 0.041295 -0.849020 0.060332 -0.158976 -0.262763 
0.696408 0.174099 -0.852447 0.043197 -0.230281 -0.298545 
0.690659 0.251270 -0.849223 0.031130 -0.289072 -0.356651 
0.683160 0.288696 -0.802590 0.021178 -0.346405 -0.424036 
0.673290 0.307176 -0.594089 0.013821 -0.392849 -0.487253 
0.660230 0.313153 -0.416716 0.008924 -0.422457 -0.563583 
0.641874 0.314487 -0.290420 0.005167 -0.446514 -0.629741 
0.617070 0.312171 -0.218894 0.008408 -0.461819 -0.685132 
0.583988 0.306930 -0.183477 0.055185 -0.473267 -0.728153 
0.541038 0.300138 -0.167224 0.181025 -0.482543 -0.764945 
0.487599 0.292161 -0.160509 0.387322 -0.488505 -0.787953 
0.424850 0.274087 -0.158626 0.536455 -0.493323 -0.806429 
0.356206 0.253580 -0.160808 0.622967 -0.489807 -0.822005 
0.286830 0.225809 -0.164527 0.666240 -0.459388 -0.833115 
0.222229 0.182654 -0.169639 0.687434 -0.328538 -0.840976 
0.166602 0.148182 -0.175859 0.695241 -0.082339 -0.846618 
0.121863 0.084414 -0.185857 0.699145 0.096280 -0.850457 
0.087747 0.015320 -0.203580 0.699063 0.208301 -0.853518 
0.062649 -0.049778 -0.226080 0.696502 0.268937 -0.838182 
0.044538 -0.135870 -0.250806 0.691827 0.297742 -0.757956 
0.031540 -0.208357 -0.293272 0.681778 0.310701 -0.562118 
0.022172 -0.285035 -0.341413 0.669672 0.315364 -0.376552 
0.015348 -0.340164 -0.412606 0.653801 0.315386 -0.269811 
0.010307 -0.381750 -0.473097 0.632364 0.312422 -0.208303 
0.006525 -0.417738 -0.549558 0.603782 0.307056 -0.178485 
0.003642 -0.441155 -0.607799 0.554919 0.297859 -0.164731 
0.001410 -0.459452 -0.667401 0.511597 0.285035 -0.159300 
0.022082 -0.470952 -0.715838 0.460661 0.272060 -0.159885 
0.120855 -0.479465 -0.753609 0.399460 0.251852 -0.161512 
0.421683 -0.485640 -0.778215 0.346021 0.231414 -0.164867 
0.640058 -0.489410 -0.794587 0.292582 0.207704 -0.167771 
0.696348 -0.493388 -0.810342 0.254129 0.170527 -0.172015 
0.711211 -0.496358 -0.822626 0.207239 0.120261 -0.180448 
0.709393 -0.481780 -0.832381 0.156203 0.064149 -0.189519 
0.707153 -0.402849 -0.839104 0.114905 -0.011398 -0.201620 
0.704359 -0.176348 -0.844630 0.083438 -0.090600 -0.226367 
0.700864 0.041295 -0.849020 0.060332 -0.158976 -0.262763 
0.696408 0.174099 -0.852447 0.043197 -0.230281 -0.298545 
0.690659 0.251270 -0.849223 0.031130 -0.289072 -0.356651 
0.683160 0.288696 -0.802590 0.021178 -0.346405 -0.424036 
0.673290 0.307176 -0.594089 0.013821 -0.392849 -0.487253 
0.660230 0.313153 -0.416716 0.008924 -0.422457 -0.563583 
0.641874 0.314487 -0.290420 0.005167 -0.446514 -0.629741 
0.617070 0.312171 -0.218894 0.008408 -0.461819 -0.685132 
0.583988 0.306930 -0.183477 0.055185 -0.473267 -0.728153 
0.541038 0.300138 -0.167224 0.181025 -0.482543 -0.764945 
0.487599 0.292161 -0.160509 0.387322 -0.488505 -0.787953 
0.424850 0.274087 -0.158626 0.536455 -0.493323 -0.806429 
0.356206 0.253580 -0.160808 0.622967 -0.489807 -0.822005 
0.286830 0.225809 -0.164527 0.666240 -0.459388 -0.833115 
0.222229 0.182654 -0.169639 0.687434 -0.328538 -0.840976 
0.166602 0.148182 -0.175859 0.695241 -0.082339 -0.846618 
0.121863 0.084414 -0.185857 0.699145 0.096280 -0.850457 
0.087747 0.015320 -0.203580 0.699063 0.208301 -0.853518 
0.062649 -0.049778 -0.226080 0.696502 0.268937 -0.838182 
0.044538 -0.135870 -0.250806 0.691827 0.297742 -0.757956 
0.031540 -0.208357 -0.293272 0.681778 0.310701 -0.562118 
0.022172 -0.285035 -0.341413 0.669672 0.315364 -0.376552 
0.015348 -0.340164 -0.412606 0.653801 0.315386 -0.269811 
0.010307 -0.381750 -0.473097 0.632364 0.312422 -0.208303 
0.006525 -0.417738 -0.549558 0.603782 0.307056 -0.178485 
0.003642 -0.441155 -0.607799 0.554919 0.297859 -0.164731 
0.001410 -0.459452 -0.667401 0.511597 0.285035 -0.159300 
0.022082 -0.470952 -0.715838 0.460661 0.272060 -0.159885 
0.120855 -0.479465 -0.753609 0.399460 0.251852 -0.161512 
0.421683 -0.485640 -0.778215 0.346021 0.231414 -0.164867 
0.640058 -0.489410 -0.794587 0.292582 0.207704 -0.167771 
0.696348 -0.493388 -0.810342 0.254129 0.170527 -0.172015 
0.711211 -0.496358 -0.822626 0.207239 0.120261 -0.180448 
0.709393 -0.481780 -0.832381 0.156203 0.064149 -0.189519 
0.707153 -0.402849 -0.839104 0.114905 -0.011398 -0.201620 
0.704359 -0.176348 -0.844630 0.083438 -0.090600 -0.226367 
0.700864 0.041295 -0.849020 0.060332 -0.158976 -0.262763 
0.696408 0.174099 -0.852447 0.043197 -0.230281 -0.298545 
0.690659 0.251270 -0.849223 0.031130 -0.289072 -0.356651 
0.683160 0.288696 -0.802590 0.021178 -0.346405 -0.424036 
0.673290 0.307176 -0.594089 0.013821 -0.392849 -0.487253 
0.660230 0.313153 -0.416716 0.008924 -0.422457 -0.563583 
0.641874 0.314487 -0.290420 0.005167 -0.446514 -0.629741 
0.617070 0.312171 -0.218894 0.008408 -0.461819 -0.685132 
0.583988 0.306930 -0.183477 0.055185 -0.473267 -0.728153 
0.541038 0.300138 -0.167224 0.181025 -0.482543 -0.764945 
0.487599 0.292161 -0.160509 0.387322 -0.488505 -0.787953 
0.424850 0.274087 -0.158626 0.536455 -0.493323 -0.806429 
0.356206 0.253580 -0.160808 0.622967 -0.489807 -0.822005 
0.286830 0.225809 -0.164527 0.666240 -0.459388 -0.833115 
0.222229 0.182654 -0.169639 0.687434 -0.328538 -0.840976 
0.166602 0.148182 -0.175859 0.695241 -0.082339 -0.846618 
0.121863 0.084414 -0.185857 0.699145 0.096280 -0.850457 
0.087747 0.015320 -0.203580 0.699063 0.208301 -0.853518 
0.062649 -0.049778 -0.226080 0.696502 0.268937 -0.838182 
0.044538 -0.135870 -0.250806 0.691827 0.297742 -0.757956 
0.031540 -0.208357 -0.293272 0.681778 0.310701 -0.562118 
0.022172 -0.285035 -0.341413 0.669672 0.315364 -0.376552 
0.015348 -0.340164 -0.412606 0.653801 0.315386 -0.269811 
0.010307 -0.381750 -0.473097 0.632364 0.312422 -0.208303 
0.006525 -0.417738 -0.549558 0.603782 0.307056 -0.178485 
0.003642 -0.441155 -0.607799 0.554919 0.297859 -0.164731 
0.001410 -0.459452 -0.667401 0.511597 0.285035 -0.159300 
0.022082 -0.470952 -0.715838 0.460661 0.272060 -0.159885 
0.120855 -0.479465 -0.753609 0.399460 0.251852 -0.161512 
0.421683 -0.485640 -0.778215 0.346021 0.231414 -0.164867 
0.640058 -0.489410 -0.794587 0.292582 0.207704 -0.167771 
0.696348 -0.493388 -0.810342 0.254129 0.170527 -0.172015 
0.709396 -0.496358 -0.822626 0.207239 0.120261 -0.180448 
0.707157 -0.481780 -0.832381 0.156203 0.064149 -0.189519 
0.704363 -0.402849 -0.839104 0.114905 -0.011398 -0.201620 
0.700834 -0.176348 -0.844630 0.083438 -0.090600 -0.226367 
0.696357 0.041295 -0.849020 0.060332 -0.158976 -0.262763 
0.690570 0.174099 -0.852447 0.043197 -0.230281 -0.298545 
0.683001 0.251270 -0.849223 0.031130 -0.289072 -0.356651 
0.673003 0.288696 -0.802590 0.021178 -0.346405 -0.424036 
0.659711 0.307176 -0.594089 0.013821 -0.392849 -0.487440 
0.641874 0.313153 -0.416716 0.008924 -0.422457 -0.563677 
0.617070 0.313389 -0.290420 0.005167 -0.446514 -0.629788 
0.583988 0.311621 -0.218894 0.008408 -0.461819 -0.685156 
0.541038 0.306655 -0.183477 0.055185 -0.473267 -0.728165 
0.487599 0.300001 -0.167224 0.157452 -0.482543 -0.764950 
0.424850 0.286314 -0.160509 0.385395 -0.488505 -0.790558 
0.356206 0.271164 -0.159711 0.529659 -0.493323 -0.810005 
0.286830 0.252118 -0.161624 0.619569 -0.489807 -0.823793 
0.222229 0.220462 -0.165347 0.664528 -0.459388 -0.834009 
0.166602 0.179980 -0.170049 0.686578 -0.328538 -0.841423 
0.121863 0.136835 -0.180614 0.694813 -0.082339 -0.846842 
0.087747 0.078741 -0.190912 0.697766 0.101813 -0.850951 
0.062649 0.002890 -0.206107 0.696927 0.212739 -0.850388 
0.044538 -0.075796 -0.227343 0.693511 0.270812 -0.836617 
0.031540 -0.154967 -0.261806 0.687847 0.298680 -0.757173 
0.022172 -0.232372 -0.298771 0.679787 0.311170 -0.561727 
0.015348 -0.297042 -0.356596 0.668677 0.314878 -0.376356 
0.010307 -0.357720 -0.420197 0.653304 0.314221 -0.265240 
0.006525 -0.397697 -0.495814 0.632115 0.310640 -0.206322 
0.003642 -0.425712 -0.560916 0.595145 0.304577 -0.177990 
0.001410 -0.447357 -0.626995 0.550600 0.294608 -0.165103 
0.001407 -0.463634 -0.676999 0.509438 0.283409 -0.160223 
0.031376 -0.475191 -0.720637 0.450489 0.264903 -0.160347 
0.220167 -0.482879 -0.756009 0.394374 0.248274 -0.161743 
0.581409 -0.487347 -0.779415 0.343478 0.223162 -0.164982 
0.690494 -0.492356 -0.799274 0.291285 0.195852 -0.169154 
0.711211 -0.495609 -0.813952 0.232164 0.152347 -0.175043 
0.709458 -0.491858 -0.826012 0.181612 0.092135 -0.186817 
0.707312 -0.459640 -0.835028 0.137779 0.030262 -0.200268 
0.704658 -0.306338 -0.841931 0.099366 -0.042130 -0.224300 
0.701338 -0.066511 -0.847170 0.073196 -0.111918 -0.244573 
0.697172 0.116433 -0.851150 0.052173 -0.185782 -0.279695 
0.691856 0.218759 -0.851971 0.038180 -0.266822 -0.324388 
0.685008 0.273078 -0.825741 0.026711 -0.326303 -0.390275 
0.676123 0.299368 -0.711897 0.017547 -0.374742 -0.458887 
0.664562 0.309249 -0.497884 0.011608 -0.410417 -0.527944 
0.648374 0.313636 -0.339531 0.007147 -0.438272 -0.599930 
0.626674 0.312966 -0.246831 0.006178 -0.456152 -0.659579 
0.597830 0.310106 -0.197103 0.027911 -0.469300 -0.706238 
0.560253 0.304463 -0.173631 0.123122 -0.479430 -0.744733 
0.512927 0.294323 -0.162804 0.297506 -0.486518 -0.774952 
0.456125 0.283476 -0.159773 0.479836 -0.491722 -0.799000 
0.391994 0.259555 -0.159979 0.591556 -0.495537 -0.816395 
0.324542 0.241113 -0.163027 0.651259 -0.484244 -0.828744 
0.258800 0.212259 -0.167309 0.680299 -0.421977 -0.837274 
0.199415 0.172804 -0.174694 0.694464 -0.264023 -0.844063 
0.149411 0.121410 -0.182937 0.698756 -0.008854 -0.848687 
0.109725 0.060725 -0.195052 0.698869 0.151942 -0.852411 
0.079598 -0.012216 -0.212236 0.696405 0.238995 -0.851118 
0.057372 -0.091236 -0.235886 0.691779 0.283578 -0.819708 
0.041205 -0.168787 -0.271406 0.685120 0.304615 -0.697171 
0.029476 -0.239282 -0.330399 0.675828 0.313566 -0.461284 
0.020918 -0.317288 -0.390978 0.663354 0.316077 -0.312177 
0.014607 -0.367842 -0.450241 0.645670 0.314820 -0.229499 
0.009890 -0.406821 -0.523442 0.622129 0.309135 -0.188744 
0.006313 -0.433726 -0.581672 0.590152 0.303825 -0.169440 
0.003559 -0.454566 -0.644180 0.548104 0.293078 -0.161128 
0.001409 -0.468509 -0.685592 0.497350 0.279480 -0.158235 
0.031387 -0.478243 -0.730640 0.435627 0.258899 -0.159858 
0.220230 -0.485030 -0.761007 0.386943 0.234938 -0.161498 
0.581452 -0.488423 -0.785983 0.328861 0.216494 -0.166087 
0.690503 -0.492894 -0.802557 0.283977 0.192518 -0.169706 
0.711213 -0.495878 -0.815594 0.228510 0.150680 -0.175320 
0.709461 -0.491992 -0.826833 0.179784 0.110337 -0.186955 
0.707316 -0.459707 -0.835439 0.136866 0.046491 -0.200337 
0.704662 -0.306371 -0.842136 0.098909 -0.034016 -0.219305 
0.701338 -0.066528 -0.847272 0.072968 -0.107861 -0.242076 
0.697172 0.116425 -0.851201 0.052058 -0.183753 -0.278446 
0.691856 0.218754 -0.851997 0.038123 -0.254861 -0.323763 
0.685008 0.273076 -0.837491 0.026683 -0.320322 -0.389963 
0.676123 0.299367 -0.717772 0.018162 -0.371752 -0.458731 
0.664562 0.309248 -0.500821 0.011916 -0.408922 -0.527866 
0.648374 0.313636 -0.341000 0.007301 -0.433686 -0.593843 
0.626674 0.312966 -0.247566 0.006255 -0.453859 -0.656535 
0.597830 0.310106 -0.197470 0.027950 -0.468154 -0.704716 
0.560253 0.304463 -0.173814 0.090525 -0.477801 -0.743972 
0.512927 0.294323 -0.162896 0.281207 -0.484812 -0.774571 
0.456125 0.283476 -0.159819 0.471687 -0.490625 -0.796383 
0.391994 0.269745 -0.159370 0.587482 -0.494988 -0.815087 
0.324542 0.246208 -0.162722 0.649222 -0.483969 -0.828090 
0.258800 0.214806 -0.167156 0.679280 -0.421840 -0.836947 
0.199415 0.174078 -0.174618 0.693954 -0.263955 -0.843172 
0.149411 0.122047 -0.182899 0.698501 -0.008820 -0.848242 
0.109725 0.061043 -0.195033 0.698741 0.151960 -0.852188 
0.079598 -0.012057 -0.212227 0.696341 0.239004 -0.851007 
0.057372 -0.091157 -0.235882 0.691747 0.283583 -0.819652 
0.041205 -0.168747 -0.271404 0.685104 0.304617 -0.697143 
0.029476 -0.239262 -0.330397 0.675820 0.313567 -0.461270 
0.020918 -0.317278 -0.390977 0.663350 0.316077 -0.312170 
0.014607 -0.367837 -0.450241 0.645668 0.314820 -0.229495 
0.009890 -0.406819 -0.523442 0.622128 0.309135 -0.188743 
0.006313 -0.433725 -0.581672 0.590151 0.303825 -0.169439 
0.003559 -0.454565 -0.644180 0.548104 0.293078 -0.161128 
0.031404 -0.468509 -0.685592 0.497349 0.279480 -0.158235 
0.220314 -0.478243 -0.730640 0.435627 0.258899 -0.159858 
0.581506 -0.485029 -0.761007 0.364104 0.234938 -0.164039 
0.690514 -0.489105 -0.785983 0.301624 0.201740 -0.168682 
0.711216 -0.493235 -0.806040 0.249494 0.167544 -0.174808 
0.711213 -0.491870 -0.820473 0.190277 0.121723 -0.181845 
0.709396 -0.459646 -0.831305 0.147722 0.052184 -0.197782 
0.707157 -0.308496 -0.839621 0.110664 -0.017381 -0.218027 
0.704363 -0.100281 -0.845741 0.081656 -0.093491 -0.238674 
0.700871 0.079328 -0.850226 0.059434 -0.176568 -0.276745 
0.696434 0.199873 -0.852393 0.042748 -0.251269 -0.313235 
0.690729 0.264157 -0.840021 0.029319 -0.318526 -0.373213 
0.683332 0.295139 -0.764272 0.020273 -0.366056 -0.438286 
0.673687 0.310398 -0.574930 0.013368 -0.402698 -0.509819 
0.660230 0.314764 -0.384851 0.008532 -0.430575 -0.574866 
0.641874 0.315087 -0.271417 0.004972 -0.450609 -0.633935 
0.617070 0.312272 -0.209385 0.014286 -0.465693 -0.687226 
0.583988 0.306981 -0.179772 0.067573 -0.476570 -0.729200 
0.541038 0.300163 -0.165368 0.231065 -0.484197 -0.765468 
0.487599 0.286396 -0.159581 0.435562 -0.490317 -0.791832 
0.424850 0.271205 -0.159251 0.565844 -0.494835 -0.810642 
0.356206 0.246938 -0.161120 0.638403 -0.483893 -0.824595 
0.286830 0.215171 -0.164683 0.673871 -0.421801 -0.835199 
0.222229 0.174260 -0.173381 0.691249 -0.263935 -0.842298 
0.166602 0.122139 -0.182280 0.697149 -0.008810 -0.847805 
0.121863 0.071662 -0.194724 0.698934 0.151964 -0.851433 
0.087747 -0.006748 -0.212072 0.697511 0.237815 -0.850629 
0.062649 -0.088502 -0.235804 0.693803 0.282988 -0.819463 
0.044538 -0.167420 -0.271365 0.687993 0.304320 -0.697049 
0.031540 -0.238598 -0.303551 0.677264 0.313419 -0.461223 
0.022172 -0.300156 -0.377554 0.664072 0.316003 -0.312147 
0.015348 -0.359276 -0.443530 0.646029 0.314783 -0.229483 
0.010307 -0.398475 -0.507480 0.622308 0.310921 -0.188737 
0.006525 -0.429553 -0.573691 0.590241 0.304718 -0.169436 
0.003642 -0.449278 -0.633382 0.548149 0.293525 -0.161126 
0.001410 -0.463513 -0.680193 0.497372 0.282867 -0.158234 
0.022082 -0.475745 -0.722234 0.435638 0.264633 -0.159857 
0.120855 -0.483155 -0.756804 0.386949 0.242204 -0.161498 
0.421683 -0.487486 -0.779813 0.339765 0.220127 -0.164860 
0.640058 -0.490333 -0.795386 0.289455 0.202061 -0.169092 
0.696348 -0.493849 -0.810741 0.252565 0.167705 -0.172676 
0.711211 -0.496589 -0.822826 0.206457 0.118850 -0.180779 
0.709393 -0.481896 -0.832481 0.155812 0.063444 -0.189684 
0.707153 -0.402907 -0.839154 0.114709 -0.011751 -0.201702 
0.704359 -0.176376 -0.844655 0.083341 -0.090777 -0.226408 
0.700864 0.041281 -0.849033 0.060283 -0.159064 -0.262784 
0.696408 0.174092 -0.852454 0.043172 -0.230325 -0.298556 
0.690659 0.251267 -0.849226 0.031118 -0.289094 -0.356656 
0.683160 0.288694 -0.802591 0.021172 -0.346416 -0.424039 
0.673290 0.307176 -0.594090 0.013818 -0.392854 -0.487254 
0.660230 0.313153 -0.416716 0.008923 -0.422460 -0.563584 
0.641874 0.314487 -0.290420 0.005167 -0.446516 -0.629742 
0.617070 0.312171 -0.218894 0.008408 -0.461820 -0.685132 
0.583988 0.306930 -0.183477 0.055185 -0.473267 -0.728153 
0.541038 0.300138 -0.167224 0.181025 -0.482543 -0.764945 
0.487599 0.292161 -0.160509 0.387322 -0.488505 -0.787953 
0.424850 0.274087 -0.158626 0.536455 -0.493324 -0.806429 
0.356206 0.253580 -0.160808 0.622967 -0.489808 -0.822005 
0.286830 0.225809 -0.164527 0.666240 -0.459388 -0.833115 
0.222229 0.182654 -0.169639 0.687434 -0.328538 -0.840976 
0.166602 0.148182 -0.175859 0.695241 -0.082339 -0.846618 
0.121863 0.084414 -0.185857 0.699145 0.096280 -0.850457 
0.087747 0.015320 -0.203580 0.699063 0.208301 -0.853518 
0.062649 -0.049778 -0.226080 0.696502 0.268937 -0.838182 
0.044538 -0.135870 -0.250806 0.691827 0.297742 -0.757956 
0.031540 -0.208357 -0.293272 0.681778 0.310701 -0.562118 
0.022172 -0.285035 -0.341413 0.669672 0.315364 -0.376552 
0.015348 -0.340164 -0.412606 0.653801 0.315386 -0.269811 
0.010307 -0.381750 -0.473097 0.632364 0.312422 -0.208303 
0.006525 -0.417738 -0.549558 0.603782 0.307056 -0.178485 
0.003642 -0.441155 -0.607799 0.554919 0.297859 -0.164731 
0.001410 -0.459452 -0.667401 0.511597 0.285035 -0.159300 
0.022082 -0.470952 -0.715838 0.460661 0.272060 -0.159885 
0.120855 -0.479465 -0.753609 0.399460 0.251852 -0.161512 
0.421683 -0.485640 -0.778215 0.346021 0.231414 -0.164867 
0.640058 -0.489410 -0.794587 0.292582 0.207704 -0.167771 
0.696348 -0.493388 -0.810342 0.254129 0.170527 -0.172015 
0.711211 -0.496358 -0.822626 0.207239 0.120261 -0.180448 
0.709393 -0.481780 -0.832381 0.156203 0.064149 -0.189519 
0.707153 -0.402849 -0.839104 0.114905 -0.011398 -0.201620 
0.704359 -0.176348 -0.844630 0.083438 -0.090600 -0.226367 
0.700864 0.041295 -0.849020 0.060332 -0.158976 -0.262763 
0.696408 0.174099 -0.852447 0.043197 -0.230281 -0.298545 
0.690659 0.251270 -0.849223 0.031130 -0.289072 -0.356651 
0.683160 0.288696 -0.802590 0.021178 -0.346405 -0.424036 
0.673290 0.307176 -0.594089 0.013821 -0.392849 -0.487253 
0.660230 0.313153 -0.416716 0.008924 -0.422457 -0.563583 
0.641874 0.314487 -0.290420 0.005167 -0.446514 -0.629741 
0.617070 0.312171 -0.218894 0.008408 -0.461819 -0.685132 
0.583988 0.306930 -0.183477 0.055185 -0.473267 -0.728153 
0.541038 0.300138 -0.167224 0.181025 -0.482543 -0.764945 
0.487599 0.292161 -0.160509 0.387322 -0.488505 -0.787953 
0.424850 0.274087 -0.158626 0.536455 -0.493323 -0.806429 
0.356206 0.253580 -0.160808 0.622967 -0.489807 -0.822005 
0.286830 0.225809 -0.164527 0.666240 -0.459388 -0.833115 
0.222229 0.182654 -0.169639 0.687434 -0.328538 -0.840976 
0.166602 0.148182 -0.175859 0.695241 -0.082339 -0.846618 
0.121863 0.084414 -0.185857 0.699145 0.096280 -0.850457 
0.087747 0.015320 -0.203580 0.699063 0.208301 -0.853518 
0.062649 -0.049778 -0.226080 0.696502 0.268937 -0.838182 
0.044538 -0.135870 -0.250806 0.691827 0.297742 -0.757956 
0.031540 -0.208357 -0.293272 0.681778 0.310701 -0.562118 
0.022172 -0.285035 -0.341413 0.669672 0.315364 -0.376552 
0.015348 -0.340164 -0.412606 0.653801 0.315386 -0.269811 
0.010307 -0.381750 -0.473097 0.632364 0.312422 -0.208303 
0.006525 -0.417738 -0.549558 0.603782 0.307056 -0.178485 
0.003642 -0.441155 -0.607799 0.554919 0.297859 -0.164731 
0.001410 -0.459452 -0.667401 0.511597 0.285035 -0.159300 
0.022082 -0.470952 -0.715838 0.460661 0.272060 -0.159885 
0.120855 -0.479465 -0.753609 0.399460 0.251852 -0.161512 
0.421683 -0.485640 -0.778215 0.346021 0.231414 -0.164867 
0.640058 -0.489410 -0.794587 0.292582 0.207704 -0.167771 
0.696348 -0.493388 -0.810342 0.254129 0.170527 -0.172015 
0.711211 -0.496358 -0.822626 0.207239 0.120261 -0.180448 
0.709393 -0.481780 -0.832381 0.156203 0.064149 -0.189519 
0.707153 -0.402849 -0.839104 0.114905 -0.011398 -0.201620 
0.704359 -0.176348 -0.844630 0.083438 -0.090600 -0.226367 
0.700864 0.041295 -0.849020 0.060332 -0.158976 -0.262763 
0.696408 0.174099 -0.852447 0.043197 -0.230281 -0.298545 
0.690659 0.251270 -0.849223 0.031130 -0.289072 -0.356651 
0.683160 0.288696 -0.802590 0.021178 -0.346405 -0.424036 
0.673290 0.307176 -0.594089 0.013821 -0.392849 -0.487253 
0.660230 0.313153 -0.416716 0.008924 -0.422457 -0.563583 
0.641874 0.314487 -0.290420 0.005167 -0.446514 -0.629741 
0.617070 0.312171 -0.218894 0.008408 -0.461819 -0.685132 
0.583988 0.306930 -0.183477 0.055185 -0.473267 -0.728153 
0.541038 0.300138 -0.167224 0.181025 -0.482543 -0.764945 
0.487599 0.292161 -0.160509 0.387322 -0.488505 -0.787953 
0.424850 0.274087 -0.158626 0.536455 -0.493323 -0.806429 
0.356206 0.253580 -0.160808 0.622967 -0.489807 -0.822005 
0.286830 0.225809 -0.164527 0.666240 -0.459388 -0.833115 
0.222229 0.182654 -0.169639 0.687434 -0.328538 -0.840976 
0.166602 0.148182 -0.175859 0.695241 -0.082339 -0.846618 
0.121863 0.084414 -0.185857 0.699145 0.096280 -0.850457 
0.087747 0.015320 -0.203580 0.699063 0.208301 -0.853518 
0.062649 -0.049778 -0.226080 0.696502 0.268937 -0.838182 
0.044538 -0.135870 -0.250806 0.691827 0.297742 -0.757956 
0.031540 -0.208357 -0.293272 0.681778 0.310701 -0.562118 
0.022172 -0.285035 -0.341413 0.669672 0.315364 -0.376552 
0.015348 -0.340164 -0.412606 0.653801 0.315386 -0.269811 
0.010307 -0.381750 -0.473097 0.632364 0.312422 -0.208303 
0.006525 -0.417738 -0.549558 0.603782 0.307056 -0.178485 
0.003642 -0.441155 -0.607799 0.554919 0.297859 -0.164731 
0.001410 -0.459452 -0.667401 0.511597 0.285035 -0.159300 
0.022082 -0.470952 -0.715838 0.460661 0.272060 -0.159885 
0.120855 -0.479465 -0.753609 0.399460 0.251852 -0.161512 
0.421683 -0.485640 -0.778215 0.346021 0.231414 -0.164867 
0.640058 -0.489410 -0.794587 0.292582 0.207704 -0.167771 
0.696348 -0.493388 -0.810342 0.254129 0.170527 -0.172015 
0.711211 -0.496358 -0.822626 0.207239 0.120261 -0.180448 
0.709393 -0.481780 -0.832381 0.156203 0.064149 -0.189519 
0.707153 -0.402849 -0.839104 0.114905 -0.011398 -0.201620 
0.704359 -0.176348 -0.844630 0.083438 -0.090600 -0.226367 
0.700864 0.041295 -0.849020 0.060332 -0.158976 -0.262763 
0.696408 0.174099 -0.852447 0.043197 -0.230281 -0.298545 
0.690659 0.251270 -0.849223 0.031130 -0.289072 -0.356651 
0.683160 0.288696 -0.802590 0.021178 -0.346405 -0.424036 
0.673290 0.307176 -0.594089 0.013821 -0.392849 -0.487253 
0.660230 0.313153 -0.416716 0.008924 -0.422457 -0.563583 
0.641874 0.314487 -0.290420 0.005167 -0.446514 -0.629741 
0.617070 0.312171 -0.218894 0.008408 -0.461819 -0.685132 
0.583988 0.306930 -0.183477 0.055185 -0.473267 -0.728153 
0.541038 0.300138 -0.167224 0.181025 -0.482543 -0.764945 
0.487599 0.292161 -0.160509 0.387322 -0.488505 -0.787953 
0.424850 0.274087 -0.158626 0.536455 -0.493323 -0.806429 
0.356206 0.253580 -0.160808 0.622967 -0.489807 -0.822005 
0.286830 0.225809 -0.164527 0.666240 -0.459388 -0.833115 
0.222229 0.182654 -0.169639 0.687434 -0.328538 -0.840976 
0.166602 0.148182 -0.175859 0.695241 -0.082339 -0.846618 
0.121863 0.084414 -0.185857 0.699145 0.096280 -0.850457 
0.087747 0.015320 -0.203580 0.699063 0.208301 -0.853518 
0.062649 -0.049778 -0.226080 0.696502 0.268937 -0.838182 
0.044538 -0.135870 -0.250806 0.691827 0.297742 -0.757956 
0.031540 -0.208357 -0.293272 0.681778 0.310701 -0.562118 
0.022172 -0.285035 -0.341413 0.669672 0.315364 -0.376552 
0.015348 -0.340164 -0.412606 0.653801 0.315386 -0.269811 
0.010307 -0.381750 -0.473097 0.632364 0.312422 -0.208303 
0.006525 -0.417738 -0.549558 0.603782 0.307056 -0.178485 
0.003642 -0.441155 -0.607799 0.554919 0.297859 -0.164731 
0.001410 -0.459452 -0.667401 0.511597 0.285035 -0.159300 
0.022082 -0.470952 -0.715838 0.460661 0.272060 -0.159885 
0.120855 -0.479465 -0.753609 0.399460 0.251852 -0.161512 
0.421683 -0.485640 -0.778215 0.346021 0.231414 -0.164867 
0.640058 -0.489410 -0.794587 0.292582 0.207704 -0.167771 
0.696348 -0.493388 -0.810342 0.254129 0.170527 -0.172015 
0.711211 -0.496358 -0.822626 0.207239 0.120261 -0.180448 
0.709393 -0.481780 -0.832381 0.156203 0.064149 -0.189519 
0.707153 -0.402849 -0.839104 0.114905 -0.011398 -0.201620 
0.704359 -0.176348 -0.844630 0.083438 -0.090600 -0.226367 
0.700864 0.041295 -0.849020 0.060332 -0.158976 -0.262763 
0.696408 0.174099 -0.852447 0.043197 -0.230281 -0.298545 
0.690659 0.251270 -0.849223 0.031130 -0.289072 -0.356651 
0.683160 0.288696 -0.802590 0.021178 -0.346405 -0.424036 
0.673290 0.307176 -0.594089 0.013821 -0.392849 -0.487253 
0.660230 0.313153 -0.416716 0.008924 -0.422457 -0.563583 
0.641874 0.314487 -0.290420 0.005167 -0.446514 -0.629741 
0.617070 0.312171 -0.218894 0.008408 -0.461819 -0.685132 
0.583988 0.306930 -0.183477 0.055185 -0.473267 -0.728153 
0.541038 0.300138 -0.167224 0.181025 -0.482543 -0.764945 
0.487599 0.292161 -0.160509 0.387322 -0.488505 -0.787953 
0.424850 0.274087 -0.158626 0.536455 -0.493323 -0.806429 
0.356206 0.253580 -0.160808 0.622967 -0.489807 -0.822005 
0.286830 0.225809 -0.164527 0.666240 -0.459388 -0.833115 
0.222229 0.182654 -0.169639 0.687434 -0.328538 -0.840976 
0.166602 0.148182 -0.175859 0.695241 -0.082339 -0.846618 
0.121863 0.084414 -0.185857 0.699145 0.096280 -0.850457 
0.087747 0.015320 -0.203580 0.699063 0.208301 -0.853518 
0.062649 -0.049778 -0.226080 0.696502 0.268937 -0.838182 
0.044538 -0.135870 -0.250806 0.691827 0.297742 -0.757956 
0.031540 -0.208357 -0.293272 0.681778 0.310701 -0.562118 
0.022172 -0.285035 -0.341413 0.669672 0.315364 -0.376552 
0.015348 -0.340164 -0.412606 0.653801 0.315386 -0.269811 
0.010307 -0.381750 -0.473097 0.632364 0.312422 -0.208303 
0.006525 -0.417738 -0.549558 0.603782 0.307056 -0.178485 
0.003642 -0.441155 -0.607799 0.554919 0.297859 -0.164731 
0.001410 -0.459452 -0.667401 0.511597 0.285035 -0.159300 
0.022082 -0.470952 -0.715838 0.460661 0.272060 -0.159885 
0.120855 -0.479465 -0.753609 0.399460 0.251852 -0.161512 
0.421683 -0.485640 -0.778215 0.346021 0.231414 -0.164867 
0.640058 -0.489410 -0.794587 0.292582 0.207704 -0.167771 
0.696348 -0.493388 -0.810342 0.254129 0.170527 -0.172015 
0.711211 -0.496358 -0.822626 0.207239 0.120261 -0.180448 
0.709393 -0.481780 -0.832381 0.156203 0.064149 -0.189519 
0.707153 -0.402849 -0.839104 0.114905 -0.011398 -0.201620 
0.704359 -0.176348 -0.844630 0.083438 -0.090600 -0.226367 
0.700864 0.041295 -0.849020 0.060332 -0.158976 -0.262763 
0.696408 0.174099 -0.852447 0.043197 -0.230281 -0.298545 
0.690659 0.251270 -0.849223 0.031130 -0.289072 -0.356651 
0.683160 0.288696 -0.802590 0.021178 -0.346405 -0.424036 
0.673290 0.307176 -0.594089 0.013821 -0.392849 -0.487253 
0.660230 0.313153 -0.416716 0.008924 -0.422457 -0.563583 
0.641874 0.314487 -0.290420 0.005167 -0.446514 -0.629741 
0.617070 0.312171 -0.218894 0.008408 -0.461819 -0.685132 
0.583988 0.306930 -0.183477 0.055185 -0.473267 -0.728153 
0.541038 0.300138 -0.167224 0.181025 -0.482543 -0.764945 
0.487599 0.292161 -0.160509 0.387322 -0.488505 -0.787953 
0.424850 0.274087 -0.158626 0.536455 -0.493323 -0.806429 
0.356206 0.253580 -0.160808 0.622967 -0.489807 -0.822005 
0.286830 0.225809 -0.164527 0.666240 -0.459388 -0.833115 
0.222229 0.182654 -0.169639 0.687434 -0.328538 -0.840976 
0.166602 0.148182 -0.175859 0.695241 -0.082339 -0.846618 
0.121863 0.084414 -0.185857 0.699145 0.096280 -0.850457 
0.087747 0.015320 -0.203580 0.699063 0.208301 -0.853518 
0.062649 -0.049778 -0.226080 0.696502 0.268937 -0.838182 
0.044538 -0.135870 -0.250806 0.691827 0.297742 -0.757956 
0.031540 -0.208357 -0.293272 0.681778 0.310701 -0.562118 
0.022172 -0.285035 -0.341413 0.669672 0.315364 -0.376552 
0.015348 -0.340164 -0.412606 0.653801 0.315386 -0.269811 
0.010307 -0.381750 -0.473097 0.632364 0.312422 -0.208303 
0.006525 -0.417738 -0.549558 0.603782 0.307056 -0.178485 
0.003642 -0.441155 -0.607799 0.554919 0.297859 -0.164731 
0.001410 -0.459452 -0.667401 0.511597 0.285035 -0.159300 
0.022082 -0.470952 -0.715838 0.460661 0.272060 -0.159885 
0.120855 -0.479465 -0.753609 0.399460 0.251852 -0.161512 
0.421683 -0.485640 -0.778215 0.346021 0.231414 -0.164867 
0.640058 -0.489410 -0.794587 0.292582 0.207704 -0.167771 
0.696348 -0.493388 -0.810342 0.254129 0.170527 -0.172015 
0.711211 -0.496358 -0.822626 0.207239 0.120261 -0.180448 
0.709393 -0.481780 -0.832381 0.156203 0.064149 -0.189519 
0.707153 -0.402849 -0.839104 0.114905 -0.011398 -0.201620 
0.704359 -0.176348 -0.844630 0.083438 -0.090600 -0.226367 
0.700864 0.041295 -0.849020 0.060332 -0.158976 -0.262763 
0.696408 0.174099 -0.852447 0.043197 -0.230281 -0.298545 
0.690659 0.251270 -0.849223 0.031130 -0.289072 -0.356651 
0.683160 0.288696 -0.802590 0.021178 -0.346405 -0.424036 
0.673290 0.307176 -0.594089 0.013821 -0.392849 -0.487253 
0.660230 0.313153 -0.416716 0.008924 -0.422457 -0.563583 
0.641874 0.314487 -0.290420 0.005167 -0.446514 -0.629741 
0.617070 0.312171 -0.218894 0.008408 -0.461819 -0.685132 
0.583988 0.306930 -0.183477 0.055185 -0.473267 -0.728153 
0.541038 0.300138 -0.167224 0.181025 -0.482543 -0.764945 
0.487599 0.292161 -0.160509 0.387322 -0.488505 -0.787953 
0.424850 0.274087 -0.158626 0.536455 -0.493323 -0.806429 
0.356206 0.253580 -0.160808 0.622967 -0.489807 -0.822005 
0.286830 0.225809 -0.164527 0.666240 -0.459388 -0.833115 
0.222229 0.182654 -0.169639 0.687434 -0.328538 -0.840976 
0.166602 0.148182 -0.175859 0.695241 -0.082339 -0.846618 
0.121863 0.084414 -0.185857 0.699145 0.096280 -0.850457 
0.087747 0.015320 -0.203580 0.699063 0.208301 -0.853518 
0.062649 -0.049778 -0.226080 0.696502 0.268937 -0.838182 
0.044538 -0.135870 -0.250806 0.691827 0.297742 -0.757956 
0.031540 -0.208357 -0.293272 0.681778 0.310701 -0.562118 
0.022172 -0.285035 -0.341413 0.669672 0.315364 -0.376552 
0.015348 -0.340164 -0.412606 0.653801 0.315386 -0.269811 
0.010307 -0.381750 -0.473097 0.632364 0.312422 -0.208303 
0.006525 -0.417738 -0.549558 0.603782 0.307056 -0.178485 
0.003642 -0.441155 -0.607799 0.554919 0.297859 -0.164731 
0.001410 -0.459452 -0.667401 0.511597 0.285035 -0.159300 
0.022082 -0.470952 -0.715838 0.460661 0.272060 -0.159885 
0.120855 -0.479465 -0.753609 0.399460 0.251852 -0.161512 
0.421683 -0.485640 -0.778215 0.346021 0.231414 -0.164867 
0.640058 -0.489410 -0.794587 0.292582 0.207704 -0.167771 
0.696348 -0.493388 -0.810342 0.254129 0.170527 -0.172015 
0.709396 -0.496358 -0.822626 0.207239 0.120261 -0.180448 
0.707157 -0.481780 -0.832381 0.156203 0.064149 -0.189519 
0.704363 -0.402849 -0.839104 0.114905 -0.011398 -0.201620 
0.700834 -0.176348 -0.844630 0.083438 -0.090600 -0.226367 
0.696357 0.041295 -0.849020 0.060332 -0.158976 -0.262763 
0.690570 0.174099 -0.852447 0.043197 -0.230281 -0.298545 
0.683001 0.251270 -0.849223 0.031130 -0.289072 -0.356651 
0.673003 0.288696 -0.802590 0.021178 -0.346405 -0.424036 
0.659711 0.307176 -0.594089 0.013821 -0.392849 -0.487440 
0.641874 0.313153 -0.416716 0.008924 -0.422457 -0.563677 
0.617070 0.313389 -0.290420 0.005167 -0.446514 -0.629788 
0.583988 0.311621 -0.218894 0.008408 -0.461819 -0.685156 
0.541038 0.306655 -0.183477 0.055185 -0.473267 -0.728165 
0.487599 0.300001 -0.167224 0.157452 -0.482543 -0.764950 
0.424850 0.286314 -0.160509 0.385395 -0.488505 -0.790558 
0.356206 0.271164 -0.159711 0.529659 -0.493323 -0.810005 
0.286830 0.252118 -0.161624 0.619569 -0.489807 -0.823793 
0.222229 0.220462 -0.165347 0.664528 -0.459388 -0.834009 
0.166602 0.179980 -0.170049 0.686578 -0.328538 -0.841423 
0.121863 0.136835 -0.180614 0.694813 -0.082339 -0.846842 
0.087747 0.078741 -0.190912 0.697766 0.101813 -0.850951 
0.062649 0.002890 -0.206107 0.696927 0.212739 -0.850388 
0.044538 -0.075796 -0.227343 0.693511 0.270812 -0.836617 
0.031540 -0.154967 -0.261806 0.687847 0.298680 -0.757173 
0.022172 -0.232372 -0.298771 0.679787 0.311170 -0.561727 
0.015348 -0.297042 -0.356596 0.668677 0.314878 -0.376356 
0.010307 -0.357720 -0.420197 0.653304 0.314221 -0.265240 
0.006525 -0.397697 -0.495814 0.632115 0.310640 -0.206322 
0.003642 -0.425712 -0.560916 0.595145 0.304577 -0.177990 
0.001410 -0.447357 -0.626995 0.550600 0.294608 -0.165103 
0.001407 -0.463634 -0.676999 0.509438 0.283409 -0.160223 
0.031376 -0.475191 -0.720637 0.450489 0.264903 -0.160347 
0.220167 -0.482879 -0.756009 0.394374 0.248274 -0.161743 
0.581409 -0.487347 -0.779415 0.343478 0.223162 -0.164982 
0.690494 -0.492356 -0.799274 0.291285 0.195852 -0.169154 
0.711211 -0.495609 -0.813952 0.232164 0.152347 -0.175043 
0.709458 -0.491858 -0.826012 0.181612 0.092135 -0.186817 
0.707312 -0.459640 -0.835028 0.137779 0.030262 -0.200268 
0.704658 -0.306338 -0.841931 0.099366 -0.042130 -0.224300 
0.701338 -0.066511 -0.847170 0.073196 -0.111918 -0.244573 
0.697172 0.116433 -0.851150 0.052173 -0.185782 -0.279695 
0.691856 0.218759 -0.851971 0.038180 -0.266822 -0.324388 
0.685008 0.273078 -0.825741 0.026711 -0.326303 -0.390275 
0.676123 0.299368 -0.711897 0.017547 -0.374742 -0.458887 
0.664562 0.309249 -0.497884 0.011608 -0.410417 -0.527944 
0.648374 0.313636 -0.339531 0.007147 -0.438272 -0.599930 
0.626674 0.312966 -0.246831 0.006178 -0.456152 -0.659579 
0.597830 0.310106 -0.197103 0.027911 -0.469300 -0.706238 
0.560253 0.304463 -0.173631 0.123122 -0.479430 -0.744733 
0.512927 0.294323 -0.162804 0.297506 -0.486518 -0.774952 
0.456125 0.283476 -0.159773 0.479836 -0.491722 -0.799000 
0.391994 0.259555 -0.159979 0.591556 -0.495537 -0.816395 
0.324542 0.241113 -0.163027 0.651259 -0.484244 -0.828744 
0.258800 0.212259 -0.167309 0.680299 -0.421977 -0.837274 
0.199415 0.172804 -0.174694 0.694464 -0.264023 -0.844063 
0.149411 0.121410 -0.182937 0.698756 -0.008854 -0.848687 
0.109725 0.060725 -0.195052 0.698869 0.151942 -0.852411 
0.079598 -0.012216 -0.212236 0.696405 0.238995 -0.851118 
0.057372 -0.091236 -0.235886 0.691779 0.283578 -0.819708 
0.041205 -0.168787 -0.271406 0.685120 0.304615 -0.697171 
0.029476 -0.239282 -0.330399 0.675828 0.313566 -0.461284 
0.020918 -0.317288 -0.390978 0.663354 0.316077 -0.312177 
0.014607 -0.367842 -0.450241 0.645670 0.314820 -0.229499 
0.009890 -0.406821 -0.523442 0.622129 0.309135 -0.188744 
0.006313 -0.433726 -0.581672 0.590152 0.303825 -0.169440 
0.003559 -0.454566 -0.644180 0.548104 0.293078 -0.161128 
0.001409 -0.468509 -0.685592 0.497350 0.279480 -0.158235 
0.031387 -0.478243 -0.730640 0.435627 0.258899 -0.159858 
0.220230 -0.485030 -0.761007 0.386943 0.234938 -0.161498 
0.581452 -0.488423 -0.785983 0.328861 0.216494 -0.166087 
0.690503 -0.492894 -0.802557 0.283977 0.192518 -0.169706 
0.711213 -0.495878 -0.815594 0.228510 0.150680 -0.175320 
0.709461 -0.491992 -0.826833 0.179784 0.110337 -0.186955 
0.707316 -0.459707 -0.835439 0.136866 0.046491 -0.200337 
0.704662 -0.306371 -0.842136 0.098909 -0.034016 -0.219305 
0.701338 -0.066528 -0.847272 0.072968 -0.107861 -0.242076 
0.697172 0.116425 -0.851201 0.052058 -0.183753 -0.278446 
0.691856 0.218754 -0.851997 0.038123 -0.254861 -0.323763 
0.685008 0.273076 -0.837491 0.026683 -0.320322 -0.389963 
0.676123 0.299367 -0.717772 0.018162 -0.371752 -0.458731 
0.664562 0.309248 -0.500821 0.011916 -0.408922 -0.527866 
0.648374 0.313636 -0.341000 0.007301 -0.433686 -0.593843 
0.626674 0.312966 -0.247566 0.006255 -0.453859 -0.656535 
0.597830 0.310106 -0.197470 0.027950 -0.468154 -0.704716 
0.560253 0.304463 -0.173814 0.090525 -0.477801 -0.743972 
0.512927 0.294323 -0.162896 0.281207 -0.484812 -0.774571 
0.456125 0.283476 -0.159819 0.471687 -0.490625 -0.796383 
0.391994 0.269745 -0.159370 0.587482 -0.494988 -0.815087 
0.324542 0.246208 -0.162722 0.649222 -0.483969 -0.828090 
0.258800 0.214806 -0.167156 0.679280 -0.421840 -0.836947 
0.199415 0.174078 -0.174618 0.693954 -0.263955 -0.843172 
0.149411 0.122047 -0.182899 0.698501 -0.008820 -0.848242 
0.109725 0.061043 -0.195033 0.698741 0.151960 -0.852188 
0.079598 -0.012057 -0.212227 0.696341 0.239004 -0.851007 
0.057372 -0.091157 -0.235882 0.691747 0.283583 -0.819652 
0.041205 -0.168747 -0.271404 0.685104 0.304617 -0.697143 
0.029476 -0.239262 -0.330397 0.675820 0.313567 -0.461270 
0.020918 -0.317278 -0.390977 0.663350 0.316077 -0.312170 
0.014607 -0.367837 -0.450241 0.645668 0.314820 -0.229495 
0.009890 -0.406819 -0.523442 0.622128 0.309135 -0.188743 
0.006313 -0.433725 -0.581672 0.590151 0.303825 -0.169439 
0.003559 -0.454565 -0.644180 0.548104 0.293078 -0.161128 
0.031404 -0.468509 -0.685592 0.497349 0.279480 -0.158235 
0.220314 -0.478243 -0.730640 0.435627 0.258899 -0.159858 
0.581506 -0.485029 -0.761007 0.364104 0.234938 -0.164039 
0.690514 -0.489105 -0.785983 0.301624 0.201740 -0.168682 
0.711216 -0.493235 -0.806040 0.249494 0.167544 -0.174808 
0.711213 -0.491870 -0.820473 0.190277 0.121723 -0.181845 
0.709396 -0.459646 -0.831305 0.147722 0.052184 -0.197782 
0.707157 -0.308496 -0.839621 0.110664 -0.017381 -0.218027 
0.704363 -0.100281 -0.845741 0.081656 -0.093491 -0.238674 
0.700871 0.079328 -0.850226 0.059434 -0.176568 -0.276745 
0.696434 0.199873 -0.852393 0.042748 -0.251269 -0.313235 
0.690729 0.264157 -0.840021 0.029319 -0.318526 -0.373213 
