0.357500 0.000000 0.000000 0.000000 0.000000 0.000000 
0.357500 0.000000 0.000000 0.000000 0.000000 0.000000 
-0.009420 0.000000 0.000000 0.000000 0.000000 0.000000 
0.724576 0.000000 0.000000 0.000000 0.000000 0.000000 
0.640965 0.000000 0.000000 0.000000 0.000000 0.000000 
0.001386 0.000000 0.000000 0.000000 0.000000 0.000000 
0.001386 0.000000 0.000000 0.000000 0.000000 0.000000 
0.001386 0.000000 0.000000 0.000000 0.000000 0.000000 
0.001386 0.000000 0.000000 0.000000 0.000000 0.000000 
0.001386 0.000000 0.000000 0.000000 0.000000 0.000000 
0.001386 0.000000 0.000000 0.000000 0.000000 0.000000 
0.001386 0.000000 0.000000 0.000000 0.000000 0.000000 
0.001386 0.000000 0.000000 0.000000 0.000000 0.000000 
0.001386 0.000000 0.000000 0.000000 0.000000 0.000000 
0.001386 0.000000 0.000000 0.000000 0.000000 0.000000 
0.001386 0.000000 0.000000 0.000000 0.000000 0.000000 
0.001386 0.000000 0.000000 0.000000 0.000000 0.000000 
0.001386 0.000000 0.000000 0.000000 0.000000 0.000000 
0.001386 0.000000 0.000000 0.000000 0.000000 0.000000 
0.001386 0.000000 0.000000 0.000000 0.000000 0.000000 
0.001386 0.000000 0.000000 0.000000 0.000000 0.000000 
0.711202 0.000000 0.000000 0.000000 0.000000 0.000000 
0.711202 0.000000 0.000000 0.000000 0.000000 0.000000 
0.711202 0.000000 0.000000 0.000000 0.000000 0.000000 
0.711202 0.000000 0.000000 0.000000 0.000000 0.000000 
0.711202 0.000000 0.000000 0.000000 0.000000 0.000000 
0.707720 -0.089458 -0.674162 -0.240468 -0.423932 -0.434540 
0.702598 0.118969 -0.715059 -0.114621 -0.413542 -0.445352 
0.695383 0.222313 -0.550324 -0.054079 -0.426417 -0.498097 
0.683177 0.269144 -0.365751 -0.025696 -0.446272 -0.585007 
0.662908 0.289499 -0.256560 -0.007024 -0.461698 -0.662765 
0.628464 0.294159 -0.202310 0.047469 -0.473206 -0.716969 
0.570547 0.289171 -0.176640 0.259679 -0.483837 -0.761070 
0.481484 0.277493 -0.166691 0.466801 -0.490382 -0.792059 
0.365456 0.256564 -0.163970 0.585337 -0.492646 -0.812925 
0.245147 0.227301 -0.166520 0.647425 -0.460807 -0.828575 
0.147548 0.180325 -0.174299 0.678026 -0.283438 -0.838986 
0.083159 0.125171 -0.184791 0.690537 -0.018561 -0.846641 
0.045695 0.026105 -0.202946 0.693312 0.152552 -0.848233 
0.024763 -0.091110 -0.231241 0.690232 0.240357 -0.818265 
0.012874 -0.185977 -0.283489 0.684347 0.281999 -0.592273 
0.005827 -0.273845 -0.348955 0.667373 0.300293 -0.391629 
0.001443 -0.348590 -0.429230 0.647679 0.304854 -0.269225 
0.001436 -0.401158 -0.527624 0.611440 0.303271 -0.208945 
0.001430 -0.438281 -0.617156 0.558748 0.292801 -0.180881 
0.001424 -0.460367 -0.690715 0.484237 0.275943 -0.170676 
0.031452 -0.475466 -0.741045 0.411248 0.247859 -0.166907 
0.220533 -0.483641 -0.776002 0.341014 0.222955 -0.168791 
0.581630 -0.488411 -0.793480 0.290079 0.203475 -0.171058 
0.690535 -0.492888 -0.811055 0.243722 0.168412 -0.175996 
0.711222 -0.490497 -0.824563 0.182225 0.100167 -0.187293 
0.708347 -0.407208 -0.836698 0.127915 0.006611 -0.212783 
0.704377 -0.116947 -0.844554 0.087471 -0.087547 -0.238815 
0.698774 0.094978 -0.848673 0.055829 -0.194567 -0.298666 
0.690659 0.211188 -0.835829 0.035536 -0.290175 -0.365928 
0.678568 0.268422 -0.716941 0.021632 -0.356678 -0.446713 
0.660230 0.293776 -0.455856 0.012830 -0.404402 -0.543313 
0.630403 0.303036 -0.304994 0.009019 -0.440762 -0.631270 
0.584020 0.305142 -0.226527 0.029332 -0.462738 -0.697674 
0.515666 0.294662 -0.188749 0.250611 -0.477279 -0.751422 
0.424937 0.280238 -0.172746 0.462267 -0.487103 -0.787235 
0.321354 0.256655 -0.166997 0.583070 -0.491006 -0.812408 
0.222323 0.227347 -0.169294 0.646279 -0.436421 -0.828316 
0.142918 0.180348 -0.175686 0.677453 -0.175198 -0.839585 
0.087797 0.100497 -0.188448 0.690251 0.049851 -0.846940 
0.052877 0.007670 -0.208935 0.693169 0.187949 -0.848383 
0.031560 -0.100328 -0.242234 0.690161 0.257516 -0.808360 
0.018509 -0.205052 -0.288985 0.680944 0.290588 -0.587320 
0.010315 -0.300173 -0.370271 0.665671 0.303517 -0.375195 
0.004994 -0.361754 -0.451930 0.638299 0.306487 -0.260995 
0.001414 -0.407740 -0.538974 0.598237 0.302501 -0.205326 
0.031401 -0.441572 -0.632818 0.535465 0.290089 -0.179597 
0.220262 -0.464161 -0.698546 0.463503 0.268244 -0.170034 
0.581447 -0.477988 -0.744960 0.378042 0.239610 -0.169128 
0.690497 -0.487677 -0.782046 0.296859 0.204076 -0.172694 
0.711210 -0.489090 -0.808478 0.213959 0.137035 -0.180787 
0.708333 -0.435606 -0.827152 0.153602 0.052713 -0.197254 
0.704359 -0.192726 -0.838654 0.102787 -0.058545 -0.224184 
0.698774 0.053326 -0.846892 0.066968 -0.159095 -0.269500 
0.690659 0.187205 -0.846446 0.043016 -0.253479 -0.342128 
0.678568 0.256663 -0.767484 0.027121 -0.333585 -0.416775 
0.660230 0.287897 -0.525678 0.016396 -0.389838 -0.506888 
0.630403 0.301859 -0.344901 0.009185 -0.430205 -0.601394 
0.584020 0.304553 -0.246138 0.016393 -0.455491 -0.677146 
0.515666 0.298950 -0.198137 0.138056 -0.472525 -0.730187 
0.424937 0.285789 -0.175966 0.389058 -0.484481 -0.774191 
0.321354 0.260712 -0.168076 0.546465 -0.491917 -0.803991 
0.222323 0.229375 -0.168573 0.627989 -0.460442 -0.824108 
0.142918 0.181362 -0.175326 0.668308 -0.283256 -0.837480 
0.087797 0.101005 -0.185591 0.685679 -0.004178 -0.845888 
0.052877 0.007923 -0.207506 0.690883 0.160935 -0.847856 
0.031560 -0.100201 -0.241519 0.689017 0.244009 -0.808097 
0.018509 -0.204989 -0.288628 0.680373 0.283835 -0.587189 
0.010315 -0.300141 -0.370093 0.665385 0.300140 -0.375129 
0.004994 -0.361738 -0.451841 0.638156 0.304799 -0.260963 
0.001414 -0.407732 -0.538929 0.598165 0.301657 -0.205310 
0.031401 -0.441569 -0.632795 0.535429 0.289667 -0.179589 
0.220262 -0.464159 -0.698535 0.463485 0.268033 -0.170030 
0.581447 -0.477987 -0.744954 0.378033 0.239505 -0.169126 
0.690497 -0.487676 -0.782043 0.296854 0.204023 -0.172692 
0.711210 -0.489090 -0.808477 0.213957 0.137009 -0.180787 
0.708333 -0.435606 -0.827152 0.153601 0.052699 -0.197253 
0.704359 -0.192726 -0.838654 0.102786 -0.058551 -0.224184 
0.698774 0.053326 -0.846892 0.066968 -0.159098 -0.269500 
0.690659 0.187205 -0.846445 0.043016 -0.253481 -0.342128 
0.678568 0.256663 -0.767484 0.027121 -0.333586 -0.416775 
0.660230 0.287897 -0.525678 0.016396 -0.389839 -0.506888 
0.630403 0.301859 -0.344901 0.009185 -0.430205 -0.601394 
0.584020 0.304553 -0.246138 0.016393 -0.455491 -0.677146 
0.515666 0.298950 -0.198137 0.138056 -0.472525 -0.730187 
0.424937 0.285789 -0.175966 0.389058 -0.484481 -0.774191 
0.321354 0.260712 -0.168076 0.546465 -0.491917 -0.803991 
0.222323 0.229375 -0.168573 0.627989 -0.460442 -0.824108 
0.142918 0.181362 -0.175326 0.668308 -0.283256 -0.837480 
0.087797 0.101005 -0.185591 0.685679 -0.004178 -0.845888 
0.052877 0.007923 -0.207506 0.690883 0.160935 -0.847856 
0.031560 -0.100201 -0.241519 0.689017 0.244009 -0.808097 
0.018509 -0.204989 -0.288628 0.680373 0.283835 -0.587189 
0.010315 -0.300141 -0.370093 0.665385 0.300140 -0.375129 
0.004994 -0.361738 -0.451841 0.638156 0.304799 -0.260963 
0.001414 -0.407732 -0.538929 0.598165 0.301657 -0.205310 
0.031401 -0.441569 -0.632795 0.535429 0.289667 -0.179589 
0.220262 -0.464159 -0.698535 0.463485 0.268033 -0.170030 
0.581447 -0.477987 -0.744954 0.378033 0.239505 -0.169126 
0.690497 -0.487676 -0.782043 0.296854 0.204023 -0.172692 
0.711210 -0.489090 -0.808477 0.213957 0.137009 -0.180787 
0.708333 -0.435606 -0.827152 0.153601 0.052699 -0.197253 
0.704359 -0.192726 -0.838654 0.102786 -0.058551 -0.224184 
0.698774 0.053326 -0.846892 0.066968 -0.159098 -0.269500 
0.690659 0.187205 -0.846445 0.043016 -0.253481 -0.342128 
0.678568 0.256663 -0.767484 0.027121 -0.333586 -0.416775 
0.660230 0.287897 -0.525678 0.016396 -0.389839 -0.506888 
0.630403 0.301859 -0.344901 0.009185 -0.430205 -0.601394 
0.584020 0.304553 -0.246138 0.016393 -0.455491 -0.677146 
0.515666 0.298950 -0.198137 0.138056 -0.472525 -0.730187 
0.424937 0.285789 -0.175966 0.389058 -0.484481 -0.774191 
0.321354 0.260712 -0.168076 0.546465 -0.491917 -0.803991 
0.222323 0.229375 -0.168573 0.627989 -0.460442 -0.824108 
0.142918 0.181362 -0.175326 0.668308 -0.283256 -0.837480 
0.087797 0.101005 -0.185591 0.685679 -0.004178 -0.845888 
0.052877 0.007923 -0.207506 0.690883 0.160935 -0.847856 
0.031560 -0.100201 -0.241519 0.689017 0.244009 -0.808097 
0.018509 -0.204989 -0.288628 0.680373 0.283835 -0.587189 
0.010315 -0.300141 -0.370093 0.665385 0.300140 -0.375129 
0.004994 -0.361738 -0.451841 0.638156 0.304799 -0.260963 
0.001414 -0.407732 -0.538929 0.598165 0.301657 -0.205310 
0.031401 -0.441569 -0.632795 0.535429 0.289667 -0.179589 
0.220262 -0.464159 -0.698535 0.463485 0.268033 -0.170030 
0.581447 -0.477987 -0.744954 0.378033 0.239505 -0.169126 
0.690497 -0.487676 -0.782043 0.296854 0.204023 -0.172692 
0.711210 -0.489090 -0.808477 0.213957 0.137009 -0.180787 
0.708333 -0.435606 -0.827152 0.153601 0.052699 -0.197253 
0.704359 -0.192726 -0.838654 0.102786 -0.058551 -0.224184 
0.698774 0.053326 -0.846892 0.066968 -0.159098 -0.269500 
0.690659 0.187205 -0.846445 0.043016 -0.253481 -0.342128 
0.678568 0.256663 -0.767484 0.027121 -0.333586 -0.416775 
0.660230 0.287897 -0.525678 0.016396 -0.389839 -0.506888 
0.630403 0.301859 -0.344901 0.009185 -0.430205 -0.601394 
0.584020 0.304553 -0.246138 0.016393 -0.455491 -0.677146 
0.515666 0.298950 -0.198137 0.138056 -0.472525 -0.730187 
0.424937 0.285789 -0.175966 0.389058 -0.484481 -0.774191 
0.321354 0.260712 -0.168076 0.546465 -0.491917 -0.803991 
0.222323 0.229375 -0.168573 0.627989 -0.460442 -0.824108 
0.142918 0.181362 -0.175326 0.668308 -0.283256 -0.837480 
0.087797 0.101005 -0.185591 0.685679 -0.004178 -0.845888 
0.052877 0.007923 -0.207506 0.690883 0.160935 -0.847856 
0.031560 -0.100201 -0.241519 0.689017 0.244009 -0.808097 
0.018509 -0.204989 -0.288628 0.680373 0.283835 -0.587189 
0.010315 -0.300141 -0.370093 0.665385 0.300140 -0.375129 
0.004994 -0.361738 -0.451841 0.638156 0.304799 -0.260963 
0.001414 -0.407732 -0.538929 0.598165 0.301657 -0.205310 
0.031401 -0.441569 -0.632795 0.535429 0.289667 -0.179589 
0.220262 -0.464159 -0.698535 0.463485 0.268033 -0.170030 
0.581447 -0.477987 -0.744954 0.378033 0.239505 -0.169126 
0.690497 -0.487676 -0.782043 0.296854 0.204023 -0.172692 
0.711210 -0.489090 -0.808477 0.213957 0.137009 -0.180787 
0.708333 -0.435606 -0.827152 0.153601 0.052699 -0.197253 
0.704359 -0.192726 -0.838654 0.102786 -0.058551 -0.224184 
0.698774 0.053326 -0.846892 0.066968 -0.159098 -0.269500 
0.690659 0.187205 -0.846445 0.043016 -0.253481 -0.342128 
0.678568 0.256663 -0.767484 0.027121 -0.333586 -0.416775 
0.660230 0.287897 -0.525678 0.016396 -0.389839 -0.506888 
0.630403 0.301859 -0.344901 0.009185 -0.430205 -0.601394 
0.584020 0.304553 -0.246138 0.016393 -0.455491 -0.677146 
0.515666 0.298950 -0.198137 0.138056 -0.472525 -0.730187 
0.424937 0.285789 -0.175966 0.389058 -0.484481 -0.774191 
0.321354 0.260712 -0.168076 0.546465 -0.491917 -0.803991 
0.222323 0.229375 -0.168573 0.627989 -0.460442 -0.824108 
0.142918 0.181362 -0.175326 0.668308 -0.283256 -0.837480 
0.087797 0.101005 -0.185591 0.685679 -0.004178 -0.845888 
0.052877 0.007923 -0.207506 0.690883 0.160935 -0.847856 
0.031560 -0.100201 -0.241519 0.689017 0.244009 -0.808097 
0.018509 -0.204989 -0.288628 0.680373 0.283835 -0.587189 
0.010315 -0.300141 -0.370093 0.665385 0.300140 -0.375129 
0.004994 -0.361738 -0.451841 0.638156 0.304799 -0.260963 
0.001414 -0.407732 -0.538929 0.598165 0.301657 -0.205310 
0.031401 -0.441569 -0.632795 0.535429 0.289667 -0.179589 
0.220262 -0.464159 -0.698535 0.463485 0.268033 -0.170030 
0.581447 -0.477987 -0.744954 0.378033 0.239505 -0.169126 
0.690497 -0.487676 -0.782043 0.296854 0.204023 -0.172692 
0.711210 -0.489090 -0.808477 0.213957 0.137009 -0.180787 
0.708333 -0.435606 -0.827152 0.153601 0.052699 -0.197253 
0.704359 -0.192726 -0.838654 0.102786 -0.058551 -0.224184 
0.698774 0.053326 -0.846892 0.066968 -0.159098 -0.269500 
0.690659 0.187205 -0.846445 0.043016 -0.253481 -0.342128 
0.678568 0.256663 -0.767484 0.027121 -0.333586 -0.416775 
0.660230 0.287897 -0.525678 0.016396 -0.389839 -0.506888 
0.630403 0.301859 -0.344901 0.009185 -0.430205 -0.601394 
0.584020 0.304553 -0.246138 0.016393 -0.455491 -0.677146 
0.515666 0.298950 -0.198137 0.138056 -0.472525 -0.730187 
0.424937 0.285789 -0.175966 0.389058 -0.484481 -0.774191 
0.321354 0.260712 -0.168076 0.546465 -0.491917 -0.803991 
0.222323 0.229375 -0.168573 0.627989 -0.460442 -0.824108 
0.142918 0.181362 -0.175326 0.668308 -0.283256 -0.837480 
0.087797 0.101005 -0.185591 0.685679 -0.004178 -0.845888 
0.052877 0.007923 -0.207506 0.690883 0.160935 -0.847856 
0.031560 -0.100201 -0.241519 0.689017 0.244009 -0.808097 
0.018509 -0.204989 -0.288628 0.680373 0.283835 -0.587189 
0.010315 -0.300141 -0.370093 0.665385 0.300140 -0.375129 
0.004994 -0.361738 -0.451841 0.638156 0.304799 -0.260963 
0.001414 -0.407732 -0.538929 0.598165 0.301657 -0.205310 
0.031401 -0.441569 -0.632795 0.535429 0.289667 -0.179589 
0.220262 -0.464159 -0.698535 0.463485 0.268033 -0.170030 
0.581447 -0.477987 -0.744954 0.378033 0.239505 -0.169126 
0.690497 -0.487676 -0.782043 0.296854 0.204023 -0.172692 
0.711210 -0.489090 -0.808477 0.213957 0.137009 -0.180787 
0.708333 -0.435606 -0.827152 0.153601 0.052699 -0.197253 
0.704359 -0.192726 -0.838654 0.102786 -0.058551 -0.224184 
0.698774 0.053326 -0.846892 0.066968 -0.159098 -0.269500 
0.690659 0.187205 -0.846445 0.043016 -0.253481 -0.342128 
0.678568 0.256663 -0.767484 0.027121 -0.333586 -0.416775 
0.660230 0.287897 -0.525678 0.016396 -0.389839 -0.506888 
0.630403 0.301859 -0.344901 0.009185 -0.430205 -0.601394 
0.584020 0.304553 -0.246138 0.016393 -0.455491 -0.677146 
0.515666 0.298950 -0.198137 0.138056 -0.472525 -0.730187 
0.424937 0.285789 -0.175966 0.389058 -0.484481 -0.774191 
0.321354 0.260712 -0.168076 0.546465 -0.491917 -0.803991 
0.222323 0.229375 -0.168573 0.627989 -0.460442 -0.824108 
0.142918 0.181362 -0.175326 0.668308 -0.283256 -0.837480 
0.087797 0.101005 -0.185591 0.685679 -0.004178 -0.845888 
0.052877 0.007923 -0.207506 0.690883 0.160935 -0.847856 
0.031560 -0.100201 -0.241519 0.689017 0.244009 -0.808097 
0.018509 -0.204989 -0.288628 0.680373 0.283835 -0.587189 
0.010315 -0.300141 -0.370093 0.665385 0.300140 -0.375129 
0.004994 -0.361738 -0.451841 0.638156 0.304799 -0.260963 
0.001414 -0.407732 -0.538929 0.598165 0.301657 -0.205310 
0.031401 -0.441569 -0.632795 0.535429 0.289667 -0.179589 
0.220262 -0.464159 -0.698535 0.463485 0.268033 -0.170030 
0.581447 -0.477987 -0.744954 0.378033 0.239505 -0.169126 
0.690497 -0.487676 -0.782043 0.296854 0.204023 -0.172692 
0.711210 -0.489090 -0.808477 0.213957 0.137009 -0.180787 
0.708333 -0.435606 -0.827152 0.153601 0.052699 -0.197253 
0.704359 -0.192726 -0.838654 0.102786 -0.058551 -0.224184 
0.698774 0.053326 -0.846892 0.066968 -0.159098 -0.269500 
0.690659 0.187205 -0.846445 0.043016 -0.253481 -0.342128 
0.678568 0.256663 -0.767484 0.027121 -0.333586 -0.416775 
0.660230 0.287897 -0.525678 0.016396 -0.389839 -0.506888 
0.630403 0.301859 -0.344901 0.009185 -0.430205 -0.601394 
0.584020 0.304553 -0.246138 0.016393 -0.455491 -0.677146 
0.515666 0.298950 -0.198137 0.138056 -0.472525 -0.730187 
0.424937 0.285789 -0.175966 0.389058 -0.484481 -0.774191 
0.321354 0.260712 -0.168076 0.546465 -0.491917 -0.803991 
0.222323 0.229375 -0.168573 0.627989 -0.460442 -0.824108 
0.142918 0.181362 -0.175326 0.668308 -0.283256 -0.837480 
0.087797 0.101005 -0.185591 0.685679 -0.004178 -0.845888 
0.052877 0.007923 -0.207506 0.690883 0.160935 -0.847856 
0.031560 -0.100201 -0.241519 0.689017 0.244009 -0.808097 
0.018509 -0.204989 -0.288628 0.680373 0.283835 -0.587189 
0.010315 -0.300141 -0.370093 0.665385 0.300140 -0.375129 
0.004994 -0.361738 -0.451841 0.638156 0.304799 -0.260963 
0.001414 -0.407732 -0.538929 0.598165 0.301657 -0.205310 
0.031401 -0.441569 -0.632795 0.535429 0.289667 -0.179589 
0.220262 -0.464159 -0.698535 0.463485 0.268033 -0.170030 
0.581447 -0.477987 -0.744954 0.378033 0.239505 -0.169126 
0.690497 -0.487676 -0.782043 0.296854 0.204023 -0.172692 
0.711210 -0.489090 -0.808477 0.213957 0.137009 -0.180787 
0.708333 -0.435606 -0.827152 0.153601 0.052699 -0.197253 
0.704359 -0.192726 -0.838654 0.102786 -0.058551 -0.224184 
0.698774 0.053326 -0.846892 0.066968 -0.159098 -0.269500 
0.690659 0.187205 -0.846445 0.043016 -0.253481 -0.342128 
0.678568 0.256663 -0.767484 0.027121 -0.333586 -0.416775 
0.660230 0.287897 -0.525678 0.016396 -0.389839 -0.506888 
0.630403 0.301859 -0.344901 0.009185 -0.430205 -0.601394 
0.584020 0.304553 -0.246138 0.016393 -0.455491 -0.677146 
0.515666 0.298950 -0.198137 0.138056 -0.472525 -0.730187 
0.424937 0.285789 -0.175966 0.389058 -0.484481 -0.774191 
0.321354 0.260712 -0.168076 0.546465 -0.491917 -0.803991 
0.222323 0.229375 -0.168573 0.627989 -0.460442 -0.824108 
0.142918 0.181362 -0.175326 0.668308 -0.283256 -0.837480 
0.087797 0.101005 -0.185591 0.685679 -0.004178 -0.845888 
0.052877 0.007923 -0.207506 0.690883 0.160935 -0.847856 
0.031560 -0.100201 -0.241519 0.689017 0.244009 -0.808097 
0.018509 -0.204989 -0.288628 0.680373 0.283835 -0.587189 
0.010315 -0.300141 -0.370093 0.665385 0.300140 -0.375129 
0.004994 -0.361738 -0.451841 0.638156 0.304799 -0.260963 
0.001414 -0.407732 -0.538929 0.598165 0.301657 -0.205310 
0.031401 -0.441569 -0.632795 0.535429 0.289667 -0.179589 
0.220262 -0.464159 -0.698535 0.463485 0.268033 -0.170030 
0.581447 -0.477987 -0.744954 0.378033 0.239505 -0.169126 
0.690497 -0.487676 -0.782043 0.296854 0.204023 -0.172692 
0.711210 -0.489090 -0.808477 0.213957 0.137009 -0.180787 
0.708333 -0.435606 -0.827152 0.153601 0.052699 -0.197253 
0.704359 -0.192726 -0.838654 0.102786 -0.058551 -0.224184 
0.698774 0.053326 -0.846892 0.066968 -0.159098 -0.269500 
0.690659 0.187205 -0.846445 0.043016 -0.253481 -0.342128 
0.678568 0.256663 -0.767484 0.027121 -0.333586 -0.416775 
0.660230 0.287897 -0.525678 0.016396 -0.389839 -0.506888 
0.630403 0.301859 -0.344901 0.009185 -0.430205 -0.601394 
0.584020 0.304553 -0.246138 0.016393 -0.455491 -0.677146 
0.515666 0.298950 -0.198137 0.138056 -0.472525 -0.730187 
0.424937 0.285789 -0.175966 0.389058 -0.484481 -0.774191 
0.321354 0.260712 -0.168076 0.546465 -0.491917 -0.803991 
0.222323 0.229375 -0.168573 0.627989 -0.460442 -0.824108 
0.142918 0.181362 -0.175326 0.668308 -0.283256 -0.837480 
0.087797 0.101005 -0.185591 0.685679 -0.004178 -0.845888 
0.052877 0.007923 -0.207506 0.690883 0.160935 -0.847856 
0.031560 -0.100201 -0.241519 0.689017 0.244009 -0.808097 
0.018509 -0.204989 -0.288628 0.680373 0.283835 -0.587189 
0.010315 -0.300141 -0.370093 0.665385 0.300140 -0.375129 
0.004994 -0.361738 -0.451841 0.638156 0.304799 -0.260963 
0.001414 -0.407732 -0.538929 0.598165 0.301657 -0.205310 
0.031401 -0.441569 -0.632795 0.535429 0.289667 -0.179589 
0.220262 -0.464159 -0.698535 0.463485 0.268033 -0.170030 
0.581447 -0.477987 -0.744954 0.378033 0.239505 -0.169126 
0.690497 -0.487676 -0.782043 0.296854 0.204023 -0.172692 
0.711210 -0.489090 -0.808477 0.213957 0.137009 -0.180787 
0.708333 -0.435606 -0.827152 0.153601 0.052699 -0.197253 
0.704359 -0.192726 -0.838654 0.102786 -0.058551 -0.224184 
0.698774 0.053326 -0.846892 0.066968 -0.159098 -0.269500 
0.690659 0.187205 -0.846445 0.043016 -0.253481 -0.342128 
0.678568 0.256663 -0.767484 0.027121 -0.333586 -0.416775 
0.660230 0.287897 -0.525678 0.016396 -0.389839 -0.506888 
0.630403 0.301859 -0.344901 0.009185 -0.430205 -0.601394 
0.584020 0.304553 -0.246138 0.016393 -0.455491 -0.677146 
0.515666 0.298950 -0.198137 0.138056 -0.472525 -0.730187 
0.424937 0.285789 -0.175966 0.389058 -0.484481 -0.774191 
0.321354 0.260712 -0.168076 0.546465 -0.491917 -0.803991 
0.222323 0.229375 -0.168573 0.627989 -0.460442 -0.824108 
0.142918 0.181362 -0.175326 0.668308 -0.283256 -0.837480 
0.087797 0.101005 -0.185591 0.685679 -0.004178 -0.845888 
0.052877 0.007923 -0.207506 0.690883 0.160935 -0.847856 
0.031560 -0.100201 -0.241519 0.689017 0.244009 -0.808097 
0.018509 -0.204989 -0.288628 0.680373 0.283835 -0.587189 
0.010315 -0.300141 -0.370093 0.665385 0.300140 -0.375129 
0.004994 -0.361738 -0.451841 0.638156 0.304799 -0.260963 
0.001414 -0.407732 -0.538929 0.598165 0.301657 -0.205310 
0.031401 -0.441569 -0.632795 0.535429 0.289667 -0.179589 
0.220262 -0.464159 -0.698535 0.463485 0.268033 -0.170030 
0.581447 -0.477987 -0.744954 0.378033 0.239505 -0.169126 
0.690497 -0.487676 -0.782043 0.296854 0.204023 -0.172692 
0.711210 -0.489090 -0.808477 0.213957 0.137009 -0.180787 
0.708333 -0.435606 -0.827152 0.153601 0.052699 -0.197253 
0.704359 -0.192726 -0.838654 0.102786 -0.058551 -0.224184 
0.698774 0.053326 -0.846892 0.066968 -0.159098 -0.269500 
0.690659 0.187205 -0.846445 0.043016 -0.253481 -0.342128 
0.678568 0.256663 -0.767484 0.027121 -0.333586 -0.416775 
0.660230 0.287897 -0.525678 0.016396 -0.389839 -0.506888 
0.630403 0.301859 -0.344901 0.009185 -0.430205 -0.601394 
0.584020 0.304553 -0.246138 0.016393 -0.455491 -0.677146 
0.515666 0.298950 -0.198137 0.138056 -0.472525 -0.730187 
0.424937 0.285789 -0.175966 0.389058 -0.484481 -0.774191 
0.321354 0.260712 -0.168076 0.546465 -0.491917 -0.803991 
0.222323 0.229375 -0.168573 0.627989 -0.460442 -0.824108 
0.142918 0.181362 -0.175326 0.668308 -0.283256 -0.837480 
0.087797 0.101005 -0.185591 0.685679 -0.004178 -0.845888 
0.052877 0.007923 -0.207506 0.690883 0.160935 -0.847856 
0.031560 -0.100201 -0.241519 0.689017 0.244009 -0.808097 
0.018509 -0.204989 -0.288628 0.680373 0.283835 -0.587189 
0.010315 -0.300141 -0.370093 0.665385 0.300140 -0.375129 
0.004994 -0.361738 -0.451841 0.638156 0.304799 -0.260963 
0.001414 -0.407732 -0.538929 0.598165 0.301657 -0.205310 
0.031401 -0.441569 -0.632795 0.535429 0.289667 -0.179589 
0.220262 -0.464159 -0.698535 0.463485 0.268033 -0.170030 
0.581447 -0.477987 -0.744954 0.378033 0.239505 -0.169126 
0.690497 -0.487676 -0.782043 0.296854 0.204023 -0.172692 
0.711210 -0.489090 -0.808477 0.213957 0.137009 -0.180787 
0.708333 -0.435606 -0.827152 0.153601 0.052699 -0.197253 
0.704359 -0.192726 -0.838654 0.102786 -0.058551 -0.224184 
0.698774 0.053326 -0.846892 0.066968 -0.159098 -0.269500 
0.690659 0.187205 -0.846445 0.043016 -0.253481 -0.342128 
0.678568 0.256663 -0.767484 0.027121 -0.333586 -0.416775 
0.660230 0.287897 -0.525678 0.016396 -0.389839 -0.506888 
0.630403 0.301859 -0.344901 0.009185 -0.430205 -0.601394 
0.584020 0.304553 -0.246138 0.016393 -0.455491 -0.677146 
0.515666 0.298950 -0.198137 0.138056 -0.472525 -0.730187 
0.424937 0.285789 -0.175966 0.389058 -0.484481 -0.774191 
0.321354 0.260712 -0.168076 0.546465 -0.491917 -0.803991 
0.222323 0.229375 -0.168573 0.627989 -0.460442 -0.824108 
0.142918 0.181362 -0.175326 0.668308 -0.283256 -0.837480 
0.087797 0.101005 -0.185591 0.685679 -0.004178 -0.845888 
0.052877 0.007923 -0.207506 0.690883 0.160935 -0.847856 
0.031560 -0.100201 -0.241519 0.689017 0.244009 -0.808097 
0.018509 -0.204989 -0.288628 0.680373 0.283835 -0.587189 
0.010315 -0.300141 -0.370093 0.665385 0.300140 -0.375129 
0.004994 -0.361738 -0.451841 0.638156 0.304799 -0.260963 
0.001414 -0.407732 -0.538929 0.598165 0.301657 -0.205310 
0.031401 -0.441569 -0.632795 0.535429 0.289667 -0.179589 
0.220262 -0.464159 -0.698535 0.463485 0.268033 -0.170030 
0.581447 -0.477987 -0.744954 0.378033 0.239505 -0.169126 
0.690497 -0.487676 -0.782043 0.296854 0.204023 -0.172692 
0.711210 -0.489090 -0.808477 0.213957 0.137009 -0.180787 
0.708333 -0.435606 -0.827152 0.153601 0.052699 -0.197253 
0.704359 -0.192726 -0.838654 0.102786 -0.058551 -0.224184 
0.698774 0.053326 -0.846892 0.066968 -0.159098 -0.269500 
0.690659 0.187205 -0.846445 0.043016 -0.253481 -0.342128 
0.678568 0.256663 -0.767484 0.027121 -0.333586 -0.416775 
0.660230 0.287897 -0.525678 0.016396 -0.389839 -0.506888 
0.630403 0.301859 -0.344901 0.009185 -0.430205 -0.601394 
0.584020 0.304553 -0.246138 0.016393 -0.455491 -0.677146 
0.515666 0.298950 -0.198137 0.138056 -0.472525 -0.730187 
0.424937 0.285789 -0.175966 0.389058 -0.484481 -0.774191 
0.321354 0.260712 -0.168076 0.546465 -0.491917 -0.803991 
0.222323 0.229375 -0.168573 0.627989 -0.460442 -0.824108 
0.142918 0.181362 -0.175326 0.668308 -0.283256 -0.837480 
0.087797 0.101005 -0.185591 0.685679 -0.004178 -0.845888 
0.052877 0.007923 -0.207506 0.690883 0.160935 -0.847856 
0.031560 -0.100201 -0.241519 0.689017 0.244009 -0.808097 
0.018509 -0.204989 -0.288628 0.680373 0.283835 -0.587189 
0.010315 -0.300141 -0.370093 0.665385 0.300140 -0.375129 
0.004994 -0.361738 -0.451841 0.638156 0.304799 -0.260963 
0.001414 -0.407732 -0.538929 0.598165 0.301657 -0.205310 
0.031401 -0.441569 -0.632795 0.535429 0.289667 -0.179589 
0.220262 -0.464159 -0.698535 0.463485 0.268033 -0.170030 
0.581447 -0.477987 -0.744954 0.378033 0.239505 -0.169126 
0.690497 -0.487676 -0.782043 0.296854 0.204023 -0.172692 
0.711210 -0.489090 -0.808477 0.213957 0.137009 -0.180787 
0.708333 -0.435606 -0.827152 0.153601 0.052699 -0.197253 
0.704359 -0.192726 -0.838654 0.102786 -0.058551 -0.224184 
0.698774 0.053326 -0.846892 0.066968 -0.159098 -0.269500 
0.690659 0.187205 -0.846445 0.043016 -0.253481 -0.342128 
0.678568 0.256663 -0.767484 0.027121 -0.333586 -0.416775 
0.660230 0.287897 -0.525678 0.016396 -0.389839 -0.506888 
0.630403 0.301859 -0.344901 0.009185 -0.430205 -0.601394 
0.584020 0.304553 -0.246138 0.016393 -0.455491 -0.677146 
0.515666 0.298950 -0.198137 0.138056 -0.472525 -0.730187 
0.424937 0.285789 -0.175966 0.389058 -0.484481 -0.774191 
0.321354 0.260712 -0.168076 0.546465 -0.491917 -0.803991 
0.222323 0.229375 -0.168573 0.627989 -0.460442 -0.824108 
0.142918 0.181362 -0.175326 0.668308 -0.283256 -0.837480 
0.087797 0.101005 -0.185591 0.685679 -0.004178 -0.845888 
0.052877 0.007923 -0.207506 0.690883 0.160935 -0.847856 
0.031560 -0.100201 -0.241519 0.689017 0.244009 -0.808097 
0.018509 -0.204989 -0.288628 0.680373 0.283835 -0.587189 
0.010315 -0.300141 -0.370093 0.665385 0.300140 -0.375129 
0.004994 -0.361738 -0.451841 0.638156 0.304799 -0.260963 
0.001414 -0.407732 -0.538929 0.598165 0.301657 -0.205310 
0.031401 -0.441569 -0.632795 0.535429 0.289667 -0.179589 
0.220262 -0.464159 -0.698535 0.463485 0.268033 -0.170030 
0.581447 -0.477987 -0.744954 0.378033 0.239505 -0.169126 
0.690497 -0.487676 -0.782043 0.296854 0.204023 -0.172692 
0.711210 -0.489090 -0.808477 0.213957 0.137009 -0.180787 
0.708333 -0.435606 -0.827152 0.153601 0.052699 -0.197253 
0.704359 -0.192726 -0.838654 0.102786 -0.058551 -0.224184 
0.698774 0.053326 -0.846892 0.066968 -0.159098 -0.269500 
0.690659 0.187205 -0.846445 0.043016 -0.253481 -0.342128 
0.678568 0.256663 -0.767484 0.027121 -0.333586 -0.416775 
0.660230 0.287897 -0.525678 0.016396 -0.389839 -0.506888 
0.630403 0.301859 -0.344901 0.009185 -0.430205 -0.601394 
0.584020 0.304553 -0.246138 0.016393 -0.455491 -0.677146 
0.515666 0.298950 -0.198137 0.138056 -0.472525 -0.730187 
0.424937 0.285789 -0.175966 0.389058 -0.484481 -0.774191 
0.321354 0.260712 -0.168076 0.546465 -0.491917 -0.803991 
0.222323 0.229375 -0.168573 0.627989 -0.460442 -0.824108 
0.142918 0.181362 -0.175326 0.668308 -0.283256 -0.837480 
0.087797 0.101005 -0.185591 0.685679 -0.004178 -0.845888 
0.052877 0.007923 -0.207506 0.690883 0.160935 -0.847856 
0.031560 -0.100201 -0.241519 0.689017 0.244009 -0.808097 
0.018509 -0.204989 -0.288628 0.680373 0.283835 -0.587189 
0.010315 -0.300141 -0.370093 0.665385 0.300140 -0.375129 
0.004994 -0.361738 -0.451841 0.638156 0.304799 -0.260963 
0.001414 -0.407732 -0.538929 0.598165 0.301657 -0.205310 
0.031401 -0.441569 -0.632795 0.535429 0.289667 -0.179589 
0.220262 -0.464159 -0.698535 0.463485 0.268033 -0.170030 
0.581447 -0.477987 -0.744954 0.378033 0.239505 -0.169126 
0.690497 -0.487676 -0.782043 0.296854 0.204023 -0.172692 
0.711210 -0.489090 -0.808477 0.213957 0.137009 -0.180787 
0.708333 -0.435606 -0.827152 0.153601 0.052699 -0.197253 
0.704359 -0.192726 -0.838654 0.102786 -0.058551 -0.224184 
0.698774 0.053326 -0.846892 0.066968 -0.159098 -0.269500 
0.690659 0.187205 -0.846445 0.043016 -0.253481 -0.342128 
0.678568 0.256663 -0.767484 0.027121 -0.333586 -0.416775 
0.660230 0.287897 -0.525678 0.016396 -0.389839 -0.506888 
0.630403 0.301859 -0.344901 0.009185 -0.430205 -0.601394 
0.584020 0.304553 -0.246138 0.016393 -0.455491 -0.677146 
0.515666 0.298950 -0.198137 0.138056 -0.472525 -0.730187 
0.424937 0.285789 -0.175966 0.389058 -0.484481 -0.774191 
0.321354 0.260712 -0.168076 0.546465 -0.491917 -0.803991 
0.222323 0.229375 -0.168573 0.627989 -0.460442 -0.824108 
0.142918 0.181362 -0.175326 0.668308 -0.283256 -0.837480 
0.087797 0.101005 -0.185591 0.685679 -0.004178 -0.845888 
0.052877 0.007923 -0.207506 0.690883 0.160935 -0.847856 
0.031560 -0.100201 -0.241519 0.689017 0.244009 -0.808097 
0.018509 -0.204989 -0.288628 0.680373 0.283835 -0.587189 
0.010315 -0.300141 -0.370093 0.665385 0.300140 -0.375129 
0.004994 -0.361738 -0.451841 0.638156 0.304799 -0.260963 
0.001414 -0.407732 -0.538929 0.598165 0.301657 -0.205310 
0.031401 -0.441569 -0.632795 0.535429 0.289667 -0.179589 
0.220262 -0.464159 -0.698535 0.463485 0.268033 -0.170030 
0.581447 -0.477987 -0.744954 0.378033 0.239505 -0.169126 
0.690497 -0.487676 -0.782043 0.296854 0.204023 -0.172692 
0.711210 -0.489090 -0.808477 0.213957 0.137009 -0.180787 
0.708333 -0.435606 -0.827152 0.153601 0.052699 -0.197253 
0.704359 -0.192726 -0.838654 0.102786 -0.058551 -0.224184 
0.698774 0.053326 -0.846892 0.066968 -0.159098 -0.269500 
0.690659 0.187205 -0.846445 0.043016 -0.253481 -0.342128 
0.678568 0.256663 -0.767484 0.027121 -0.333586 -0.416775 
0.660230 0.287897 -0.525678 0.016396 -0.389839 -0.506888 
0.630403 0.301859 -0.344901 0.009185 -0.430205 -0.601394 
0.584020 0.304553 -0.246138 0.016393 -0.455491 -0.677146 
0.515666 0.298950 -0.198137 0.138056 -0.472525 -0.730187 
0.424937 0.285789 -0.175966 0.389058 -0.484481 -0.774191 
0.321354 0.260712 -0.168076 0.546465 -0.491917 -0.803991 
0.222323 0.229375 -0.168573 0.627989 -0.460442 -0.824108 
0.142918 0.181362 -0.175326 0.668308 -0.283256 -0.837480 
0.087797 0.101005 -0.185591 0.685679 -0.004178 -0.845888 
0.052877 0.007923 -0.207506 0.690883 0.160935 -0.847856 
0.031560 -0.100201 -0.241519 0.689017 0.244009 -0.808097 
0.018509 -0.204989 -0.288628 0.680373 0.283835 -0.587189 
0.010315 -0.300141 -0.370093 0.665385 0.300140 -0.375129 
0.004994 -0.361738 -0.451841 0.638156 0.304799 -0.260963 
0.001414 -0.407732 -0.538929 0.598165 0.301657 -0.205310 
0.031401 -0.441569 -0.632795 0.535429 0.289667 -0.179589 
0.220262 -0.464159 -0.698535 0.463485 0.268033 -0.170030 
0.581447 -0.477987 -0.744954 0.378033 0.239505 -0.169126 
0.690497 -0.487676 -0.782043 0.296854 0.204023 -0.172692 
0.711210 -0.489090 -0.808477 0.213957 0.137009 -0.180787 
0.708333 -0.435606 -0.827152 0.153601 0.052699 -0.197253 
0.704359 -0.192726 -0.838654 0.102786 -0.058551 -0.224184 
0.698774 0.053326 -0.846892 0.066968 -0.159098 -0.269500 
0.690659 0.187205 -0.846445 0.043016 -0.253481 -0.342128 
0.678568 0.256663 -0.767484 0.027121 -0.333586 -0.416775 
0.660230 0.287897 -0.525678 0.016396 -0.389839 -0.506888 
0.630403 0.301859 -0.344901 0.009185 -0.430205 -0.601394 
0.584020 0.304553 -0.246138 0.016393 -0.455491 -0.677146 
0.515666 0.298950 -0.198137 0.138056 -0.472525 -0.730187 
0.424937 0.285789 -0.175966 0.389058 -0.484481 -0.774191 
0.321354 0.260712 -0.168076 0.546465 -0.491917 -0.803991 
0.222323 0.229375 -0.168573 0.627989 -0.460442 -0.824108 
0.142918 0.181362 -0.175326 0.668308 -0.283256 -0.837480 
0.087797 0.101005 -0.185591 0.685679 -0.004178 -0.845888 
0.052877 0.007923 -0.207506 0.690883 0.160935 -0.847856 
0.031560 -0.100201 -0.241519 0.689017 0.244009 -0.808097 
0.018509 -0.204989 -0.288628 0.680373 0.283835 -0.587189 
0.010315 -0.300141 -0.370093 0.665385 0.300140 -0.375129 
0.004994 -0.361738 -0.451841 0.638156 0.304799 -0.260963 
0.001414 -0.407732 -0.538929 0.598165 0.301657 -0.205310 
0.031401 -0.441569 -0.632795 0.535429 0.289667 -0.179589 
0.220262 -0.464159 -0.698535 0.463485 0.268033 -0.170030 
0.581447 -0.477987 -0.744954 0.378033 0.239505 -0.169126 
0.690497 -0.487676 -0.782043 0.296854 0.204023 -0.172692 
0.711210 -0.489090 -0.808477 0.213957 0.137009 -0.180787 
0.708333 -0.435606 -0.827152 0.153601 0.052699 -0.197253 
0.704359 -0.192726 -0.838654 0.102786 -0.058551 -0.224184 
0.698774 0.053326 -0.846892 0.066968 -0.159098 -0.269500 
0.690659 0.187205 -0.846445 0.043016 -0.253481 -0.342128 
0.678568 0.256663 -0.767484 0.027121 -0.333586 -0.416775 
0.660230 0.287897 -0.525678 0.016396 -0.389839 -0.506888 
0.630403 0.301859 -0.344901 0.009185 -0.430205 -0.601394 
0.584020 0.304553 -0.246138 0.016393 -0.455491 -0.677146 
0.515666 0.298950 -0.198137 0.138056 -0.472525 -0.730187 
0.424937 0.285789 -0.175966 0.389058 -0.484481 -0.774191 
0.321354 0.260712 -0.168076 0.546465 -0.491917 -0.803991 
0.222323 0.229375 -0.168573 0.627989 -0.460442 -0.824108 
0.142918 0.181362 -0.175326 0.668308 -0.283256 -0.837480 
0.087797 0.101005 -0.185591 0.685679 -0.004178 -0.845888 
0.052877 0.007923 -0.207506 0.690883 0.160935 -0.847856 
0.031560 -0.100201 -0.241519 0.689017 0.244009 -0.808097 
0.018509 -0.204989 -0.288628 0.680373 0.283835 -0.587189 
0.010315 -0.300141 -0.370093 0.665385 0.300140 -0.375129 
0.004994 -0.361738 -0.451841 0.638156 0.304799 -0.260963 
0.001414 -0.407732 -0.538929 0.598165 0.301657 -0.205310 
0.031401 -0.441569 -0.632795 0.535429 0.289667 -0.179589 
0.220262 -0.464159 -0.698535 0.463485 0.268033 -0.170030 
0.581447 -0.477987 -0.744954 0.378033 0.239505 -0.169126 
0.690497 -0.487676 -0.782043 0.296854 0.204023 -0.172692 
0.711210 -0.489090 -0.808477 0.213957 0.137009 -0.180787 
0.708333 -0.435606 -0.827152 0.153601 0.052699 -0.197253 
0.704359 -0.192726 -0.838654 0.102786 -0.058551 -0.224184 
0.698774 0.053326 -0.846892 0.066968 -0.159098 -0.269500 
0.690659 0.187205 -0.846445 0.043016 -0.253481 -0.342128 
0.678568 0.256663 -0.767484 0.027121 -0.333586 -0.416775 
0.660230 0.287897 -0.525678 0.016396 -0.389839 -0.506888 
0.630403 0.301859 -0.344901 0.009185 -0.430205 -0.601394 
0.584020 0.304553 -0.246138 0.016393 -0.455491 -0.677146 
0.515666 0.298950 -0.198137 0.138056 -0.472525 -0.730187 
0.424937 0.285789 -0.175966 0.389058 -0.484481 -0.774191 
0.321354 0.260712 -0.168076 0.546465 -0.491917 -0.803991 
0.222323 0.229375 -0.168573 0.627989 -0.460442 -0.824108 
0.142918 0.181362 -0.175326 0.668308 -0.283256 -0.837480 
0.087797 0.101005 -0.185591 0.685679 -0.004178 -0.845888 
0.052877 0.007923 -0.207506 0.690883 0.160935 -0.847856 
0.031560 -0.100201 -0.241519 0.689017 0.244009 -0.808097 
0.018509 -0.204989 -0.288628 0.680373 0.283835 -0.587189 
0.010315 -0.300141 -0.370093 0.665385 0.300140 -0.375129 
0.004994 -0.361738 -0.451841 0.638156 0.304799 -0.260963 
0.001414 -0.407732 -0.538929 0.598165 0.301657 -0.205310 
0.031401 -0.441569 -0.632795 0.535429 0.289667 -0.179589 
0.220262 -0.464159 -0.698535 0.463485 0.268033 -0.170030 
0.581447 -0.477987 -0.744954 0.378033 0.239505 -0.169126 
0.690497 -0.487676 -0.782043 0.296854 0.204023 -0.172692 
0.711210 -0.489090 -0.808477 0.213957 0.137009 -0.180787 
