0.357500 0.000000 0.000000 0.000000 0.000000 0.000000 
0.357500 0.000000 0.000000 0.000000 0.000000 0.000000 
-0.009420 0.000000 0.000000 0.000000 0.000000 0.000000 
0.724576 0.000000 0.000000 0.000000 0.000000 0.000000 
0.640965 0.000000 0.000000 0.000000 0.000000 0.000000 
0.001386 0.000000 0.000000 0.000000 0.000000 0.000000 
0.001386 0.000000 0.000000 0.000000 0.000000 0.000000 
0.001386 0.000000 0.000000 0.000000 0.000000 0.000000 
0.001386 0.000000 0.000000 0.000000 0.000000 0.000000 
0.001386 0.000000 0.000000 0.000000 0.000000 0.000000 
0.001386 0.000000 0.000000 0.000000 0.000000 0.000000 
0.001386 0.000000 0.000000 0.000000 0.000000 0.000000 
0.001386 0.000000 0.000000 0.000000 0.000000 0.000000 
0.001386 0.000000 0.000000 0.000000 0.000000 0.000000 
0.001386 0.000000 0.000000 0.000000 0.000000 0.000000 
0.001386 0.000000 0.000000 0.000000 0.000000 0.000000 
0.001386 0.000000 0.000000 0.000000 0.000000 0.000000 
0.001386 0.000000 0.000000 0.000000 0.000000 0.000000 
0.001386 0.000000 0.000000 0.000000 0.000000 0.000000 
0.001386 0.000000 0.000000 0.000000 0.000000 0.000000 
0.001386 0.000000 0.000000 0.000000 0.000000 0.000000 
0.001386 0.000000 0.000000 0.000000 0.000000 0.000000 
0.001386 0.000000 0.000000 0.000000 0.000000 0.000000 
0.001386 0.000000 0.000000 0.000000 0.000000 0.000000 
0.001386 0.000000 0.000000 0.000000 0.000000 0.000000 
0.001386 0.000000 0.000000 0.000000 0.000000 0.000000 
0.001386 0.000000 0.000000 0.000000 0.000000 0.000000 
0.001386 0.000000 0.000000 0.000000 0.000000 0.000000 
0.001386 0.000000 0.000000 0.000000 0.000000 0.000000 
0.001386 0.000000 0.000000 0.000000 0.000000 0.000000 
0.001386 0.000000 0.000000 0.000000 0.000000 0.000000 
0.001386 0.000000 0.000000 0.000000 0.000000 0.000000 
0.001386 0.000000 0.000000 0.000000 0.000000 0.000000 
0.001386 0.000000 0.000000 0.000000 0.000000 0.000000 
0.001386 0.000000 0.000000 0.000000 0.000000 0.000000 
0.001386 0.000000 0.000000 0.000000 0.000000 0.000000 
0.711202 0.000000 0.000000 0.000000 0.000000 0.000000 
0.711202 0.000000 0.000000 0.000000 0.000000 0.000000 
0.711202 0.000000 0.000000 0.000000 0.000000 0.000000 
0.711202 0.000000 0.000000 0.000000 0.000000 0.000000 
0.711202 0.000000 0.000000 0.000000 0.000000 0.000000 
0.711202 0.000000 0.000000 0.000000 0.000000 0.000000 
0.711202 0.000000 0.000000 0.000000 0.000000 0.000000 
0.709512 0.000000 0.000000 0.000000 0.000000 0.000000 
0.707456 0.000000 0.000000 0.000000 0.000000 0.000000 
0.704932 0.000000 0.000000 0.000000 0.000000 0.000000 
0.701796 0.000000 0.000000 0.000000 0.000000 0.000000 
0.698404 0.000000 0.000000 0.000000 0.000000 0.000000 
0.693520 -0.087171 -0.549026 -0.246136 -0.461590 -0.513749 
0.687234 0.119243 -0.467307 -0.119837 -0.450442 -0.555375 
0.679052 0.219187 -0.331039 -0.057904 -0.451283 -0.597644 
0.668292 0.267581 -0.256109 -0.028247 -0.460928 -0.646772 
0.654041 0.290602 -0.205120 -0.011519 -0.465750 -0.671336 
0.635119 0.300228 -0.176248 0.019063 -0.474099 -0.705929 
0.610113 0.303738 -0.161811 0.034354 -0.479407 -0.735003 
0.577342 0.301278 -0.155985 0.126344 -0.484483 -0.753088 
0.535714 0.297312 -0.153478 0.193031 -0.488151 -0.779129 
0.484875 0.290748 -0.153636 0.374150 -0.491309 -0.795053 
0.425927 0.281688 -0.153715 0.493744 -0.494118 -0.805609 
0.361716 0.268851 -0.156314 0.583834 -0.496130 -0.817531 
0.296466 0.252243 -0.158781 0.643853 -0.495520 -0.827556 
0.234777 0.228426 -0.162428 0.676932 -0.484235 -0.834325 
0.180389 0.198501 -0.165749 0.693210 -0.433036 -0.839191 
0.135352 0.177971 -0.170250 0.700919 -0.315362 -0.844014 
0.099916 0.145840 -0.176164 0.701984 -0.114669 -0.847670 
0.073049 0.096000 -0.183672 0.701904 0.050413 -0.850814 
0.053138 0.058323 -0.192441 0.701312 0.168190 -0.852937 
0.038533 -0.001082 -0.206872 0.698699 0.245928 -0.854758 
0.027825 -0.071570 -0.224504 0.695339 0.287643 -0.847754 
0.019924 -0.120913 -0.242020 0.692717 0.307902 -0.818026 
0.014032 -0.177525 -0.269144 0.687450 0.317233 -0.754154 
0.009581 -0.243651 -0.302441 0.679589 0.320437 -0.560217 
0.006172 -0.293217 -0.345916 0.673062 0.320637 -0.402440 
0.003525 -0.327465 -0.380169 0.665314 0.319612 -0.296713 
0.001442 -0.361379 -0.431983 0.651622 0.316587 -0.225419 
0.001438 -0.392357 -0.482786 0.631275 0.313001 -0.186250 
0.001435 -0.415015 -0.527108 0.614476 0.308226 -0.167126 
0.001431 -0.434371 -0.576563 0.586325 0.303371 -0.158391 
0.001428 -0.451687 -0.634818 0.546191 0.294004 -0.155304 
0.001424 -0.463546 -0.680740 0.509442 0.283942 -0.154586 
0.001421 -0.472999 -0.714661 0.478019 0.274912 -0.154965 
0.001418 -0.479874 -0.745175 0.425961 0.256615 -0.158222 
0.001416 -0.485220 -0.768278 0.382110 0.244130 -0.160681 
0.017044 -0.488518 -0.779826 0.337346 0.227553 -0.164451 
0.075534 -0.490167 -0.795392 0.304063 0.212802 -0.167563 
0.274906 -0.491674 -0.803175 0.287421 0.198398 -0.169119 
0.545104 -0.494520 -0.807067 0.263282 0.183470 -0.171222 
0.665204 -0.495943 -0.813100 0.239479 0.158409 -0.173741 
0.699700 -0.497402 -0.820865 0.199914 0.133626 -0.181311 
0.711219 -0.492754 -0.829468 0.165486 0.101810 -0.189950 
0.711217 -0.479979 -0.835802 0.133835 0.042228 -0.201835 
0.709889 -0.431050 -0.840814 0.103721 -0.022359 -0.207778 
0.708340 -0.292043 -0.845308 0.082336 -0.068441 -0.228055 
0.706521 -0.059364 -0.848859 0.064682 -0.125073 -0.246451 
0.704368 0.099787 -0.851994 0.050947 -0.192359 -0.272805 
0.701817 0.203345 -0.853840 0.041048 -0.246973 -0.315661 
0.698774 0.262215 -0.851082 0.030056 -0.297418 -0.342371 
0.695107 0.294806 -0.837034 0.022649 -0.341601 -0.387781 
0.690659 0.310463 -0.796495 0.016938 -0.372377 -0.445569 
0.685230 0.318060 -0.697274 0.012332 -0.401438 -0.498206 
0.678568 0.318595 -0.490572 0.009001 -0.423765 -0.547604 
0.670360 0.318863 -0.342672 0.006515 -0.441108 -0.593759 
0.660141 0.316243 -0.250328 0.003963 -0.455840 -0.644829 
0.646894 0.313049 -0.199532 0.007806 -0.466482 -0.682028 
0.630270 0.310148 -0.173453 0.028725 -0.474465 -0.717463 
0.609505 0.304483 -0.160757 0.065344 -0.480957 -0.744318 
0.583826 0.298915 -0.155864 0.162531 -0.486388 -0.774744 
0.552577 0.291549 -0.154829 0.358900 -0.490428 -0.792861 
0.515405 0.282089 -0.154312 0.486119 -0.493433 -0.804513 
0.472474 0.269051 -0.156083 0.591122 -0.495787 -0.816983 
0.424629 0.251062 -0.158665 0.647497 -0.495348 -0.827282 
0.373439 0.236867 -0.162370 0.679053 -0.484150 -0.834188 
0.321047 0.217486 -0.165308 0.694196 -0.432993 -0.839206 
0.269849 0.178492 -0.170029 0.701412 -0.345927 -0.844021 
0.222069 0.146101 -0.176054 0.705020 -0.129951 -0.847437 
0.179389 0.108059 -0.183617 0.704034 0.058182 -0.850374 
0.142739 0.064622 -0.192338 0.702377 0.166541 -0.852717 
0.112304 0.005424 -0.206820 0.700679 0.243431 -0.854648 
0.087685 -0.054726 -0.218121 0.697310 0.286502 -0.847699 
0.068142 -0.112491 -0.238828 0.693703 0.307332 -0.817998 
0.052810 -0.167227 -0.267548 0.687942 0.316947 -0.747864 
0.040848 -0.224035 -0.289746 0.683202 0.320304 -0.557072 
0.031521 -0.283409 -0.339568 0.674869 0.321411 -0.391235 
0.024225 -0.322561 -0.364562 0.666217 0.319999 -0.291110 
0.018485 -0.358927 -0.415383 0.652074 0.317704 -0.227090 
0.013936 -0.391131 -0.474486 0.640030 0.313581 -0.186955 
0.010301 -0.414402 -0.522958 0.619309 0.310320 -0.167163 
0.007369 -0.434064 -0.574488 0.588742 0.304418 -0.157914 
0.004984 -0.449318 -0.620264 0.547399 0.296540 -0.154445 
0.003027 -0.462361 -0.663476 0.526727 0.287109 -0.153631 
0.013900 -0.470055 -0.695240 0.486661 0.279659 -0.154487 
0.052522 -0.478402 -0.729757 0.439101 0.263029 -0.157479 
0.177918 -0.484484 -0.760565 0.388680 0.247336 -0.160309 
0.421683 -0.488150 -0.775970 0.340631 0.229157 -0.164265 
0.607375 -0.490665 -0.793464 0.305705 0.206576 -0.167470 
0.678038 -0.494015 -0.806298 0.272399 0.187559 -0.171865 
0.701817 -0.496439 -0.817464 0.234881 0.148200 -0.176399 
0.711211 -0.493471 -0.826186 0.182970 0.112051 -0.182640 
0.709846 -0.484294 -0.832883 0.151849 0.060044 -0.190615 
0.708247 -0.433208 -0.839354 0.122895 0.014217 -0.202168 
0.706360 -0.295277 -0.844092 0.091924 -0.050153 -0.220220 
0.704117 -0.093672 -0.847977 0.073971 -0.109877 -0.239770 
0.701457 0.082633 -0.850694 0.057754 -0.168614 -0.263715 
0.698259 0.194768 -0.853190 0.044451 -0.235100 -0.299021 
0.694386 0.257926 -0.852989 0.034319 -0.280535 -0.334050 
0.689666 0.293184 -0.840320 0.025105 -0.333159 -0.374403 
0.683881 0.310250 -0.798138 0.019529 -0.368156 -0.415282 
0.676760 0.317954 -0.698095 0.014585 -0.395668 -0.471390 
0.667975 0.321806 -0.541842 0.010524 -0.417504 -0.526371 
0.656505 0.320468 -0.379974 0.007276 -0.434785 -0.572614 
0.641912 0.318221 -0.272049 0.004625 -0.450455 -0.622265 
0.623509 0.315905 -0.211042 0.005047 -0.462244 -0.670746 
0.600459 0.312682 -0.179198 0.014323 -0.471510 -0.705632 
0.571952 0.307185 -0.163629 0.058143 -0.478112 -0.738403 
0.537384 0.300266 -0.156882 0.158931 -0.483836 -0.760815 
0.496581 0.292224 -0.154430 0.327010 -0.488721 -0.782993 
0.450027 0.282426 -0.154112 0.483535 -0.492579 -0.800594 
0.399008 0.269220 -0.155983 0.589830 -0.495361 -0.815023 
0.345556 0.251146 -0.159760 0.649655 -0.494989 -0.826302 
0.292177 0.227877 -0.163212 0.680131 -0.483970 -0.834205 
0.241409 0.205641 -0.167401 0.694735 -0.421840 -0.840004 
0.195358 0.169495 -0.174740 0.701681 -0.263955 -0.844701 
0.155367 0.131593 -0.182960 0.702365 -0.050048 -0.848481 
0.121925 0.088876 -0.189408 0.702707 0.112426 -0.851388 
0.094798 0.044458 -0.198287 0.700844 0.212582 -0.853761 
0.073279 -0.020350 -0.213854 0.698465 0.269315 -0.851793 
0.056455 -0.087416 -0.231085 0.694281 0.299106 -0.837320 
0.043400 -0.147871 -0.253309 0.690717 0.313095 -0.802828 
0.033288 -0.197104 -0.282626 0.684589 0.319373 -0.672766 
0.025436 -0.253441 -0.309182 0.678159 0.320945 -0.484067 
0.019305 -0.307577 -0.349368 0.667863 0.320486 -0.337526 
0.014480 -0.351435 -0.400463 0.659372 0.317931 -0.250298 
0.010651 -0.384916 -0.454984 0.643679 0.314365 -0.198559 
0.007584 -0.411295 -0.513207 0.627303 0.310712 -0.172965 
0.005103 -0.428548 -0.554925 0.601251 0.306200 -0.160815 
0.003079 -0.446560 -0.606714 0.579713 0.297432 -0.155896 
0.001413 -0.460982 -0.656701 0.542884 0.289882 -0.154356 
0.001410 -0.469365 -0.691853 0.505580 0.281046 -0.154849 
0.013900 -0.476513 -0.728063 0.457653 0.270065 -0.157660 
0.052522 -0.482245 -0.751876 0.415778 0.251612 -0.159570 
0.177918 -0.487030 -0.771625 0.377019 0.231294 -0.161355 
0.421683 -0.489423 -0.787223 0.334800 0.214672 -0.164788 
0.607375 -0.491302 -0.799091 0.286972 0.199333 -0.167731 
0.678038 -0.494334 -0.809111 0.251324 0.170268 -0.171995 
0.701817 -0.496598 -0.818871 0.212183 0.139555 -0.176464 
0.709885 -0.492352 -0.828471 0.171621 0.104775 -0.187527 
0.708336 -0.479778 -0.835304 0.136903 0.043710 -0.193059 
0.706515 -0.430949 -0.840565 0.108342 -0.013883 -0.203389 
0.704362 -0.291992 -0.845184 0.084647 -0.078029 -0.225861 
0.701796 -0.059339 -0.848796 0.065837 -0.129867 -0.245354 
0.698744 0.099800 -0.851963 0.051525 -0.194756 -0.272257 
0.695061 0.203351 -0.853919 0.041337 -0.248171 -0.303292 
0.690589 0.262218 -0.851121 0.030200 -0.298017 -0.336186 
0.685122 0.295330 -0.837053 0.023046 -0.341900 -0.384688 
0.678401 0.311323 -0.796505 0.017136 -0.372526 -0.438055 
0.670101 0.318490 -0.634254 0.012432 -0.401513 -0.494449 
0.659825 0.318810 -0.459063 0.009051 -0.423802 -0.545725 
0.646998 0.318970 -0.326917 0.006540 -0.441127 -0.592819 
0.630391 0.316297 -0.245521 0.003975 -0.455849 -0.644360 
0.609646 0.313076 -0.197128 0.007812 -0.466486 -0.681794 
0.583988 0.310161 -0.172252 0.028728 -0.474468 -0.717345 
0.552760 0.305925 -0.160156 0.065345 -0.480958 -0.744260 
0.515607 0.299636 -0.155563 0.162532 -0.486388 -0.772998 
0.472689 0.291909 -0.154679 0.358901 -0.490428 -0.791988 
0.424850 0.282269 -0.155711 0.510534 -0.493677 -0.807518 
0.373656 0.269141 -0.157825 0.603329 -0.496516 -0.818485 
0.321252 0.251107 -0.160407 0.656404 -0.491404 -0.828033 
0.270034 0.224572 -0.163535 0.682958 -0.460186 -0.835070 
0.222229 0.191006 -0.169143 0.696149 -0.390944 -0.840927 
0.179521 0.156121 -0.175611 0.702388 -0.248507 -0.845890 
0.142845 0.124906 -0.183395 0.702718 -0.042324 -0.849076 
0.112386 0.072776 -0.189626 0.702272 0.116288 -0.851686 
0.087747 0.009501 -0.203083 0.700626 0.214513 -0.853910 
0.068189 -0.037828 -0.216252 0.697284 0.270281 -0.850467 
0.052845 -0.096155 -0.232283 0.693690 0.299589 -0.836656 
0.040874 -0.152240 -0.253908 0.690421 0.313068 -0.763469 
0.031540 -0.216542 -0.282926 0.684442 0.318689 -0.626722 
0.024240 -0.263159 -0.336158 0.675488 0.320603 -0.461045 
0.018496 -0.312436 -0.362857 0.666527 0.320315 -0.326015 
0.013945 -0.353865 -0.414530 0.658704 0.317845 -0.244543 
0.010307 -0.386131 -0.462018 0.643345 0.314323 -0.195682 
0.007374 -0.411902 -0.516724 0.620512 0.310691 -0.171526 
0.004988 -0.432814 -0.569128 0.597856 0.306190 -0.160096 
0.003030 -0.448693 -0.613816 0.578015 0.297427 -0.155536 
0.001410 -0.462049 -0.660252 0.542036 0.289879 -0.154176 
0.017028 -0.469899 -0.693628 0.505155 0.281044 -0.154759 
0.075473 -0.478324 -0.728951 0.457440 0.263721 -0.157615 
0.274745 -0.483151 -0.760166 0.397850 0.248440 -0.160377 
0.544985 -0.487483 -0.781494 0.345216 0.229708 -0.164299 
0.665165 -0.490332 -0.796226 0.307998 0.206851 -0.167487 
0.699686 -0.493849 -0.811161 0.261837 0.174027 -0.171873 
0.711213 -0.496588 -0.821270 0.211092 0.141435 -0.179362 
0.711211 -0.492347 -0.829671 0.171082 0.086679 -0.188976 
0.709883 -0.459885 -0.835904 0.136633 0.034662 -0.201348 
0.708333 -0.391902 -0.841921 0.105120 -0.026142 -0.219810 
0.706513 -0.200325 -0.846038 0.078546 -0.084158 -0.235462 
0.704359 -0.013505 -0.849591 0.060041 -0.155755 -0.261561 
0.701820 0.142937 -0.852360 0.046556 -0.207700 -0.288188 
0.698784 0.231677 -0.853460 0.036309 -0.266835 -0.323353 
0.695131 0.276381 -0.849729 0.027686 -0.307349 -0.369054 
0.690708 0.302411 -0.824620 0.021464 -0.346566 -0.412609 
0.685325 0.314266 -0.756571 0.016345 -0.380129 -0.457983 
0.678747 0.319962 -0.614288 0.012036 -0.405314 -0.504226 
0.670691 0.319546 -0.449079 0.008853 -0.425692 -0.550574 
0.660230 0.319338 -0.315129 0.006275 -0.442072 -0.605197 
0.646998 0.316481 -0.236556 0.003843 -0.456322 -0.650548 
0.630391 0.313167 -0.192646 0.007746 -0.466720 -0.695536 
0.609646 0.310207 -0.170008 0.028695 -0.475417 -0.725518 
0.583988 0.304513 -0.160083 0.090898 -0.481433 -0.754373 
0.552760 0.298930 -0.155524 0.242727 -0.486628 -0.778054 
0.515607 0.291556 -0.154659 0.418173 -0.490548 -0.794508 
0.472689 0.278685 -0.155701 0.540170 -0.493737 -0.808778 
0.424850 0.257160 -0.157311 0.621723 -0.496545 -0.821284 
0.373656 0.240156 -0.160150 0.666343 -0.484748 -0.829916 
0.321252 0.219130 -0.164198 0.687915 -0.456858 -0.837070 
0.270034 0.188285 -0.169474 0.698272 -0.389280 -0.841437 
0.222229 0.160817 -0.175777 0.703450 -0.151628 -0.846145 
0.179521 0.115417 -0.183478 0.703249 0.047344 -0.849728 
0.142845 0.068301 -0.192269 0.701984 0.161122 -0.852012 
0.112386 0.007264 -0.206785 0.700483 0.240722 -0.854295 
0.087747 -0.053806 -0.218103 0.697212 0.285147 -0.847522 
0.068189 -0.112031 -0.233209 0.693654 0.307022 -0.817910 
0.052845 -0.166997 -0.264738 0.687918 0.316793 -0.747820 
0.040874 -0.223920 -0.288341 0.683190 0.320226 -0.557050 
0.031540 -0.283351 -0.338866 0.674862 0.321372 -0.391224 
0.024240 -0.322532 -0.364211 0.666214 0.319980 -0.291105 
0.018496 -0.358913 -0.415207 0.652073 0.317694 -0.227087 
0.013945 -0.391124 -0.474398 0.640030 0.313576 -0.186954 
0.010307 -0.414399 -0.522914 0.619309 0.310317 -0.167162 
0.007374 -0.434063 -0.574466 0.588741 0.304416 -0.157914 
0.004988 -0.449317 -0.620253 0.547399 0.296540 -0.154445 
0.003030 -0.462361 -0.663471 0.526727 0.287109 -0.153631 
0.001410 -0.470055 -0.695237 0.486661 0.279659 -0.154487 
0.013900 -0.478402 -0.729756 0.439101 0.263029 -0.157479 
0.052522 -0.483190 -0.760565 0.388680 0.247336 -0.160309 
0.177918 -0.487503 -0.775969 0.340631 0.229157 -0.161724 
0.421683 -0.489659 -0.789395 0.305705 0.213604 -0.164973 
0.607375 -0.491420 -0.800177 0.272425 0.198799 -0.169149 
0.678038 -0.494393 -0.809655 0.244050 0.170001 -0.172704 
0.701817 -0.496628 -0.819142 0.208547 0.139421 -0.176819 
0.709885 -0.492367 -0.828607 0.169803 0.104708 -0.182850 
0.708336 -0.479785 -0.835372 0.137486 0.056373 -0.190720 
0.706515 -0.430953 -0.840599 0.108633 -0.007552 -0.202220 
0.704362 -0.291994 -0.845201 0.084793 -0.061037 -0.225276 
0.701817 -0.106486 -0.848805 0.065910 -0.121371 -0.245061 
0.698774 0.076226 -0.851108 0.051561 -0.174361 -0.272111 
0.695107 0.191565 -0.853397 0.041355 -0.237974 -0.303219 
0.690659 0.256324 -0.850860 0.030893 -0.292918 -0.336149 
0.685230 0.292383 -0.836923 0.023392 -0.339351 -0.384670 
0.678568 0.309850 -0.796439 0.017309 -0.371252 -0.428556 
0.670360 0.317753 -0.697246 0.012845 -0.400875 -0.489700 
0.660230 0.318442 -0.490559 0.009258 -0.423484 -0.543351 
0.646996 0.318786 -0.342665 0.006643 -0.440967 -0.591632 
0.630385 0.317380 -0.253395 0.004309 -0.453547 -0.631774 
0.609635 0.314838 -0.201065 0.007979 -0.465335 -0.675501 
0.583971 0.311043 -0.174220 0.028812 -0.473892 -0.714199 
0.552736 0.306366 -0.161140 0.065387 -0.480670 -0.742686 
0.515575 0.299856 -0.156055 0.162553 -0.486245 -0.772211 
0.472650 0.292020 -0.154925 0.358911 -0.490356 -0.791594 
0.424804 0.282324 -0.155834 0.510539 -0.493397 -0.804895 
0.373605 0.269169 -0.157373 0.603332 -0.496375 -0.817174 
0.321199 0.251120 -0.160455 0.656406 -0.491333 -0.827377 
0.269981 0.227865 -0.163559 0.683209 -0.460151 -0.834742 
0.222179 0.205634 -0.169155 0.696274 -0.390927 -0.840763 
0.179476 0.163435 -0.175617 0.702451 -0.248498 -0.845080 
0.142806 0.128563 -0.183398 0.702750 -0.042319 -0.848671 
0.112354 0.074605 -0.189627 0.702287 0.116290 -0.851483 
0.087721 0.010416 -0.203083 0.700634 0.214514 -0.853809 
0.068168 -0.037371 -0.216252 0.698361 0.270281 -0.850416 
0.052829 -0.095926 -0.232284 0.694228 0.299589 -0.836631 
0.040861 -0.152126 -0.253908 0.690690 0.313068 -0.763457 
0.031530 -0.216485 -0.282926 0.684576 0.318689 -0.626716 
0.024232 -0.263131 -0.336158 0.675555 0.320603 -0.461042 
0.018490 -0.312422 -0.362857 0.666561 0.320315 -0.326014 
0.013940 -0.353858 -0.414530 0.658721 0.317845 -0.244542 
0.010303 -0.386127 -0.462018 0.643354 0.314323 -0.195681 
0.007371 -0.411901 -0.516724 0.620516 0.310691 -0.171526 
0.004986 -0.432814 -0.569128 0.597858 0.306190 -0.160096 
0.003028 -0.448693 -0.613816 0.578016 0.297427 -0.155536 
0.001408 -0.462049 -0.660252 0.542036 0.289879 -0.154176 
0.017022 -0.469898 -0.693628 0.505155 0.281044 -0.154759 
0.075452 -0.478324 -0.728951 0.457441 0.263721 -0.157615 
0.274690 -0.483151 -0.760166 0.397850 0.248440 -0.160377 
0.544945 -0.487483 -0.781494 0.345216 0.229708 -0.164299 
0.665151 -0.490332 -0.796226 0.307998 0.206851 -0.167487 
0.699682 -0.493849 -0.811161 0.261837 0.174027 -0.171873 
0.711211 -0.496588 -0.821270 0.211092 0.141435 -0.179362 
0.711209 -0.492347 -0.829671 0.171082 0.086679 -0.188976 
0.709881 -0.459885 -0.835904 0.136633 0.034662 -0.201348 
0.708331 -0.391902 -0.841921 0.105120 -0.026142 -0.219810 
0.706510 -0.200325 -0.846038 0.078546 -0.084158 -0.235462 
0.704359 -0.013505 -0.849591 0.060041 -0.155755 -0.261561 
0.701817 0.142937 -0.852360 0.046556 -0.207700 -0.288188 
0.698774 0.231677 -0.853460 0.036309 -0.266835 -0.323353 
0.695107 0.276381 -0.849729 0.027686 -0.307349 -0.369054 
0.690659 0.302411 -0.824620 0.021464 -0.346566 -0.412609 
0.685230 0.314266 -0.756571 0.016345 -0.380129 -0.457983 
0.678568 0.319962 -0.614288 0.012036 -0.405314 -0.504226 
0.670360 0.319546 -0.449079 0.008853 -0.425692 -0.550574 
0.660141 0.319338 -0.315129 0.006275 -0.442072 -0.605197 
0.646894 0.316481 -0.236556 0.003843 -0.456322 -0.650548 
0.630270 0.313167 -0.192646 0.007746 -0.466720 -0.695536 
0.609505 0.310207 -0.170008 0.028695 -0.475417 -0.725518 
0.583826 0.304513 -0.160083 0.090898 -0.481433 -0.754373 
0.552577 0.298930 -0.155524 0.242727 -0.486628 -0.778054 
0.515405 0.291556 -0.154659 0.418173 -0.490548 -0.794508 
0.472474 0.278685 -0.155701 0.540170 -0.493737 -0.808778 
0.424629 0.257160 -0.157311 0.621723 -0.496545 -0.821284 
0.373439 0.240156 -0.160150 0.666343 -0.484748 -0.829916 
0.321047 0.219130 -0.164198 0.687915 -0.456858 -0.837070 
0.269849 0.188285 -0.169474 0.698272 -0.389280 -0.841437 
0.222069 0.160817 -0.175777 0.703450 -0.151628 -0.846145 
0.179389 0.115417 -0.183478 0.703249 0.047344 -0.849728 
0.142739 0.068301 -0.192269 0.701984 0.161122 -0.852012 
0.112304 0.007264 -0.206785 0.700483 0.240722 -0.854295 
0.087685 -0.053806 -0.218103 0.697212 0.285147 -0.847522 
0.068142 -0.112031 -0.233209 0.693654 0.307022 -0.817910 
0.052810 -0.166997 -0.264738 0.687918 0.316793 -0.747820 
0.040848 -0.223920 -0.288341 0.683190 0.320226 -0.557050 
0.031521 -0.283351 -0.338866 0.674862 0.321372 -0.391224 
0.024225 -0.322532 -0.364211 0.666214 0.319980 -0.291105 
0.018485 -0.358913 -0.415207 0.652073 0.317694 -0.227087 
0.013936 -0.391124 -0.474398 0.640030 0.313576 -0.186954 
0.010301 -0.414399 -0.522914 0.619309 0.310317 -0.167162 
0.007369 -0.434063 -0.574466 0.588741 0.304416 -0.157914 
0.004984 -0.449317 -0.620253 0.547399 0.296540 -0.154445 
0.003027 -0.462361 -0.663471 0.526727 0.287109 -0.153631 
0.013900 -0.470055 -0.695237 0.486661 0.279659 -0.154487 
0.052522 -0.478402 -0.729756 0.439101 0.263029 -0.157479 
0.177918 -0.484484 -0.760565 0.388680 0.247336 -0.160309 
0.421683 -0.488150 -0.775969 0.340631 0.229157 -0.164265 
0.607375 -0.490665 -0.793464 0.305705 0.206576 -0.167470 
0.678038 -0.494015 -0.806298 0.272399 0.187559 -0.171865 
0.701817 -0.496439 -0.817464 0.234881 0.148200 -0.176399 
0.711211 -0.493471 -0.826186 0.182970 0.112051 -0.182640 
0.709846 -0.484294 -0.832883 0.151849 0.060044 -0.190615 
0.708247 -0.433208 -0.839354 0.122895 0.014217 -0.202168 
0.706360 -0.295277 -0.844092 0.091924 -0.050153 -0.220220 
0.704117 -0.093672 -0.847977 0.073971 -0.109877 -0.239770 
0.701457 0.082633 -0.850694 0.057754 -0.168614 -0.263715 
0.698259 0.194768 -0.853190 0.044451 -0.235100 -0.299021 
0.694386 0.257926 -0.852989 0.034319 -0.280535 -0.334050 
0.689666 0.293184 -0.840320 0.025105 -0.333159 -0.374403 
0.683881 0.310250 -0.798138 0.019529 -0.368156 -0.415282 
0.676760 0.317954 -0.698095 0.014585 -0.395668 -0.471390 
0.667975 0.321806 -0.541842 0.010524 -0.417504 -0.526371 
0.656505 0.320468 -0.379974 0.007276 -0.434785 -0.572614 
0.641912 0.318221 -0.272049 0.004625 -0.450455 -0.622265 
0.623509 0.315905 -0.211042 0.005047 -0.462244 -0.670746 
0.600459 0.312682 -0.179198 0.014323 -0.471510 -0.705632 
0.571952 0.307185 -0.163629 0.058143 -0.478112 -0.738403 
0.537384 0.300266 -0.156882 0.158931 -0.483836 -0.760815 
0.496581 0.292224 -0.154430 0.327010 -0.488721 -0.782993 
0.450027 0.282426 -0.154112 0.483535 -0.492579 -0.800594 
0.399008 0.269220 -0.155983 0.589830 -0.495361 -0.815023 
0.345556 0.251146 -0.159760 0.649655 -0.494989 -0.826302 
0.292177 0.227877 -0.163212 0.680131 -0.483970 -0.834205 
0.241409 0.205641 -0.167401 0.694735 -0.421840 -0.840004 
0.195358 0.169495 -0.174740 0.701681 -0.263955 -0.844701 
0.155367 0.131593 -0.182960 0.702365 -0.050048 -0.848481 
0.121925 0.088876 -0.189408 0.702707 0.112426 -0.851388 
0.094798 0.044458 -0.198287 0.700844 0.212582 -0.853761 
0.073279 -0.020350 -0.213854 0.698465 0.269315 -0.851793 
0.056455 -0.087416 -0.231085 0.694281 0.299106 -0.837320 
0.043400 -0.147871 -0.253309 0.690717 0.313095 -0.802828 
0.033288 -0.197104 -0.282626 0.684589 0.319373 -0.672766 
0.025436 -0.253441 -0.309182 0.678159 0.320945 -0.484067 
0.019305 -0.307577 -0.349368 0.667863 0.320486 -0.337526 
0.014480 -0.351435 -0.400463 0.659372 0.317931 -0.250298 
0.010651 -0.384916 -0.454984 0.643679 0.314365 -0.198559 
0.007584 -0.411295 -0.513207 0.627303 0.310712 -0.172965 
0.005103 -0.428548 -0.554925 0.601251 0.306200 -0.160815 
0.003079 -0.446560 -0.606714 0.579713 0.297432 -0.155896 
0.001413 -0.460982 -0.656701 0.542884 0.289882 -0.154356 
0.001410 -0.469365 -0.691853 0.505580 0.281046 -0.154849 
0.013900 -0.476513 -0.728063 0.457653 0.270065 -0.157660 
0.052522 -0.482245 -0.751876 0.415778 0.251612 -0.159570 
0.177918 -0.487030 -0.771625 0.377019 0.231294 -0.161355 
0.421683 -0.489423 -0.787223 0.334800 0.214672 -0.164788 
0.607375 -0.491302 -0.799091 0.286972 0.199333 -0.167731 
0.678038 -0.494334 -0.809111 0.251324 0.170268 -0.171995 
0.701817 -0.496598 -0.818871 0.212183 0.139555 -0.176464 
0.709885 -0.492352 -0.828471 0.171621 0.104775 -0.187527 
0.708336 -0.479778 -0.835304 0.136903 0.043710 -0.193059 
0.706515 -0.430949 -0.840565 0.108342 -0.013883 -0.203389 
0.704362 -0.291992 -0.845184 0.084647 -0.078029 -0.225861 
0.701796 -0.059339 -0.848796 0.065837 -0.129867 -0.245354 
0.698744 0.099800 -0.851963 0.051525 -0.194756 -0.272257 
0.695061 0.203351 -0.853919 0.041337 -0.248171 -0.303292 
0.690589 0.262218 -0.851121 0.030200 -0.298017 -0.336186 
0.685122 0.295330 -0.837053 0.023046 -0.341900 -0.384688 
0.678401 0.311323 -0.796505 0.017136 -0.372526 -0.438055 
0.670101 0.318490 -0.634254 0.012432 -0.401513 -0.494449 
0.659825 0.318810 -0.459063 0.009051 -0.423802 -0.545725 
0.646998 0.318970 -0.326917 0.006540 -0.441127 -0.592819 
0.630391 0.316297 -0.245521 0.003975 -0.455849 -0.644360 
0.609646 0.313076 -0.197128 0.007812 -0.466486 -0.681794 
0.583988 0.310161 -0.172252 0.028728 -0.474468 -0.717345 
0.552760 0.305925 -0.160156 0.065345 -0.480958 -0.744260 
0.515607 0.299636 -0.155563 0.162532 -0.486388 -0.772998 
0.472689 0.291909 -0.154679 0.358901 -0.490428 -0.791988 
0.424850 0.282269 -0.155711 0.510534 -0.493677 -0.807518 
0.373656 0.269141 -0.157825 0.603329 -0.496516 -0.818485 
0.321252 0.251107 -0.160407 0.656404 -0.491404 -0.828033 
0.270034 0.224572 -0.163535 0.682958 -0.460186 -0.835070 
0.222229 0.191006 -0.169143 0.696149 -0.390944 -0.840927 
0.179521 0.156121 -0.175611 0.702388 -0.248507 -0.845890 
0.142845 0.124906 -0.183395 0.702718 -0.042324 -0.849076 
0.112386 0.072776 -0.189626 0.702272 0.116288 -0.851686 
0.087747 0.009501 -0.203083 0.700626 0.214513 -0.853910 
0.068189 -0.037828 -0.216252 0.697284 0.270281 -0.850467 
0.052845 -0.096155 -0.232283 0.693690 0.299589 -0.836656 
0.040874 -0.152240 -0.253908 0.690421 0.313068 -0.763469 
0.031540 -0.216542 -0.282926 0.684442 0.318689 -0.626722 
0.024240 -0.263159 -0.336158 0.675488 0.320603 -0.461045 
0.018496 -0.312436 -0.362857 0.666527 0.320315 -0.326015 
0.013945 -0.353865 -0.414530 0.658704 0.317845 -0.244543 
0.010307 -0.386131 -0.462018 0.643345 0.314323 -0.195682 
0.007374 -0.411902 -0.516724 0.620512 0.310691 -0.171526 
0.004988 -0.432814 -0.569128 0.597856 0.306190 -0.160096 
0.003030 -0.448693 -0.613816 0.578015 0.297427 -0.155536 
0.001410 -0.462049 -0.660252 0.542036 0.289879 -0.154176 
0.017028 -0.469899 -0.693628 0.505155 0.281044 -0.154759 
0.075473 -0.478324 -0.728951 0.457440 0.263721 -0.157615 
0.274745 -0.483151 -0.760166 0.397850 0.248440 -0.160377 
0.544985 -0.487483 -0.781494 0.345216 0.229708 -0.164299 
0.665165 -0.490332 -0.796226 0.307998 0.206851 -0.167487 
0.699686 -0.493849 -0.811161 0.261837 0.174027 -0.171873 
0.711213 -0.496588 -0.821270 0.211092 0.141435 -0.179362 
0.711211 -0.492347 -0.829671 0.171082 0.086679 -0.188976 
0.709883 -0.459885 -0.835904 0.136633 0.034662 -0.201348 
0.708333 -0.391902 -0.841921 0.105120 -0.026142 -0.219810 
0.706513 -0.200325 -0.846038 0.078546 -0.084158 -0.235462 
0.704359 -0.013505 -0.849591 0.060041 -0.155755 -0.261561 
0.701820 0.142937 -0.852360 0.046556 -0.207700 -0.288188 
0.698784 0.231677 -0.853460 0.036309 -0.266835 -0.323353 
0.695131 0.276381 -0.849729 0.027686 -0.307349 -0.369054 
0.690708 0.302411 -0.824620 0.021464 -0.346566 -0.412609 
0.685325 0.314266 -0.756571 0.016345 -0.380129 -0.457983 
0.678747 0.319962 -0.614288 0.012036 -0.405314 -0.504226 
0.670691 0.319546 -0.449079 0.008853 -0.425692 -0.550574 
0.660230 0.319338 -0.315129 0.006275 -0.442072 -0.605197 
0.646998 0.316481 -0.236556 0.003843 -0.456322 -0.650548 
0.630391 0.313167 -0.192646 0.007746 -0.466720 -0.695536 
0.609646 0.310207 -0.170008 0.028695 -0.475417 -0.725518 
0.583988 0.304513 -0.160083 0.090898 -0.481433 -0.754373 
0.552760 0.298930 -0.155524 0.242727 -0.486628 -0.778054 
0.515607 0.291556 -0.154659 0.418173 -0.490548 -0.794508 
0.472689 0.278685 -0.155701 0.540170 -0.493737 -0.808778 
0.424850 0.257160 -0.157311 0.621723 -0.496545 -0.821284 
0.373656 0.240156 -0.160150 0.666343 -0.484748 -0.829916 
0.321252 0.219130 -0.164198 0.687915 -0.456858 -0.837070 
0.270034 0.188285 -0.169474 0.698272 -0.389280 -0.841437 
0.222229 0.160817 -0.175777 0.703450 -0.151628 -0.846145 
0.179521 0.115417 -0.183478 0.703249 0.047344 -0.849728 
0.142845 0.068301 -0.192269 0.701984 0.161122 -0.852012 
0.112386 0.007264 -0.206785 0.700483 0.240722 -0.854295 
0.087747 -0.053806 -0.218103 0.697212 0.285147 -0.847522 
0.068189 -0.112031 -0.233209 0.693654 0.307022 -0.817910 
0.052845 -0.166997 -0.264738 0.687918 0.316793 -0.747820 
0.040874 -0.223920 -0.288341 0.683190 0.320226 -0.557050 
0.031540 -0.283351 -0.338866 0.674862 0.321372 -0.391224 
0.024240 -0.322532 -0.364211 0.666214 0.319980 -0.291105 
0.018496 -0.358913 -0.415207 0.652073 0.317694 -0.227087 
0.013945 -0.391124 -0.474398 0.640030 0.313576 -0.186954 
0.010307 -0.414399 -0.522914 0.619309 0.310317 -0.167162 
0.007374 -0.434063 -0.574466 0.588741 0.304416 -0.157914 
0.004988 -0.449317 -0.620253 0.547399 0.296540 -0.154445 
0.003030 -0.462361 -0.663471 0.526727 0.287109 -0.153631 
0.001410 -0.470055 -0.695237 0.486661 0.279659 -0.154487 
0.013900 -0.478402 -0.729756 0.439101 0.263029 -0.157479 
0.052522 -0.483190 -0.760565 0.388680 0.247336 -0.160309 
0.177918 -0.487503 -0.775969 0.340631 0.229157 -0.161724 
0.421683 -0.489659 -0.789395 0.305705 0.213604 -0.164973 
0.607375 -0.491420 -0.800177 0.272425 0.198799 -0.169149 
0.678038 -0.494393 -0.809655 0.244050 0.170001 -0.172704 
0.701817 -0.496628 -0.819142 0.208547 0.139421 -0.176819 
0.709885 -0.492367 -0.828607 0.169803 0.104708 -0.182850 
0.708336 -0.479785 -0.835372 0.137486 0.056373 -0.190720 
0.706515 -0.430953 -0.840599 0.108633 -0.007552 -0.202220 
0.704362 -0.291994 -0.845201 0.084793 -0.061037 -0.225276 
0.701817 -0.106486 -0.848805 0.065910 -0.121371 -0.245061 
0.698774 0.076226 -0.851108 0.051561 -0.174361 -0.272111 
0.695107 0.191565 -0.853397 0.041355 -0.237974 -0.303219 
0.690659 0.256324 -0.850860 0.030893 -0.292918 -0.336149 
0.685230 0.292383 -0.836923 0.023392 -0.339351 -0.384670 
0.678568 0.309850 -0.796439 0.017309 -0.371252 -0.428556 
0.670360 0.317753 -0.697246 0.012845 -0.400875 -0.489700 
0.660230 0.318442 -0.490559 0.009258 -0.423484 -0.543351 
0.646996 0.318786 -0.342665 0.006643 -0.440967 -0.591632 
0.630385 0.317380 -0.253395 0.004309 -0.453547 -0.631774 
0.609635 0.314838 -0.201065 0.007979 -0.465335 -0.675501 
0.583971 0.311043 -0.174220 0.028812 -0.473892 -0.714199 
0.552736 0.306366 -0.161140 0.065387 -0.480670 -0.742686 
0.515575 0.299856 -0.156055 0.162553 -0.486245 -0.772211 
0.472650 0.292020 -0.154925 0.358911 -0.490356 -0.791594 
0.424804 0.282324 -0.155834 0.510539 -0.493397 -0.804895 
0.373605 0.269169 -0.157373 0.603332 -0.496375 -0.817174 
0.321199 0.251120 -0.160455 0.656406 -0.491333 -0.827377 
0.269981 0.227865 -0.163559 0.683209 -0.460151 -0.834742 
0.222179 0.205634 -0.169155 0.696274 -0.390927 -0.840763 
0.179476 0.163435 -0.175617 0.702451 -0.248498 -0.845080 
0.142806 0.128563 -0.183398 0.702750 -0.042319 -0.848671 
0.112354 0.074605 -0.189627 0.702287 0.116290 -0.851483 
0.087721 0.010416 -0.203083 0.700634 0.214514 -0.853809 
0.068168 -0.037371 -0.216252 0.698361 0.270281 -0.850416 
0.052829 -0.095926 -0.232284 0.694228 0.299589 -0.836631 
0.040861 -0.152126 -0.253908 0.690690 0.313068 -0.763457 
0.031530 -0.216485 -0.282926 0.684576 0.318689 -0.626716 
0.024232 -0.263131 -0.336158 0.675555 0.320603 -0.461042 
0.018490 -0.312422 -0.362857 0.666561 0.320315 -0.326014 
0.013940 -0.353858 -0.414530 0.658721 0.317845 -0.244542 
0.010303 -0.386127 -0.462018 0.643354 0.314323 -0.195681 
0.007371 -0.411901 -0.516724 0.620516 0.310691 -0.171526 
0.004986 -0.432814 -0.569128 0.597858 0.306190 -0.160096 
0.003028 -0.448693 -0.613816 0.578016 0.297427 -0.155536 
0.001408 -0.462049 -0.660252 0.542036 0.289879 -0.154176 
0.017022 -0.469898 -0.693628 0.505155 0.281044 -0.154759 
0.075452 -0.478324 -0.728951 0.457441 0.263721 -0.157615 
0.274690 -0.483151 -0.760166 0.397850 0.248440 -0.160377 
0.544945 -0.487483 -0.781494 0.345216 0.229708 -0.164299 
0.665151 -0.490332 -0.796226 0.307998 0.206851 -0.167487 
0.699682 -0.493849 -0.811161 0.261837 0.174027 -0.171873 
0.711211 -0.496588 -0.821270 0.211092 0.141435 -0.179362 
0.711209 -0.492347 -0.829671 0.171082 0.086679 -0.188976 
0.709881 -0.459885 -0.835904 0.136633 0.034662 -0.201348 
0.708331 -0.391902 -0.841921 0.105120 -0.026142 -0.219810 
0.706510 -0.200325 -0.846038 0.078546 -0.084158 -0.235462 
0.704359 -0.013505 -0.849591 0.060041 -0.155755 -0.261561 
0.701817 0.142937 -0.852360 0.046556 -0.207700 -0.288188 
0.698774 0.231677 -0.853460 0.036309 -0.266835 -0.323353 
0.695107 0.276381 -0.849729 0.027686 -0.307349 -0.369054 
0.690659 0.302411 -0.824620 0.021464 -0.346566 -0.412609 
0.685230 0.314266 -0.756571 0.016345 -0.380129 -0.457983 
0.678568 0.319962 -0.614288 0.012036 -0.405314 -0.504226 
0.670360 0.319546 -0.449079 0.008853 -0.425692 -0.550574 
0.660141 0.319338 -0.315129 0.006275 -0.442072 -0.605197 
0.646894 0.316481 -0.236556 0.003843 -0.456322 -0.650548 
0.630270 0.313167 -0.192646 0.007746 -0.466720 -0.695536 
0.609505 0.310207 -0.170008 0.028695 -0.475417 -0.725518 
0.583826 0.304513 -0.160083 0.090898 -0.481433 -0.754373 
0.552577 0.298930 -0.155524 0.242727 -0.486628 -0.778054 
0.515405 0.291556 -0.154659 0.418173 -0.490548 -0.794508 
0.472474 0.278685 -0.155701 0.540170 -0.493737 -0.808778 
0.424629 0.257160 -0.157311 0.621723 -0.496545 -0.821284 
0.373439 0.240156 -0.160150 0.666343 -0.484748 -0.829916 
0.321047 0.219130 -0.164198 0.687915 -0.456858 -0.837070 
0.269849 0.188285 -0.169474 0.698272 -0.389280 -0.841437 
0.222069 0.160817 -0.175777 0.703450 -0.151628 -0.846145 
0.179389 0.115417 -0.183478 0.703249 0.047344 -0.849728 
0.142739 0.068301 -0.192269 0.701984 0.161122 -0.852012 
0.112304 0.007264 -0.206785 0.700483 0.240722 -0.854295 
0.087685 -0.053806 -0.218103 0.697212 0.285147 -0.847522 
0.068142 -0.112031 -0.233209 0.693654 0.307022 -0.817910 
0.052810 -0.166997 -0.264738 0.687918 0.316793 -0.747820 
0.040848 -0.223920 -0.288341 0.683190 0.320226 -0.557050 
0.031521 -0.283351 -0.338866 0.674862 0.321372 -0.391224 
0.024225 -0.322532 -0.364211 0.666214 0.319980 -0.291105 
0.018485 -0.358913 -0.415207 0.652073 0.317694 -0.227087 
0.013936 -0.391124 -0.474398 0.640030 0.313576 -0.186954 
0.010301 -0.414399 -0.522914 0.619309 0.310317 -0.167162 
0.007369 -0.434063 -0.574466 0.588741 0.304416 -0.157914 
0.004984 -0.449317 -0.620253 0.547399 0.296540 -0.154445 
0.003027 -0.462361 -0.663471 0.526727 0.287109 -0.153631 
0.013900 -0.470055 -0.695237 0.486661 0.279659 -0.154487 
0.052522 -0.478402 -0.729756 0.439101 0.263029 -0.157479 
0.177918 -0.484484 -0.760565 0.388680 0.247336 -0.160309 
0.421683 -0.488150 -0.775969 0.340631 0.229157 -0.164265 
0.607375 -0.490665 -0.793464 0.305705 0.206576 -0.167470 
0.678038 -0.494015 -0.806298 0.272399 0.187559 -0.171865 
0.701817 -0.496439 -0.817464 0.234881 0.148200 -0.176399 
0.711211 -0.493471 -0.826186 0.182970 0.112051 -0.182640 
0.709846 -0.484294 -0.832883 0.151849 0.060044 -0.190615 
0.708247 -0.433208 -0.839354 0.122895 0.014217 -0.202168 
0.706360 -0.295277 -0.844092 0.091924 -0.050153 -0.220220 
0.704117 -0.093672 -0.847977 0.073971 -0.109877 -0.239770 
0.701457 0.082633 -0.850694 0.057754 -0.168614 -0.263715 
0.698259 0.194768 -0.853190 0.044451 -0.235100 -0.299021 
0.694386 0.257926 -0.852989 0.034319 -0.280535 -0.334050 
0.689666 0.293184 -0.840320 0.025105 -0.333159 -0.374403 
0.683881 0.310250 -0.798138 0.019529 -0.368156 -0.415282 
0.676760 0.317954 -0.698095 0.014585 -0.395668 -0.471390 
0.667975 0.321806 -0.541842 0.010524 -0.417504 -0.526371 
0.656505 0.320468 -0.379974 0.007276 -0.434785 -0.572614 
0.641912 0.318221 -0.272049 0.004625 -0.450455 -0.622265 
0.623509 0.315905 -0.211042 0.005047 -0.462244 -0.670746 
0.600459 0.312682 -0.179198 0.014323 -0.471510 -0.705632 
0.571952 0.307185 -0.163629 0.058143 -0.478112 -0.738403 
0.537384 0.300266 -0.156882 0.158931 -0.483836 -0.760815 
0.496581 0.292224 -0.154430 0.327010 -0.488721 -0.782993 
0.450027 0.282426 -0.154112 0.483535 -0.492579 -0.800594 
0.399008 0.269220 -0.155983 0.589830 -0.495361 -0.815023 
0.345556 0.251146 -0.159760 0.649655 -0.494989 -0.826302 
0.292177 0.227877 -0.163212 0.680131 -0.483970 -0.834205 
0.241409 0.205641 -0.167401 0.694735 -0.421840 -0.840004 
0.195358 0.169495 -0.174740 0.701681 -0.263955 -0.844701 
0.155367 0.131593 -0.182960 0.702365 -0.050048 -0.848481 
0.121925 0.088876 -0.189408 0.702707 0.112426 -0.851388 
0.094798 0.044458 -0.198287 0.700844 0.212582 -0.853761 
0.073279 -0.020350 -0.213854 0.698465 0.269315 -0.851793 
0.056455 -0.087416 -0.231085 0.694281 0.299106 -0.837320 
0.043400 -0.147871 -0.253309 0.690717 0.313095 -0.802828 
0.033288 -0.197104 -0.282626 0.684589 0.319373 -0.672766 
0.025436 -0.253441 -0.309182 0.678159 0.320945 -0.484067 
0.019305 -0.307577 -0.349368 0.667863 0.320486 -0.337526 
0.014480 -0.351435 -0.400463 0.659372 0.317931 -0.250298 
0.010651 -0.384916 -0.454984 0.643679 0.314365 -0.198559 
0.007584 -0.411295 -0.513207 0.627303 0.310712 -0.172965 
0.005103 -0.428548 -0.554925 0.601251 0.306200 -0.160815 
0.003079 -0.446560 -0.606714 0.579713 0.297432 -0.155896 
0.001413 -0.460982 -0.656701 0.542884 0.289882 -0.154356 
0.001410 -0.469365 -0.691853 0.505580 0.281046 -0.154849 
0.013900 -0.476513 -0.728063 0.457653 0.270065 -0.157660 
0.052522 -0.482245 -0.751876 0.415778 0.251612 -0.159570 
0.177918 -0.487030 -0.771625 0.377019 0.231294 -0.161355 
0.421683 -0.489423 -0.787223 0.334800 0.214672 -0.164788 
0.607375 -0.491302 -0.799091 0.286972 0.199333 -0.167731 
0.678038 -0.494334 -0.809111 0.251324 0.170268 -0.171995 
0.701817 -0.496598 -0.818871 0.212183 0.139555 -0.176464 
0.709885 -0.492352 -0.828471 0.171621 0.104775 -0.187527 
0.708336 -0.479778 -0.835304 0.136903 0.043710 -0.193059 
0.706515 -0.430949 -0.840565 0.108342 -0.013883 -0.203389 
0.704362 -0.291992 -0.845184 0.084647 -0.078029 -0.225861 
0.701796 -0.059339 -0.848796 0.065837 -0.129867 -0.245354 
0.698744 0.099800 -0.851963 0.051525 -0.194756 -0.272257 
0.695061 0.203351 -0.853919 0.041337 -0.248171 -0.303292 
0.690589 0.262218 -0.851121 0.030200 -0.298017 -0.336186 
0.685122 0.295330 -0.837053 0.023046 -0.341900 -0.384688 
0.678401 0.311323 -0.796505 0.017136 -0.372526 -0.438055 
0.670101 0.318490 -0.634254 0.012432 -0.401513 -0.494449 
0.659825 0.318810 -0.459063 0.009051 -0.423802 -0.545725 
0.646998 0.318970 -0.326917 0.006540 -0.441127 -0.592819 
0.630391 0.316297 -0.245521 0.003975 -0.455849 -0.644360 
0.609646 0.313076 -0.197128 0.007812 -0.466486 -0.681794 
0.583988 0.310161 -0.172252 0.028728 -0.474468 -0.717345 
0.552760 0.305925 -0.160156 0.065345 -0.480958 -0.744260 
0.515607 0.299636 -0.155563 0.162532 -0.486388 -0.772998 
0.472689 0.291909 -0.154679 0.358901 -0.490428 -0.791988 
0.424850 0.282269 -0.155711 0.510534 -0.493677 -0.807518 
0.373656 0.269141 -0.157825 0.603329 -0.496516 -0.818485 
0.321252 0.251107 -0.160407 0.656404 -0.491404 -0.828033 
0.270034 0.224572 -0.163535 0.682958 -0.460186 -0.835070 
0.222229 0.191006 -0.169143 0.696149 -0.390944 -0.840927 
0.179521 0.156121 -0.175611 0.702388 -0.248507 -0.845890 
0.142845 0.124906 -0.183395 0.702718 -0.042324 -0.849076 
0.112386 0.072776 -0.189626 0.702272 0.116288 -0.851686 
0.087747 0.009501 -0.203083 0.700626 0.214513 -0.853910 
0.068189 -0.037828 -0.216252 0.697284 0.270281 -0.850467 
0.052845 -0.096155 -0.232283 0.693690 0.299589 -0.836656 
0.040874 -0.152240 -0.253908 0.690421 0.313068 -0.763469 
0.031540 -0.216542 -0.282926 0.684442 0.318689 -0.626722 
0.024240 -0.263159 -0.336158 0.675488 0.320603 -0.461045 
0.018496 -0.312436 -0.362857 0.666527 0.320315 -0.326015 
0.013945 -0.353865 -0.414530 0.658704 0.317845 -0.244543 
0.010307 -0.386131 -0.462018 0.643345 0.314323 -0.195682 
0.007374 -0.411902 -0.516724 0.620512 0.310691 -0.171526 
0.004988 -0.432814 -0.569128 0.597856 0.306190 -0.160096 
0.003030 -0.448693 -0.613816 0.578015 0.297427 -0.155536 
0.001410 -0.462049 -0.660252 0.542036 0.289879 -0.154176 
0.017028 -0.469899 -0.693628 0.505155 0.281044 -0.154759 
0.075473 -0.478324 -0.728951 0.457440 0.263721 -0.157615 
0.274745 -0.483151 -0.760166 0.397850 0.248440 -0.160377 
0.544985 -0.487483 -0.781494 0.345216 0.229708 -0.164299 
0.665165 -0.490332 -0.796226 0.307998 0.206851 -0.167487 
0.699686 -0.493849 -0.811161 0.261837 0.174027 -0.171873 
0.711213 -0.496588 -0.821270 0.211092 0.141435 -0.179362 
0.711211 -0.492347 -0.829671 0.171082 0.086679 -0.188976 
0.709883 -0.459885 -0.835904 0.136633 0.034662 -0.201348 
0.708333 -0.391902 -0.841921 0.105120 -0.026142 -0.219810 
0.706513 -0.200325 -0.846038 0.078546 -0.084158 -0.235462 
0.704359 -0.013505 -0.849591 0.060041 -0.155755 -0.261561 
0.701820 0.142937 -0.852360 0.046556 -0.207700 -0.288188 
0.698784 0.231677 -0.853460 0.036309 -0.266835 -0.323353 
0.695131 0.276381 -0.849729 0.027686 -0.307349 -0.369054 
0.690708 0.302411 -0.824620 0.021464 -0.346566 -0.412609 
0.685325 0.314266 -0.756571 0.016345 -0.380129 -0.457983 
0.678747 0.319962 -0.614288 0.012036 -0.405314 -0.504226 
0.670691 0.319546 -0.449079 0.008853 -0.425692 -0.550574 
0.660230 0.319338 -0.315129 0.006275 -0.442072 -0.605197 
0.646998 0.316481 -0.236556 0.003843 -0.456322 -0.650548 
0.630391 0.313167 -0.192646 0.007746 -0.466720 -0.695536 
0.609646 0.310207 -0.170008 0.028695 -0.475417 -0.725518 
0.583988 0.304513 -0.160083 0.090898 -0.481433 -0.754373 
0.552760 0.298930 -0.155524 0.242727 -0.486628 -0.778054 
0.515607 0.291556 -0.154659 0.418173 -0.490548 -0.794508 
0.472689 0.278685 -0.155701 0.540170 -0.493737 -0.808778 
0.424850 0.257160 -0.157311 0.621723 -0.496545 -0.821284 
0.373656 0.240156 -0.160150 0.666343 -0.484748 -0.829916 
0.321252 0.219130 -0.164198 0.687915 -0.456858 -0.837070 
0.270034 0.188285 -0.169474 0.698272 -0.389280 -0.841437 
0.222229 0.160817 -0.175777 0.703450 -0.151628 -0.846145 
0.179521 0.115417 -0.183478 0.703249 0.047344 -0.849728 
0.142845 0.068301 -0.192269 0.701984 0.161122 -0.852012 
0.112386 0.007264 -0.206785 0.700483 0.240722 -0.854295 
0.087747 -0.053806 -0.218103 0.697212 0.285147 -0.847522 
0.068189 -0.112031 -0.233209 0.693654 0.307022 -0.817910 
0.052845 -0.166997 -0.264738 0.687918 0.316793 -0.747820 
0.040874 -0.223920 -0.288341 0.683190 0.320226 -0.557050 
0.031540 -0.283351 -0.338866 0.674862 0.321372 -0.391224 
0.024240 -0.322532 -0.364211 0.666214 0.319980 -0.291105 
0.018496 -0.358913 -0.415207 0.652073 0.317694 -0.227087 
0.013945 -0.391124 -0.474398 0.640030 0.313576 -0.186954 
0.010307 -0.414399 -0.522914 0.619309 0.310317 -0.167162 
0.007374 -0.434063 -0.574466 0.588741 0.304416 -0.157914 
0.004988 -0.449317 -0.620253 0.547399 0.296540 -0.154445 
0.003030 -0.462361 -0.663471 0.526727 0.287109 -0.153631 
0.001410 -0.470055 -0.695237 0.486661 0.279659 -0.154487 
0.013900 -0.478402 -0.729756 0.439101 0.263029 -0.157479 
0.052522 -0.483190 -0.760565 0.388680 0.247336 -0.160309 
0.177918 -0.487503 -0.775969 0.340631 0.229157 -0.161724 
0.421683 -0.489659 -0.789395 0.305705 0.213604 -0.164973 
0.607375 -0.491420 -0.800177 0.272425 0.198799 -0.169149 
0.678038 -0.494393 -0.809655 0.244050 0.170001 -0.172704 
0.701817 -0.496628 -0.819142 0.208547 0.139421 -0.176819 
0.709885 -0.492367 -0.828607 0.169803 0.104708 -0.182850 
0.708336 -0.479785 -0.835372 0.137486 0.056373 -0.190720 
0.706515 -0.430953 -0.840599 0.108633 -0.007552 -0.202220 
0.704362 -0.291994 -0.845201 0.084793 -0.061037 -0.225276 
0.701817 -0.106486 -0.848805 0.065910 -0.121371 -0.245061 
0.698774 0.076226 -0.851108 0.051561 -0.174361 -0.272111 
0.695107 0.191565 -0.853397 0.041355 -0.237974 -0.303219 
0.690659 0.256324 -0.850860 0.030893 -0.292918 -0.336149 
0.685230 0.292383 -0.836923 0.023392 -0.339351 -0.384670 
0.678568 0.309850 -0.796439 0.017309 -0.371252 -0.428556 
0.670360 0.317753 -0.697246 0.012845 -0.400875 -0.489700 
0.660230 0.318442 -0.490559 0.009258 -0.423484 -0.543351 
0.646996 0.318786 -0.342665 0.006643 -0.440967 -0.591632 
0.630385 0.317380 -0.253395 0.004309 -0.453547 -0.631774 
0.609635 0.314838 -0.201065 0.007979 -0.465335 -0.675501 
0.583971 0.311043 -0.174220 0.028812 -0.473892 -0.714199 
0.552736 0.306366 -0.161140 0.065387 -0.480670 -0.742686 
0.515575 0.299856 -0.156055 0.162553 -0.486245 -0.772211 
0.472650 0.292020 -0.154925 0.358911 -0.490356 -0.791594 
0.424804 0.282324 -0.155834 0.510539 -0.493397 -0.804895 
0.373605 0.269169 -0.157373 0.603332 -0.496375 -0.817174 
0.321199 0.251120 -0.160455 0.656406 -0.491333 -0.827377 
0.269981 0.227865 -0.163559 0.683209 -0.460151 -0.834742 
0.222179 0.205634 -0.169155 0.696274 -0.390927 -0.840763 
0.179476 0.163435 -0.175617 0.702451 -0.248498 -0.845080 
0.142806 0.128563 -0.183398 0.702750 -0.042319 -0.848671 
0.112354 0.074605 -0.189627 0.702287 0.116290 -0.851483 
0.087721 0.010416 -0.203083 0.700634 0.214514 -0.853809 
0.068168 -0.037371 -0.216252 0.698361 0.270281 -0.850416 
0.052829 -0.095926 -0.232284 0.694228 0.299589 -0.836631 
0.040861 -0.152126 -0.253908 0.690690 0.313068 -0.763457 
0.031530 -0.216485 -0.282926 0.684576 0.318689 -0.626716 
0.024232 -0.263131 -0.336158 0.675555 0.320603 -0.461042 
0.018490 -0.312422 -0.362857 0.666561 0.320315 -0.326014 
0.013940 -0.353858 -0.414530 0.658721 0.317845 -0.244542 
0.010303 -0.386127 -0.462018 0.643354 0.314323 -0.195681 
0.007371 -0.411901 -0.516724 0.620516 0.310691 -0.171526 
0.004986 -0.432814 -0.569128 0.597858 0.306190 -0.160096 
0.003028 -0.448693 -0.613816 0.578016 0.297427 -0.155536 
0.001408 -0.462049 -0.660252 0.542036 0.289879 -0.154176 
0.017022 -0.469898 -0.693628 0.505155 0.281044 -0.154759 
0.075452 -0.478324 -0.728951 0.457441 0.263721 -0.157615 
0.274690 -0.483151 -0.760166 0.397850 0.248440 -0.160377 
0.544945 -0.487483 -0.781494 0.345216 0.229708 -0.164299 
0.665151 -0.490332 -0.796226 0.307998 0.206851 -0.167487 
0.699682 -0.493849 -0.811161 0.261837 0.174027 -0.171873 
0.711211 -0.496588 -0.821270 0.211092 0.141435 -0.179362 
0.711209 -0.492347 -0.829671 0.171082 0.086679 -0.188976 
0.709881 -0.459885 -0.835904 0.136633 0.034662 -0.201348 
0.708331 -0.391902 -0.841921 0.105120 -0.026142 -0.219810 
0.706510 -0.200325 -0.846038 0.078546 -0.084158 -0.235462 
0.704359 -0.013505 -0.849591 0.060041 -0.155755 -0.261561 
0.701817 0.142937 -0.852360 0.046556 -0.207700 -0.288188 
0.698774 0.231677 -0.853460 0.036309 -0.266835 -0.323353 
0.695107 0.276381 -0.849729 0.027686 -0.307349 -0.369054 
0.690659 0.302411 -0.824620 0.021464 -0.346566 -0.412609 
0.685230 0.314266 -0.756571 0.016345 -0.380129 -0.457983 
0.678568 0.319962 -0.614288 0.012036 -0.405314 -0.504226 
0.670360 0.319546 -0.449079 0.008853 -0.425692 -0.550574 
0.660141 0.319338 -0.315129 0.006275 -0.442072 -0.605197 
0.646894 0.316481 -0.236556 0.003843 -0.456322 -0.650548 
0.630270 0.313167 -0.192646 0.007746 -0.466720 -0.695536 
0.609505 0.310207 -0.170008 0.028695 -0.475417 -0.725518 
0.583826 0.304513 -0.160083 0.090898 -0.481433 -0.754373 
0.552577 0.298930 -0.155524 0.242727 -0.486628 -0.778054 
0.515405 0.291556 -0.154659 0.418173 -0.490548 -0.794508 
0.472474 0.278685 -0.155701 0.540170 -0.493737 -0.808778 
0.424629 0.257160 -0.157311 0.621723 -0.496545 -0.821284 
0.373439 0.240156 -0.160150 0.666343 -0.484748 -0.829916 
0.321047 0.219130 -0.164198 0.687915 -0.456858 -0.837070 
0.269849 0.188285 -0.169474 0.698272 -0.389280 -0.841437 
0.222069 0.160817 -0.175777 0.703450 -0.151628 -0.846145 
0.179389 0.115417 -0.183478 0.703249 0.047344 -0.849728 
0.142739 0.068301 -0.192269 0.701984 0.161122 -0.852012 
0.112304 0.007264 -0.206785 0.700483 0.240722 -0.854295 
0.087685 -0.053806 -0.218103 0.697212 0.285147 -0.847522 
0.068142 -0.112031 -0.233209 0.693654 0.307022 -0.817910 
0.052810 -0.166997 -0.264738 0.687918 0.316793 -0.747820 
0.040848 -0.223920 -0.288341 0.683190 0.320226 -0.557050 
0.031521 -0.283351 -0.338866 0.674862 0.321372 -0.391224 
0.024225 -0.322532 -0.364211 0.666214 0.319980 -0.291105 
0.018485 -0.358913 -0.415207 0.652073 0.317694 -0.227087 
0.013936 -0.391124 -0.474398 0.640030 0.313576 -0.186954 
0.010301 -0.414399 -0.522914 0.619309 0.310317 -0.167162 
0.007369 -0.434063 -0.574466 0.588741 0.304416 -0.157914 
0.004984 -0.449317 -0.620253 0.547399 0.296540 -0.154445 
0.003027 -0.462361 -0.663471 0.526727 0.287109 -0.153631 
0.013900 -0.470055 -0.695237 0.486661 0.279659 -0.154487 
0.052522 -0.478402 -0.729756 0.439101 0.263029 -0.157479 
0.177918 -0.484484 -0.760565 0.388680 0.247336 -0.160309 
0.421683 -0.488150 -0.775969 0.340631 0.229157 -0.164265 
0.607375 -0.490665 -0.793464 0.305705 0.206576 -0.167470 
0.678038 -0.494015 -0.806298 0.272399 0.187559 -0.171865 
0.701817 -0.496439 -0.817464 0.234881 0.148200 -0.176399 
0.711211 -0.493471 -0.826186 0.182970 0.112051 -0.182640 
0.709846 -0.484294 -0.832883 0.151849 0.060044 -0.190615 
0.708247 -0.433208 -0.839354 0.122895 0.014217 -0.202168 
0.706360 -0.295277 -0.844092 0.091924 -0.050153 -0.220220 
0.704117 -0.093672 -0.847977 0.073971 -0.109877 -0.239770 
0.701457 0.082633 -0.850694 0.057754 -0.168614 -0.263715 
0.698259 0.194768 -0.853190 0.044451 -0.235100 -0.299021 
0.694386 0.257926 -0.852989 0.034319 -0.280535 -0.334050 
0.689666 0.293184 -0.840320 0.025105 -0.333159 -0.374403 
0.683881 0.310250 -0.798138 0.019529 -0.368156 -0.415282 
0.676760 0.317954 -0.698095 0.014585 -0.395668 -0.471390 
0.667975 0.321806 -0.541842 0.010524 -0.417504 -0.526371 
0.656505 0.320468 -0.379974 0.007276 -0.434785 -0.572614 
0.641912 0.318221 -0.272049 0.004625 -0.450455 -0.622265 
0.623509 0.315905 -0.211042 0.005047 -0.462244 -0.670746 
0.600459 0.312682 -0.179198 0.014323 -0.471510 -0.705632 
0.571952 0.307185 -0.163629 0.058143 -0.478112 -0.738403 
0.537384 0.300266 -0.156882 0.158931 -0.483836 -0.760815 
0.496581 0.292224 -0.154430 0.327010 -0.488721 -0.782993 
0.450027 0.282426 -0.154112 0.483535 -0.492579 -0.800594 
0.399008 0.269220 -0.155983 0.589830 -0.495361 -0.815023 
0.345556 0.251146 -0.159760 0.649655 -0.494989 -0.826302 
0.292177 0.227877 -0.163212 0.680131 -0.483970 -0.834205 
0.241409 0.205641 -0.167401 0.694735 -0.421840 -0.840004 
0.195358 0.169495 -0.174740 0.701681 -0.263955 -0.844701 
0.155367 0.131593 -0.182960 0.702365 -0.050048 -0.848481 
0.121925 0.088876 -0.189408 0.702707 0.112426 -0.851388 
0.094798 0.044458 -0.198287 0.700844 0.212582 -0.853761 
0.073279 -0.020350 -0.213854 0.698465 0.269315 -0.851793 
0.056455 -0.087416 -0.231085 0.694281 0.299106 -0.837320 
0.043400 -0.147871 -0.253309 0.690717 0.313095 -0.802828 
0.033288 -0.197104 -0.282626 0.684589 0.319373 -0.672766 
0.025436 -0.253441 -0.309182 0.678159 0.320945 -0.484067 
0.019305 -0.307577 -0.349368 0.667863 0.320486 -0.337526 
0.014480 -0.351435 -0.400463 0.659372 0.317931 -0.250298 
0.010651 -0.384916 -0.454984 0.643679 0.314365 -0.198559 
0.007584 -0.411295 -0.513207 0.627303 0.310712 -0.172965 
0.005103 -0.428548 -0.554925 0.601251 0.306200 -0.160815 
0.003079 -0.446560 -0.606714 0.579713 0.297432 -0.155896 
0.001413 -0.460982 -0.656701 0.542884 0.289882 -0.154356 
0.001410 -0.469365 -0.691853 0.505580 0.281046 -0.154849 
0.013900 -0.476513 -0.728063 0.457653 0.270065 -0.157660 
0.052522 -0.482245 -0.751876 0.415778 0.251612 -0.159570 
0.177918 -0.487030 -0.771625 0.377019 0.231294 -0.161355 
0.421683 -0.489423 -0.787223 0.334800 0.214672 -0.164788 
0.607375 -0.491302 -0.799091 0.286972 0.199333 -0.167731 
0.678038 -0.494334 -0.809111 0.251324 0.170268 -0.171995 
0.701817 -0.496598 -0.818871 0.212183 0.139555 -0.176464 
0.709885 -0.492352 -0.828471 0.171621 0.104775 -0.187527 
0.708336 -0.479778 -0.835304 0.136903 0.043710 -0.193059 
0.706515 -0.430949 -0.840565 0.108342 -0.013883 -0.203389 
0.704362 -0.291992 -0.845184 0.084647 -0.078029 -0.225861 
0.701796 -0.059339 -0.848796 0.065837 -0.129867 -0.245354 
0.698744 0.099800 -0.851963 0.051525 -0.194756 -0.272257 
0.695061 0.203351 -0.853919 0.041337 -0.248171 -0.303292 
0.690589 0.262218 -0.851121 0.030200 -0.298017 -0.336186 
0.685122 0.295330 -0.837053 0.023046 -0.341900 -0.384688 
0.678401 0.311323 -0.796505 0.017136 -0.372526 -0.438055 
0.670101 0.318490 -0.634254 0.012432 -0.401513 -0.494449 
0.659825 0.318810 -0.459063 0.009051 -0.423802 -0.545725 
0.646998 0.318970 -0.326917 0.006540 -0.441127 -0.592819 
0.630391 0.316297 -0.245521 0.003975 -0.455849 -0.644360 
0.609646 0.313076 -0.197128 0.007812 -0.466486 -0.681794 
0.583988 0.310161 -0.172252 0.028728 -0.474468 -0.717345 
0.552760 0.305925 -0.160156 0.065345 -0.480958 -0.744260 
0.515607 0.299636 -0.155563 0.162532 -0.486388 -0.772998 
0.472689 0.291909 -0.154679 0.358901 -0.490428 -0.791988 
0.424850 0.282269 -0.155711 0.510534 -0.493677 -0.807518 
0.373656 0.269141 -0.157825 0.603329 -0.496516 -0.818485 
0.321252 0.251107 -0.160407 0.656404 -0.491404 -0.828033 
0.270034 0.224572 -0.163535 0.682958 -0.460186 -0.835070 
0.222229 0.191006 -0.169143 0.696149 -0.390944 -0.840927 
0.179521 0.156121 -0.175611 0.702388 -0.248507 -0.845890 
0.142845 0.124906 -0.183395 0.702718 -0.042324 -0.849076 
0.112386 0.072776 -0.189626 0.702272 0.116288 -0.851686 
0.087747 0.009501 -0.203083 0.700626 0.214513 -0.853910 
0.068189 -0.037828 -0.216252 0.697284 0.270281 -0.850467 
0.052845 -0.096155 -0.232283 0.693690 0.299589 -0.836656 
0.040874 -0.152240 -0.253908 0.690421 0.313068 -0.763469 
0.031540 -0.216542 -0.282926 0.684442 0.318689 -0.626722 
0.024240 -0.263159 -0.336158 0.675488 0.320603 -0.461045 
0.018496 -0.312436 -0.362857 0.666527 0.320315 -0.326015 
0.013945 -0.353865 -0.414530 0.658704 0.317845 -0.244543 
0.010307 -0.386131 -0.462018 0.643345 0.314323 -0.195682 
0.007374 -0.411902 -0.516724 0.620512 0.310691 -0.171526 
0.004988 -0.432814 -0.569128 0.597856 0.306190 -0.160096 
0.003030 -0.448693 -0.613816 0.578015 0.297427 -0.155536 
0.001410 -0.462049 -0.660252 0.542036 0.289879 -0.154176 
0.017028 -0.469899 -0.693628 0.505155 0.281044 -0.154759 
0.075473 -0.478324 -0.728951 0.457440 0.263721 -0.157615 
0.274745 -0.483151 -0.760166 0.397850 0.248440 -0.160377 
0.544985 -0.487483 -0.781494 0.345216 0.229708 -0.164299 
0.665165 -0.490332 -0.796226 0.307998 0.206851 -0.167487 
0.699686 -0.493849 -0.811161 0.261837 0.174027 -0.171873 
0.711213 -0.496588 -0.821270 0.211092 0.141435 -0.179362 
0.711211 -0.492347 -0.829671 0.171082 0.086679 -0.188976 
0.709883 -0.459885 -0.835904 0.136633 0.034662 -0.201348 
0.708333 -0.391902 -0.841921 0.105120 -0.026142 -0.219810 
0.706513 -0.200325 -0.846038 0.078546 -0.084158 -0.235462 
0.704359 -0.013505 -0.849591 0.060041 -0.155755 -0.261561 
0.701820 0.142937 -0.852360 0.046556 -0.207700 -0.288188 
0.698784 0.231677 -0.853460 0.036309 -0.266835 -0.323353 
0.695131 0.276381 -0.849729 0.027686 -0.307349 -0.369054 
0.690708 0.302411 -0.824620 0.021464 -0.346566 -0.412609 
0.685325 0.314266 -0.756571 0.016345 -0.380129 -0.457983 
0.678747 0.319962 -0.614288 0.012036 -0.405314 -0.504226 
0.670691 0.319546 -0.449079 0.008853 -0.425692 -0.550574 
0.660230 0.319338 -0.315129 0.006275 -0.442072 -0.605197 
0.646998 0.316481 -0.236556 0.003843 -0.456322 -0.650548 
0.630391 0.313167 -0.192646 0.007746 -0.466720 -0.695536 
0.609646 0.310207 -0.170008 0.028695 -0.475417 -0.725518 
0.583988 0.304513 -0.160083 0.090898 -0.481433 -0.754373 
0.552760 0.298930 -0.155524 0.242727 -0.486628 -0.778054 
0.515607 0.291556 -0.154659 0.418173 -0.490548 -0.794508 
0.472689 0.278685 -0.155701 0.540170 -0.493737 -0.808778 
0.424850 0.257160 -0.157311 0.621723 -0.496545 -0.821284 
0.373656 0.240156 -0.160150 0.666343 -0.484748 -0.829916 
0.321252 0.219130 -0.164198 0.687915 -0.456858 -0.837070 
0.270034 0.188285 -0.169474 0.698272 -0.389280 -0.841437 
0.222229 0.160817 -0.175777 0.703450 -0.151628 -0.846145 
0.179521 0.115417 -0.183478 0.703249 0.047344 -0.849728 
0.142845 0.068301 -0.192269 0.701984 0.161122 -0.852012 
0.112386 0.007264 -0.206785 0.700483 0.240722 -0.854295 
0.087747 -0.053806 -0.218103 0.697212 0.285147 -0.847522 
0.068189 -0.112031 -0.233209 0.693654 0.307022 -0.817910 
0.052845 -0.166997 -0.264738 0.687918 0.316793 -0.747820 
0.040874 -0.223920 -0.288341 0.683190 0.320226 -0.557050 
0.031540 -0.283351 -0.338866 0.674862 0.321372 -0.391224 
0.024240 -0.322532 -0.364211 0.666214 0.319980 -0.291105 
0.018496 -0.358913 -0.415207 0.652073 0.317694 -0.227087 
0.013945 -0.391124 -0.474398 0.640030 0.313576 -0.186954 
0.010307 -0.414399 -0.522914 0.619309 0.310317 -0.167162 
0.007374 -0.434063 -0.574466 0.588741 0.304416 -0.157914 
0.004988 -0.449317 -0.620253 0.547399 0.296540 -0.154445 
0.003030 -0.462361 -0.663471 0.526727 0.287109 -0.153631 
0.001410 -0.470055 -0.695237 0.486661 0.279659 -0.154487 
0.013900 -0.478402 -0.729756 0.439101 0.263029 -0.157479 
0.052522 -0.483190 -0.760565 0.388680 0.247336 -0.160309 
0.177918 -0.487503 -0.775969 0.340631 0.229157 -0.161724 
0.421683 -0.489659 -0.789395 0.305705 0.213604 -0.164973 
0.607375 -0.491420 -0.800177 0.272425 0.198799 -0.169149 
0.678038 -0.494393 -0.809655 0.244050 0.170001 -0.172704 
0.701817 -0.496628 -0.819142 0.208547 0.139421 -0.176819 
0.709885 -0.492367 -0.828607 0.169803 0.104708 -0.182850 
0.708336 -0.479785 -0.835372 0.137486 0.056373 -0.190720 
0.706515 -0.430953 -0.840599 0.108633 -0.007552 -0.202220 
0.704362 -0.291994 -0.845201 0.084793 -0.061037 -0.225276 
0.701817 -0.106486 -0.848805 0.065910 -0.121371 -0.245061 
0.698774 0.076226 -0.851108 0.051561 -0.174361 -0.272111 
0.695107 0.191565 -0.853397 0.041355 -0.237974 -0.303219 
0.690659 0.256324 -0.850860 0.030893 -0.292918 -0.336149 
0.685230 0.292383 -0.836923 0.023392 -0.339351 -0.384670 
0.678568 0.309850 -0.796439 0.017309 -0.371252 -0.428556 
0.670360 0.317753 -0.697246 0.012845 -0.400875 -0.489700 
0.660230 0.318442 -0.490559 0.009258 -0.423484 -0.543351 
0.646996 0.318786 -0.342665 0.006643 -0.440967 -0.591632 
0.630385 0.317380 -0.253395 0.004309 -0.453547 -0.631774 
0.609635 0.314838 -0.201065 0.007979 -0.465335 -0.675501 
0.583971 0.311043 -0.174220 0.028812 -0.473892 -0.714199 
0.552736 0.306366 -0.161140 0.065387 -0.480670 -0.742686 
0.515575 0.299856 -0.156055 0.162553 -0.486245 -0.772211 
0.472650 0.292020 -0.154925 0.358911 -0.490356 -0.791594 
0.424804 0.282324 -0.155834 0.510539 -0.493397 -0.804895 
0.373605 0.269169 -0.157373 0.603332 -0.496375 -0.817174 
0.321199 0.251120 -0.160455 0.656406 -0.491333 -0.827377 
0.269981 0.227865 -0.163559 0.683209 -0.460151 -0.834742 
0.222179 0.205634 -0.169155 0.696274 -0.390927 -0.840763 
0.179476 0.163435 -0.175617 0.702451 -0.248498 -0.845080 
0.142806 0.128563 -0.183398 0.702750 -0.042319 -0.848671 
0.112354 0.074605 -0.189627 0.702287 0.116290 -0.851483 
0.087721 0.010416 -0.203083 0.700634 0.214514 -0.853809 
0.068168 -0.037371 -0.216252 0.698361 0.270281 -0.850416 
0.052829 -0.095926 -0.232284 0.694228 0.299589 -0.836631 
0.040861 -0.152126 -0.253908 0.690690 0.313068 -0.763457 
0.031530 -0.216485 -0.282926 0.684576 0.318689 -0.626716 
0.024232 -0.263131 -0.336158 0.675555 0.320603 -0.461042 
0.018490 -0.312422 -0.362857 0.666561 0.320315 -0.326014 
0.013940 -0.353858 -0.414530 0.658721 0.317845 -0.244542 
0.010303 -0.386127 -0.462018 0.643354 0.314323 -0.195681 
0.007371 -0.411901 -0.516724 0.620516 0.310691 -0.171526 
0.004986 -0.432814 -0.569128 0.597858 0.306190 -0.160096 
0.003028 -0.448693 -0.613816 0.578016 0.297427 -0.155536 
0.001408 -0.462049 -0.660252 0.542036 0.289879 -0.154176 
0.017022 -0.469898 -0.693628 0.505155 0.281044 -0.154759 
0.075452 -0.478324 -0.728951 0.457441 0.263721 -0.157615 
0.274690 -0.483151 -0.760166 0.397850 0.248440 -0.160377 
0.544945 -0.487483 -0.781494 0.345216 0.229708 -0.164299 
0.665151 -0.490332 -0.796226 0.307998 0.206851 -0.167487 
0.699682 -0.493849 -0.811161 0.261837 0.174027 -0.171873 
0.711211 -0.496588 -0.821270 0.211092 0.141435 -0.179362 
0.711209 -0.492347 -0.829671 0.171082 0.086679 -0.188976 
0.709881 -0.459885 -0.835904 0.136633 0.034662 -0.201348 
0.708331 -0.391902 -0.841921 0.105120 -0.026142 -0.219810 
0.706510 -0.200325 -0.846038 0.078546 -0.084158 -0.235462 
0.704359 -0.013505 -0.849591 0.060041 -0.155755 -0.261561 
0.701817 0.142937 -0.852360 0.046556 -0.207700 -0.288188 
0.698774 0.231677 -0.853460 0.036309 -0.266835 -0.323353 
0.695107 0.276381 -0.849729 0.027686 -0.307349 -0.369054 
0.690659 0.302411 -0.824620 0.021464 -0.346566 -0.412609 
0.685230 0.314266 -0.756571 0.016345 -0.380129 -0.457983 
0.678568 0.319962 -0.614288 0.012036 -0.405314 -0.504226 
0.670360 0.319546 -0.449079 0.008853 -0.425692 -0.550574 
0.660141 0.319338 -0.315129 0.006275 -0.442072 -0.605197 
0.646894 0.316481 -0.236556 0.003843 -0.456322 -0.650548 
0.630270 0.313167 -0.192646 0.007746 -0.466720 -0.695536 
0.609505 0.310207 -0.170008 0.028695 -0.475417 -0.725518 
0.583826 0.304513 -0.160083 0.090898 -0.481433 -0.754373 
0.552577 0.298930 -0.155524 0.242727 -0.486628 -0.778054 
0.515405 0.291556 -0.154659 0.418173 -0.490548 -0.794508 
0.472474 0.278685 -0.155701 0.540170 -0.493737 -0.808778 
0.424629 0.257160 -0.157311 0.621723 -0.496545 -0.821284 
0.373439 0.240156 -0.160150 0.666343 -0.484748 -0.829916 
0.321047 0.219130 -0.164198 0.687915 -0.456858 -0.837070 
0.269849 0.188285 -0.169474 0.698272 -0.389280 -0.841437 
0.222069 0.160817 -0.175777 0.703450 -0.151628 -0.846145 
0.179389 0.115417 -0.183478 0.703249 0.047344 -0.849728 
0.142739 0.068301 -0.192269 0.701984 0.161122 -0.852012 
0.112304 0.007264 -0.206785 0.700483 0.240722 -0.854295 
0.087685 -0.053806 -0.218103 0.697212 0.285147 -0.847522 
0.068142 -0.112031 -0.233209 0.693654 0.307022 -0.817910 
0.052810 -0.166997 -0.264738 0.687918 0.316793 -0.747820 
0.040848 -0.223920 -0.288341 0.683190 0.320226 -0.557050 
0.031521 -0.283351 -0.338866 0.674862 0.321372 -0.391224 
0.024225 -0.322532 -0.364211 0.666214 0.319980 -0.291105 
0.018485 -0.358913 -0.415207 0.652073 0.317694 -0.227087 
0.013936 -0.391124 -0.474398 0.640030 0.313576 -0.186954 
0.010301 -0.414399 -0.522914 0.619309 0.310317 -0.167162 
0.007369 -0.434063 -0.574466 0.588741 0.304416 -0.157914 
0.004984 -0.449317 -0.620253 0.547399 0.296540 -0.154445 
0.003027 -0.462361 -0.663471 0.526727 0.287109 -0.153631 
0.013900 -0.470055 -0.695237 0.486661 0.279659 -0.154487 
0.052522 -0.478402 -0.729756 0.439101 0.263029 -0.157479 
0.177918 -0.484484 -0.760565 0.388680 0.247336 -0.160309 
0.421683 -0.488150 -0.775969 0.340631 0.229157 -0.164265 
0.607375 -0.490665 -0.793464 0.305705 0.206576 -0.167470 
0.678038 -0.494015 -0.806298 0.272399 0.187559 -0.171865 
0.701817 -0.496439 -0.817464 0.234881 0.148200 -0.176399 
0.711211 -0.493471 -0.826186 0.182970 0.112051 -0.182640 
0.709846 -0.484294 -0.832883 0.151849 0.060044 -0.190615 
0.708247 -0.433208 -0.839354 0.122895 0.014217 -0.202168 
0.706360 -0.295277 -0.844092 0.091924 -0.050153 -0.220220 
0.704117 -0.093672 -0.847977 0.073971 -0.109877 -0.239770 
0.701457 0.082633 -0.850694 0.057754 -0.168614 -0.263715 
0.698259 0.194768 -0.853190 0.044451 -0.235100 -0.299021 
0.694386 0.257926 -0.852989 0.034319 -0.280535 -0.334050 
0.689666 0.293184 -0.840320 0.025105 -0.333159 -0.374403 
0.683881 0.310250 -0.798138 0.019529 -0.368156 -0.415282 
0.676760 0.317954 -0.698095 0.014585 -0.395668 -0.471390 
0.667975 0.321806 -0.541842 0.010524 -0.417504 -0.526371 
0.656505 0.320468 -0.379974 0.007276 -0.434785 -0.572614 
0.641912 0.318221 -0.272049 0.004625 -0.450455 -0.622265 
0.623509 0.315905 -0.211042 0.005047 -0.462244 -0.670746 
0.600459 0.312682 -0.179198 0.014323 -0.471510 -0.705632 
0.571952 0.307185 -0.163629 0.058143 -0.478112 -0.738403 
0.537384 0.300266 -0.156882 0.158931 -0.483836 -0.760815 
0.496581 0.292224 -0.154430 0.327010 -0.488721 -0.782993 
0.450027 0.282426 -0.154112 0.483535 -0.492579 -0.800594 
0.399008 0.269220 -0.155983 0.589830 -0.495361 -0.815023 
0.345556 0.251146 -0.159760 0.649655 -0.494989 -0.826302 
0.292177 0.227877 -0.163212 0.680131 -0.483970 -0.834205 
0.241409 0.205641 -0.167401 0.694735 -0.421840 -0.840004 
0.195358 0.169495 -0.174740 0.701681 -0.263955 -0.844701 
0.155367 0.131593 -0.182960 0.702365 -0.050048 -0.848481 
0.121925 0.088876 -0.189408 0.702707 0.112426 -0.851388 
0.094798 0.044458 -0.198287 0.700844 0.212582 -0.853761 
0.073279 -0.020350 -0.213854 0.698465 0.269315 -0.851793 
0.056455 -0.087416 -0.231085 0.694281 0.299106 -0.837320 
0.043400 -0.147871 -0.253309 0.690717 0.313095 -0.802828 
0.033288 -0.197104 -0.282626 0.684589 0.319373 -0.672766 
0.025436 -0.253441 -0.309182 0.678159 0.320945 -0.484067 
0.019305 -0.307577 -0.349368 0.667863 0.320486 -0.337526 
0.014480 -0.351435 -0.400463 0.659372 0.317931 -0.250298 
0.010651 -0.384916 -0.454984 0.643679 0.314365 -0.198559 
0.007584 -0.411295 -0.513207 0.627303 0.310712 -0.172965 
0.005103 -0.428548 -0.554925 0.601251 0.306200 -0.160815 
0.003079 -0.446560 -0.606714 0.579713 0.297432 -0.155896 
0.001413 -0.460982 -0.656701 0.542884 0.289882 -0.154356 
0.001410 -0.469365 -0.691853 0.505580 0.281046 -0.154849 
0.013900 -0.476513 -0.728063 0.457653 0.270065 -0.157660 
0.052522 -0.482245 -0.751876 0.415778 0.251612 -0.159570 
0.177918 -0.487030 -0.771625 0.377019 0.231294 -0.161355 
0.421683 -0.489423 -0.787223 0.334800 0.214672 -0.164788 
0.607375 -0.491302 -0.799091 0.286972 0.199333 -0.167731 
0.678038 -0.494334 -0.809111 0.251324 0.170268 -0.171995 
0.701817 -0.496598 -0.818871 0.212183 0.139555 -0.176464 
0.709885 -0.492352 -0.828471 0.171621 0.104775 -0.187527 
0.708336 -0.479778 -0.835304 0.136903 0.043710 -0.193059 
0.706515 -0.430949 -0.840565 0.108342 -0.013883 -0.203389 
0.704362 -0.291992 -0.845184 0.084647 -0.078029 -0.225861 
0.701796 -0.059339 -0.848796 0.065837 -0.129867 -0.245354 
0.698744 0.099800 -0.851963 0.051525 -0.194756 -0.272257 
0.695061 0.203351 -0.853919 0.041337 -0.248171 -0.303292 
0.690589 0.262218 -0.851121 0.030200 -0.298017 -0.336186 
0.685122 0.295330 -0.837053 0.023046 -0.341900 -0.384688 
0.678401 0.311323 -0.796505 0.017136 -0.372526 -0.438055 
0.670101 0.318490 -0.634254 0.012432 -0.401513 -0.494449 
0.659825 0.318810 -0.459063 0.009051 -0.423802 -0.545725 
0.646998 0.318970 -0.326917 0.006540 -0.441127 -0.592819 
0.630391 0.316297 -0.245521 0.003975 -0.455849 -0.644360 
0.609646 0.313076 -0.197128 0.007812 -0.466486 -0.681794 
0.583988 0.310161 -0.172252 0.028728 -0.474468 -0.717345 
0.552760 0.305925 -0.160156 0.065345 -0.480958 -0.744260 
0.515607 0.299636 -0.155563 0.162532 -0.486388 -0.772998 
0.472689 0.291909 -0.154679 0.358901 -0.490428 -0.791988 
0.424850 0.282269 -0.155711 0.510534 -0.493677 -0.807518 
0.373656 0.269141 -0.157825 0.603329 -0.496516 -0.818485 
0.321252 0.251107 -0.160407 0.656404 -0.491404 -0.828033 
0.270034 0.224572 -0.163535 0.682958 -0.460186 -0.835070 
0.222229 0.191006 -0.169143 0.696149 -0.390944 -0.840927 
0.179521 0.156121 -0.175611 0.702388 -0.248507 -0.845890 
0.142845 0.124906 -0.183395 0.702718 -0.042324 -0.849076 
0.112386 0.072776 -0.189626 0.702272 0.116288 -0.851686 
0.087747 0.009501 -0.203083 0.700626 0.214513 -0.853910 
0.068189 -0.037828 -0.216252 0.697284 0.270281 -0.850467 
0.052845 -0.096155 -0.232283 0.693690 0.299589 -0.836656 
0.040874 -0.152240 -0.253908 0.690421 0.313068 -0.763469 
0.031540 -0.216542 -0.282926 0.684442 0.318689 -0.626722 
0.024240 -0.263159 -0.336158 0.675488 0.320603 -0.461045 
0.018496 -0.312436 -0.362857 0.666527 0.320315 -0.326015 
0.013945 -0.353865 -0.414530 0.658704 0.317845 -0.244543 
0.010307 -0.386131 -0.462018 0.643345 0.314323 -0.195682 
0.007374 -0.411902 -0.516724 0.620512 0.310691 -0.171526 
0.004988 -0.432814 -0.569128 0.597856 0.306190 -0.160096 
0.003030 -0.448693 -0.613816 0.578015 0.297427 -0.155536 
0.001410 -0.462049 -0.660252 0.542036 0.289879 -0.154176 
0.017028 -0.469899 -0.693628 0.505155 0.281044 -0.154759 
0.075473 -0.478324 -0.728951 0.457440 0.263721 -0.157615 
0.274745 -0.483151 -0.760166 0.397850 0.248440 -0.160377 
0.544985 -0.487483 -0.781494 0.345216 0.229708 -0.164299 
0.665165 -0.490332 -0.796226 0.307998 0.206851 -0.167487 
0.699686 -0.493849 -0.811161 0.261837 0.174027 -0.171873 
0.711213 -0.496588 -0.821270 0.211092 0.141435 -0.179362 
0.711211 -0.492347 -0.829671 0.171082 0.086679 -0.188976 
0.709883 -0.459885 -0.835904 0.136633 0.034662 -0.201348 
0.708333 -0.391902 -0.841921 0.105120 -0.026142 -0.219810 
0.706513 -0.200325 -0.846038 0.078546 -0.084158 -0.235462 
0.704359 -0.013505 -0.849591 0.060041 -0.155755 -0.261561 
0.701820 0.142937 -0.852360 0.046556 -0.207700 -0.288188 
0.698784 0.231677 -0.853460 0.036309 -0.266835 -0.323353 
0.695131 0.276381 -0.849729 0.027686 -0.307349 -0.369054 
0.690708 0.302411 -0.824620 0.021464 -0.346566 -0.412609 
0.685325 0.314266 -0.756571 0.016345 -0.380129 -0.457983 
0.678747 0.319962 -0.614288 0.012036 -0.405314 -0.504226 
0.670691 0.319546 -0.449079 0.008853 -0.425692 -0.550574 
0.660230 0.319338 -0.315129 0.006275 -0.442072 -0.605197 
0.646998 0.316481 -0.236556 0.003843 -0.456322 -0.650548 
0.630391 0.313167 -0.192646 0.007746 -0.466720 -0.695536 
0.609646 0.310207 -0.170008 0.028695 -0.475417 -0.725518 
0.583988 0.304513 -0.160083 0.090898 -0.481433 -0.754373 
0.552760 0.298930 -0.155524 0.242727 -0.486628 -0.778054 
0.515607 0.291556 -0.154659 0.418173 -0.490548 -0.794508 
0.472689 0.278685 -0.155701 0.540170 -0.493737 -0.808778 
0.424850 0.257160 -0.157311 0.621723 -0.496545 -0.821284 
0.373656 0.240156 -0.160150 0.666343 -0.484748 -0.829916 
0.321252 0.219130 -0.164198 0.687915 -0.456858 -0.837070 
0.270034 0.188285 -0.169474 0.698272 -0.389280 -0.841437 
0.222229 0.160817 -0.175777 0.703450 -0.151628 -0.846145 
0.179521 0.115417 -0.183478 0.703249 0.047344 -0.849728 
0.142845 0.068301 -0.192269 0.701984 0.161122 -0.852012 
0.112386 0.007264 -0.206785 0.700483 0.240722 -0.854295 
0.087747 -0.053806 -0.218103 0.697212 0.285147 -0.847522 
0.068189 -0.112031 -0.233209 0.693654 0.307022 -0.817910 
0.052845 -0.166997 -0.264738 0.687918 0.316793 -0.747820 
0.040874 -0.223920 -0.288341 0.683190 0.320226 -0.557050 
0.031540 -0.283351 -0.338866 0.674862 0.321372 -0.391224 
0.024240 -0.322532 -0.364211 0.666214 0.319980 -0.291105 
0.018496 -0.358913 -0.415207 0.652073 0.317694 -0.227087 
0.013945 -0.391124 -0.474398 0.640030 0.313576 -0.186954 
0.010307 -0.414399 -0.522914 0.619309 0.310317 -0.167162 
0.007374 -0.434063 -0.574466 0.588741 0.304416 -0.157914 
0.004988 -0.449317 -0.620253 0.547399 0.296540 -0.154445 
0.003030 -0.462361 -0.663471 0.526727 0.287109 -0.153631 
0.001410 -0.470055 -0.695237 0.486661 0.279659 -0.154487 
0.013900 -0.478402 -0.729756 0.439101 0.263029 -0.157479 
0.052522 -0.483190 -0.760565 0.388680 0.247336 -0.160309 
0.177918 -0.487503 -0.775969 0.340631 0.229157 -0.161724 
0.421683 -0.489659 -0.789395 0.305705 0.213604 -0.164973 
0.607375 -0.491420 -0.800177 0.272425 0.198799 -0.169149 
0.678038 -0.494393 -0.809655 0.244050 0.170001 -0.172704 
0.701817 -0.496628 -0.819142 0.208547 0.139421 -0.176819 
0.709885 -0.492367 -0.828607 0.169803 0.104708 -0.182850 
0.708336 -0.479785 -0.835372 0.137486 0.056373 -0.190720 
0.706515 -0.430953 -0.840599 0.108633 -0.007552 -0.202220 
0.704362 -0.291994 -0.845201 0.084793 -0.061037 -0.225276 
0.701817 -0.106486 -0.848805 0.065910 -0.121371 -0.245061 
0.698774 0.076226 -0.851108 0.051561 -0.174361 -0.272111 
0.695107 0.191565 -0.853397 0.041355 -0.237974 -0.303219 
0.690659 0.256324 -0.850860 0.030893 -0.292918 -0.336149 
0.685230 0.292383 -0.836923 0.023392 -0.339351 -0.384670 
0.678568 0.309850 -0.796439 0.017309 -0.371252 -0.428556 
0.670360 0.317753 -0.697246 0.012845 -0.400875 -0.489700 
0.660230 0.318442 -0.490559 0.009258 -0.423484 -0.543351 
0.646996 0.318786 -0.342665 0.006643 -0.440967 -0.591632 
0.630385 0.317380 -0.253395 0.004309 -0.453547 -0.631774 
0.609635 0.314838 -0.201065 0.007979 -0.465335 -0.675501 
0.583971 0.311043 -0.174220 0.028812 -0.473892 -0.714199 
0.552736 0.306366 -0.161140 0.065387 -0.480670 -0.742686 
0.515575 0.299856 -0.156055 0.162553 -0.486245 -0.772211 
0.472650 0.292020 -0.154925 0.358911 -0.490356 -0.791594 
0.424804 0.282324 -0.155834 0.510539 -0.493397 -0.804895 
0.373605 0.269169 -0.157373 0.603332 -0.496375 -0.817174 
0.321199 0.251120 -0.160455 0.656406 -0.491333 -0.827377 
0.269981 0.227865 -0.163559 0.683209 -0.460151 -0.834742 
0.222179 0.205634 -0.169155 0.696274 -0.390927 -0.840763 
0.179476 0.163435 -0.175617 0.702451 -0.248498 -0.845080 
0.142806 0.128563 -0.183398 0.702750 -0.042319 -0.848671 
0.112354 0.074605 -0.189627 0.702287 0.116290 -0.851483 
0.087721 0.010416 -0.203083 0.700634 0.214514 -0.853809 
0.068168 -0.037371 -0.216252 0.698361 0.270281 -0.850416 
0.052829 -0.095926 -0.232284 0.694228 0.299589 -0.836631 
0.040861 -0.152126 -0.253908 0.690690 0.313068 -0.763457 
0.031530 -0.216485 -0.282926 0.684576 0.318689 -0.626716 
0.024232 -0.263131 -0.336158 0.675555 0.320603 -0.461042 
0.018490 -0.312422 -0.362857 0.666561 0.320315 -0.326014 
0.013940 -0.353858 -0.414530 0.658721 0.317845 -0.244542 
0.010303 -0.386127 -0.462018 0.643354 0.314323 -0.195681 
0.007371 -0.411901 -0.516724 0.620516 0.310691 -0.171526 
0.004986 -0.432814 -0.569128 0.597858 0.306190 -0.160096 
0.003028 -0.448693 -0.613816 0.578016 0.297427 -0.155536 
0.001408 -0.462049 -0.660252 0.542036 0.289879 -0.154176 
0.017022 -0.469898 -0.693628 0.505155 0.281044 -0.154759 
0.075452 -0.478324 -0.728951 0.457441 0.263721 -0.157615 
0.274690 -0.483151 -0.760166 0.397850 0.248440 -0.160377 
0.544945 -0.487483 -0.781494 0.345216 0.229708 -0.164299 
0.665151 -0.490332 -0.796226 0.307998 0.206851 -0.167487 
0.699682 -0.493849 -0.811161 0.261837 0.174027 -0.171873 
0.711211 -0.496588 -0.821270 0.211092 0.141435 -0.179362 
0.711209 -0.492347 -0.829671 0.171082 0.086679 -0.188976 
0.709881 -0.459885 -0.835904 0.136633 0.034662 -0.201348 
0.708331 -0.391902 -0.841921 0.105120 -0.026142 -0.219810 
0.706510 -0.200325 -0.846038 0.078546 -0.084158 -0.235462 
0.704359 -0.013505 -0.849591 0.060041 -0.155755 -0.261561 
0.701817 0.142937 -0.852360 0.046556 -0.207700 -0.288188 
0.698774 0.231677 -0.853460 0.036309 -0.266835 -0.323353 
0.695107 0.276381 -0.849729 0.027686 -0.307349 -0.369054 
0.690659 0.302411 -0.824620 0.021464 -0.346566 -0.412609 
0.685230 0.314266 -0.756571 0.016345 -0.380129 -0.457983 
0.678568 0.319962 -0.614288 0.012036 -0.405314 -0.504226 
0.670360 0.319546 -0.449079 0.008853 -0.425692 -0.550574 
0.660141 0.319338 -0.315129 0.006275 -0.442072 -0.605197 
0.646894 0.316481 -0.236556 0.003843 -0.456322 -0.650548 
0.630270 0.313167 -0.192646 0.007746 -0.466720 -0.695536 
0.609505 0.310207 -0.170008 0.028695 -0.475417 -0.725518 
0.583826 0.304513 -0.160083 0.090898 -0.481433 -0.754373 
0.552577 0.298930 -0.155524 0.242727 -0.486628 -0.778054 
0.515405 0.291556 -0.154659 0.418173 -0.490548 -0.794508 
0.472474 0.278685 -0.155701 0.540170 -0.493737 -0.808778 
0.424629 0.257160 -0.157311 0.621723 -0.496545 -0.821284 
0.373439 0.240156 -0.160150 0.666343 -0.484748 -0.829916 
0.321047 0.219130 -0.164198 0.687915 -0.456858 -0.837070 
0.269849 0.188285 -0.169474 0.698272 -0.389280 -0.841437 
0.222069 0.160817 -0.175777 0.703450 -0.151628 -0.846145 
0.179389 0.115417 -0.183478 0.703249 0.047344 -0.849728 
0.142739 0.068301 -0.192269 0.701984 0.161122 -0.852012 
0.112304 0.007264 -0.206785 0.700483 0.240722 -0.854295 
0.087685 -0.053806 -0.218103 0.697212 0.285147 -0.847522 
0.068142 -0.112031 -0.233209 0.693654 0.307022 -0.817910 
0.052810 -0.166997 -0.264738 0.687918 0.316793 -0.747820 
0.040848 -0.223920 -0.288341 0.683190 0.320226 -0.557050 
0.031521 -0.283351 -0.338866 0.674862 0.321372 -0.391224 
0.024225 -0.322532 -0.364211 0.666214 0.319980 -0.291105 
0.018485 -0.358913 -0.415207 0.652073 0.317694 -0.227087 
0.013936 -0.391124 -0.474398 0.640030 0.313576 -0.186954 
0.010301 -0.414399 -0.522914 0.619309 0.310317 -0.167162 
0.007369 -0.434063 -0.574466 0.588741 0.304416 -0.157914 
0.004984 -0.449317 -0.620253 0.547399 0.296540 -0.154445 
0.003027 -0.462361 -0.663471 0.526727 0.287109 -0.153631 
0.013900 -0.470055 -0.695237 0.486661 0.279659 -0.154487 
0.052522 -0.478402 -0.729756 0.439101 0.263029 -0.157479 
0.177918 -0.484484 -0.760565 0.388680 0.247336 -0.160309 
0.421683 -0.488150 -0.775969 0.340631 0.229157 -0.164265 
0.607375 -0.490665 -0.793464 0.305705 0.206576 -0.167470 
0.678038 -0.494015 -0.806298 0.272399 0.187559 -0.171865 
0.701817 -0.496439 -0.817464 0.234881 0.148200 -0.176399 
0.711211 -0.493471 -0.826186 0.182970 0.112051 -0.182640 
0.709846 -0.484294 -0.832883 0.151849 0.060044 -0.190615 
0.708247 -0.433208 -0.839354 0.122895 0.014217 -0.202168 
0.706360 -0.295277 -0.844092 0.091924 -0.050153 -0.220220 
0.704117 -0.093672 -0.847977 0.073971 -0.109877 -0.239770 
0.701457 0.082633 -0.850694 0.057754 -0.168614 -0.263715 
0.698259 0.194768 -0.853190 0.044451 -0.235100 -0.299021 
0.694386 0.257926 -0.852989 0.034319 -0.280535 -0.334050 
0.689666 0.293184 -0.840320 0.025105 -0.333159 -0.374403 
0.683881 0.310250 -0.798138 0.019529 -0.368156 -0.415282 
0.676760 0.317954 -0.698095 0.014585 -0.395668 -0.471390 
0.667975 0.321806 -0.541842 0.010524 -0.417504 -0.526371 
0.656505 0.320468 -0.379974 0.007276 -0.434785 -0.572614 
0.641912 0.318221 -0.272049 0.004625 -0.450455 -0.622265 
0.623509 0.315905 -0.211042 0.005047 -0.462244 -0.670746 
0.600459 0.312682 -0.179198 0.014323 -0.471510 -0.705632 
0.571952 0.307185 -0.163629 0.058143 -0.478112 -0.738403 
0.537384 0.300266 -0.156882 0.158931 -0.483836 -0.760815 
0.496581 0.292224 -0.154430 0.327010 -0.488721 -0.782993 
0.450027 0.282426 -0.154112 0.483535 -0.492579 -0.800594 
0.399008 0.269220 -0.155983 0.589830 -0.495361 -0.815023 
0.345556 0.251146 -0.159760 0.649655 -0.494989 -0.826302 
0.292177 0.227877 -0.163212 0.680131 -0.483970 -0.834205 
0.241409 0.205641 -0.167401 0.694735 -0.421840 -0.840004 
0.195358 0.169495 -0.174740 0.701681 -0.263955 -0.844701 
0.155367 0.131593 -0.182960 0.702365 -0.050048 -0.848481 
0.121925 0.088876 -0.189408 0.702707 0.112426 -0.851388 
0.094798 0.044458 -0.198287 0.700844 0.212582 -0.853761 
0.073279 -0.020350 -0.213854 0.698465 0.269315 -0.851793 
