0.357500 0.000000 0.000000 0.000000 0.000000 0.000000 
0.357500 0.000000 0.000000 0.000000 0.000000 0.000000 
-0.009420 0.000000 0.000000 0.000000 0.000000 0.000000 
0.724576 0.000000 0.000000 0.000000 0.000000 0.000000 
0.640965 0.000000 0.000000 0.000000 0.000000 0.000000 
0.001386 0.000000 0.000000 0.000000 0.000000 0.000000 
0.001386 0.000000 0.000000 0.000000 0.000000 0.000000 
0.001386 0.000000 0.000000 0.000000 0.000000 0.000000 
0.001386 0.000000 0.000000 0.000000 0.000000 0.000000 
0.001386 0.000000 0.000000 0.000000 0.000000 0.000000 
0.001386 0.000000 0.000000 0.000000 0.000000 0.000000 
0.001386 0.000000 0.000000 0.000000 0.000000 0.000000 
0.001386 0.000000 0.000000 0.000000 0.000000 0.000000 
0.001386 0.000000 0.000000 0.000000 0.000000 0.000000 
0.001386 0.000000 0.000000 0.000000 0.000000 0.000000 
0.001386 0.000000 0.000000 0.000000 0.000000 0.000000 
0.001386 0.000000 0.000000 0.000000 0.000000 0.000000 
0.001386 0.000000 0.000000 0.000000 0.000000 0.000000 
0.001386 0.000000 0.000000 0.000000 0.000000 0.000000 
0.001386 0.000000 0.000000 0.000000 0.000000 0.000000 
0.001386 0.000000 0.000000 0.000000 0.000000 0.000000 
0.001386 0.000000 0.000000 0.000000 0.000000 0.000000 
0.001386 0.000000 0.000000 0.000000 0.000000 0.000000 
0.001386 0.000000 0.000000 0.000000 0.000000 0.000000 
0.001386 0.000000 0.000000 0.000000 0.000000 0.000000 
0.001386 0.000000 0.000000 0.000000 0.000000 0.000000 
0.001386 0.000000 0.000000 0.000000 0.000000 0.000000 
0.001386 0.000000 0.000000 0.000000 0.000000 0.000000 
0.711202 0.000000 0.000000 0.000000 0.000000 0.000000 
0.711202 0.000000 0.000000 0.000000 0.000000 0.000000 
0.711202 0.000000 0.000000 0.000000 0.000000 0.000000 
0.711202 0.000000 0.000000 0.000000 0.000000 0.000000 
0.711202 0.000000 0.000000 0.000000 0.000000 0.000000 
0.708871 0.000000 0.000000 0.000000 0.000000 0.000000 
0.705833 -0.089458 -0.676396 -0.237906 -0.423932 -0.429258 
0.701796 0.118969 -0.749691 -0.111332 -0.404857 -0.431225 
0.696907 0.222545 -0.719107 -0.051802 -0.409274 -0.467291 
0.689512 0.274101 -0.552348 -0.022669 -0.424283 -0.509067 
0.679052 0.295038 -0.373559 -0.009321 -0.438204 -0.574490 
0.663983 0.304331 -0.263845 -0.003955 -0.454388 -0.635195 
0.642029 0.307092 -0.205607 0.022845 -0.468419 -0.687859 
0.610113 0.302956 -0.176833 0.036245 -0.476567 -0.725968 
0.564490 0.298151 -0.163902 0.147982 -0.484193 -0.765569 
0.502807 0.291167 -0.158848 0.351626 -0.489330 -0.788273 
0.425919 0.278491 -0.157795 0.512774 -0.493129 -0.805661 
0.339840 0.257063 -0.158867 0.608324 -0.494019 -0.819726 
0.254672 0.230836 -0.162471 0.659168 -0.483485 -0.830410 
0.180379 0.207120 -0.167031 0.684253 -0.421597 -0.838597 
0.122496 0.170235 -0.174555 0.696441 -0.263833 -0.844725 
0.081141 0.108197 -0.184918 0.699745 -0.002537 -0.849510 
0.053134 0.023855 -0.200729 0.699363 0.158893 -0.853044 
0.034589 -0.045510 -0.221433 0.696652 0.244233 -0.846897 
0.022299 -0.126918 -0.248483 0.691902 0.285658 -0.768590 
0.014031 -0.218347 -0.292110 0.681815 0.304659 -0.567435 
0.008344 -0.290030 -0.340833 0.669691 0.312343 -0.387419 
0.004336 -0.342662 -0.403518 0.653811 0.313876 -0.275245 
0.001441 -0.390168 -0.487474 0.632369 0.310467 -0.211307 
0.001436 -0.421947 -0.556746 0.603784 0.304491 -0.180482 
0.001432 -0.445475 -0.611393 0.554920 0.294565 -0.166349 
0.001427 -0.461612 -0.669198 0.500758 0.280223 -0.160846 
0.001423 -0.474795 -0.722443 0.437331 0.259271 -0.161163 
0.001419 -0.483305 -0.756909 0.387795 0.235124 -0.162151 
0.031433 -0.487560 -0.783934 0.329287 0.216587 -0.166413 
0.220469 -0.489688 -0.797446 0.300033 0.207319 -0.168544 
0.581609 -0.493527 -0.804202 0.269589 0.195657 -0.170934 
0.690535 -0.495446 -0.811667 0.242632 0.164503 -0.173597 
0.711223 -0.497154 -0.823289 0.201490 0.117249 -0.181239 
0.709337 -0.482179 -0.832713 0.151837 0.049947 -0.189915 
0.706996 -0.403048 -0.840773 0.112722 -0.018499 -0.219123 
0.704050 -0.176447 -0.846591 0.082347 -0.094151 -0.241985 
0.700307 0.041246 -0.850860 0.059780 -0.176898 -0.278401 
0.695509 0.181165 -0.851826 0.041983 -0.251434 -0.323741 
0.689246 0.254281 -0.837406 0.028613 -0.318608 -0.389952 
0.680972 0.289969 -0.717729 0.018497 -0.370895 -0.458725 
0.669941 0.304550 -0.551659 0.012084 -0.408493 -0.527863 
0.655159 0.310262 -0.366419 0.007385 -0.437310 -0.599890 
0.634185 0.311279 -0.260275 0.006296 -0.457217 -0.659559 
0.605641 0.309263 -0.203825 0.027970 -0.470966 -0.711818 
0.567527 0.301305 -0.176992 0.143845 -0.480263 -0.747523 
0.518404 0.292744 -0.165393 0.349557 -0.487365 -0.779250 
0.458347 0.279279 -0.161068 0.511740 -0.492146 -0.801149 
0.389809 0.257457 -0.161158 0.607807 -0.493528 -0.817470 
0.317669 0.231033 -0.163617 0.659207 -0.483239 -0.829789 
0.248069 0.207219 -0.169184 0.683918 -0.402471 -0.838286 
0.186466 0.170284 -0.175631 0.696273 -0.158223 -0.844570 
0.136031 0.108221 -0.185744 0.699661 0.044046 -0.849433 
0.097270 0.023867 -0.201142 0.699321 0.182184 -0.853006 
0.068780 -0.045504 -0.221639 0.696631 0.255878 -0.846878 
0.048369 -0.126915 -0.248586 0.691892 0.291213 -0.762303 
0.033883 -0.218346 -0.292162 0.681810 0.307437 -0.564292 
0.023576 -0.290029 -0.340858 0.669688 0.313731 -0.377639 
0.016165 -0.342662 -0.403531 0.653810 0.314570 -0.270355 
0.010760 -0.382998 -0.468560 0.632368 0.310814 -0.208862 
0.006751 -0.418362 -0.547289 0.603784 0.304665 -0.179260 
0.003727 -0.443683 -0.606664 0.554920 0.294651 -0.165738 
0.001409 -0.460715 -0.666834 0.500758 0.283431 -0.160540 
0.031383 -0.474347 -0.721261 0.437331 0.260874 -0.161010 
0.220202 -0.483081 -0.756318 0.387795 0.235925 -0.162075 
0.581427 -0.487448 -0.783638 0.329287 0.216988 -0.166375 
0.690497 -0.492407 -0.801385 0.284190 0.192765 -0.169850 
0.711211 -0.495635 -0.815007 0.228616 0.150803 -0.175392 
0.711208 -0.491871 -0.826540 0.179838 0.091363 -0.186991 
0.709321 -0.436996 -0.836183 0.136541 0.029876 -0.200355 
0.706977 -0.295016 -0.842992 0.098747 -0.056149 -0.224344 
0.704032 -0.060850 -0.848068 0.070141 -0.141750 -0.256002 
0.700307 0.123026 -0.851877 0.050645 -0.221668 -0.295165 
0.695509 0.225734 -0.848938 0.034854 -0.284766 -0.354961 
0.689246 0.276525 -0.802447 0.023524 -0.343959 -0.413701 
0.680972 0.301091 -0.637225 0.015625 -0.387229 -0.482272 
0.669941 0.310111 -0.427666 0.009827 -0.422840 -0.561093 
0.655026 0.311867 -0.292825 0.005619 -0.446706 -0.628496 
0.634027 0.310861 -0.220097 0.014609 -0.463741 -0.684510 
0.605454 0.306275 -0.185128 0.083855 -0.475595 -0.727842 
0.567312 0.295229 -0.168553 0.277886 -0.483709 -0.764789 
0.518166 0.283929 -0.161173 0.458973 -0.490073 -0.791492 
0.458099 0.269971 -0.160047 0.577549 -0.494713 -0.810472 
0.389570 0.246321 -0.163061 0.644256 -0.483832 -0.824510 
0.317458 0.214863 -0.167326 0.676797 -0.421771 -0.835157 
0.247898 0.174106 -0.174702 0.692713 -0.263920 -0.842277 
0.186338 0.122061 -0.182941 0.697881 -0.008802 -0.847794 
0.135942 0.061050 -0.195054 0.698431 0.155760 -0.852187 
0.097211 -0.026913 -0.212237 0.696186 0.242666 -0.846468 
0.068742 -0.117619 -0.235887 0.691669 0.285414 -0.817383 
0.048346 -0.199231 -0.273915 0.685066 0.304537 -0.591832 
0.033868 -0.271007 -0.331735 0.675800 0.312281 -0.408615 
0.023567 -0.333150 -0.398969 0.663341 0.313845 -0.285842 
0.016160 -0.378243 -0.466279 0.637134 0.311652 -0.216319 
0.010756 -0.412021 -0.531461 0.606167 0.306670 -0.182492 
0.006749 -0.438297 -0.598750 0.556111 0.297667 -0.166734 
0.003726 -0.458022 -0.662877 0.512193 0.284938 -0.160302 
0.001408 -0.473000 -0.713576 0.451867 0.265668 -0.160891 
0.022073 -0.481783 -0.752475 0.395063 0.248656 -0.162015 
0.120813 -0.486799 -0.771924 0.343822 0.229816 -0.165118 
0.421609 -0.489307 -0.791441 0.307301 0.213934 -0.167897 
0.640032 -0.493337 -0.801200 0.273222 0.198964 -0.170611 
0.696341 -0.495351 -0.813648 0.235293 0.166156 -0.175772 
0.709324 -0.492927 -0.824280 0.197821 0.118076 -0.182327 
0.706980 -0.480065 -0.833208 0.150003 0.050360 -0.198023 
0.704032 -0.316550 -0.841021 0.111804 -0.032081 -0.218148 
0.700315 -0.071618 -0.846715 0.079416 -0.106893 -0.241497 
0.695536 0.113880 -0.850922 0.055282 -0.183269 -0.278157 
0.689319 0.217482 -0.849623 0.037173 -0.265566 -0.323619 
0.681155 0.272440 -0.824567 0.026208 -0.325675 -0.389891 
0.670368 0.299048 -0.711310 0.017295 -0.374428 -0.458694 
0.655159 0.309089 -0.497590 0.011483 -0.410260 -0.527848 
0.634191 0.312532 -0.339384 0.007084 -0.438193 -0.599882 
0.605656 0.311193 -0.244060 0.009366 -0.457658 -0.659555 
0.567554 0.306441 -0.196060 0.034711 -0.471186 -0.711816 
0.518445 0.299893 -0.173515 0.147215 -0.481503 -0.756776 
0.458403 0.286261 -0.163655 0.380276 -0.487985 -0.786470 
0.389876 0.271137 -0.161283 0.532932 -0.493063 -0.807961 
0.317742 0.252105 -0.162136 0.621205 -0.489677 -0.822771 
0.248140 0.225071 -0.165603 0.665346 -0.459323 -0.833498 
0.186528 0.182285 -0.170177 0.686987 -0.328505 -0.841448 
0.136082 0.126151 -0.180678 0.695018 -0.082323 -0.846855 
0.097309 0.063095 -0.193923 0.697869 0.110251 -0.850958 
0.068809 -0.011031 -0.211672 0.696978 0.218150 -0.850391 
0.048390 -0.090644 -0.235604 0.692065 0.273156 -0.819345 
0.033898 -0.168491 -0.273774 0.685264 0.299403 -0.681024 
0.023586 -0.255637 -0.331582 0.675899 0.310120 -0.453211 
0.016173 -0.325465 -0.391570 0.663390 0.313283 -0.308141 
0.010766 -0.374400 -0.450537 0.645688 0.311349 -0.227480 
0.006755 -0.410100 -0.523590 0.622138 0.306491 -0.188073 
0.003730 -0.437336 -0.591047 0.590156 0.297577 -0.169525 
0.001411 -0.456370 -0.658854 0.531425 0.285729 -0.161697 
0.031396 -0.470015 -0.711564 0.470575 0.266063 -0.161084 
0.220270 -0.480290 -0.751472 0.404417 0.248854 -0.162111 
0.581474 -0.486053 -0.777147 0.348499 0.223452 -0.165166 
0.690507 -0.491709 -0.798139 0.293822 0.195997 -0.169246 
0.711214 -0.495286 -0.813385 0.233432 0.152419 -0.175089 
0.709327 -0.491696 -0.825728 0.182246 0.092171 -0.186840 
0.706984 -0.436909 -0.835777 0.137745 0.030280 -0.200280 
0.704037 -0.294972 -0.842790 0.099349 -0.055947 -0.224306 
0.700307 -0.060829 -0.847966 0.070442 -0.141649 -0.255983 
0.695509 0.123037 -0.851826 0.050796 -0.221618 -0.295155 
0.689246 0.225739 -0.848913 0.034930 -0.284740 -0.354956 
0.680972 0.276528 -0.802434 0.023561 -0.343946 -0.413699 
0.669941 0.301093 -0.637219 0.015644 -0.387223 -0.482271 
0.655159 0.310111 -0.427662 0.009836 -0.422837 -0.561092 
0.634185 0.311868 -0.292823 0.005623 -0.446704 -0.628496 
0.605641 0.310861 -0.220096 0.014612 -0.463740 -0.684510 
0.567527 0.304840 -0.185127 0.083856 -0.475594 -0.727842 
0.518404 0.294512 -0.168552 0.277873 -0.483709 -0.766506 
0.458347 0.283570 -0.161173 0.458966 -0.490073 -0.792351 
0.389809 0.269792 -0.160556 0.577546 -0.494713 -0.810902 
0.317669 0.246232 -0.163316 0.644254 -0.483832 -0.825998 
0.248069 0.214818 -0.167453 0.676796 -0.421771 -0.835900 
0.186466 0.174084 -0.174766 0.692712 -0.263920 -0.843377 
0.136031 0.122050 -0.185311 0.697880 -0.008802 -0.848836 
0.097270 0.034138 -0.200925 0.698431 0.155760 -0.852707 
0.068780 -0.040369 -0.221531 0.696186 0.242666 -0.846728 
0.048369 -0.124347 -0.248532 0.691669 0.284607 -0.762229 
0.033883 -0.217062 -0.292135 0.681699 0.304134 -0.564255 
0.023576 -0.289388 -0.340845 0.669632 0.312080 -0.394826 
0.016165 -0.342341 -0.403524 0.653782 0.313744 -0.278948 
0.010760 -0.382838 -0.468557 0.632354 0.310401 -0.213159 
0.006751 -0.418282 -0.547287 0.603777 0.304458 -0.181408 
0.003727 -0.443642 -0.606664 0.554917 0.294548 -0.166812 
0.001409 -0.460695 -0.666834 0.500756 0.283379 -0.161077 
0.031383 -0.474337 -0.721261 0.437330 0.260848 -0.161279 
0.220202 -0.483076 -0.756318 0.387795 0.235913 -0.162209 
0.581427 -0.487446 -0.783638 0.329287 0.216982 -0.166442 
0.690497 -0.492406 -0.801385 0.284190 0.192762 -0.169883 
0.711211 -0.495634 -0.815007 0.228616 0.150802 -0.175408 
0.711208 -0.491870 -0.826540 0.179838 0.091362 -0.186999 
0.709321 -0.436996 -0.836183 0.136541 0.029876 -0.200360 
0.706977 -0.295015 -0.842992 0.098747 -0.056149 -0.224346 
0.704032 -0.060850 -0.848068 0.070141 -0.141750 -0.256003 
0.700307 0.123026 -0.851877 0.050645 -0.221668 -0.295165 
0.695509 0.225734 -0.848938 0.034854 -0.284766 -0.354961 
0.689246 0.276525 -0.802447 0.023524 -0.343959 -0.413701 
0.680972 0.301091 -0.637225 0.015625 -0.387229 -0.482272 
0.669941 0.310111 -0.427666 0.009827 -0.422840 -0.561093 
0.655026 0.311867 -0.292825 0.005619 -0.446706 -0.628496 
0.634027 0.310861 -0.220097 0.014609 -0.463741 -0.684510 
0.605454 0.306275 -0.185128 0.083855 -0.475595 -0.727842 
0.567312 0.295229 -0.168553 0.277886 -0.483709 -0.764789 
0.518166 0.283929 -0.161173 0.458973 -0.490073 -0.791492 
0.458099 0.269971 -0.160047 0.577549 -0.494713 -0.810472 
0.389570 0.246321 -0.163061 0.644256 -0.483832 -0.824510 
0.317458 0.214863 -0.167326 0.676797 -0.421771 -0.835157 
0.247898 0.174106 -0.174702 0.692713 -0.263920 -0.842277 
0.186338 0.122061 -0.182941 0.697881 -0.008802 -0.847794 
0.135942 0.061050 -0.195054 0.698431 0.155760 -0.852187 
0.097211 -0.026913 -0.212237 0.696186 0.242666 -0.846468 
0.068742 -0.117619 -0.235887 0.691669 0.285414 -0.817383 
0.048346 -0.199231 -0.273915 0.685066 0.304537 -0.591832 
0.033868 -0.271007 -0.331735 0.675800 0.312281 -0.408615 
0.023567 -0.333150 -0.398969 0.663341 0.313845 -0.285842 
0.016160 -0.378243 -0.466279 0.637134 0.311652 -0.216319 
0.010756 -0.412021 -0.531461 0.606167 0.306670 -0.182492 
0.006749 -0.438297 -0.598750 0.556111 0.297667 -0.166734 
0.003726 -0.458022 -0.662877 0.512193 0.284938 -0.160302 
0.001408 -0.473000 -0.713576 0.451867 0.265668 -0.160891 
0.022073 -0.481783 -0.752475 0.395063 0.248656 -0.162015 
0.120813 -0.486799 -0.771924 0.343822 0.229816 -0.165118 
0.421609 -0.489307 -0.791441 0.307301 0.213934 -0.167897 
0.640032 -0.493337 -0.801200 0.273222 0.198964 -0.170611 
0.696341 -0.495351 -0.813648 0.235293 0.166156 -0.175772 
0.709324 -0.492927 -0.824280 0.197821 0.118076 -0.182327 
0.706980 -0.480065 -0.833208 0.150003 0.050360 -0.198023 
0.704032 -0.316550 -0.841021 0.111804 -0.032081 -0.218148 
0.700315 -0.071618 -0.846715 0.079416 -0.106893 -0.241497 
0.695536 0.113880 -0.850922 0.055282 -0.183269 -0.278157 
0.689319 0.217482 -0.849623 0.037173 -0.265566 -0.323619 
0.681155 0.272440 -0.824567 0.026208 -0.325675 -0.389891 
0.670368 0.299048 -0.711310 0.017295 -0.374428 -0.458694 
0.655159 0.309089 -0.497590 0.011483 -0.410260 -0.527848 
0.634191 0.312532 -0.339384 0.007084 -0.438193 -0.599882 
0.605656 0.311193 -0.244060 0.009366 -0.457658 -0.659555 
0.567554 0.306441 -0.196060 0.034711 -0.471186 -0.711816 
0.518445 0.299893 -0.173515 0.147215 -0.481503 -0.756776 
0.458403 0.286261 -0.163655 0.380276 -0.487985 -0.786470 
0.389876 0.271137 -0.161283 0.532932 -0.493063 -0.807961 
0.317742 0.252105 -0.162136 0.621205 -0.489677 -0.822771 
0.248140 0.225071 -0.165603 0.665346 -0.459323 -0.833498 
0.186528 0.182285 -0.170177 0.686987 -0.328505 -0.841448 
0.136082 0.126151 -0.180678 0.695018 -0.082323 -0.846855 
0.097309 0.063095 -0.193923 0.697869 0.110251 -0.850958 
0.068809 -0.011031 -0.211672 0.696978 0.218150 -0.850391 
0.048390 -0.090644 -0.235604 0.692065 0.273156 -0.819345 
0.033898 -0.168491 -0.273774 0.685264 0.299403 -0.681024 
0.023586 -0.255637 -0.331582 0.675899 0.310120 -0.453211 
0.016173 -0.325465 -0.391570 0.663390 0.313283 -0.308141 
0.010766 -0.374400 -0.450537 0.645688 0.311349 -0.227480 
0.006755 -0.410100 -0.523590 0.622138 0.306491 -0.188073 
0.003730 -0.437336 -0.591047 0.590156 0.297577 -0.169525 
0.001411 -0.456370 -0.658854 0.531425 0.285729 -0.161697 
0.031396 -0.470015 -0.711564 0.470575 0.266063 -0.161084 
0.220270 -0.480290 -0.751472 0.404417 0.248854 -0.162111 
0.581474 -0.486053 -0.777147 0.348499 0.223452 -0.165166 
0.690507 -0.491709 -0.798139 0.293822 0.195997 -0.169246 
0.711214 -0.495286 -0.813385 0.233432 0.152419 -0.175089 
0.709327 -0.491696 -0.825728 0.182246 0.092171 -0.186840 
0.706984 -0.436909 -0.835777 0.137745 0.030280 -0.200280 
0.704037 -0.294972 -0.842790 0.099349 -0.055947 -0.224306 
0.700307 -0.060829 -0.847966 0.070442 -0.141649 -0.255983 
0.695509 0.123037 -0.851826 0.050796 -0.221618 -0.295155 
0.689246 0.225739 -0.848913 0.034930 -0.284740 -0.354956 
0.680972 0.276528 -0.802434 0.023561 -0.343946 -0.413699 
0.669941 0.301093 -0.637219 0.015644 -0.387223 -0.482271 
0.655159 0.310111 -0.427662 0.009836 -0.422837 -0.561092 
0.634185 0.311868 -0.292823 0.005623 -0.446704 -0.628496 
0.605641 0.310861 -0.220096 0.014612 -0.463740 -0.684510 
0.567527 0.304840 -0.185127 0.083856 -0.475594 -0.727842 
0.518404 0.294512 -0.168552 0.277873 -0.483709 -0.766506 
0.458347 0.283570 -0.161173 0.458966 -0.490073 -0.792351 
0.389809 0.269792 -0.160556 0.577546 -0.494713 -0.810902 
0.317669 0.246232 -0.163316 0.644254 -0.483832 -0.825998 
0.248069 0.214818 -0.167453 0.676796 -0.421771 -0.835900 
0.186466 0.174084 -0.174766 0.692712 -0.263920 -0.843377 
0.136031 0.122050 -0.185311 0.697880 -0.008802 -0.848836 
0.097270 0.034138 -0.200925 0.698431 0.155760 -0.852707 
0.068780 -0.040369 -0.221531 0.696186 0.242666 -0.846728 
0.048369 -0.124347 -0.248532 0.691669 0.284607 -0.762229 
0.033883 -0.217062 -0.292135 0.681699 0.304134 -0.564255 
0.023576 -0.289388 -0.340845 0.669632 0.312080 -0.394826 
0.016165 -0.342341 -0.403524 0.653782 0.313744 -0.278948 
0.010760 -0.382838 -0.468557 0.632354 0.310401 -0.213159 
0.006751 -0.418282 -0.547287 0.603777 0.304458 -0.181408 
0.003727 -0.443642 -0.606664 0.554917 0.294548 -0.166812 
0.001409 -0.460695 -0.666834 0.500756 0.283379 -0.161077 
0.031383 -0.474337 -0.721261 0.437330 0.260848 -0.161279 
0.220202 -0.483076 -0.756318 0.387795 0.235913 -0.162209 
0.581427 -0.487446 -0.783638 0.329287 0.216982 -0.166442 
0.690497 -0.492406 -0.801385 0.284190 0.192762 -0.169883 
0.711211 -0.495634 -0.815007 0.228616 0.150802 -0.175408 
0.711208 -0.491870 -0.826540 0.179838 0.091362 -0.186999 
0.709321 -0.436996 -0.836183 0.136541 0.029876 -0.200360 
0.706977 -0.295015 -0.842992 0.098747 -0.056149 -0.224346 
0.704032 -0.060850 -0.848068 0.070141 -0.141750 -0.256003 
0.700307 0.123026 -0.851877 0.050645 -0.221668 -0.295165 
0.695509 0.225734 -0.848938 0.034854 -0.284766 -0.354961 
0.689246 0.276525 -0.802447 0.023524 -0.343959 -0.413701 
0.680972 0.301091 -0.637225 0.015625 -0.387229 -0.482272 
0.669941 0.310111 -0.427666 0.009827 -0.422840 -0.561093 
0.655026 0.311867 -0.292825 0.005619 -0.446706 -0.628496 
0.634027 0.310861 -0.220097 0.014609 -0.463741 -0.684510 
0.605454 0.306275 -0.185128 0.083855 -0.475595 -0.727842 
0.567312 0.295229 -0.168553 0.277886 -0.483709 -0.764789 
0.518166 0.283929 -0.161173 0.458973 -0.490073 -0.791492 
0.458099 0.269971 -0.160047 0.577549 -0.494713 -0.810472 
0.389570 0.246321 -0.163061 0.644256 -0.483832 -0.824510 
0.317458 0.214863 -0.167326 0.676797 -0.421771 -0.835157 
0.247898 0.174106 -0.174702 0.692713 -0.263920 -0.842277 
0.186338 0.122061 -0.182941 0.697881 -0.008802 -0.847794 
0.135942 0.061050 -0.195054 0.698431 0.155760 -0.852187 
0.097211 -0.026913 -0.212237 0.696186 0.242666 -0.846468 
0.068742 -0.117619 -0.235887 0.691669 0.285414 -0.817383 
0.048346 -0.199231 -0.273915 0.685066 0.304537 -0.591832 
0.033868 -0.271007 -0.331735 0.675800 0.312281 -0.408615 
0.023567 -0.333150 -0.398969 0.663341 0.313845 -0.285842 
0.016160 -0.378243 -0.466279 0.637134 0.311652 -0.216319 
0.010756 -0.412021 -0.531461 0.606167 0.306670 -0.182492 
0.006749 -0.438297 -0.598750 0.556111 0.297667 -0.166734 
0.003726 -0.458022 -0.662877 0.512193 0.284938 -0.160302 
0.001408 -0.473000 -0.713576 0.451867 0.265668 -0.160891 
0.022073 -0.481783 -0.752475 0.395063 0.248656 -0.162015 
0.120813 -0.486799 -0.771924 0.343822 0.229816 -0.165118 
0.421609 -0.489307 -0.791441 0.307301 0.213934 -0.167897 
0.640032 -0.493337 -0.801200 0.273222 0.198964 -0.170611 
0.696341 -0.495351 -0.813648 0.235293 0.166156 -0.175772 
0.709324 -0.492927 -0.824280 0.197821 0.118076 -0.182327 
0.706980 -0.480065 -0.833208 0.150003 0.050360 -0.198023 
0.704032 -0.316550 -0.841021 0.111804 -0.032081 -0.218148 
0.700315 -0.071618 -0.846715 0.079416 -0.106893 -0.241497 
0.695536 0.113880 -0.850922 0.055282 -0.183269 -0.278157 
0.689319 0.217482 -0.849623 0.037173 -0.265566 -0.323619 
0.681155 0.272440 -0.824567 0.026208 -0.325675 -0.389891 
0.670368 0.299048 -0.711310 0.017295 -0.374428 -0.458694 
0.655159 0.309089 -0.497590 0.011483 -0.410260 -0.527848 
0.634191 0.312532 -0.339384 0.007084 -0.438193 -0.599882 
0.605656 0.311193 -0.244060 0.009366 -0.457658 -0.659555 
0.567554 0.306441 -0.196060 0.034711 -0.471186 -0.711816 
0.518445 0.299893 -0.173515 0.147215 -0.481503 -0.756776 
0.458403 0.286261 -0.163655 0.380276 -0.487985 -0.786470 
0.389876 0.271137 -0.161283 0.532932 -0.493063 -0.807961 
0.317742 0.252105 -0.162136 0.621205 -0.489677 -0.822771 
0.248140 0.225071 -0.165603 0.665346 -0.459323 -0.833498 
0.186528 0.182285 -0.170177 0.686987 -0.328505 -0.841448 
0.136082 0.126151 -0.180678 0.695018 -0.082323 -0.846855 
0.097309 0.063095 -0.193923 0.697869 0.110251 -0.850958 
0.068809 -0.011031 -0.211672 0.696978 0.218150 -0.850391 
0.048390 -0.090644 -0.235604 0.692065 0.273156 -0.819345 
0.033898 -0.168491 -0.273774 0.685264 0.299403 -0.681024 
0.023586 -0.255637 -0.331582 0.675899 0.310120 -0.453211 
0.016173 -0.325465 -0.391570 0.663390 0.313283 -0.308141 
0.010766 -0.374400 -0.450537 0.645688 0.311349 -0.227480 
0.006755 -0.410100 -0.523590 0.622138 0.306491 -0.188073 
0.003730 -0.437336 -0.591047 0.590156 0.297577 -0.169525 
0.001411 -0.456370 -0.658854 0.531425 0.285729 -0.161697 
0.031396 -0.470015 -0.711564 0.470575 0.266063 -0.161084 
0.220270 -0.480290 -0.751472 0.404417 0.248854 -0.162111 
0.581474 -0.486053 -0.777147 0.348499 0.223452 -0.165166 
0.690507 -0.491709 -0.798139 0.293822 0.195997 -0.169246 
0.711214 -0.495286 -0.813385 0.233432 0.152419 -0.175089 
0.709327 -0.491696 -0.825728 0.182246 0.092171 -0.186840 
0.706984 -0.436909 -0.835777 0.137745 0.030280 -0.200280 
0.704037 -0.294972 -0.842790 0.099349 -0.055947 -0.224306 
0.700307 -0.060829 -0.847966 0.070442 -0.141649 -0.255983 
0.695509 0.123037 -0.851826 0.050796 -0.221618 -0.295155 
0.689246 0.225739 -0.848913 0.034930 -0.284740 -0.354956 
0.680972 0.276528 -0.802434 0.023561 -0.343946 -0.413699 
0.669941 0.301093 -0.637219 0.015644 -0.387223 -0.482271 
0.655159 0.310111 -0.427662 0.009836 -0.422837 -0.561092 
0.634185 0.311868 -0.292823 0.005623 -0.446704 -0.628496 
0.605641 0.310861 -0.220096 0.014612 -0.463740 -0.684510 
0.567527 0.304840 -0.185127 0.083856 -0.475594 -0.727842 
0.518404 0.294512 -0.168552 0.277873 -0.483709 -0.766506 
0.458347 0.283570 -0.161173 0.458966 -0.490073 -0.792351 
0.389809 0.269792 -0.160556 0.577546 -0.494713 -0.810902 
0.317669 0.246232 -0.163316 0.644254 -0.483832 -0.825998 
0.248069 0.214818 -0.167453 0.676796 -0.421771 -0.835900 
0.186466 0.174084 -0.174766 0.692712 -0.263920 -0.843377 
0.136031 0.122050 -0.185311 0.697880 -0.008802 -0.848836 
0.097270 0.034138 -0.200925 0.698431 0.155760 -0.852707 
0.068780 -0.040369 -0.221531 0.696186 0.242666 -0.846728 
0.048369 -0.124347 -0.248532 0.691669 0.284607 -0.762229 
0.033883 -0.217062 -0.292135 0.681699 0.304134 -0.564255 
0.023576 -0.289388 -0.340845 0.669632 0.312080 -0.394826 
0.016165 -0.342341 -0.403524 0.653782 0.313744 -0.278948 
0.010760 -0.382838 -0.468557 0.632354 0.310401 -0.213159 
0.006751 -0.418282 -0.547287 0.603777 0.304458 -0.181408 
0.003727 -0.443642 -0.606664 0.554917 0.294548 -0.166812 
0.001409 -0.460695 -0.666834 0.500756 0.283379 -0.161077 
0.031383 -0.474337 -0.721261 0.437330 0.260848 -0.161279 
0.220202 -0.483076 -0.756318 0.387795 0.235913 -0.162209 
0.581427 -0.487446 -0.783638 0.329287 0.216982 -0.166442 
0.690497 -0.492406 -0.801385 0.284190 0.192762 -0.169883 
0.711211 -0.495634 -0.815007 0.228616 0.150802 -0.175408 
0.711208 -0.491870 -0.826540 0.179838 0.091362 -0.186999 
0.709321 -0.436996 -0.836183 0.136541 0.029876 -0.200360 
0.706977 -0.295015 -0.842992 0.098747 -0.056149 -0.224346 
0.704032 -0.060850 -0.848068 0.070141 -0.141750 -0.256003 
0.700307 0.123026 -0.851877 0.050645 -0.221668 -0.295165 
0.695509 0.225734 -0.848938 0.034854 -0.284766 -0.354961 
0.689246 0.276525 -0.802447 0.023524 -0.343959 -0.413701 
0.680972 0.301091 -0.637225 0.015625 -0.387229 -0.482272 
0.669941 0.310111 -0.427666 0.009827 -0.422840 -0.561093 
0.655026 0.311867 -0.292825 0.005619 -0.446706 -0.628496 
0.634027 0.310861 -0.220097 0.014609 -0.463741 -0.684510 
0.605454 0.306275 -0.185128 0.083855 -0.475595 -0.727842 
0.567312 0.295229 -0.168553 0.277886 -0.483709 -0.764789 
0.518166 0.283929 -0.161173 0.458973 -0.490073 -0.791492 
0.458099 0.269971 -0.160047 0.577549 -0.494713 -0.810472 
0.389570 0.246321 -0.163061 0.644256 -0.483832 -0.824510 
0.317458 0.214863 -0.167326 0.676797 -0.421771 -0.835157 
0.247898 0.174106 -0.174702 0.692713 -0.263920 -0.842277 
0.186338 0.122061 -0.182941 0.697881 -0.008802 -0.847794 
0.135942 0.061050 -0.195054 0.698431 0.155760 -0.852187 
0.097211 -0.026913 -0.212237 0.696186 0.242666 -0.846468 
0.068742 -0.117619 -0.235887 0.691669 0.285414 -0.817383 
0.048346 -0.199231 -0.273915 0.685066 0.304537 -0.591832 
0.033868 -0.271007 -0.331735 0.675800 0.312281 -0.408615 
0.023567 -0.333150 -0.398969 0.663341 0.313845 -0.285842 
0.016160 -0.378243 -0.466279 0.637134 0.311652 -0.216319 
0.010756 -0.412021 -0.531461 0.606167 0.306670 -0.182492 
0.006749 -0.438297 -0.598750 0.556111 0.297667 -0.166734 
0.003726 -0.458022 -0.662877 0.512193 0.284938 -0.160302 
0.001408 -0.473000 -0.713576 0.451867 0.265668 -0.160891 
0.022073 -0.481783 -0.752475 0.395063 0.248656 -0.162015 
0.120813 -0.486799 -0.771924 0.343822 0.229816 -0.165118 
0.421609 -0.489307 -0.791441 0.307301 0.213934 -0.167897 
0.640032 -0.493337 -0.801200 0.273222 0.198964 -0.170611 
0.696341 -0.495351 -0.813648 0.235293 0.166156 -0.175772 
0.709324 -0.492927 -0.824280 0.197821 0.118076 -0.182327 
0.706980 -0.480065 -0.833208 0.150003 0.050360 -0.198023 
0.704032 -0.316550 -0.841021 0.111804 -0.032081 -0.218148 
0.700315 -0.071618 -0.846715 0.079416 -0.106893 -0.241497 
0.695536 0.113880 -0.850922 0.055282 -0.183269 -0.278157 
0.689319 0.217482 -0.849623 0.037173 -0.265566 -0.323619 
0.681155 0.272440 -0.824567 0.026208 -0.325675 -0.389891 
0.670368 0.299048 -0.711310 0.017295 -0.374428 -0.458694 
0.655159 0.309089 -0.497590 0.011483 -0.410260 -0.527848 
0.634191 0.312532 -0.339384 0.007084 -0.438193 -0.599882 
0.605656 0.311193 -0.244060 0.009366 -0.457658 -0.659555 
0.567554 0.306441 -0.196060 0.034711 -0.471186 -0.711816 
0.518445 0.299893 -0.173515 0.147215 -0.481503 -0.756776 
0.458403 0.286261 -0.163655 0.380276 -0.487985 -0.786470 
0.389876 0.271137 -0.161283 0.532932 -0.493063 -0.807961 
0.317742 0.252105 -0.162136 0.621205 -0.489677 -0.822771 
0.248140 0.225071 -0.165603 0.665346 -0.459323 -0.833498 
0.186528 0.182285 -0.170177 0.686987 -0.328505 -0.841448 
0.136082 0.126151 -0.180678 0.695018 -0.082323 -0.846855 
0.097309 0.063095 -0.193923 0.697869 0.110251 -0.850958 
0.068809 -0.011031 -0.211672 0.696978 0.218150 -0.850391 
0.048390 -0.090644 -0.235604 0.692065 0.273156 -0.819345 
0.033898 -0.168491 -0.273774 0.685264 0.299403 -0.681024 
0.023586 -0.255637 -0.331582 0.675899 0.310120 -0.453211 
0.016173 -0.325465 -0.391570 0.663390 0.313283 -0.308141 
0.010766 -0.374400 -0.450537 0.645688 0.311349 -0.227480 
0.006755 -0.410100 -0.523590 0.622138 0.306491 -0.188073 
0.003730 -0.437336 -0.591047 0.590156 0.297577 -0.169525 
0.001411 -0.456370 -0.658854 0.531425 0.285729 -0.161697 
0.031396 -0.470015 -0.711564 0.470575 0.266063 -0.161084 
0.220270 -0.480290 -0.751472 0.404417 0.248854 -0.162111 
0.581474 -0.486053 -0.777147 0.348499 0.223452 -0.165166 
0.690507 -0.491709 -0.798139 0.293822 0.195997 -0.169246 
0.711214 -0.495286 -0.813385 0.233432 0.152419 -0.175089 
0.709327 -0.491696 -0.825728 0.182246 0.092171 -0.186840 
0.706984 -0.436909 -0.835777 0.137745 0.030280 -0.200280 
0.704037 -0.294972 -0.842790 0.099349 -0.055947 -0.224306 
0.700307 -0.060829 -0.847966 0.070442 -0.141649 -0.255983 
0.695509 0.123037 -0.851826 0.050796 -0.221618 -0.295155 
0.689246 0.225739 -0.848913 0.034930 -0.284740 -0.354956 
0.680972 0.276528 -0.802434 0.023561 -0.343946 -0.413699 
0.669941 0.301093 -0.637219 0.015644 -0.387223 -0.482271 
0.655159 0.310111 -0.427662 0.009836 -0.422837 -0.561092 
0.634185 0.311868 -0.292823 0.005623 -0.446704 -0.628496 
0.605641 0.310861 -0.220096 0.014612 -0.463740 -0.684510 
0.567527 0.304840 -0.185127 0.083856 -0.475594 -0.727842 
0.518404 0.294512 -0.168552 0.277873 -0.483709 -0.766506 
0.458347 0.283570 -0.161173 0.458966 -0.490073 -0.792351 
0.389809 0.269792 -0.160556 0.577546 -0.494713 -0.810902 
0.317669 0.246232 -0.163316 0.644254 -0.483832 -0.825998 
0.248069 0.214818 -0.167453 0.676796 -0.421771 -0.835900 
0.186466 0.174084 -0.174766 0.692712 -0.263920 -0.843377 
0.136031 0.122050 -0.185311 0.697880 -0.008802 -0.848836 
0.097270 0.034138 -0.200925 0.698431 0.155760 -0.852707 
0.068780 -0.040369 -0.221531 0.696186 0.242666 -0.846728 
0.048369 -0.124347 -0.248532 0.691669 0.284607 -0.762229 
0.033883 -0.217062 -0.292135 0.681699 0.304134 -0.564255 
0.023576 -0.289388 -0.340845 0.669632 0.312080 -0.394826 
0.016165 -0.342341 -0.403524 0.653782 0.313744 -0.278948 
0.010760 -0.382838 -0.468557 0.632354 0.310401 -0.213159 
0.006751 -0.418282 -0.547287 0.603777 0.304458 -0.181408 
0.003727 -0.443642 -0.606664 0.554917 0.294548 -0.166812 
0.001409 -0.460695 -0.666834 0.500756 0.283379 -0.161077 
0.031383 -0.474337 -0.721261 0.437330 0.260848 -0.161279 
0.220202 -0.483076 -0.756318 0.387795 0.235913 -0.162209 
0.581427 -0.487446 -0.783638 0.329287 0.216982 -0.166442 
0.690497 -0.492406 -0.801385 0.284190 0.192762 -0.169883 
0.711211 -0.495634 -0.815007 0.228616 0.150802 -0.175408 
0.711208 -0.491870 -0.826540 0.179838 0.091362 -0.186999 
0.709321 -0.436996 -0.836183 0.136541 0.029876 -0.200360 
0.706977 -0.295015 -0.842992 0.098747 -0.056149 -0.224346 
0.704032 -0.060850 -0.848068 0.070141 -0.141750 -0.256003 
0.700307 0.123026 -0.851877 0.050645 -0.221668 -0.295165 
0.695509 0.225734 -0.848938 0.034854 -0.284766 -0.354961 
0.689246 0.276525 -0.802447 0.023524 -0.343959 -0.413701 
0.680972 0.301091 -0.637225 0.015625 -0.387229 -0.482272 
0.669941 0.310111 -0.427666 0.009827 -0.422840 -0.561093 
0.655026 0.311867 -0.292825 0.005619 -0.446706 -0.628496 
0.634027 0.310861 -0.220097 0.014609 -0.463741 -0.684510 
0.605454 0.306275 -0.185128 0.083855 -0.475595 -0.727842 
0.567312 0.295229 -0.168553 0.277886 -0.483709 -0.764789 
0.518166 0.283929 -0.161173 0.458973 -0.490073 -0.791492 
0.458099 0.269971 -0.160047 0.577549 -0.494713 -0.810472 
0.389570 0.246321 -0.163061 0.644256 -0.483832 -0.824510 
0.317458 0.214863 -0.167326 0.676797 -0.421771 -0.835157 
0.247898 0.174106 -0.174702 0.692713 -0.263920 -0.842277 
0.186338 0.122061 -0.182941 0.697881 -0.008802 -0.847794 
0.135942 0.061050 -0.195054 0.698431 0.155760 -0.852187 
0.097211 -0.026913 -0.212237 0.696186 0.242666 -0.846468 
0.068742 -0.117619 -0.235887 0.691669 0.285414 -0.817383 
0.048346 -0.199231 -0.273915 0.685066 0.304537 -0.591832 
0.033868 -0.271007 -0.331735 0.675800 0.312281 -0.408615 
0.023567 -0.333150 -0.398969 0.663341 0.313845 -0.285842 
0.016160 -0.378243 -0.466279 0.637134 0.311652 -0.216319 
0.010756 -0.412021 -0.531461 0.606167 0.306670 -0.182492 
0.006749 -0.438297 -0.598750 0.556111 0.297667 -0.166734 
0.003726 -0.458022 -0.662877 0.512193 0.284938 -0.160302 
0.001408 -0.473000 -0.713576 0.451867 0.265668 -0.160891 
0.022073 -0.481783 -0.752475 0.395063 0.248656 -0.162015 
0.120813 -0.486799 -0.771924 0.343822 0.229816 -0.165118 
0.421609 -0.489307 -0.791441 0.307301 0.213934 -0.167897 
0.640032 -0.493337 -0.801200 0.273222 0.198964 -0.170611 
0.696341 -0.495351 -0.813648 0.235293 0.166156 -0.175772 
0.709324 -0.492927 -0.824280 0.197821 0.118076 -0.182327 
0.706980 -0.480065 -0.833208 0.150003 0.050360 -0.198023 
0.704032 -0.316550 -0.841021 0.111804 -0.032081 -0.218148 
0.700315 -0.071618 -0.846715 0.079416 -0.106893 -0.241497 
0.695536 0.113880 -0.850922 0.055282 -0.183269 -0.278157 
0.689319 0.217482 -0.849623 0.037173 -0.265566 -0.323619 
0.681155 0.272440 -0.824567 0.026208 -0.325675 -0.389891 
0.670368 0.299048 -0.711310 0.017295 -0.374428 -0.458694 
0.655159 0.309089 -0.497590 0.011483 -0.410260 -0.527848 
0.634191 0.312532 -0.339384 0.007084 -0.438193 -0.599882 
0.605656 0.311193 -0.244060 0.009366 -0.457658 -0.659555 
0.567554 0.306441 -0.196060 0.034711 -0.471186 -0.711816 
0.518445 0.299893 -0.173515 0.147215 -0.481503 -0.756776 
0.458403 0.286261 -0.163655 0.380276 -0.487985 -0.786470 
0.389876 0.271137 -0.161283 0.532932 -0.493063 -0.807961 
0.317742 0.252105 -0.162136 0.621205 -0.489677 -0.822771 
0.248140 0.225071 -0.165603 0.665346 -0.459323 -0.833498 
0.186528 0.182285 -0.170177 0.686987 -0.328505 -0.841448 
0.136082 0.126151 -0.180678 0.695018 -0.082323 -0.846855 
0.097309 0.063095 -0.193923 0.697869 0.110251 -0.850958 
0.068809 -0.011031 -0.211672 0.696978 0.218150 -0.850391 
0.048390 -0.090644 -0.235604 0.692065 0.273156 -0.819345 
0.033898 -0.168491 -0.273774 0.685264 0.299403 -0.681024 
0.023586 -0.255637 -0.331582 0.675899 0.310120 -0.453211 
0.016173 -0.325465 -0.391570 0.663390 0.313283 -0.308141 
0.010766 -0.374400 -0.450537 0.645688 0.311349 -0.227480 
0.006755 -0.410100 -0.523590 0.622138 0.306491 -0.188073 
0.003730 -0.437336 -0.591047 0.590156 0.297577 -0.169525 
0.001411 -0.456370 -0.658854 0.531425 0.285729 -0.161697 
0.031396 -0.470015 -0.711564 0.470575 0.266063 -0.161084 
0.220270 -0.480290 -0.751472 0.404417 0.248854 -0.162111 
0.581474 -0.486053 -0.777147 0.348499 0.223452 -0.165166 
0.690507 -0.491709 -0.798139 0.293822 0.195997 -0.169246 
0.711214 -0.495286 -0.813385 0.233432 0.152419 -0.175089 
0.709327 -0.491696 -0.825728 0.182246 0.092171 -0.186840 
0.706984 -0.436909 -0.835777 0.137745 0.030280 -0.200280 
0.704037 -0.294972 -0.842790 0.099349 -0.055947 -0.224306 
0.700307 -0.060829 -0.847966 0.070442 -0.141649 -0.255983 
0.695509 0.123037 -0.851826 0.050796 -0.221618 -0.295155 
0.689246 0.225739 -0.848913 0.034930 -0.284740 -0.354956 
0.680972 0.276528 -0.802434 0.023561 -0.343946 -0.413699 
0.669941 0.301093 -0.637219 0.015644 -0.387223 -0.482271 
0.655159 0.310111 -0.427662 0.009836 -0.422837 -0.561092 
0.634185 0.311868 -0.292823 0.005623 -0.446704 -0.628496 
0.605641 0.310861 -0.220096 0.014612 -0.463740 -0.684510 
0.567527 0.304840 -0.185127 0.083856 -0.475594 -0.727842 
0.518404 0.294512 -0.168552 0.277873 -0.483709 -0.766506 
0.458347 0.283570 -0.161173 0.458966 -0.490073 -0.792351 
0.389809 0.269792 -0.160556 0.577546 -0.494713 -0.810902 
0.317669 0.246232 -0.163316 0.644254 -0.483832 -0.825998 
0.248069 0.214818 -0.167453 0.676796 -0.421771 -0.835900 
0.186466 0.174084 -0.174766 0.692712 -0.263920 -0.843377 
0.136031 0.122050 -0.185311 0.697880 -0.008802 -0.848836 
0.097270 0.034138 -0.200925 0.698431 0.155760 -0.852707 
0.068780 -0.040369 -0.221531 0.696186 0.242666 -0.846728 
0.048369 -0.124347 -0.248532 0.691669 0.284607 -0.762229 
0.033883 -0.217062 -0.292135 0.681699 0.304134 -0.564255 
0.023576 -0.289388 -0.340845 0.669632 0.312080 -0.394826 
0.016165 -0.342341 -0.403524 0.653782 0.313744 -0.278948 
0.010760 -0.382838 -0.468557 0.632354 0.310401 -0.213159 
0.006751 -0.418282 -0.547287 0.603777 0.304458 -0.181408 
0.003727 -0.443642 -0.606664 0.554917 0.294548 -0.166812 
0.001409 -0.460695 -0.666834 0.500756 0.283379 -0.161077 
0.031383 -0.474337 -0.721261 0.437330 0.260848 -0.161279 
0.220202 -0.483076 -0.756318 0.387795 0.235913 -0.162209 
0.581427 -0.487446 -0.783638 0.329287 0.216982 -0.166442 
0.690497 -0.492406 -0.801385 0.284190 0.192762 -0.169883 
0.711211 -0.495634 -0.815007 0.228616 0.150802 -0.175408 
0.711208 -0.491870 -0.826540 0.179838 0.091362 -0.186999 
0.709321 -0.436996 -0.836183 0.136541 0.029876 -0.200360 
0.706977 -0.295015 -0.842992 0.098747 -0.056149 -0.224346 
0.704032 -0.060850 -0.848068 0.070141 -0.141750 -0.256003 
0.700307 0.123026 -0.851877 0.050645 -0.221668 -0.295165 
0.695509 0.225734 -0.848938 0.034854 -0.284766 -0.354961 
0.689246 0.276525 -0.802447 0.023524 -0.343959 -0.413701 
0.680972 0.301091 -0.637225 0.015625 -0.387229 -0.482272 
0.669941 0.310111 -0.427666 0.009827 -0.422840 -0.561093 
0.655026 0.311867 -0.292825 0.005619 -0.446706 -0.628496 
0.634027 0.310861 -0.220097 0.014609 -0.463741 -0.684510 
0.605454 0.306275 -0.185128 0.083855 -0.475595 -0.727842 
0.567312 0.295229 -0.168553 0.277886 -0.483709 -0.764789 
0.518166 0.283929 -0.161173 0.458973 -0.490073 -0.791492 
0.458099 0.269971 -0.160047 0.577549 -0.494713 -0.810472 
0.389570 0.246321 -0.163061 0.644256 -0.483832 -0.824510 
0.317458 0.214863 -0.167326 0.676797 -0.421771 -0.835157 
0.247898 0.174106 -0.174702 0.692713 -0.263920 -0.842277 
0.186338 0.122061 -0.182941 0.697881 -0.008802 -0.847794 
0.135942 0.061050 -0.195054 0.698431 0.155760 -0.852187 
0.097211 -0.026913 -0.212237 0.696186 0.242666 -0.846468 
0.068742 -0.117619 -0.235887 0.691669 0.285414 -0.817383 
0.048346 -0.199231 -0.273915 0.685066 0.304537 -0.591832 
0.033868 -0.271007 -0.331735 0.675800 0.312281 -0.408615 
0.023567 -0.333150 -0.398969 0.663341 0.313845 -0.285842 
0.016160 -0.378243 -0.466279 0.637134 0.311652 -0.216319 
0.010756 -0.412021 -0.531461 0.606167 0.306670 -0.182492 
0.006749 -0.438297 -0.598750 0.556111 0.297667 -0.166734 
0.003726 -0.458022 -0.662877 0.512193 0.284938 -0.160302 
0.001408 -0.473000 -0.713576 0.451867 0.265668 -0.160891 
0.022073 -0.481783 -0.752475 0.395063 0.248656 -0.162015 
0.120813 -0.486799 -0.771924 0.343822 0.229816 -0.165118 
0.421609 -0.489307 -0.791441 0.307301 0.213934 -0.167897 
0.640032 -0.493337 -0.801200 0.273222 0.198964 -0.170611 
0.696341 -0.495351 -0.813648 0.235293 0.166156 -0.175772 
0.709324 -0.492927 -0.824280 0.197821 0.118076 -0.182327 
0.706980 -0.480065 -0.833208 0.150003 0.050360 -0.198023 
0.704032 -0.316550 -0.841021 0.111804 -0.032081 -0.218148 
0.700315 -0.071618 -0.846715 0.079416 -0.106893 -0.241497 
0.695536 0.113880 -0.850922 0.055282 -0.183269 -0.278157 
0.689319 0.217482 -0.849623 0.037173 -0.265566 -0.323619 
0.681155 0.272440 -0.824567 0.026208 -0.325675 -0.389891 
0.670368 0.299048 -0.711310 0.017295 -0.374428 -0.458694 
0.655159 0.309089 -0.497590 0.011483 -0.410260 -0.527848 
0.634191 0.312532 -0.339384 0.007084 -0.438193 -0.599882 
0.605656 0.311193 -0.244060 0.009366 -0.457658 -0.659555 
0.567554 0.306441 -0.196060 0.034711 -0.471186 -0.711816 
0.518445 0.299893 -0.173515 0.147215 -0.481503 -0.756776 
0.458403 0.286261 -0.163655 0.380276 -0.487985 -0.786470 
0.389876 0.271137 -0.161283 0.532932 -0.493063 -0.807961 
0.317742 0.252105 -0.162136 0.621205 -0.489677 -0.822771 
0.248140 0.225071 -0.165603 0.665346 -0.459323 -0.833498 
0.186528 0.182285 -0.170177 0.686987 -0.328505 -0.841448 
0.136082 0.126151 -0.180678 0.695018 -0.082323 -0.846855 
0.097309 0.063095 -0.193923 0.697869 0.110251 -0.850958 
0.068809 -0.011031 -0.211672 0.696978 0.218150 -0.850391 
0.048390 -0.090644 -0.235604 0.692065 0.273156 -0.819345 
0.033898 -0.168491 -0.273774 0.685264 0.299403 -0.681024 
0.023586 -0.255637 -0.331582 0.675899 0.310120 -0.453211 
0.016173 -0.325465 -0.391570 0.663390 0.313283 -0.308141 
0.010766 -0.374400 -0.450537 0.645688 0.311349 -0.227480 
0.006755 -0.410100 -0.523590 0.622138 0.306491 -0.188073 
0.003730 -0.437336 -0.591047 0.590156 0.297577 -0.169525 
0.001411 -0.456370 -0.658854 0.531425 0.285729 -0.161697 
0.031396 -0.470015 -0.711564 0.470575 0.266063 -0.161084 
0.220270 -0.480290 -0.751472 0.404417 0.248854 -0.162111 
0.581474 -0.486053 -0.777147 0.348499 0.223452 -0.165166 
0.690507 -0.491709 -0.798139 0.293822 0.195997 -0.169246 
0.711214 -0.495286 -0.813385 0.233432 0.152419 -0.175089 
0.709327 -0.491696 -0.825728 0.182246 0.092171 -0.186840 
0.706984 -0.436909 -0.835777 0.137745 0.030280 -0.200280 
0.704037 -0.294972 -0.842790 0.099349 -0.055947 -0.224306 
0.700307 -0.060829 -0.847966 0.070442 -0.141649 -0.255983 
0.695509 0.123037 -0.851826 0.050796 -0.221618 -0.295155 
0.689246 0.225739 -0.848913 0.034930 -0.284740 -0.354956 
0.680972 0.276528 -0.802434 0.023561 -0.343946 -0.413699 
0.669941 0.301093 -0.637219 0.015644 -0.387223 -0.482271 
0.655159 0.310111 -0.427662 0.009836 -0.422837 -0.561092 
0.634185 0.311868 -0.292823 0.005623 -0.446704 -0.628496 
0.605641 0.310861 -0.220096 0.014612 -0.463740 -0.684510 
0.567527 0.304840 -0.185127 0.083856 -0.475594 -0.727842 
0.518404 0.294512 -0.168552 0.277873 -0.483709 -0.766506 
0.458347 0.283570 -0.161173 0.458966 -0.490073 -0.792351 
0.389809 0.269792 -0.160556 0.577546 -0.494713 -0.810902 
0.317669 0.246232 -0.163316 0.644254 -0.483832 -0.825998 
0.248069 0.214818 -0.167453 0.676796 -0.421771 -0.835900 
0.186466 0.174084 -0.174766 0.692712 -0.263920 -0.843377 
0.136031 0.122050 -0.185311 0.697880 -0.008802 -0.848836 
0.097270 0.034138 -0.200925 0.698431 0.155760 -0.852707 
0.068780 -0.040369 -0.221531 0.696186 0.242666 -0.846728 
0.048369 -0.124347 -0.248532 0.691669 0.284607 -0.762229 
0.033883 -0.217062 -0.292135 0.681699 0.304134 -0.564255 
0.023576 -0.289388 -0.340845 0.669632 0.312080 -0.394826 
0.016165 -0.342341 -0.403524 0.653782 0.313744 -0.278948 
0.010760 -0.382838 -0.468557 0.632354 0.310401 -0.213159 
0.006751 -0.418282 -0.547287 0.603777 0.304458 -0.181408 
0.003727 -0.443642 -0.606664 0.554917 0.294548 -0.166812 
0.001409 -0.460695 -0.666834 0.500756 0.283379 -0.161077 
0.031383 -0.474337 -0.721261 0.437330 0.260848 -0.161279 
0.220202 -0.483076 -0.756318 0.387795 0.235913 -0.162209 
0.581427 -0.487446 -0.783638 0.329287 0.216982 -0.166442 
0.690497 -0.492406 -0.801385 0.284190 0.192762 -0.169883 
0.711211 -0.495634 -0.815007 0.228616 0.150802 -0.175408 
0.711208 -0.491870 -0.826540 0.179838 0.091362 -0.186999 
0.709321 -0.436996 -0.836183 0.136541 0.029876 -0.200360 
0.706977 -0.295015 -0.842992 0.098747 -0.056149 -0.224346 
0.704032 -0.060850 -0.848068 0.070141 -0.141750 -0.256003 
0.700307 0.123026 -0.851877 0.050645 -0.221668 -0.295165 
0.695509 0.225734 -0.848938 0.034854 -0.284766 -0.354961 
0.689246 0.276525 -0.802447 0.023524 -0.343959 -0.413701 
0.680972 0.301091 -0.637225 0.015625 -0.387229 -0.482272 
0.669941 0.310111 -0.427666 0.009827 -0.422840 -0.561093 
0.655026 0.311867 -0.292825 0.005619 -0.446706 -0.628496 
0.634027 0.310861 -0.220097 0.014609 -0.463741 -0.684510 
0.605454 0.306275 -0.185128 0.083855 -0.475595 -0.727842 
0.567312 0.295229 -0.168553 0.277886 -0.483709 -0.764789 
0.518166 0.283929 -0.161173 0.458973 -0.490073 -0.791492 
0.458099 0.269971 -0.160047 0.577549 -0.494713 -0.810472 
0.389570 0.246321 -0.163061 0.644256 -0.483832 -0.824510 
0.317458 0.214863 -0.167326 0.676797 -0.421771 -0.835157 
0.247898 0.174106 -0.174702 0.692713 -0.263920 -0.842277 
0.186338 0.122061 -0.182941 0.697881 -0.008802 -0.847794 
0.135942 0.061050 -0.195054 0.698431 0.155760 -0.852187 
0.097211 -0.026913 -0.212237 0.696186 0.242666 -0.846468 
0.068742 -0.117619 -0.235887 0.691669 0.285414 -0.817383 
0.048346 -0.199231 -0.273915 0.685066 0.304537 -0.591832 
0.033868 -0.271007 -0.331735 0.675800 0.312281 -0.408615 
0.023567 -0.333150 -0.398969 0.663341 0.313845 -0.285842 
0.016160 -0.378243 -0.466279 0.637134 0.311652 -0.216319 
0.010756 -0.412021 -0.531461 0.606167 0.306670 -0.182492 
0.006749 -0.438297 -0.598750 0.556111 0.297667 -0.166734 
0.003726 -0.458022 -0.662877 0.512193 0.284938 -0.160302 
0.022086 -0.473000 -0.713576 0.451867 0.265668 -0.160891 
0.120869 -0.481783 -0.752475 0.395063 0.248656 -0.162015 
0.421702 -0.486799 -0.777648 0.343822 0.229816 -0.165118 
0.640064 -0.489990 -0.794303 0.291483 0.206905 -0.167897 
0.696349 -0.493678 -0.806718 0.253579 0.174054 -0.172078 
0.711211 -0.496503 -0.819048 0.206964 0.122025 -0.180480 
0.709249 -0.481853 -0.830592 0.156066 0.065031 -0.189535 
0.706792 -0.402886 -0.839265 0.114836 -0.010957 -0.213904 
0.703673 -0.161932 -0.845563 0.083404 -0.090380 -0.239375 
0.699698 0.048503 -0.850137 0.060308 -0.175012 -0.269268 
0.694527 0.184794 -0.851465 0.042248 -0.250491 -0.319174 
0.687716 0.256617 -0.837225 0.028745 -0.318137 -0.376183 
0.678647 0.291369 -0.762874 0.019986 -0.365862 -0.439770 
0.666495 0.305250 -0.523373 0.012828 -0.405977 -0.518386 
0.649169 0.311636 -0.352276 0.007757 -0.436052 -0.589102 
0.625042 0.311966 -0.253203 0.006482 -0.455042 -0.654165 
0.592019 0.309607 -0.200632 0.028064 -0.469578 -0.704833 
0.548014 0.301476 -0.175395 0.143891 -0.479569 -0.744030 
0.491983 0.292830 -0.164595 0.368755 -0.487018 -0.777496 
0.425106 0.279322 -0.160669 0.527171 -0.492580 -0.801200 
0.351466 0.256197 -0.160958 0.615522 -0.493599 -0.819390 
0.277429 0.227118 -0.164602 0.662517 -0.461284 -0.830749 
0.209651 0.183308 -0.169676 0.685573 -0.360072 -0.839793 
0.152840 0.138499 -0.180428 0.694311 -0.098106 -0.846027 
0.108637 0.079842 -0.190744 0.697515 0.093930 -0.850544 
0.076083 -0.002658 -0.205922 0.696801 0.208798 -0.850184 
0.052899 -0.086457 -0.232729 0.693448 0.268479 -0.819241 
0.036626 -0.166397 -0.272336 0.685955 0.297065 -0.696938 
0.025202 -0.254590 -0.330864 0.676245 0.309792 -0.461168 
0.017105 -0.308152 -0.391210 0.663563 0.314189 -0.312119 
0.011279 -0.363274 -0.450358 0.645775 0.312495 -0.229470 
0.007012 -0.404537 -0.523500 0.622181 0.307064 -0.188730 
0.003830 -0.432584 -0.581701 0.590178 0.297863 -0.169433 
0.001415 -0.453995 -0.654181 0.531436 0.287770 -0.161651 
0.001411 -0.468224 -0.709228 0.470581 0.273428 -0.161061 
0.022086 -0.478101 -0.750304 0.404420 0.252536 -0.162100 
0.120869 -0.484958 -0.770839 0.348501 0.231756 -0.165161 
0.421702 -0.488387 -0.790899 0.309640 0.214903 -0.167918 
0.640064 -0.492876 -0.800929 0.274392 0.191723 -0.170621 
0.696349 -0.495121 -0.814779 0.235878 0.162536 -0.175777 
0.709327 -0.491614 -0.824845 0.183469 0.116265 -0.182329 
0.706984 -0.459518 -0.833491 0.138708 0.049455 -0.198025 
0.704037 -0.306277 -0.841162 0.099830 -0.032534 -0.223178 
0.700307 -0.066481 -0.846785 0.073428 -0.107120 -0.244013 
0.695509 0.120211 -0.850958 0.052289 -0.183382 -0.279414 
0.689246 0.220648 -0.849641 0.035676 -0.265623 -0.324247 
0.680972 0.274022 -0.824576 0.025459 -0.325703 -0.390205 
0.669941 0.299840 -0.711314 0.016593 -0.374442 -0.458852 
0.655159 0.309485 -0.475328 0.011132 -0.413284 -0.538854 
0.634185 0.312730 -0.319726 0.006553 -0.439705 -0.605385 
0.605641 0.311292 -0.234231 0.009101 -0.458414 -0.672954 
0.567527 0.306490 -0.191145 0.055531 -0.471564 -0.722064 
0.518404 0.299918 -0.171058 0.157625 -0.481692 -0.761900 
0.458347 0.286273 -0.162426 0.385481 -0.488079 -0.789032 
0.389809 0.271144 -0.160669 0.540803 -0.493111 -0.809242 
0.317669 0.252108 -0.161829 0.625141 -0.489701 -0.823412 
0.248069 0.225073 -0.165450 0.667314 -0.459335 -0.833818 
0.186466 0.182286 -0.170100 0.687971 -0.282702 -0.841608 
0.136031 0.126151 -0.180640 0.695510 -0.033603 -0.846935 
0.097270 0.063095 -0.193903 0.698115 0.134611 -0.851535 
0.068780 -0.011031 -0.211662 0.697101 0.230330 -0.850680 
0.048369 -0.090644 -0.235599 0.692127 0.279245 -0.819489 
0.033883 -0.168491 -0.273771 0.685294 0.302448 -0.681096 
0.023576 -0.255637 -0.331581 0.675915 0.311643 -0.453247 
0.016165 -0.325465 -0.391569 0.663398 0.314044 -0.308159 
0.010760 -0.374400 -0.450537 0.645692 0.311729 -0.227489 
0.006751 -0.410100 -0.523590 0.622140 0.306681 -0.188078 
0.003727 -0.437336 -0.591047 0.590157 0.297672 -0.169527 
0.001409 -0.456370 -0.658854 0.531425 0.285776 -0.161698 
0.031383 -0.470015 -0.711564 0.470576 0.266087 -0.161085 
0.220202 -0.480290 -0.751472 0.404417 0.248866 -0.162112 
0.581427 -0.486053 -0.777147 0.348500 0.223458 -0.165167 
0.690497 -0.491709 -0.798139 0.293822 0.196000 -0.169246 
0.711211 -0.495286 -0.813385 0.233432 0.152421 -0.175090 
0.711208 -0.491696 -0.825728 0.182246 0.092172 -0.186840 
0.709321 -0.436909 -0.835777 0.137745 0.030281 -0.200280 
0.706977 -0.294972 -0.842790 0.099349 -0.055947 -0.224306 
0.704032 -0.060829 -0.847966 0.070442 -0.141649 -0.255983 
0.700307 0.123037 -0.851826 0.050796 -0.221618 -0.295155 
0.695509 0.225739 -0.848913 0.034930 -0.284740 -0.354956 
0.689246 0.276528 -0.802434 0.023561 -0.343946 -0.413699 
0.680972 0.301093 -0.637219 0.015644 -0.387223 -0.482271 
0.669941 0.310111 -0.427662 0.009836 -0.422837 -0.561092 
0.655026 0.311868 -0.292823 0.005623 -0.446704 -0.628496 
0.634027 0.310861 -0.220096 0.014612 -0.463740 -0.684510 
0.605454 0.306275 -0.185127 0.083856 -0.475594 -0.727842 
0.567312 0.295229 -0.168552 0.277886 -0.483709 -0.764789 
0.518166 0.283929 -0.161173 0.458973 -0.490073 -0.791492 
0.458099 0.269971 -0.160047 0.577549 -0.494713 -0.810472 
0.389570 0.246321 -0.163061 0.644256 -0.483832 -0.824510 
0.317458 0.214863 -0.167326 0.676797 -0.421771 -0.835157 
0.247898 0.174106 -0.174702 0.692713 -0.263920 -0.842277 
0.186338 0.122061 -0.182941 0.697881 -0.008802 -0.847794 
0.135942 0.061050 -0.195054 0.698431 0.155760 -0.852187 
0.097211 -0.026913 -0.212237 0.696186 0.242666 -0.846468 
0.068742 -0.117619 -0.235887 0.691669 0.285414 -0.817383 
0.048346 -0.199231 -0.273915 0.685066 0.304537 -0.591832 
0.033868 -0.271007 -0.331735 0.675800 0.312281 -0.408615 
0.023567 -0.333150 -0.398969 0.663341 0.313845 -0.285842 
0.016160 -0.378243 -0.466279 0.637134 0.311652 -0.216319 
0.010756 -0.412021 -0.531461 0.606167 0.306670 -0.182492 
0.006749 -0.438297 -0.598750 0.556111 0.297667 -0.166734 
0.003726 -0.458022 -0.662877 0.512193 0.284938 -0.160302 
0.022086 -0.473000 -0.713576 0.451867 0.265668 -0.160891 
0.120869 -0.481783 -0.752475 0.395063 0.248656 -0.162015 
0.421702 -0.486799 -0.777648 0.343822 0.229816 -0.165118 
0.640064 -0.489990 -0.794303 0.291483 0.206905 -0.167897 
0.696349 -0.493678 -0.806718 0.253579 0.174054 -0.172078 
0.711211 -0.496503 -0.819048 0.206964 0.122025 -0.180480 
0.709249 -0.481853 -0.830592 0.156066 0.065031 -0.189535 
0.706792 -0.402886 -0.839265 0.114836 -0.010957 -0.213904 
0.703673 -0.161932 -0.845563 0.083404 -0.090380 -0.239375 
0.699698 0.048503 -0.850137 0.060308 -0.175012 -0.269268 
0.694527 0.184794 -0.851465 0.042248 -0.250491 -0.319174 
0.687716 0.256617 -0.837225 0.028745 -0.318137 -0.376183 
0.678647 0.291369 -0.762874 0.019986 -0.365862 -0.439770 
0.666495 0.305250 -0.523373 0.012828 -0.405977 -0.518386 
0.649169 0.311636 -0.352276 0.007757 -0.436052 -0.589102 
0.625042 0.311966 -0.253203 0.006482 -0.455042 -0.654165 
0.592019 0.309607 -0.200632 0.028064 -0.469578 -0.704833 
0.548014 0.301476 -0.175395 0.143891 -0.479569 -0.744030 
0.491983 0.292830 -0.164595 0.368755 -0.487018 -0.777496 
0.425106 0.279322 -0.160669 0.527171 -0.492580 -0.801200 
0.351466 0.256197 -0.160958 0.615522 -0.493599 -0.819390 
0.277429 0.227118 -0.164602 0.662517 -0.461284 -0.830749 
0.209651 0.183308 -0.169676 0.685573 -0.360072 -0.839793 
0.152840 0.138499 -0.180428 0.694311 -0.098106 -0.846027 
0.108637 0.079842 -0.190744 0.697515 0.093930 -0.850544 
0.076083 -0.002658 -0.205922 0.696801 0.208798 -0.850184 
0.052899 -0.086457 -0.232729 0.693448 0.268479 -0.819241 
0.036626 -0.166397 -0.272336 0.685955 0.297065 -0.696938 
0.025202 -0.254590 -0.330864 0.676245 0.309792 -0.461168 
0.017105 -0.308152 -0.391210 0.663563 0.314189 -0.312119 
0.011279 -0.363274 -0.450358 0.645775 0.312495 -0.229470 
0.007012 -0.404537 -0.523500 0.622181 0.307064 -0.188730 
0.003830 -0.432584 -0.581701 0.590178 0.297863 -0.169433 
0.001415 -0.453995 -0.654181 0.531436 0.287770 -0.161651 
0.001411 -0.468224 -0.709228 0.470581 0.273428 -0.161061 
0.022086 -0.478101 -0.750304 0.404420 0.252536 -0.162100 
0.120869 -0.484958 -0.770839 0.348501 0.231756 -0.165161 
0.421702 -0.488387 -0.790899 0.309640 0.214903 -0.167918 
0.640064 -0.492876 -0.800929 0.274392 0.191723 -0.170621 
0.696349 -0.495121 -0.814779 0.235878 0.162536 -0.175777 
0.709327 -0.491614 -0.824845 0.183469 0.116265 -0.182329 
0.706984 -0.459518 -0.833491 0.138708 0.049455 -0.198025 
0.704037 -0.306277 -0.841162 0.099830 -0.032534 -0.223178 
0.700307 -0.066481 -0.846785 0.073428 -0.107120 -0.244013 
0.695509 0.120211 -0.850958 0.052289 -0.183382 -0.279414 
0.689246 0.220648 -0.849641 0.035676 -0.265623 -0.324247 
0.680972 0.274022 -0.824576 0.025459 -0.325703 -0.390205 
0.669941 0.299840 -0.711314 0.016593 -0.374442 -0.458852 
0.655159 0.309485 -0.475328 0.011132 -0.413284 -0.538854 
0.634185 0.312730 -0.319726 0.006553 -0.439705 -0.605385 
0.605641 0.311292 -0.234231 0.009101 -0.458414 -0.672954 
0.567527 0.306490 -0.191145 0.055531 -0.471564 -0.722064 
0.518404 0.299918 -0.171058 0.157625 -0.481692 -0.761900 
0.458347 0.286273 -0.162426 0.385481 -0.488079 -0.789032 
0.389809 0.271144 -0.160669 0.540803 -0.493111 -0.809242 
0.317669 0.252108 -0.161829 0.625141 -0.489701 -0.823412 
0.248069 0.225073 -0.165450 0.667314 -0.459335 -0.833818 
0.186466 0.182286 -0.170100 0.687971 -0.282702 -0.841608 
0.136031 0.126151 -0.180640 0.695510 -0.033603 -0.846935 
0.097270 0.063095 -0.193903 0.698115 0.134611 -0.851535 
0.068780 -0.011031 -0.211662 0.697101 0.230330 -0.850680 
0.048369 -0.090644 -0.235599 0.692127 0.279245 -0.819489 
0.033883 -0.168491 -0.273771 0.685294 0.302448 -0.681096 
0.023576 -0.255637 -0.331581 0.675915 0.311643 -0.453247 
0.016165 -0.325465 -0.391569 0.663398 0.314044 -0.308159 
0.010760 -0.374400 -0.450537 0.645692 0.311729 -0.227489 
0.006751 -0.410100 -0.523590 0.622140 0.306681 -0.188078 
0.003727 -0.437336 -0.591047 0.590157 0.297672 -0.169527 
0.001409 -0.456370 -0.658854 0.531425 0.285776 -0.161698 
0.031383 -0.470015 -0.711564 0.470576 0.266087 -0.161085 
0.220202 -0.480290 -0.751472 0.404417 0.248866 -0.162112 
0.581427 -0.486053 -0.777147 0.348500 0.223458 -0.165167 
0.690497 -0.491709 -0.798139 0.293822 0.196000 -0.169246 
0.711211 -0.495286 -0.813385 0.233432 0.152421 -0.175090 
0.711208 -0.491696 -0.825728 0.182246 0.092172 -0.186840 
0.709321 -0.436909 -0.835777 0.137745 0.030281 -0.200280 
0.706977 -0.294972 -0.842790 0.099349 -0.055947 -0.224306 
0.704032 -0.060829 -0.847966 0.070442 -0.141649 -0.255983 
0.700307 0.123037 -0.851826 0.050796 -0.221618 -0.295155 
0.695509 0.225739 -0.848913 0.034930 -0.284740 -0.354956 
0.689246 0.276528 -0.802434 0.023561 -0.343946 -0.413699 
0.680972 0.301093 -0.637219 0.015644 -0.387223 -0.482271 
0.669941 0.310111 -0.427662 0.009836 -0.422837 -0.561092 
0.655026 0.311868 -0.292823 0.005623 -0.446704 -0.628496 
0.634027 0.310861 -0.220096 0.014612 -0.463740 -0.684510 
0.605454 0.306275 -0.185127 0.083856 -0.475594 -0.727842 
0.567312 0.295229 -0.168552 0.277886 -0.483709 -0.764789 
0.518166 0.283929 -0.161173 0.458973 -0.490073 -0.791492 
0.458099 0.269971 -0.160047 0.577549 -0.494713 -0.810472 
0.389570 0.246321 -0.163061 0.644256 -0.483832 -0.824510 
0.317458 0.214863 -0.167326 0.676797 -0.421771 -0.835157 
0.247898 0.174106 -0.174702 0.692713 -0.263920 -0.842277 
0.186338 0.122061 -0.182941 0.697881 -0.008802 -0.847794 
0.135942 0.061050 -0.195054 0.698431 0.155760 -0.852187 
0.097211 -0.026913 -0.212237 0.696186 0.242666 -0.846468 
0.068742 -0.117619 -0.235887 0.691669 0.285414 -0.817383 
0.048346 -0.199231 -0.273915 0.685066 0.304537 -0.591832 
0.033868 -0.271007 -0.331735 0.675800 0.312281 -0.408615 
0.023567 -0.333150 -0.398969 0.663341 0.313845 -0.285842 
0.016160 -0.378243 -0.466279 0.637134 0.311652 -0.216319 
0.010756 -0.412021 -0.531461 0.606167 0.306670 -0.182492 
0.006749 -0.438297 -0.598750 0.556111 0.297667 -0.166734 
0.003726 -0.458022 -0.662877 0.512193 0.284938 -0.160302 
0.022086 -0.473000 -0.713576 0.451867 0.265668 -0.160891 
0.120869 -0.481783 -0.752475 0.395063 0.248656 -0.162015 
0.421702 -0.486799 -0.777648 0.343822 0.229816 -0.165118 
0.640064 -0.489990 -0.794303 0.291483 0.206905 -0.167897 
0.696349 -0.493678 -0.806718 0.253579 0.174054 -0.172078 
0.711211 -0.496503 -0.819048 0.206964 0.122025 -0.180480 
0.709249 -0.481853 -0.830592 0.156066 0.065031 -0.189535 
0.706792 -0.402886 -0.839265 0.114836 -0.010957 -0.213904 
0.703673 -0.161932 -0.845563 0.083404 -0.090380 -0.239375 
0.699698 0.048503 -0.850137 0.060308 -0.175012 -0.269268 
0.694527 0.184794 -0.851465 0.042248 -0.250491 -0.319174 
0.687716 0.256617 -0.837225 0.028745 -0.318137 -0.376183 
0.678647 0.291369 -0.762874 0.019986 -0.365862 -0.439770 
0.666495 0.305250 -0.523373 0.012828 -0.405977 -0.518386 
0.649169 0.311636 -0.352276 0.007757 -0.436052 -0.589102 
0.625042 0.311966 -0.253203 0.006482 -0.455042 -0.654165 
0.592019 0.309607 -0.200632 0.028064 -0.469578 -0.704833 
0.548014 0.301476 -0.175395 0.143891 -0.479569 -0.744030 
0.491983 0.292830 -0.164595 0.368755 -0.487018 -0.777496 
0.425106 0.279322 -0.160669 0.527171 -0.492580 -0.801200 
0.351466 0.256197 -0.160958 0.615522 -0.493599 -0.819390 
0.277429 0.227118 -0.164602 0.662517 -0.461284 -0.830749 
0.209651 0.183308 -0.169676 0.685573 -0.360072 -0.839793 
0.152840 0.138499 -0.180428 0.694311 -0.098106 -0.846027 
0.108637 0.079842 -0.190744 0.697515 0.093930 -0.850544 
0.076083 -0.002658 -0.205922 0.696801 0.208798 -0.850184 
0.052899 -0.086457 -0.232729 0.693448 0.268479 -0.819241 
0.036626 -0.166397 -0.272336 0.685955 0.297065 -0.696938 
0.025202 -0.254590 -0.330864 0.676245 0.309792 -0.461168 
0.017105 -0.308152 -0.391210 0.663563 0.314189 -0.312119 
0.011279 -0.363274 -0.450358 0.645775 0.312495 -0.229470 
0.007012 -0.404537 -0.523500 0.622181 0.307064 -0.188730 
0.003830 -0.432584 -0.581701 0.590178 0.297863 -0.169433 
0.001415 -0.453995 -0.654181 0.531436 0.287770 -0.161651 
0.001411 -0.468224 -0.709228 0.470581 0.273428 -0.161061 
0.022086 -0.478101 -0.750304 0.404420 0.252536 -0.162100 
0.120869 -0.484958 -0.770839 0.348501 0.231756 -0.165161 
0.421702 -0.488387 -0.790899 0.309640 0.214903 -0.167918 
0.640064 -0.492876 -0.800929 0.274392 0.191723 -0.170621 
0.696349 -0.495121 -0.814779 0.235878 0.162536 -0.175777 
0.709327 -0.491614 -0.824845 0.183469 0.116265 -0.182329 
0.706984 -0.459518 -0.833491 0.138708 0.049455 -0.198025 
0.704037 -0.306277 -0.841162 0.099830 -0.032534 -0.223178 
0.700307 -0.066481 -0.846785 0.073428 -0.107120 -0.244013 
0.695509 0.120211 -0.850958 0.052289 -0.183382 -0.279414 
0.689246 0.220648 -0.849641 0.035676 -0.265623 -0.324247 
0.680972 0.274022 -0.824576 0.025459 -0.325703 -0.390205 
0.669941 0.299840 -0.711314 0.016593 -0.374442 -0.458852 
0.655159 0.309485 -0.475328 0.011132 -0.413284 -0.538854 
0.634185 0.312730 -0.319726 0.006553 -0.439705 -0.605385 
0.605641 0.311292 -0.234231 0.009101 -0.458414 -0.672954 
0.567527 0.306490 -0.191145 0.055531 -0.471564 -0.722064 
0.518404 0.299918 -0.171058 0.157625 -0.481692 -0.761900 
0.458347 0.286273 -0.162426 0.385481 -0.488079 -0.789032 
0.389809 0.271144 -0.160669 0.540803 -0.493111 -0.809242 
0.317669 0.252108 -0.161829 0.625141 -0.489701 -0.823412 
0.248069 0.225073 -0.165450 0.667314 -0.459335 -0.833818 
0.186466 0.182286 -0.170100 0.687971 -0.282702 -0.841608 
0.136031 0.126151 -0.180640 0.695510 -0.033603 -0.846935 
0.097270 0.063095 -0.193903 0.698115 0.134611 -0.851535 
0.068780 -0.011031 -0.211662 0.697101 0.230330 -0.850680 
0.048369 -0.090644 -0.235599 0.692127 0.279245 -0.819489 
0.033883 -0.168491 -0.273771 0.685294 0.302448 -0.681096 
0.023576 -0.255637 -0.331581 0.675915 0.311643 -0.453247 
0.016165 -0.325465 -0.391569 0.663398 0.314044 -0.308159 
0.010760 -0.374400 -0.450537 0.645692 0.311729 -0.227489 
0.006751 -0.410100 -0.523590 0.622140 0.306681 -0.188078 
0.003727 -0.437336 -0.591047 0.590157 0.297672 -0.169527 
0.001409 -0.456370 -0.658854 0.531425 0.285776 -0.161698 
0.031383 -0.470015 -0.711564 0.470576 0.266087 -0.161085 
0.220202 -0.480290 -0.751472 0.404417 0.248866 -0.162112 
0.581427 -0.486053 -0.777147 0.348500 0.223458 -0.165167 
0.690497 -0.491709 -0.798139 0.293822 0.196000 -0.169246 
0.711211 -0.495286 -0.813385 0.233432 0.152421 -0.175090 
0.711208 -0.491696 -0.825728 0.182246 0.092172 -0.186840 
0.709321 -0.436909 -0.835777 0.137745 0.030281 -0.200280 
0.706977 -0.294972 -0.842790 0.099349 -0.055947 -0.224306 
0.704032 -0.060829 -0.847966 0.070442 -0.141649 -0.255983 
0.700307 0.123037 -0.851826 0.050796 -0.221618 -0.295155 
0.695509 0.225739 -0.848913 0.034930 -0.284740 -0.354956 
0.689246 0.276528 -0.802434 0.023561 -0.343946 -0.413699 
0.680972 0.301093 -0.637219 0.015644 -0.387223 -0.482271 
0.669941 0.310111 -0.427662 0.009836 -0.422837 -0.561092 
0.655026 0.311868 -0.292823 0.005623 -0.446704 -0.628496 
0.634027 0.310861 -0.220096 0.014612 -0.463740 -0.684510 
0.605454 0.306275 -0.185127 0.083856 -0.475594 -0.727842 
0.567312 0.295229 -0.168552 0.277886 -0.483709 -0.764789 
0.518166 0.283929 -0.161173 0.458973 -0.490073 -0.791492 
0.458099 0.269971 -0.160047 0.577549 -0.494713 -0.810472 
0.389570 0.246321 -0.163061 0.644256 -0.483832 -0.824510 
0.317458 0.214863 -0.167326 0.676797 -0.421771 -0.835157 
0.247898 0.174106 -0.174702 0.692713 -0.263920 -0.842277 
0.186338 0.122061 -0.182941 0.697881 -0.008802 -0.847794 
0.135942 0.061050 -0.195054 0.698431 0.155760 -0.852187 
0.097211 -0.026913 -0.212237 0.696186 0.242666 -0.846468 
0.068742 -0.117619 -0.235887 0.691669 0.285414 -0.817383 
0.048346 -0.199231 -0.273915 0.685066 0.304537 -0.591832 
0.033868 -0.271007 -0.331735 0.675800 0.312281 -0.408615 
0.023567 -0.333150 -0.398969 0.663341 0.313845 -0.285842 
0.016160 -0.378243 -0.466279 0.637134 0.311652 -0.216319 
0.010756 -0.412021 -0.531461 0.606167 0.306670 -0.182492 
0.006749 -0.438297 -0.598750 0.556111 0.297667 -0.166734 
0.003726 -0.458022 -0.662877 0.512193 0.284938 -0.160302 
0.022086 -0.473000 -0.713576 0.451867 0.265668 -0.160891 
0.120869 -0.481783 -0.752475 0.395063 0.248656 -0.162015 
0.421702 -0.486799 -0.777648 0.343822 0.229816 -0.165118 
0.640064 -0.489990 -0.794303 0.291483 0.206905 -0.167897 
0.696349 -0.493678 -0.806718 0.253579 0.174054 -0.172078 
0.711211 -0.496503 -0.819048 0.206964 0.122025 -0.180480 
0.709249 -0.481853 -0.830592 0.156066 0.065031 -0.189535 
0.706792 -0.402886 -0.839265 0.114836 -0.010957 -0.213904 
0.703673 -0.161932 -0.845563 0.083404 -0.090380 -0.239375 
0.699698 0.048503 -0.850137 0.060308 -0.175012 -0.269268 
0.694527 0.184794 -0.851465 0.042248 -0.250491 -0.319174 
0.687716 0.256617 -0.837225 0.028745 -0.318137 -0.376183 
0.678647 0.291369 -0.762874 0.019986 -0.365862 -0.439770 
0.666495 0.305250 -0.523373 0.012828 -0.405977 -0.518386 
0.649169 0.311636 -0.352276 0.007757 -0.436052 -0.589102 
0.625042 0.311966 -0.253203 0.006482 -0.455042 -0.654165 
0.592019 0.309607 -0.200632 0.028064 -0.469578 -0.704833 
0.548014 0.301476 -0.175395 0.143891 -0.479569 -0.744030 
0.491983 0.292830 -0.164595 0.368755 -0.487018 -0.777496 
0.425106 0.279322 -0.160669 0.527171 -0.492580 -0.801200 
0.351466 0.256197 -0.160958 0.615522 -0.493599 -0.819390 
0.277429 0.227118 -0.164602 0.662517 -0.461284 -0.830749 
0.209651 0.183308 -0.169676 0.685573 -0.360072 -0.839793 
0.152840 0.138499 -0.180428 0.694311 -0.098106 -0.846027 
0.108637 0.079842 -0.190744 0.697515 0.093930 -0.850544 
0.076083 -0.002658 -0.205922 0.696801 0.208798 -0.850184 
0.052899 -0.086457 -0.232729 0.693448 0.268479 -0.819241 
0.036626 -0.166397 -0.272336 0.685955 0.297065 -0.696938 
0.025202 -0.254590 -0.330864 0.676245 0.309792 -0.461168 
0.017105 -0.308152 -0.391210 0.663563 0.314189 -0.312119 
0.011279 -0.363274 -0.450358 0.645775 0.312495 -0.229470 
0.007012 -0.404537 -0.523500 0.622181 0.307064 -0.188730 
0.003830 -0.432584 -0.581701 0.590178 0.297863 -0.169433 
0.001415 -0.453995 -0.654181 0.531436 0.287770 -0.161651 
0.001411 -0.468224 -0.709228 0.470581 0.273428 -0.161061 
0.022086 -0.478101 -0.750304 0.404420 0.252536 -0.162100 
0.120869 -0.484958 -0.770839 0.348501 0.231756 -0.165161 
0.421702 -0.488387 -0.790899 0.309640 0.214903 -0.167918 
0.640064 -0.492876 -0.800929 0.274392 0.191723 -0.170621 
0.696349 -0.495121 -0.814779 0.235878 0.162536 -0.175777 
0.709327 -0.491614 -0.824845 0.183469 0.116265 -0.182329 
0.706984 -0.459518 -0.833491 0.138708 0.049455 -0.198025 
0.704037 -0.306277 -0.841162 0.099830 -0.032534 -0.223178 
0.700307 -0.066481 -0.846785 0.073428 -0.107120 -0.244013 
0.695509 0.120211 -0.850958 0.052289 -0.183382 -0.279414 
0.689246 0.220648 -0.849641 0.035676 -0.265623 -0.324247 
0.680972 0.274022 -0.824576 0.025459 -0.325703 -0.390205 
0.669941 0.299840 -0.711314 0.016593 -0.374442 -0.458852 
0.655159 0.309485 -0.475328 0.011132 -0.413284 -0.538854 
0.634185 0.312730 -0.319726 0.006553 -0.439705 -0.605385 
0.605641 0.311292 -0.234231 0.009101 -0.458414 -0.672954 
0.567527 0.306490 -0.191145 0.055531 -0.471564 -0.722064 
0.518404 0.299918 -0.171058 0.157625 -0.481692 -0.761900 
0.458347 0.286273 -0.162426 0.385481 -0.488079 -0.789032 
0.389809 0.271144 -0.160669 0.540803 -0.493111 -0.809242 
0.317669 0.252108 -0.161829 0.625141 -0.489701 -0.823412 
0.248069 0.225073 -0.165450 0.667314 -0.459335 -0.833818 
0.186466 0.182286 -0.170100 0.687971 -0.282702 -0.841608 
0.136031 0.126151 -0.180640 0.695510 -0.033603 -0.846935 
0.097270 0.063095 -0.193903 0.698115 0.134611 -0.851535 
0.068780 -0.011031 -0.211662 0.697101 0.230330 -0.850680 
0.048369 -0.090644 -0.235599 0.692127 0.279245 -0.819489 
0.033883 -0.168491 -0.273771 0.685294 0.302448 -0.681096 
0.023576 -0.255637 -0.331581 0.675915 0.311643 -0.453247 
0.016165 -0.325465 -0.391569 0.663398 0.314044 -0.308159 
0.010760 -0.374400 -0.450537 0.645692 0.311729 -0.227489 
0.006751 -0.410100 -0.523590 0.622140 0.306681 -0.188078 
0.003727 -0.437336 -0.591047 0.590157 0.297672 -0.169527 
0.001409 -0.456370 -0.658854 0.531425 0.285776 -0.161698 
0.031383 -0.470015 -0.711564 0.470576 0.266087 -0.161085 
0.220202 -0.480290 -0.751472 0.404417 0.248866 -0.162112 
0.581427 -0.486053 -0.777147 0.348500 0.223458 -0.165167 
0.690497 -0.491709 -0.798139 0.293822 0.196000 -0.169246 
0.711211 -0.495286 -0.813385 0.233432 0.152421 -0.175090 
0.711208 -0.491696 -0.825728 0.182246 0.092172 -0.186840 
0.709321 -0.436909 -0.835777 0.137745 0.030281 -0.200280 
0.706977 -0.294972 -0.842790 0.099349 -0.055947 -0.224306 
0.704032 -0.060829 -0.847966 0.070442 -0.141649 -0.255983 
0.700307 0.123037 -0.851826 0.050796 -0.221618 -0.295155 
0.695509 0.225739 -0.848913 0.034930 -0.284740 -0.354956 
0.689246 0.276528 -0.802434 0.023561 -0.343946 -0.413699 
0.680972 0.301093 -0.637219 0.015644 -0.387223 -0.482271 
0.669941 0.310111 -0.427662 0.009836 -0.422837 -0.561092 
0.655026 0.311868 -0.292823 0.005623 -0.446704 -0.628496 
0.634027 0.310861 -0.220096 0.014612 -0.463740 -0.684510 
0.605454 0.306275 -0.185127 0.083856 -0.475594 -0.727842 
0.567312 0.295229 -0.168552 0.277886 -0.483709 -0.764789 
0.518166 0.283929 -0.161173 0.458973 -0.490073 -0.791492 
0.458099 0.269971 -0.160047 0.577549 -0.494713 -0.810472 
0.389570 0.246321 -0.163061 0.644256 -0.483832 -0.824510 
0.317458 0.214863 -0.167326 0.676797 -0.421771 -0.835157 
0.247898 0.174106 -0.174702 0.692713 -0.263920 -0.842277 
0.186338 0.122061 -0.182941 0.697881 -0.008802 -0.847794 
0.135942 0.061050 -0.195054 0.698431 0.155760 -0.852187 
0.097211 -0.026913 -0.212237 0.696186 0.242666 -0.846468 
0.068742 -0.117619 -0.235887 0.691669 0.285414 -0.817383 
0.048346 -0.199231 -0.273915 0.685066 0.304537 -0.591832 
0.033868 -0.271007 -0.331735 0.675800 0.312281 -0.408615 
0.023567 -0.333150 -0.398969 0.663341 0.313845 -0.285842 
0.016160 -0.378243 -0.466279 0.637134 0.311652 -0.216319 
0.010756 -0.412021 -0.531461 0.606167 0.306670 -0.182492 
0.006749 -0.438297 -0.598750 0.556111 0.297667 -0.166734 
0.003726 -0.458022 -0.662877 0.512193 0.284938 -0.160302 
0.022086 -0.473000 -0.713576 0.451867 0.265668 -0.160891 
0.120869 -0.481783 -0.752475 0.395063 0.248656 -0.162015 
0.421702 -0.486799 -0.777648 0.343822 0.229816 -0.165118 
0.640064 -0.489990 -0.794303 0.291483 0.206905 -0.167897 
0.696349 -0.493678 -0.806718 0.253579 0.174054 -0.172078 
0.711211 -0.496503 -0.819048 0.206964 0.122025 -0.180480 
0.709249 -0.481853 -0.830592 0.156066 0.065031 -0.189535 
0.706792 -0.402886 -0.839265 0.114836 -0.010957 -0.213904 
0.703673 -0.161932 -0.845563 0.083404 -0.090380 -0.239375 
0.699698 0.048503 -0.850137 0.060308 -0.175012 -0.269268 
0.694527 0.184794 -0.851465 0.042248 -0.250491 -0.319174 
0.687716 0.256617 -0.837225 0.028745 -0.318137 -0.376183 
0.678647 0.291369 -0.762874 0.019986 -0.365862 -0.439770 
0.666495 0.305250 -0.523373 0.012828 -0.405977 -0.518386 
0.649169 0.311636 -0.352276 0.007757 -0.436052 -0.589102 
0.625042 0.311966 -0.253203 0.006482 -0.455042 -0.654165 
0.592019 0.309607 -0.200632 0.028064 -0.469578 -0.704833 
0.548014 0.301476 -0.175395 0.143891 -0.479569 -0.744030 
0.491983 0.292830 -0.164595 0.368755 -0.487018 -0.777496 
0.425106 0.279322 -0.160669 0.527171 -0.492580 -0.801200 
0.351466 0.256197 -0.160958 0.615522 -0.493599 -0.819390 
0.277429 0.227118 -0.164602 0.662517 -0.461284 -0.830749 
0.209651 0.183308 -0.169676 0.685573 -0.360072 -0.839793 
0.152840 0.138499 -0.180428 0.694311 -0.098106 -0.846027 
0.108637 0.079842 -0.190744 0.697515 0.093930 -0.850544 
0.076083 -0.002658 -0.205922 0.696801 0.208798 -0.850184 
0.052899 -0.086457 -0.232729 0.693448 0.268479 -0.819241 
0.036626 -0.166397 -0.272336 0.685955 0.297065 -0.696938 
0.025202 -0.254590 -0.330864 0.676245 0.309792 -0.461168 
0.017105 -0.308152 -0.391210 0.663563 0.314189 -0.312119 
0.011279 -0.363274 -0.450358 0.645775 0.312495 -0.229470 
0.007012 -0.404537 -0.523500 0.622181 0.307064 -0.188730 
0.003830 -0.432584 -0.581701 0.590178 0.297863 -0.169433 
0.001415 -0.453995 -0.654181 0.531436 0.287770 -0.161651 
0.001411 -0.468224 -0.709228 0.470581 0.273428 -0.161061 
0.022086 -0.478101 -0.750304 0.404420 0.252536 -0.162100 
0.120869 -0.484958 -0.770839 0.348501 0.231756 -0.165161 
0.421702 -0.488387 -0.790899 0.309640 0.214903 -0.167918 
0.640064 -0.492876 -0.800929 0.274392 0.191723 -0.170621 
0.696349 -0.495121 -0.814779 0.235878 0.162536 -0.175777 
0.709327 -0.491614 -0.824845 0.183469 0.116265 -0.182329 
0.706984 -0.459518 -0.833491 0.138708 0.049455 -0.198025 
0.704037 -0.306277 -0.841162 0.099830 -0.032534 -0.223178 
0.700307 -0.066481 -0.846785 0.073428 -0.107120 -0.244013 
0.695509 0.120211 -0.850958 0.052289 -0.183382 -0.279414 
0.689246 0.220648 -0.849641 0.035676 -0.265623 -0.324247 
0.680972 0.274022 -0.824576 0.025459 -0.325703 -0.390205 
0.669941 0.299840 -0.711314 0.016593 -0.374442 -0.458852 
0.655159 0.309485 -0.475328 0.011132 -0.413284 -0.538854 
0.634185 0.312730 -0.319726 0.006553 -0.439705 -0.605385 
0.605641 0.311292 -0.234231 0.009101 -0.458414 -0.672954 
0.567527 0.306490 -0.191145 0.055531 -0.471564 -0.722064 
0.518404 0.299918 -0.171058 0.157625 -0.481692 -0.761900 
0.458347 0.286273 -0.162426 0.385481 -0.488079 -0.789032 
0.389809 0.271144 -0.160669 0.540803 -0.493111 -0.809242 
0.317669 0.252108 -0.161829 0.625141 -0.489701 -0.823412 
0.248069 0.225073 -0.165450 0.667314 -0.459335 -0.833818 
0.186466 0.182286 -0.170100 0.687971 -0.282702 -0.841608 
0.136031 0.126151 -0.180640 0.695510 -0.033603 -0.846935 
0.097270 0.063095 -0.193903 0.698115 0.134611 -0.851535 
0.068780 -0.011031 -0.211662 0.697101 0.230330 -0.850680 
0.048369 -0.090644 -0.235599 0.692127 0.279245 -0.819489 
0.033883 -0.168491 -0.273771 0.685294 0.302448 -0.681096 
0.023576 -0.255637 -0.331581 0.675915 0.311643 -0.453247 
0.016165 -0.325465 -0.391569 0.663398 0.314044 -0.308159 
0.010760 -0.374400 -0.450537 0.645692 0.311729 -0.227489 
0.006751 -0.410100 -0.523590 0.622140 0.306681 -0.188078 
0.003727 -0.437336 -0.591047 0.590157 0.297672 -0.169527 
0.001409 -0.456370 -0.658854 0.531425 0.285776 -0.161698 
0.031383 -0.470015 -0.711564 0.470576 0.266087 -0.161085 
0.220202 -0.480290 -0.751472 0.404417 0.248866 -0.162112 
0.581427 -0.486053 -0.777147 0.348500 0.223458 -0.165167 
0.690497 -0.491709 -0.798139 0.293822 0.196000 -0.169246 
0.711211 -0.495286 -0.813385 0.233432 0.152421 -0.175090 
0.711208 -0.491696 -0.825728 0.182246 0.092172 -0.186840 
0.709321 -0.436909 -0.835777 0.137745 0.030281 -0.200280 
0.706977 -0.294972 -0.842790 0.099349 -0.055947 -0.224306 
0.704032 -0.060829 -0.847966 0.070442 -0.141649 -0.255983 
0.700307 0.123037 -0.851826 0.050796 -0.221618 -0.295155 
0.695509 0.225739 -0.848913 0.034930 -0.284740 -0.354956 
0.689246 0.276528 -0.802434 0.023561 -0.343946 -0.413699 
0.680972 0.301093 -0.637219 0.015644 -0.387223 -0.482271 
0.669941 0.310111 -0.427662 0.009836 -0.422837 -0.561092 
0.655026 0.311868 -0.292823 0.005623 -0.446704 -0.628496 
0.634027 0.310861 -0.220096 0.014612 -0.463740 -0.684510 
0.605454 0.306275 -0.185127 0.083856 -0.475594 -0.727842 
0.567312 0.295229 -0.168552 0.277886 -0.483709 -0.764789 
0.518166 0.283929 -0.161173 0.458973 -0.490073 -0.791492 
0.458099 0.269971 -0.160047 0.577549 -0.494713 -0.810472 
0.389570 0.246321 -0.163061 0.644256 -0.483832 -0.824510 
0.317458 0.214863 -0.167326 0.676797 -0.421771 -0.835157 
0.247898 0.174106 -0.174702 0.692713 -0.263920 -0.842277 
0.186338 0.122061 -0.182941 0.697881 -0.008802 -0.847794 
0.135942 0.061050 -0.195054 0.698431 0.155760 -0.852187 
0.097211 -0.026913 -0.212237 0.696186 0.242666 -0.846468 
0.068742 -0.117619 -0.235887 0.691669 0.285414 -0.817383 
0.048346 -0.199231 -0.273915 0.685066 0.304537 -0.591832 
0.033868 -0.271007 -0.331735 0.675800 0.312281 -0.408615 
0.023567 -0.333150 -0.398969 0.663341 0.313845 -0.285842 
0.016160 -0.378243 -0.466279 0.637134 0.311652 -0.216319 
0.010756 -0.412021 -0.531461 0.606167 0.306670 -0.182492 
0.006749 -0.438297 -0.598750 0.556111 0.297667 -0.166734 
0.003726 -0.458022 -0.662877 0.512193 0.284938 -0.160302 
0.022086 -0.473000 -0.713576 0.451867 0.265668 -0.160891 
0.120869 -0.481783 -0.752475 0.395063 0.248656 -0.162015 
0.421702 -0.486799 -0.777648 0.343822 0.229816 -0.165118 
0.640064 -0.489990 -0.794303 0.291483 0.206905 -0.167897 
0.696349 -0.493678 -0.806718 0.253579 0.174054 -0.172078 
0.711211 -0.496503 -0.819048 0.206964 0.122025 -0.180480 
0.709249 -0.481853 -0.830592 0.156066 0.065031 -0.189535 
0.706792 -0.402886 -0.839265 0.114836 -0.010957 -0.213904 
0.703673 -0.161932 -0.845563 0.083404 -0.090380 -0.239375 
0.699698 0.048503 -0.850137 0.060308 -0.175012 -0.269268 
0.694527 0.184794 -0.851465 0.042248 -0.250491 -0.319174 
0.687716 0.256617 -0.837225 0.028745 -0.318137 -0.376183 
0.678647 0.291369 -0.762874 0.019986 -0.365862 -0.439770 
0.666495 0.305250 -0.523373 0.012828 -0.405977 -0.518386 
0.649169 0.311636 -0.352276 0.007757 -0.436052 -0.589102 
0.625042 0.311966 -0.253203 0.006482 -0.455042 -0.654165 
0.592019 0.309607 -0.200632 0.028064 -0.469578 -0.704833 
0.548014 0.301476 -0.175395 0.143891 -0.479569 -0.744030 
0.491983 0.292830 -0.164595 0.368755 -0.487018 -0.777496 
0.425106 0.279322 -0.160669 0.527171 -0.492580 -0.801200 
0.351466 0.256197 -0.160958 0.615522 -0.493599 -0.819390 
0.277429 0.227118 -0.164602 0.662517 -0.461284 -0.830749 
0.209651 0.183308 -0.169676 0.685573 -0.360072 -0.839793 
0.152840 0.138499 -0.180428 0.694311 -0.098106 -0.846027 
0.108637 0.079842 -0.190744 0.697515 0.093930 -0.850544 
0.076083 -0.002658 -0.205922 0.696801 0.208798 -0.850184 
0.052899 -0.086457 -0.232729 0.693448 0.268479 -0.819241 
0.036626 -0.166397 -0.272336 0.685955 0.297065 -0.696938 
0.025202 -0.254590 -0.330864 0.676245 0.309792 -0.461168 
0.017105 -0.308152 -0.391210 0.663563 0.314189 -0.312119 
0.011279 -0.363274 -0.450358 0.645775 0.312495 -0.229470 
0.007012 -0.404537 -0.523500 0.622181 0.307064 -0.188730 
0.003830 -0.432584 -0.581701 0.590178 0.297863 -0.169433 
0.001415 -0.453995 -0.654181 0.531436 0.287770 -0.161651 
0.001411 -0.468224 -0.709228 0.470581 0.273428 -0.161061 
0.022086 -0.478101 -0.750304 0.404420 0.252536 -0.162100 
0.120869 -0.484958 -0.770839 0.348501 0.231756 -0.165161 
0.421702 -0.488387 -0.790899 0.309640 0.214903 -0.167918 
0.640064 -0.492876 -0.800929 0.274392 0.191723 -0.170621 
0.696349 -0.495121 -0.814779 0.235878 0.162536 -0.175777 
0.709327 -0.491614 -0.824845 0.183469 0.116265 -0.182329 
0.706984 -0.459518 -0.833491 0.138708 0.049455 -0.198025 
0.704037 -0.306277 -0.841162 0.099830 -0.032534 -0.223178 
0.700307 -0.066481 -0.846785 0.073428 -0.107120 -0.244013 
0.695509 0.120211 -0.850958 0.052289 -0.183382 -0.279414 
0.689246 0.220648 -0.849641 0.035676 -0.265623 -0.324247 
0.680972 0.274022 -0.824576 0.025459 -0.325703 -0.390205 
0.669941 0.299840 -0.711314 0.016593 -0.374442 -0.458852 
0.655159 0.309485 -0.475328 0.011132 -0.413284 -0.538854 
0.634185 0.312730 -0.319726 0.006553 -0.439705 -0.605385 
0.605641 0.311292 -0.234231 0.009101 -0.458414 -0.672954 
0.567527 0.306490 -0.191145 0.055531 -0.471564 -0.722064 
0.518404 0.299918 -0.171058 0.157625 -0.481692 -0.761900 
0.458347 0.286273 -0.162426 0.385481 -0.488079 -0.789032 
0.389809 0.271144 -0.160669 0.540803 -0.493111 -0.809242 
0.317669 0.252108 -0.161829 0.625141 -0.489701 -0.823412 
0.248069 0.225073 -0.165450 0.667314 -0.459335 -0.833818 
0.186466 0.182286 -0.170100 0.687971 -0.282702 -0.841608 
0.136031 0.126151 -0.180640 0.695510 -0.033603 -0.846935 
0.097270 0.063095 -0.193903 0.698115 0.134611 -0.851535 
0.068780 -0.011031 -0.211662 0.697101 0.230330 -0.850680 
0.048369 -0.090644 -0.235599 0.692127 0.279245 -0.819489 
0.033883 -0.168491 -0.273771 0.685294 0.302448 -0.681096 
0.023576 -0.255637 -0.331581 0.675915 0.311643 -0.453247 
0.016165 -0.325465 -0.391569 0.663398 0.314044 -0.308159 
0.010760 -0.374400 -0.450537 0.645692 0.311729 -0.227489 
0.006751 -0.410100 -0.523590 0.622140 0.306681 -0.188078 
0.003727 -0.437336 -0.591047 0.590157 0.297672 -0.169527 
0.001409 -0.456370 -0.658854 0.531425 0.285776 -0.161698 
0.031383 -0.470015 -0.711564 0.470576 0.266087 -0.161085 
0.220202 -0.480290 -0.751472 0.404417 0.248866 -0.162112 
0.581427 -0.486053 -0.777147 0.348500 0.223458 -0.165167 
0.690497 -0.491709 -0.798139 0.293822 0.196000 -0.169246 
0.711211 -0.495286 -0.813385 0.233432 0.152421 -0.175090 
0.711208 -0.491696 -0.825728 0.182246 0.092172 -0.186840 
0.709321 -0.436909 -0.835777 0.137745 0.030281 -0.200280 
0.706977 -0.294972 -0.842790 0.099349 -0.055947 -0.224306 
0.704032 -0.060829 -0.847966 0.070442 -0.141649 -0.255983 
0.700307 0.123037 -0.851826 0.050796 -0.221618 -0.295155 
0.695509 0.225739 -0.848913 0.034930 -0.284740 -0.354956 
0.689246 0.276528 -0.802434 0.023561 -0.343946 -0.413699 
0.680972 0.301093 -0.637219 0.015644 -0.387223 -0.482271 
0.669941 0.310111 -0.427662 0.009836 -0.422837 -0.561092 
0.655026 0.311868 -0.292823 0.005623 -0.446704 -0.628496 
0.634027 0.310861 -0.220096 0.014612 -0.463740 -0.684510 
0.605454 0.306275 -0.185127 0.083856 -0.475594 -0.727842 
0.567312 0.295229 -0.168552 0.277886 -0.483709 -0.764789 
0.518166 0.283929 -0.161173 0.458973 -0.490073 -0.791492 
0.458099 0.269971 -0.160047 0.577549 -0.494713 -0.810472 
0.389570 0.246321 -0.163061 0.644256 -0.483832 -0.824510 
0.317458 0.214863 -0.167326 0.676797 -0.421771 -0.835157 
0.247898 0.174106 -0.174702 0.692713 -0.263920 -0.842277 
0.186338 0.122061 -0.182941 0.697881 -0.008802 -0.847794 
0.135942 0.061050 -0.195054 0.698431 0.155760 -0.852187 
0.097211 -0.026913 -0.212237 0.696186 0.242666 -0.846468 
0.068742 -0.117619 -0.235887 0.691669 0.285414 -0.817383 
0.048346 -0.199231 -0.273915 0.685066 0.304537 -0.591832 
0.033868 -0.271007 -0.331735 0.675800 0.312281 -0.408615 
0.023567 -0.333150 -0.398969 0.663341 0.313845 -0.285842 
0.016160 -0.378243 -0.466279 0.637134 0.311652 -0.216319 
0.010756 -0.412021 -0.531461 0.606167 0.306670 -0.182492 
0.006749 -0.438297 -0.598750 0.556111 0.297667 -0.166734 
0.003726 -0.458022 -0.662877 0.512193 0.284938 -0.160302 
0.022086 -0.473000 -0.713576 0.451867 0.265668 -0.160891 
0.120869 -0.481783 -0.752475 0.395063 0.248656 -0.162015 
0.421702 -0.486799 -0.777648 0.343822 0.229816 -0.165118 
0.640064 -0.489990 -0.794303 0.291483 0.206905 -0.167897 
0.696349 -0.493678 -0.806718 0.253579 0.174054 -0.172078 
0.711211 -0.496503 -0.819048 0.206964 0.122025 -0.180480 
0.709249 -0.481853 -0.830592 0.156066 0.065031 -0.189535 
0.706792 -0.402886 -0.839265 0.114836 -0.010957 -0.213904 
0.703673 -0.161932 -0.845563 0.083404 -0.090380 -0.239375 
0.699698 0.048503 -0.850137 0.060308 -0.175012 -0.269268 
0.694527 0.184794 -0.851465 0.042248 -0.250491 -0.319174 
0.687716 0.256617 -0.837225 0.028745 -0.318137 -0.376183 
0.678647 0.291369 -0.762874 0.019986 -0.365862 -0.439770 
0.666495 0.305250 -0.523373 0.012828 -0.405977 -0.518386 
0.649169 0.311636 -0.352276 0.007757 -0.436052 -0.589102 
0.625042 0.311966 -0.253203 0.006482 -0.455042 -0.654165 
0.592019 0.309607 -0.200632 0.028064 -0.469578 -0.704833 
0.548014 0.301476 -0.175395 0.143891 -0.479569 -0.744030 
0.491983 0.292830 -0.164595 0.368755 -0.487018 -0.777496 
0.425106 0.279322 -0.160669 0.527171 -0.492580 -0.801200 
0.351466 0.256197 -0.160958 0.615522 -0.493599 -0.819390 
0.277429 0.227118 -0.164602 0.662517 -0.461284 -0.830749 
0.209651 0.183308 -0.169676 0.685573 -0.360072 -0.839793 
0.152840 0.138499 -0.180428 0.694311 -0.098106 -0.846027 
0.108637 0.079842 -0.190744 0.697515 0.093930 -0.850544 
0.076083 -0.002658 -0.205922 0.696801 0.208798 -0.850184 
0.052899 -0.086457 -0.232729 0.693448 0.268479 -0.819241 
0.036626 -0.166397 -0.272336 0.685955 0.297065 -0.696938 
0.025202 -0.254590 -0.330864 0.676245 0.309792 -0.461168 
0.017105 -0.308152 -0.391210 0.663563 0.314189 -0.312119 
0.011279 -0.363274 -0.450358 0.645775 0.312495 -0.229470 
0.007012 -0.404537 -0.523500 0.622181 0.307064 -0.188730 
0.003830 -0.432584 -0.581701 0.590178 0.297863 -0.169433 
0.001415 -0.453995 -0.654181 0.531436 0.287770 -0.161651 
0.001411 -0.468224 -0.709228 0.470581 0.273428 -0.161061 
0.022086 -0.478101 -0.750304 0.404420 0.252536 -0.162100 
0.120869 -0.484958 -0.770839 0.348501 0.231756 -0.165161 
0.421702 -0.488387 -0.790899 0.309640 0.214903 -0.167918 
0.640064 -0.492876 -0.800929 0.274392 0.191723 -0.170621 
0.696349 -0.495121 -0.814779 0.235878 0.162536 -0.175777 
0.709327 -0.491614 -0.824845 0.183469 0.116265 -0.182329 
0.706984 -0.459518 -0.833491 0.138708 0.049455 -0.198025 
0.704037 -0.306277 -0.841162 0.099830 -0.032534 -0.223178 
0.700307 -0.066481 -0.846785 0.073428 -0.107120 -0.244013 
0.695509 0.120211 -0.850958 0.052289 -0.183382 -0.279414 
0.689246 0.220648 -0.849641 0.035676 -0.265623 -0.324247 
0.680972 0.274022 -0.824576 0.025459 -0.325703 -0.390205 
0.669941 0.299840 -0.711314 0.016593 -0.374442 -0.458852 
0.655159 0.309485 -0.475328 0.011132 -0.413284 -0.538854 
0.634185 0.312730 -0.319726 0.006553 -0.439705 -0.605385 
0.605641 0.311292 -0.234231 0.009101 -0.458414 -0.672954 
0.567527 0.306490 -0.191145 0.055531 -0.471564 -0.722064 
0.518404 0.299918 -0.171058 0.157625 -0.481692 -0.761900 
0.458347 0.286273 -0.162426 0.385481 -0.488079 -0.789032 
0.389809 0.271144 -0.160669 0.540803 -0.493111 -0.809242 
0.317669 0.252108 -0.161829 0.625141 -0.489701 -0.823412 
0.248069 0.225073 -0.165450 0.667314 -0.459335 -0.833818 
0.186466 0.182286 -0.170100 0.687971 -0.282702 -0.841608 
0.136031 0.126151 -0.180640 0.695510 -0.033603 -0.846935 
0.097270 0.063095 -0.193903 0.698115 0.134611 -0.851535 
0.068780 -0.011031 -0.211662 0.697101 0.230330 -0.850680 
0.048369 -0.090644 -0.235599 0.692127 0.279245 -0.819489 
0.033883 -0.168491 -0.273771 0.685294 0.302448 -0.681096 
0.023576 -0.255637 -0.331581 0.675915 0.311643 -0.453247 
0.016165 -0.325465 -0.391569 0.663398 0.314044 -0.308159 
0.010760 -0.374400 -0.450537 0.645692 0.311729 -0.227489 
0.006751 -0.410100 -0.523590 0.622140 0.306681 -0.188078 
0.003727 -0.437336 -0.591047 0.590157 0.297672 -0.169527 
0.001409 -0.456370 -0.658854 0.531425 0.285776 -0.161698 
0.031383 -0.470015 -0.711564 0.470576 0.266087 -0.161085 
0.220202 -0.480290 -0.751472 0.404417 0.248866 -0.162112 
0.581427 -0.486053 -0.777147 0.348500 0.223458 -0.165167 
0.690497 -0.491709 -0.798139 0.293822 0.196000 -0.169246 
0.711211 -0.495286 -0.813385 0.233432 0.152421 -0.175090 
0.711208 -0.491696 -0.825728 0.182246 0.092172 -0.186840 
0.709321 -0.436909 -0.835777 0.137745 0.030281 -0.200280 
0.706977 -0.294972 -0.842790 0.099349 -0.055947 -0.224306 
0.704032 -0.060829 -0.847966 0.070442 -0.141649 -0.255983 
0.700307 0.123037 -0.851826 0.050796 -0.221618 -0.295155 
0.695509 0.225739 -0.848913 0.034930 -0.284740 -0.354956 
0.689246 0.276528 -0.802434 0.023561 -0.343946 -0.413699 
0.680972 0.301093 -0.637219 0.015644 -0.387223 -0.482271 
0.669941 0.310111 -0.427662 0.009836 -0.422837 -0.561092 
0.655026 0.311868 -0.292823 0.005623 -0.446704 -0.628496 
0.634027 0.310861 -0.220096 0.014612 -0.463740 -0.684510 
0.605454 0.306275 -0.185127 0.083856 -0.475594 -0.727842 
0.567312 0.295229 -0.168552 0.277886 -0.483709 -0.764789 
0.518166 0.283929 -0.161173 0.458973 -0.490073 -0.791492 
0.458099 0.269971 -0.160047 0.577549 -0.494713 -0.810472 
0.389570 0.246321 -0.163061 0.644256 -0.483832 -0.824510 
0.317458 0.214863 -0.167326 0.676797 -0.421771 -0.835157 
0.247898 0.174106 -0.174702 0.692713 -0.263920 -0.842277 
0.186338 0.122061 -0.182941 0.697881 -0.008802 -0.847794 
0.135942 0.061050 -0.195054 0.698431 0.155760 -0.852187 
0.097211 -0.026913 -0.212237 0.696186 0.242666 -0.846468 
0.068742 -0.117619 -0.235887 0.691669 0.285414 -0.817383 
0.048346 -0.199231 -0.273915 0.685066 0.304537 -0.591832 
0.033868 -0.271007 -0.331735 0.675800 0.312281 -0.408615 
0.023567 -0.333150 -0.398969 0.663341 0.313845 -0.285842 
0.016160 -0.378243 -0.466279 0.637134 0.311652 -0.216319 
0.010756 -0.412021 -0.531461 0.606167 0.306670 -0.182492 
0.006749 -0.438297 -0.598750 0.556111 0.297667 -0.166734 
0.003726 -0.458022 -0.662877 0.512193 0.284938 -0.160302 
0.022086 -0.473000 -0.713576 0.451867 0.265668 -0.160891 
0.120869 -0.481783 -0.752475 0.395063 0.248656 -0.162015 
0.421702 -0.486799 -0.777648 0.343822 0.229816 -0.165118 
0.640064 -0.489990 -0.794303 0.291483 0.206905 -0.167897 
0.696349 -0.493678 -0.806718 0.253579 0.174054 -0.172078 
0.711211 -0.496503 -0.819048 0.206964 0.122025 -0.180480 
0.709249 -0.481853 -0.830592 0.156066 0.065031 -0.189535 
0.706792 -0.402886 -0.839265 0.114836 -0.010957 -0.213904 
0.703673 -0.161932 -0.845563 0.083404 -0.090380 -0.239375 
0.699698 0.048503 -0.850137 0.060308 -0.175012 -0.269268 
0.694527 0.184794 -0.851465 0.042248 -0.250491 -0.319174 
0.687716 0.256617 -0.837225 0.028745 -0.318137 -0.376183 
0.678647 0.291369 -0.762874 0.019986 -0.365862 -0.439770 
0.666495 0.305250 -0.523373 0.012828 -0.405977 -0.518386 
0.649169 0.311636 -0.352276 0.007757 -0.436052 -0.589102 
0.625042 0.311966 -0.253203 0.006482 -0.455042 -0.654165 
0.592019 0.309607 -0.200632 0.028064 -0.469578 -0.704833 
0.548014 0.301476 -0.175395 0.143891 -0.479569 -0.744030 
0.491983 0.292830 -0.164595 0.368755 -0.487018 -0.777496 
0.425106 0.279322 -0.160669 0.527171 -0.492580 -0.801200 
0.351466 0.256197 -0.160958 0.615522 -0.493599 -0.819390 
0.277429 0.227118 -0.164602 0.662517 -0.461284 -0.830749 
0.209651 0.183308 -0.169676 0.685573 -0.360072 -0.839793 
0.152840 0.138499 -0.180428 0.694311 -0.098106 -0.846027 
0.108637 0.079842 -0.190744 0.697515 0.093930 -0.850544 
0.076083 -0.002658 -0.205922 0.696801 0.208798 -0.850184 
0.052899 -0.086457 -0.232729 0.693448 0.268479 -0.819241 
0.036626 -0.166397 -0.272336 0.685955 0.297065 -0.696938 
0.025202 -0.254590 -0.330864 0.676245 0.309792 -0.461168 
0.017105 -0.308152 -0.391210 0.663563 0.314189 -0.312119 
0.011279 -0.363274 -0.450358 0.645775 0.312495 -0.229470 
0.007012 -0.404537 -0.523500 0.622181 0.307064 -0.188730 
0.003830 -0.432584 -0.581701 0.590178 0.297863 -0.169433 
0.001415 -0.453995 -0.654181 0.531436 0.287770 -0.161651 
0.001411 -0.468224 -0.709228 0.470581 0.273428 -0.161061 
0.022086 -0.478101 -0.750304 0.404420 0.252536 -0.162100 
0.120869 -0.484958 -0.770839 0.348501 0.231756 -0.165161 
0.421702 -0.488387 -0.790899 0.309640 0.214903 -0.167918 
0.640064 -0.492876 -0.800929 0.274392 0.191723 -0.170621 
0.696349 -0.495121 -0.814779 0.235878 0.162536 -0.175777 
0.709327 -0.491614 -0.824845 0.183469 0.116265 -0.182329 
0.706984 -0.459518 -0.833491 0.138708 0.049455 -0.198025 
0.704037 -0.306277 -0.841162 0.099830 -0.032534 -0.223178 
0.700307 -0.066481 -0.846785 0.073428 -0.107120 -0.244013 
0.695509 0.120211 -0.850958 0.052289 -0.183382 -0.279414 
0.689246 0.220648 -0.849641 0.035676 -0.265623 -0.324247 
0.680972 0.274022 -0.824576 0.025459 -0.325703 -0.390205 
0.669941 0.299840 -0.711314 0.016593 -0.374442 -0.458852 
0.655159 0.309485 -0.475328 0.011132 -0.413284 -0.538854 
0.634185 0.312730 -0.319726 0.006553 -0.439705 -0.605385 
0.605641 0.311292 -0.234231 0.009101 -0.458414 -0.672954 
0.567527 0.306490 -0.191145 0.055531 -0.471564 -0.722064 
0.518404 0.299918 -0.171058 0.157625 -0.481692 -0.761900 
0.458347 0.286273 -0.162426 0.385481 -0.488079 -0.789032 
0.389809 0.271144 -0.160669 0.540803 -0.493111 -0.809242 
0.317669 0.252108 -0.161829 0.625141 -0.489701 -0.823412 
0.248069 0.225073 -0.165450 0.667314 -0.459335 -0.833818 
0.186466 0.182286 -0.170100 0.687971 -0.282702 -0.841608 
0.136031 0.126151 -0.180640 0.695510 -0.033603 -0.846935 
0.097270 0.063095 -0.193903 0.698115 0.134611 -0.851535 
0.068780 -0.011031 -0.211662 0.697101 0.230330 -0.850680 
0.048369 -0.090644 -0.235599 0.692127 0.279245 -0.819489 
0.033883 -0.168491 -0.273771 0.685294 0.302448 -0.681096 
0.023576 -0.255637 -0.331581 0.675915 0.311643 -0.453247 
0.016165 -0.325465 -0.391569 0.663398 0.314044 -0.308159 
0.010760 -0.374400 -0.450537 0.645692 0.311729 -0.227489 
0.006751 -0.410100 -0.523590 0.622140 0.306681 -0.188078 
0.003727 -0.437336 -0.591047 0.590157 0.297672 -0.169527 
0.001409 -0.456370 -0.658854 0.531425 0.285776 -0.161698 
0.031383 -0.470015 -0.711564 0.470576 0.266087 -0.161085 
0.220202 -0.480290 -0.751472 0.404417 0.248866 -0.162112 
0.581427 -0.486053 -0.777147 0.348500 0.223458 -0.165167 
0.690497 -0.491709 -0.798139 0.293822 0.196000 -0.169246 
0.711211 -0.495286 -0.813385 0.233432 0.152421 -0.175090 
0.711208 -0.491696 -0.825728 0.182246 0.092172 -0.186840 
0.709321 -0.436909 -0.835777 0.137745 0.030281 -0.200280 
0.706977 -0.294972 -0.842790 0.099349 -0.055947 -0.224306 
0.704032 -0.060829 -0.847966 0.070442 -0.141649 -0.255983 
0.700307 0.123037 -0.851826 0.050796 -0.221618 -0.295155 
0.695509 0.225739 -0.848913 0.034930 -0.284740 -0.354956 
0.689246 0.276528 -0.802434 0.023561 -0.343946 -0.413699 
0.680972 0.301093 -0.637219 0.015644 -0.387223 -0.482271 
0.669941 0.310111 -0.427662 0.009836 -0.422837 -0.561092 
0.655026 0.311868 -0.292823 0.005623 -0.446704 -0.628496 
0.634027 0.310861 -0.220096 0.014612 -0.463740 -0.684510 
0.605454 0.306275 -0.185127 0.083856 -0.475594 -0.727842 
0.567312 0.295229 -0.168552 0.277886 -0.483709 -0.764789 
0.518166 0.283929 -0.161173 0.458973 -0.490073 -0.791492 
0.458099 0.269971 -0.160047 0.577549 -0.494713 -0.810472 
0.389570 0.246321 -0.163061 0.644256 -0.483832 -0.824510 
0.317458 0.214863 -0.167326 0.676797 -0.421771 -0.835157 
0.247898 0.174106 -0.174702 0.692713 -0.263920 -0.842277 
0.186338 0.122061 -0.182941 0.697881 -0.008802 -0.847794 
0.135942 0.061050 -0.195054 0.698431 0.155760 -0.852187 
0.097211 -0.026913 -0.212237 0.696186 0.242666 -0.846468 
0.068742 -0.117619 -0.235887 0.691669 0.285414 -0.817383 
0.048346 -0.199231 -0.273915 0.685066 0.304537 -0.591832 
0.033868 -0.271007 -0.331735 0.675800 0.312281 -0.408615 
0.023567 -0.333150 -0.398969 0.663341 0.313845 -0.285842 
0.016160 -0.378243 -0.466279 0.637134 0.311652 -0.216319 
0.010756 -0.412021 -0.531461 0.606167 0.306670 -0.182492 
0.006749 -0.438297 -0.598750 0.556111 0.297667 -0.166734 
0.003726 -0.458022 -0.662877 0.512193 0.284938 -0.160302 
0.022086 -0.473000 -0.713576 0.451867 0.265668 -0.160891 
0.120869 -0.481783 -0.752475 0.395063 0.248656 -0.162015 
0.421702 -0.486799 -0.777648 0.343822 0.229816 -0.165118 
0.640064 -0.489990 -0.794303 0.291483 0.206905 -0.167897 
0.696349 -0.493678 -0.806718 0.253579 0.174054 -0.172078 
