0.357500 0.000000 0.000000 0.000000 0.000000 0.000000 
0.357500 0.000000 0.000000 0.000000 0.000000 0.000000 
-0.009420 0.000000 0.000000 0.000000 0.000000 0.000000 
0.724576 0.000000 0.000000 0.000000 0.000000 0.000000 
0.640965 0.000000 0.000000 0.000000 0.000000 0.000000 
0.001386 0.000000 0.000000 0.000000 0.000000 0.000000 
0.001386 0.000000 0.000000 0.000000 0.000000 0.000000 
0.001386 0.000000 0.000000 0.000000 0.000000 0.000000 
0.001386 0.000000 0.000000 0.000000 0.000000 0.000000 
0.001386 0.000000 0.000000 0.000000 0.000000 0.000000 
0.001386 0.000000 0.000000 0.000000 0.000000 0.000000 
0.001386 0.000000 0.000000 0.000000 0.000000 0.000000 
0.001386 0.000000 0.000000 0.000000 0.000000 0.000000 
0.001386 0.000000 0.000000 0.000000 0.000000 0.000000 
0.001386 0.000000 0.000000 0.000000 0.000000 0.000000 
0.001386 0.000000 0.000000 0.000000 0.000000 0.000000 
0.001386 0.000000 0.000000 0.000000 0.000000 0.000000 
0.001386 0.000000 0.000000 0.000000 0.000000 0.000000 
0.001386 0.000000 0.000000 0.000000 0.000000 0.000000 
0.001386 0.000000 0.000000 0.000000 0.000000 0.000000 
0.711202 0.000000 0.000000 0.000000 0.000000 0.000000 
0.711202 0.000000 0.000000 0.000000 0.000000 0.000000 
0.711202 -0.326518 -0.674416 -0.213197 -0.293473 -0.374166 
0.711202 -0.033790 -0.763780 -0.085830 -0.276559 -0.336663 
0.707456 0.143647 -0.808286 -0.033383 -0.312211 -0.352872 
0.702247 0.235522 -0.782121 -0.011079 -0.357682 -0.404517 
0.693520 0.277326 -0.583855 -0.002704 -0.404903 -0.511687 
0.679052 0.295475 -0.368993 -0.000647 -0.437738 -0.603793 
0.654041 0.301361 -0.258184 0.024499 -0.460093 -0.678345 
0.609809 0.297354 -0.204577 0.142109 -0.475956 -0.741758 
0.535276 0.284991 -0.179186 0.377723 -0.486197 -0.778961 
0.425397 0.259031 -0.170217 0.540798 -0.490553 -0.806376 
0.295969 0.228568 -0.169231 0.625068 -0.425132 -0.826090 
0.180035 0.171139 -0.175655 0.666848 -0.169554 -0.838471 
0.099712 0.096162 -0.191411 0.683784 0.071593 -0.846766 
0.053034 -0.009357 -0.219863 0.688862 0.200583 -0.834806 
0.027772 -0.127847 -0.265903 0.683662 0.263117 -0.688754 
0.014004 -0.244780 -0.327729 0.667272 0.290852 -0.439870 
0.006157 -0.334058 -0.430659 0.639099 0.300155 -0.293333 
0.001433 -0.397344 -0.535281 0.598637 0.294409 -0.221734 
0.001426 -0.437546 -0.631142 0.533456 0.283310 -0.188539 
0.001420 -0.464056 -0.711258 0.435857 0.257477 -0.175839 
0.052593 -0.477936 -0.757040 0.364220 0.227764 -0.172030 
0.421939 -0.484876 -0.783999 0.317499 0.212907 -0.171353 
0.678083 -0.491121 -0.801566 0.278296 0.190724 -0.173806 
0.711220 -0.489614 -0.819819 0.204678 0.130360 -0.181344 
0.707965 -0.406766 -0.832822 0.139142 0.021707 -0.197532 
0.703290 -0.116726 -0.842983 0.090339 -0.102822 -0.231189 
0.696380 0.102179 -0.847888 0.057263 -0.214396 -0.294853 
0.685797 0.214150 -0.801922 0.034245 -0.308774 -0.399105 
0.669038 0.266640 -0.520632 0.019957 -0.380450 -0.508981 
0.642029 0.290132 -0.337382 0.012583 -0.425511 -0.602440 
0.596280 0.295911 -0.242721 0.036319 -0.455113 -0.683259 
0.524706 0.290047 -0.197349 0.254104 -0.474359 -0.744215 
0.425247 0.273030 -0.177601 0.475115 -0.486250 -0.786834 
0.310073 0.238820 -0.171838 0.592861 -0.479601 -0.814471 
0.202848 0.189159 -0.176958 0.650745 -0.292835 -0.831934 
0.122060 0.117659 -0.186407 0.676897 -0.008968 -0.843115 
0.070251 0.016251 -0.207914 0.686492 0.158540 -0.846470 
0.039781 -0.102856 -0.252091 0.684337 0.242552 -0.762100 
0.022207 -0.222819 -0.320823 0.675436 0.281289 -0.493749 
0.011846 -0.320608 -0.415164 0.651711 0.297426 -0.320284 
0.005490 -0.387167 -0.520591 0.613455 0.297971 -0.234475 
0.001418 -0.431286 -0.623626 0.543074 0.287824 -0.194172 
0.001412 -0.459632 -0.693950 0.458489 0.267111 -0.177826 
0.052533 -0.475724 -0.742662 0.375536 0.239044 -0.173024 
0.421712 -0.483770 -0.776810 0.323157 0.218547 -0.171849 
0.678042 -0.490568 -0.797971 0.281125 0.193545 -0.174054 
0.708162 -0.489337 -0.818021 0.206092 0.131770 -0.181468 
0.703864 -0.435729 -0.831924 0.139849 0.022412 -0.197594 
0.697678 -0.131207 -0.842166 0.093438 -0.079647 -0.231220 
0.688468 0.094938 -0.847479 0.058813 -0.202808 -0.294868 
0.674346 0.210530 -0.801718 0.035019 -0.302980 -0.399113 
0.652292 0.264830 -0.542794 0.020345 -0.374536 -0.498057 
0.615623 0.289227 -0.348463 0.010878 -0.422554 -0.596979 
0.558154 0.295458 -0.248261 0.035466 -0.453634 -0.680528 
0.475143 0.289821 -0.200119 0.253678 -0.473620 -0.742849 
0.370944 0.272917 -0.179516 0.474901 -0.485881 -0.786151 
0.262217 0.238763 -0.172795 0.592456 -0.479416 -0.814129 
0.169255 0.179999 -0.177437 0.650542 -0.292743 -0.831763 
0.102651 0.100323 -0.189324 0.676795 -0.008922 -0.843029 
0.060436 0.007583 -0.209372 0.685368 0.160219 -0.841889 
0.035181 -0.107190 -0.252820 0.683775 0.243391 -0.759809 
0.020159 -0.234452 -0.321188 0.670671 0.281708 -0.475397 
0.011004 -0.326424 -0.415346 0.649329 0.296254 -0.311109 
0.005214 -0.390075 -0.520682 0.603751 0.297385 -0.230629 
0.001408 -0.432740 -0.623672 0.538222 0.285632 -0.192249 
0.120837 -0.460359 -0.699680 0.456063 0.261975 -0.176865 
0.640058 -0.476087 -0.751251 0.374323 0.236476 -0.172543 
0.711212 -0.486726 -0.785191 0.294999 0.188839 -0.174401 
0.711207 -0.487416 -0.811632 0.213029 0.110381 -0.186496 
0.708150 -0.405667 -0.830232 0.143318 0.011718 -0.212384 
0.703857 -0.073365 -0.841688 0.092427 -0.107817 -0.255772 
0.697678 0.123860 -0.845006 0.058307 -0.227840 -0.312426 
0.688468 0.224990 -0.766764 0.034767 -0.320766 -0.407892 
0.674346 0.272060 -0.503054 0.019397 -0.386445 -0.513374 
0.652084 0.292178 -0.328592 0.012303 -0.431784 -0.616301 
0.615353 0.296933 -0.238326 0.057132 -0.459616 -0.693737 
0.557818 0.290558 -0.196060 0.325376 -0.477042 -0.752357 
0.474769 0.263097 -0.177490 0.514335 -0.488197 -0.793074 
0.370591 0.230601 -0.172868 0.611911 -0.458582 -0.818649 
0.261944 0.181975 -0.177473 0.660270 -0.186279 -0.834751 
0.169083 0.101580 -0.189267 0.680495 0.044310 -0.844906 
0.102557 -0.006648 -0.218791 0.687218 0.186942 -0.842828 
0.060389 -0.126493 -0.265367 0.682840 0.256296 -0.708731 
0.035159 -0.244103 -0.327461 0.666860 0.287442 -0.449858 
0.020148 -0.333719 -0.430525 0.638894 0.298450 -0.298327 
0.010998 -0.397175 -0.535214 0.598534 0.298483 -0.224231 
0.005211 -0.437462 -0.631109 0.533404 0.285346 -0.189050 
0.052533 -0.462720 -0.711241 0.453654 0.258495 -0.176095 
0.421712 -0.477268 -0.751308 0.373118 0.234736 -0.172158 
0.678042 -0.487317 -0.781133 0.306131 0.201639 -0.172741 
0.711211 -0.493089 -0.806256 0.233240 0.155240 -0.180811 
0.707955 -0.460256 -0.825151 0.163593 0.068943 -0.197266 
0.703276 -0.205051 -0.837653 0.107783 -0.050430 -0.224190 
0.696408 0.050926 -0.846669 0.069466 -0.176008 -0.279259 
0.685944 0.189684 -0.834827 0.042354 -0.280896 -0.356225 
0.669641 0.257671 -0.610208 0.024409 -0.360094 -0.453347 
0.642029 0.286823 -0.387166 0.013547 -0.413110 -0.562631 
0.596280 0.297035 -0.267271 0.018574 -0.447774 -0.657764 
0.524706 0.295190 -0.209121 0.206566 -0.469797 -0.729750 
0.425247 0.280502 -0.182932 0.434366 -0.483362 -0.776399 
0.310073 0.251587 -0.174503 0.572664 -0.478156 -0.807474 
0.202848 0.195543 -0.174627 0.640646 -0.337922 -0.828436 
0.122060 0.132780 -0.185241 0.671847 -0.045803 -0.841365 
0.070251 0.023811 -0.207331 0.683967 0.140122 -0.845595 
0.039781 -0.099076 -0.251799 0.683074 0.233343 -0.761662 
0.022207 -0.220929 -0.320677 0.674805 0.276684 -0.493530 
0.011846 -0.319663 -0.415091 0.651396 0.295124 -0.320175 
0.005490 -0.386695 -0.520554 0.613298 0.296819 -0.234420 
0.001418 -0.431050 -0.623608 0.542995 0.287248 -0.194145 
0.001412 -0.459514 -0.693941 0.458450 0.266823 -0.177812 
0.052533 -0.475665 -0.742657 0.375516 0.238900 -0.173017 
0.421712 -0.483740 -0.776808 0.323148 0.218475 -0.171846 
0.678042 -0.490553 -0.797970 0.281120 0.193509 -0.174053 
0.711211 -0.489330 -0.818021 0.206090 0.131752 -0.181467 
0.708156 -0.435726 -0.831924 0.139848 0.022403 -0.197593 
0.703857 -0.131205 -0.842166 0.093437 -0.079651 -0.231220 
0.697678 0.094939 -0.847479 0.058812 -0.202810 -0.294868 
0.688468 0.210530 -0.801718 0.035019 -0.302981 -0.399113 
0.674346 0.264830 -0.542794 0.020345 -0.374537 -0.498057 
0.652084 0.289227 -0.348463 0.010878 -0.422554 -0.596979 
0.615353 0.295458 -0.248261 0.030261 -0.453634 -0.680528 
0.557818 0.289821 -0.200119 0.251075 -0.473620 -0.742849 
0.474769 0.272917 -0.178986 0.462499 -0.485881 -0.786151 
0.370591 0.247794 -0.172531 0.586553 -0.479416 -0.814129 
0.261944 0.193646 -0.173641 0.647591 -0.292743 -0.831763 
0.169083 0.131832 -0.184748 0.675320 -0.023214 -0.843029 
0.102557 0.023337 -0.202925 0.685703 0.150226 -0.846427 
0.060389 -0.099313 -0.231230 0.686428 0.238395 -0.817363 
0.035159 -0.221048 -0.310393 0.676481 0.280456 -0.521380 
0.020148 -0.319722 -0.397095 0.652234 0.297010 -0.334100 
0.010998 -0.382761 -0.496869 0.625411 0.299349 -0.241383 
0.005211 -0.429083 -0.594971 0.565733 0.288513 -0.197099 
0.052533 -0.458530 -0.679623 0.478637 0.267456 -0.179290 
0.421712 -0.475173 -0.735498 0.385609 0.239216 -0.171214 
0.678042 -0.484177 -0.773228 0.312377 0.211605 -0.172270 
0.711211 -0.491520 -0.802303 0.236362 0.160224 -0.180575 
0.707955 -0.459471 -0.823174 0.165154 0.071434 -0.197148 
0.703276 -0.204658 -0.836665 0.108563 -0.049184 -0.224131 
0.696408 0.051122 -0.846175 0.069856 -0.175385 -0.279229 
0.685944 0.189782 -0.834580 0.042549 -0.280584 -0.356210 
0.669641 0.257720 -0.610084 0.024506 -0.359938 -0.453340 
0.642029 0.286847 -0.387104 0.013596 -0.413032 -0.562628 
0.596280 0.297047 -0.267240 0.018598 -0.447736 -0.657763 
0.524706 0.295197 -0.209105 0.206578 -0.469777 -0.729749 
0.425247 0.280505 -0.182924 0.434372 -0.483352 -0.776399 
0.310073 0.251588 -0.174500 0.572667 -0.478151 -0.807473 
0.202848 0.195543 -0.174625 0.640648 -0.337920 -0.828435 
0.122060 0.132780 -0.185241 0.671848 -0.045802 -0.841365 
0.070251 0.023811 -0.207331 0.683967 0.140123 -0.845595 
0.039781 -0.099076 -0.251799 0.683075 0.233343 -0.761662 
0.022207 -0.220929 -0.320677 0.674805 0.276685 -0.493530 
0.011846 -0.319663 -0.415091 0.651396 0.295124 -0.320175 
0.005490 -0.386695 -0.520554 0.613298 0.296820 -0.234420 
0.001418 -0.431050 -0.623608 0.542995 0.287248 -0.194145 
0.001412 -0.459514 -0.693941 0.458450 0.266823 -0.177812 
0.052533 -0.475665 -0.742657 0.375516 0.238900 -0.173017 
0.421712 -0.483740 -0.776808 0.323148 0.218475 -0.171846 
0.678042 -0.490553 -0.797970 0.281120 0.193509 -0.174053 
0.711211 -0.489330 -0.818021 0.206090 0.131752 -0.181467 
0.708156 -0.435726 -0.831924 0.139848 0.022403 -0.197593 
0.703898 -0.131205 -0.842166 0.093437 -0.079651 -0.231220 
0.697772 0.094939 -0.847479 0.058812 -0.202810 -0.294868 
0.688689 0.210530 -0.801718 0.035019 -0.302981 -0.399113 
0.674883 0.264830 -0.542794 0.020345 -0.374537 -0.498057 
0.652073 0.289227 -0.348463 0.010878 -0.422554 -0.596979 
0.615323 0.295458 -0.248261 0.030261 -0.453634 -0.680528 
0.557759 0.289821 -0.200119 0.251075 -0.473620 -0.742849 
0.474675 0.272917 -0.178986 0.462499 -0.485881 -0.786151 
0.370472 0.247794 -0.172531 0.586553 -0.479416 -0.814129 
0.261825 0.193646 -0.173641 0.647591 -0.292743 -0.831763 
0.168987 0.131832 -0.184748 0.675320 -0.023214 -0.843029 
0.102492 0.023337 -0.202925 0.685703 0.150226 -0.846427 
0.060350 -0.099313 -0.231230 0.686428 0.238395 -0.817363 
0.035135 -0.221048 -0.310393 0.676481 0.280456 -0.521380 
0.020134 -0.319722 -0.397095 0.652234 0.297010 -0.334100 
0.010989 -0.382761 -0.496869 0.625411 0.299349 -0.241383 
0.005206 -0.429083 -0.594971 0.565733 0.288513 -0.197099 
0.052501 -0.458530 -0.679623 0.478637 0.267456 -0.179290 
0.421595 -0.475173 -0.735498 0.385609 0.239216 -0.171214 
0.678021 -0.484177 -0.773228 0.312377 0.211605 -0.172270 
0.711207 -0.491520 -0.802303 0.236362 0.160224 -0.180575 
0.707949 -0.459471 -0.823174 0.165154 0.071434 -0.197148 
0.703276 -0.204658 -0.836665 0.108563 -0.049184 -0.224131 
0.696380 0.051122 -0.846175 0.069856 -0.175385 -0.279229 
0.685797 0.189782 -0.834580 0.042549 -0.280584 -0.356210 
0.669038 0.257720 -0.610084 0.024506 -0.359938 -0.453340 
0.642029 0.286847 -0.387104 0.013596 -0.413032 -0.562628 
0.596280 0.297047 -0.267240 0.018598 -0.447736 -0.657763 
0.524706 0.295197 -0.209105 0.206578 -0.469777 -0.729749 
0.425247 0.280505 -0.182924 0.434372 -0.483352 -0.776399 
0.310073 0.251588 -0.174500 0.572667 -0.478151 -0.807473 
0.202848 0.195543 -0.174625 0.640648 -0.337920 -0.828435 
0.122060 0.132780 -0.185241 0.671848 -0.045802 -0.841365 
0.070251 0.023811 -0.207331 0.683967 0.140123 -0.845595 
0.039781 -0.099076 -0.251799 0.683075 0.233343 -0.761662 
0.022207 -0.220929 -0.320677 0.674805 0.276685 -0.493530 
0.011846 -0.319663 -0.415091 0.651396 0.295124 -0.320175 
0.005490 -0.386695 -0.520554 0.613298 0.296820 -0.234420 
0.001418 -0.431050 -0.623608 0.542995 0.287248 -0.194145 
0.001412 -0.459514 -0.693941 0.458450 0.266823 -0.177812 
0.052533 -0.475665 -0.742657 0.375516 0.238900 -0.173017 
0.421712 -0.483740 -0.776808 0.323148 0.218475 -0.171846 
0.678042 -0.490553 -0.797970 0.281120 0.193509 -0.174053 
0.711211 -0.489330 -0.818021 0.206090 0.131752 -0.181467 
0.708156 -0.435726 -0.831924 0.139848 0.022403 -0.197593 
0.703898 -0.131205 -0.842166 0.093437 -0.079651 -0.231220 
0.697772 0.094939 -0.847479 0.058812 -0.202810 -0.294868 
0.688689 0.210530 -0.801718 0.035019 -0.302981 -0.399113 
0.674883 0.264830 -0.542794 0.020345 -0.374537 -0.498057 
0.652073 0.289227 -0.348463 0.010878 -0.422554 -0.596979 
0.615323 0.295458 -0.248261 0.030261 -0.453634 -0.680528 
0.557759 0.289821 -0.200119 0.251075 -0.473620 -0.742849 
0.474675 0.272917 -0.178986 0.462499 -0.485881 -0.786151 
0.370472 0.247794 -0.172531 0.586553 -0.479416 -0.814129 
0.261825 0.193646 -0.173641 0.647591 -0.292743 -0.831763 
0.168987 0.131832 -0.184748 0.675320 -0.023214 -0.843029 
0.102492 0.023337 -0.202925 0.685703 0.150226 -0.846427 
0.060350 -0.099313 -0.231230 0.686428 0.238395 -0.817363 
0.035135 -0.221048 -0.310393 0.676481 0.280456 -0.521380 
0.020134 -0.319722 -0.397095 0.652234 0.297010 -0.334100 
0.010989 -0.382761 -0.496869 0.625411 0.299349 -0.241383 
0.005206 -0.429083 -0.594971 0.565733 0.288513 -0.197099 
0.052501 -0.458530 -0.679623 0.478637 0.267456 -0.179290 
0.421595 -0.475173 -0.735498 0.385609 0.239216 -0.171214 
0.678021 -0.484177 -0.773228 0.312377 0.211605 -0.172270 
0.711207 -0.491520 -0.802303 0.236362 0.160224 -0.180575 
0.707949 -0.459471 -0.823174 0.165154 0.071434 -0.197148 
0.703276 -0.204658 -0.836665 0.108563 -0.049184 -0.224131 
0.696380 0.051122 -0.846175 0.069856 -0.175385 -0.279229 
0.685797 0.189782 -0.834580 0.042549 -0.280584 -0.356210 
0.669038 0.257720 -0.610084 0.024506 -0.359938 -0.453340 
0.642029 0.286847 -0.387104 0.013596 -0.413032 -0.562628 
0.596280 0.297047 -0.267240 0.018598 -0.447736 -0.657763 
0.524706 0.295197 -0.209105 0.206578 -0.469777 -0.729749 
0.425247 0.280505 -0.182924 0.434372 -0.483352 -0.776399 
0.310073 0.251588 -0.174500 0.572667 -0.478151 -0.807473 
0.202848 0.195543 -0.174625 0.640648 -0.337920 -0.828435 
0.122060 0.132780 -0.185241 0.671848 -0.045802 -0.841365 
0.070251 0.023811 -0.207331 0.683967 0.140123 -0.845595 
0.039781 -0.099076 -0.251799 0.683075 0.233343 -0.761662 
0.022207 -0.220929 -0.320677 0.674805 0.276685 -0.493530 
0.011846 -0.319663 -0.415091 0.651396 0.295124 -0.320175 
0.005490 -0.386695 -0.520554 0.613298 0.296820 -0.234420 
0.001418 -0.431050 -0.623608 0.542995 0.287248 -0.194145 
0.001412 -0.459514 -0.693941 0.458450 0.266823 -0.177812 
0.052533 -0.475665 -0.742657 0.375516 0.238900 -0.173017 
0.421712 -0.483740 -0.776808 0.323148 0.218475 -0.171846 
0.678042 -0.490553 -0.797970 0.281120 0.193509 -0.174053 
0.711211 -0.489330 -0.818021 0.206090 0.131752 -0.181467 
0.708156 -0.435726 -0.831924 0.139848 0.022403 -0.197593 
0.703898 -0.131205 -0.842166 0.093437 -0.079651 -0.231220 
0.697772 0.094939 -0.847479 0.058812 -0.202810 -0.294868 
0.688689 0.210530 -0.801718 0.035019 -0.302981 -0.399113 
0.674883 0.264830 -0.542794 0.020345 -0.374537 -0.498057 
0.652073 0.289227 -0.348463 0.010878 -0.422554 -0.596979 
0.615323 0.295458 -0.248261 0.030261 -0.453634 -0.680528 
0.557759 0.289821 -0.200119 0.251075 -0.473620 -0.742849 
0.474675 0.272917 -0.178986 0.462499 -0.485881 -0.786151 
0.370472 0.247794 -0.172531 0.586553 -0.479416 -0.814129 
0.261825 0.193646 -0.173641 0.647591 -0.292743 -0.831763 
0.168987 0.131832 -0.184748 0.675320 -0.023214 -0.843029 
0.102492 0.023337 -0.202925 0.685703 0.150226 -0.846427 
0.060350 -0.099313 -0.231230 0.686428 0.238395 -0.817363 
0.035135 -0.221048 -0.310393 0.676481 0.280456 -0.521380 
0.020134 -0.319722 -0.397095 0.652234 0.297010 -0.334100 
0.010989 -0.382761 -0.496869 0.625411 0.299349 -0.241383 
0.005206 -0.429083 -0.594971 0.565733 0.288513 -0.197099 
0.052501 -0.458530 -0.679623 0.478637 0.267456 -0.179290 
0.421595 -0.475173 -0.735498 0.385609 0.239216 -0.171214 
0.678021 -0.484177 -0.773228 0.312377 0.211605 -0.172270 
0.711207 -0.491520 -0.802303 0.236362 0.160224 -0.180575 
0.707949 -0.459471 -0.823174 0.165154 0.071434 -0.197148 
0.703276 -0.204658 -0.836665 0.108563 -0.049184 -0.224131 
0.696380 0.051122 -0.846175 0.069856 -0.175385 -0.279229 
0.685797 0.189782 -0.834580 0.042549 -0.280584 -0.356210 
0.669038 0.257720 -0.610084 0.024506 -0.359938 -0.453340 
0.642029 0.286847 -0.387104 0.013596 -0.413032 -0.562628 
0.596280 0.297047 -0.267240 0.018598 -0.447736 -0.657763 
0.524706 0.295197 -0.209105 0.206578 -0.469777 -0.729749 
0.425247 0.280505 -0.182924 0.434372 -0.483352 -0.776399 
0.310073 0.251588 -0.174500 0.572667 -0.478151 -0.807473 
0.202848 0.195543 -0.174625 0.640648 -0.337920 -0.828435 
0.122060 0.132780 -0.185241 0.671848 -0.045802 -0.841365 
0.070251 0.023811 -0.207331 0.683967 0.140123 -0.845595 
0.039781 -0.099076 -0.251799 0.683075 0.233343 -0.761662 
0.022207 -0.220929 -0.320677 0.674805 0.276685 -0.493530 
0.011846 -0.319663 -0.415091 0.651396 0.295124 -0.320175 
0.005490 -0.386695 -0.520554 0.613298 0.296820 -0.234420 
0.001418 -0.431050 -0.623608 0.542995 0.287248 -0.194145 
0.001412 -0.459514 -0.693941 0.458450 0.266823 -0.177812 
0.052533 -0.475665 -0.742657 0.375516 0.238900 -0.173017 
0.421712 -0.483740 -0.776808 0.323148 0.218475 -0.171846 
0.678042 -0.490553 -0.797970 0.281120 0.193509 -0.174053 
0.708162 -0.489330 -0.818021 0.206090 0.131752 -0.181467 
0.703864 -0.435726 -0.831924 0.139848 0.022403 -0.197593 
0.697678 -0.131205 -0.842166 0.093437 -0.079651 -0.231220 
0.688468 0.094939 -0.847479 0.058812 -0.202810 -0.294868 
0.674346 0.210530 -0.801718 0.035019 -0.302981 -0.399113 
0.652292 0.264830 -0.542794 0.020345 -0.374537 -0.498057 
0.615623 0.289227 -0.348463 0.010878 -0.422554 -0.596979 
0.558154 0.295458 -0.248261 0.035466 -0.453634 -0.680528 
0.475143 0.289821 -0.200119 0.253678 -0.473620 -0.742849 
0.370944 0.272917 -0.179516 0.474901 -0.485881 -0.786151 
0.262217 0.238763 -0.172795 0.592456 -0.479416 -0.814129 
0.169255 0.179999 -0.177437 0.650542 -0.292743 -0.831763 
0.102651 0.100323 -0.189324 0.676795 -0.008922 -0.843029 
0.060436 0.007583 -0.209372 0.685368 0.160219 -0.841889 
0.035181 -0.107190 -0.252820 0.683775 0.243391 -0.759809 
0.020159 -0.234452 -0.321188 0.670671 0.281708 -0.475397 
0.011004 -0.326424 -0.415346 0.649329 0.296254 -0.311109 
0.005214 -0.390075 -0.520682 0.603751 0.297385 -0.230629 
0.001408 -0.432740 -0.623672 0.538222 0.285632 -0.192249 
0.120837 -0.460359 -0.699680 0.456063 0.261975 -0.176865 
0.640058 -0.476087 -0.751251 0.374323 0.236476 -0.172543 
0.711212 -0.486726 -0.785191 0.294999 0.188839 -0.174401 
0.711207 -0.487416 -0.811632 0.213029 0.110381 -0.186496 
0.708150 -0.405667 -0.830232 0.143318 0.011718 -0.212384 
0.703857 -0.073365 -0.841688 0.092427 -0.107817 -0.255772 
0.697678 0.123860 -0.845006 0.058307 -0.227840 -0.312426 
0.688468 0.224990 -0.766764 0.034767 -0.320766 -0.407892 
0.674346 0.272060 -0.503054 0.019397 -0.386445 -0.513374 
0.652084 0.292178 -0.328592 0.012303 -0.431784 -0.616301 
0.615353 0.296933 -0.238326 0.057132 -0.459616 -0.693737 
0.557818 0.290558 -0.196060 0.325376 -0.477042 -0.752357 
0.474769 0.263097 -0.177490 0.514335 -0.488197 -0.793074 
0.370591 0.230601 -0.172868 0.611911 -0.458582 -0.818649 
0.261944 0.181975 -0.177473 0.660270 -0.186279 -0.834751 
0.169083 0.101580 -0.189267 0.680495 0.044310 -0.844906 
0.102557 -0.006648 -0.218791 0.687218 0.186942 -0.842828 
0.060389 -0.126493 -0.265367 0.682840 0.256296 -0.708731 
0.035159 -0.244103 -0.327461 0.666860 0.287442 -0.449858 
0.020148 -0.333719 -0.430525 0.638894 0.298450 -0.298327 
0.010998 -0.397175 -0.535214 0.598534 0.298483 -0.224231 
0.005211 -0.437462 -0.631109 0.533404 0.285346 -0.189050 
0.052533 -0.462720 -0.711241 0.453654 0.258495 -0.176095 
0.421712 -0.477268 -0.751308 0.373118 0.234736 -0.172158 
0.678042 -0.487317 -0.781133 0.306131 0.201639 -0.172741 
0.711211 -0.493089 -0.806256 0.233240 0.155240 -0.180811 
0.707955 -0.460256 -0.825151 0.163593 0.068943 -0.197266 
0.703276 -0.205051 -0.837653 0.107783 -0.050430 -0.224190 
0.696408 0.050926 -0.846669 0.069466 -0.176008 -0.279259 
0.685944 0.189684 -0.834827 0.042354 -0.280896 -0.356225 
0.669641 0.257671 -0.610208 0.024409 -0.360094 -0.453347 
0.642029 0.286823 -0.387166 0.013547 -0.413110 -0.562631 
0.596280 0.297035 -0.267271 0.018574 -0.447774 -0.657764 
0.524706 0.295190 -0.209121 0.206566 -0.469797 -0.729750 
0.425247 0.280502 -0.182932 0.434366 -0.483362 -0.776399 
0.310073 0.251587 -0.174503 0.572664 -0.478156 -0.807474 
0.202848 0.195543 -0.174627 0.640646 -0.337922 -0.828436 
0.122060 0.132780 -0.185241 0.671847 -0.045803 -0.841365 
0.070251 0.023811 -0.207331 0.683967 0.140122 -0.845595 
0.039781 -0.099076 -0.251799 0.683074 0.233343 -0.761662 
0.022207 -0.220929 -0.320677 0.674805 0.276684 -0.493530 
0.011846 -0.319663 -0.415091 0.651396 0.295124 -0.320175 
0.005490 -0.386695 -0.520554 0.613298 0.296819 -0.234420 
0.001418 -0.431050 -0.623608 0.542995 0.287248 -0.194145 
0.001412 -0.459514 -0.693941 0.458450 0.266823 -0.177812 
0.052533 -0.475665 -0.742657 0.375516 0.238900 -0.173017 
0.421712 -0.483740 -0.776808 0.323148 0.218475 -0.171846 
0.678042 -0.490553 -0.797970 0.281120 0.193509 -0.174053 
0.711211 -0.489330 -0.818021 0.206090 0.131752 -0.181467 
0.708156 -0.435726 -0.831924 0.139848 0.022403 -0.197593 
0.703857 -0.131205 -0.842166 0.093437 -0.079651 -0.231220 
0.697678 0.094939 -0.847479 0.058812 -0.202810 -0.294868 
0.688468 0.210530 -0.801718 0.035019 -0.302981 -0.399113 
0.674346 0.264830 -0.542794 0.020345 -0.374537 -0.498057 
0.652084 0.289227 -0.348463 0.010878 -0.422554 -0.596979 
0.615353 0.295458 -0.248261 0.030261 -0.453634 -0.680528 
0.557818 0.289821 -0.200119 0.251075 -0.473620 -0.742849 
0.474769 0.272917 -0.178986 0.462499 -0.485881 -0.786151 
0.370591 0.247794 -0.172531 0.586553 -0.479416 -0.814129 
0.261944 0.193646 -0.173641 0.647591 -0.292743 -0.831763 
0.169083 0.131832 -0.184748 0.675320 -0.023214 -0.843029 
0.102557 0.023337 -0.202925 0.685703 0.150226 -0.846427 
0.060389 -0.099313 -0.231230 0.686428 0.238395 -0.817363 
0.035159 -0.221048 -0.310393 0.676481 0.280456 -0.521380 
0.020148 -0.319722 -0.397095 0.652234 0.297010 -0.334100 
0.010998 -0.382761 -0.496869 0.625411 0.299349 -0.241383 
0.005211 -0.429083 -0.594971 0.565733 0.288513 -0.197099 
0.052533 -0.458530 -0.679623 0.478637 0.267456 -0.179290 
0.421712 -0.475173 -0.735498 0.385609 0.239216 -0.171214 
0.678042 -0.484177 -0.773228 0.312377 0.211605 -0.172270 
0.711211 -0.491520 -0.802303 0.236362 0.160224 -0.180575 
0.707955 -0.459471 -0.823174 0.165154 0.071434 -0.197148 
0.703276 -0.204658 -0.836665 0.108563 -0.049184 -0.224131 
0.696408 0.051122 -0.846175 0.069856 -0.175385 -0.279229 
0.685944 0.189782 -0.834580 0.042549 -0.280584 -0.356210 
0.669641 0.257720 -0.610084 0.024506 -0.359938 -0.453340 
0.642029 0.286847 -0.387104 0.013596 -0.413032 -0.562628 
0.596280 0.297047 -0.267240 0.018598 -0.447736 -0.657763 
0.524706 0.295197 -0.209105 0.206578 -0.469777 -0.729749 
0.425247 0.280505 -0.182924 0.434372 -0.483352 -0.776399 
0.310073 0.251588 -0.174500 0.572667 -0.478151 -0.807473 
0.202848 0.195543 -0.174625 0.640648 -0.337920 -0.828435 
0.122060 0.132780 -0.185241 0.671848 -0.045802 -0.841365 
0.070251 0.023811 -0.207331 0.683967 0.140123 -0.845595 
0.039781 -0.099076 -0.251799 0.683075 0.233343 -0.761662 
0.022207 -0.220929 -0.320677 0.674805 0.276685 -0.493530 
0.011846 -0.319663 -0.415091 0.651396 0.295124 -0.320175 
0.005490 -0.386695 -0.520554 0.613298 0.296820 -0.234420 
0.001418 -0.431050 -0.623608 0.542995 0.287248 -0.194145 
0.001412 -0.459514 -0.693941 0.458450 0.266823 -0.177812 
0.052533 -0.475665 -0.742657 0.375516 0.238900 -0.173017 
0.421712 -0.483740 -0.776808 0.323148 0.218475 -0.171846 
0.678042 -0.490553 -0.797970 0.281120 0.193509 -0.174053 
0.711211 -0.489330 -0.818021 0.206090 0.131752 -0.181467 
0.708156 -0.435726 -0.831924 0.139848 0.022403 -0.197593 
0.703898 -0.131205 -0.842166 0.093437 -0.079651 -0.231220 
0.697772 0.094939 -0.847479 0.058812 -0.202810 -0.294868 
0.688689 0.210530 -0.801718 0.035019 -0.302981 -0.399113 
0.674883 0.264830 -0.542794 0.020345 -0.374537 -0.498057 
0.652073 0.289227 -0.348463 0.010878 -0.422554 -0.596979 
0.615323 0.295458 -0.248261 0.030261 -0.453634 -0.680528 
0.557759 0.289821 -0.200119 0.251075 -0.473620 -0.742849 
0.474675 0.272917 -0.178986 0.462499 -0.485881 -0.786151 
0.370472 0.247794 -0.172531 0.586553 -0.479416 -0.814129 
0.261825 0.193646 -0.173641 0.647591 -0.292743 -0.831763 
0.168987 0.131832 -0.184748 0.675320 -0.023214 -0.843029 
0.102492 0.023337 -0.202925 0.685703 0.150226 -0.846427 
0.060350 -0.099313 -0.231230 0.686428 0.238395 -0.817363 
0.035135 -0.221048 -0.310393 0.676481 0.280456 -0.521380 
0.020134 -0.319722 -0.397095 0.652234 0.297010 -0.334100 
0.010989 -0.382761 -0.496869 0.625411 0.299349 -0.241383 
