0.357500 0.000000 0.000000 0.000000 0.000000 0.000000 
0.357500 0.000000 0.000000 0.000000 0.000000 0.000000 
-0.009420 0.000000 0.000000 0.000000 0.000000 0.000000 
0.724576 0.000000 0.000000 0.000000 0.000000 0.000000 
0.640965 0.000000 0.000000 0.000000 0.000000 0.000000 
0.001386 0.000000 0.000000 0.000000 0.000000 0.000000 
0.001386 0.000000 0.000000 0.000000 0.000000 0.000000 
0.001386 0.000000 0.000000 0.000000 0.000000 0.000000 
0.001386 0.000000 0.000000 0.000000 0.000000 0.000000 
0.001386 0.000000 0.000000 0.000000 0.000000 0.000000 
0.001386 0.000000 0.000000 0.000000 0.000000 0.000000 
0.001386 0.000000 0.000000 0.000000 0.000000 0.000000 
0.001386 0.000000 0.000000 0.000000 0.000000 0.000000 
0.001386 0.000000 0.000000 0.000000 0.000000 0.000000 
0.001386 0.000000 0.000000 0.000000 0.000000 0.000000 
0.001386 0.000000 0.000000 0.000000 0.000000 0.000000 
0.001386 0.000000 0.000000 0.000000 0.000000 0.000000 
0.001386 0.000000 0.000000 0.000000 0.000000 0.000000 
0.001386 0.000000 0.000000 0.000000 0.000000 0.000000 
0.001386 0.000000 0.000000 0.000000 0.000000 0.000000 
0.001386 0.000000 0.000000 0.000000 0.000000 0.000000 
0.001386 0.000000 0.000000 0.000000 0.000000 0.000000 
0.001386 0.000000 0.000000 0.000000 0.000000 0.000000 
0.001386 0.000000 0.000000 0.000000 0.000000 0.000000 
0.001386 0.000000 0.000000 0.000000 0.000000 0.000000 
0.001386 0.000000 0.000000 0.000000 0.000000 0.000000 
0.001386 0.000000 0.000000 0.000000 0.000000 0.000000 
0.711202 0.000000 0.000000 0.000000 0.000000 0.000000 
0.711202 0.000000 0.000000 0.000000 0.000000 0.000000 
0.711202 0.000000 0.000000 0.000000 0.000000 0.000000 
0.711202 0.000000 0.000000 0.000000 0.000000 0.000000 
0.711202 0.000000 0.000000 0.000000 0.000000 0.000000 
0.708756 -0.120531 -0.677565 -0.234426 -0.379823 -0.407408 
0.705527 0.100277 -0.765179 -0.107681 -0.363843 -0.388244 
0.701175 0.213837 -0.760567 -0.046219 -0.383498 -0.422204 
0.695792 0.269747 -0.679310 -0.019246 -0.403339 -0.486523 
0.687543 0.294439 -0.459326 -0.006788 -0.427732 -0.552690 
0.675643 0.305207 -0.306729 -0.002689 -0.449152 -0.624295 
0.658157 0.307530 -0.227049 0.004480 -0.463138 -0.682409 
0.632235 0.307389 -0.187212 0.027062 -0.473926 -0.723243 
0.593912 0.300367 -0.169091 0.143390 -0.482873 -0.753235 
0.539520 0.292275 -0.161443 0.349330 -0.488670 -0.782106 
0.467484 0.279045 -0.159093 0.511627 -0.492799 -0.802577 
0.381364 0.257340 -0.159639 0.607750 -0.493854 -0.818184 
0.290701 0.230974 -0.162857 0.658881 -0.483402 -0.829639 
0.207528 0.207189 -0.168804 0.683754 -0.402553 -0.838211 
0.140562 0.160450 -0.175441 0.693401 -0.158264 -0.844768 
0.092071 0.090548 -0.185649 0.698225 0.058318 -0.849532 
0.059338 0.008793 -0.203375 0.697156 0.189320 -0.853055 
0.037969 -0.072844 -0.225845 0.693626 0.259108 -0.837951 
0.024082 -0.159591 -0.266385 0.687904 0.292380 -0.706292 
0.014929 -0.234684 -0.301061 0.677219 0.307449 -0.500831 
0.008756 -0.314989 -0.376309 0.664050 0.313018 -0.331950 
0.004480 -0.366693 -0.442907 0.646018 0.311909 -0.239385 
0.001439 -0.406247 -0.519775 0.622303 0.306799 -0.194026 
0.001434 -0.435409 -0.592907 0.590239 0.297731 -0.172501 
0.001429 -0.456579 -0.659956 0.529257 0.284971 -0.163185 
0.001425 -0.471664 -0.712115 0.460398 0.265684 -0.161828 
0.001420 -0.481115 -0.751744 0.399329 0.242730 -0.162484 
0.001416 -0.486465 -0.781351 0.335054 0.220390 -0.166579 
0.031421 -0.489140 -0.796155 0.302917 0.209220 -0.168627 
0.220404 -0.491160 -0.803557 0.286848 0.196607 -0.169651 
0.581565 -0.494263 -0.807258 0.262996 0.182575 -0.171488 
0.690525 -0.495814 -0.817944 0.230180 0.157962 -0.176211 
0.711220 -0.491960 -0.828008 0.180620 0.113978 -0.182546 
0.709259 -0.437041 -0.836917 0.137283 0.048312 -0.198133 
0.706804 -0.295038 -0.843360 0.099118 -0.033106 -0.223232 
0.703687 -0.018050 -0.848251 0.070327 -0.130228 -0.261196 
0.699698 0.144427 -0.851968 0.050738 -0.215907 -0.309856 
0.694527 0.235912 -0.837477 0.034901 -0.281885 -0.362306 
0.687716 0.281016 -0.763000 0.023063 -0.347788 -0.432832 
0.678647 0.303337 -0.574294 0.014763 -0.393540 -0.514917 
0.666495 0.311234 -0.384533 0.008725 -0.425996 -0.577415 
0.649019 0.311765 -0.269332 0.006966 -0.451560 -0.648321 
0.624848 0.309506 -0.208354 0.028305 -0.467837 -0.706199 
0.591772 0.301426 -0.179256 0.144012 -0.478698 -0.744713 
0.547710 0.292805 -0.166525 0.349641 -0.486583 -0.777845 
0.491630 0.279309 -0.161634 0.511782 -0.491755 -0.800447 
0.424722 0.257472 -0.161441 0.607828 -0.493332 -0.817119 
0.351084 0.231041 -0.163758 0.659218 -0.483141 -0.829613 
0.277081 0.194240 -0.169254 0.683923 -0.402422 -0.838199 
0.209363 0.153975 -0.175667 0.693486 -0.158199 -0.844526 
0.152619 0.087311 -0.185761 0.698267 0.058350 -0.849411 
0.108479 0.007175 -0.203431 0.697177 0.189336 -0.852995 
0.075973 -0.073654 -0.225873 0.693636 0.259117 -0.820646 
0.052825 -0.159996 -0.261070 0.687909 0.292384 -0.697640 
0.036576 -0.234886 -0.298404 0.677222 0.307451 -0.461519 
0.025169 -0.298300 -0.374980 0.664051 0.313019 -0.312295 
0.017082 -0.358348 -0.442243 0.646019 0.313291 -0.229557 
0.011262 -0.402074 -0.519443 0.622303 0.307490 -0.188774 
0.007000 -0.433323 -0.592741 0.590239 0.298077 -0.169875 
0.003821 -0.455536 -0.659873 0.529257 0.285143 -0.161872 
0.031401 -0.468994 -0.712073 0.460399 0.265771 -0.161172 
0.220293 -0.479780 -0.751724 0.399329 0.242773 -0.162155 
0.581487 -0.485798 -0.777273 0.335054 0.220412 -0.165188 
0.690509 -0.491582 -0.798202 0.287099 0.194477 -0.169257 
0.711215 -0.495222 -0.813416 0.230071 0.151659 -0.175095 
0.711211 -0.491664 -0.826498 0.175400 0.091791 -0.186842 
0.709168 -0.436893 -0.836162 0.129626 0.010157 -0.200281 
0.706587 -0.193369 -0.843159 0.090799 -0.079822 -0.225698 
0.703276 0.032784 -0.848935 0.064012 -0.169734 -0.262429 
0.699009 0.176601 -0.851747 0.044100 -0.247851 -0.310473 
0.693387 0.252521 -0.837366 0.029671 -0.316817 -0.371832 
0.685879 0.289089 -0.717709 0.019656 -0.369302 -0.449665 
0.675733 0.304110 -0.500790 0.012663 -0.407697 -0.523333 
0.661933 0.310042 -0.340984 0.007675 -0.436912 -0.597625 
0.641863 0.309948 -0.244860 0.009662 -0.457017 -0.658426 
0.613830 0.305819 -0.196460 0.039659 -0.470866 -0.714800 
0.575341 0.299582 -0.173715 0.217108 -0.481342 -0.758268 
0.524389 0.286105 -0.163755 0.428584 -0.488890 -0.788232 
0.460734 0.271060 -0.161338 0.562355 -0.494121 -0.808842 
0.387177 0.246866 -0.162163 0.636658 -0.483536 -0.823695 
0.309730 0.215135 -0.166877 0.672999 -0.421623 -0.834749 
0.235972 0.174242 -0.174478 0.690813 -0.167799 -0.842801 
0.172302 0.122129 -0.185167 0.696931 0.039258 -0.848548 
0.121898 0.034178 -0.203134 0.697956 0.179790 -0.852564 
0.084576 -0.040349 -0.225724 0.694026 0.254343 -0.820431 
0.058111 -0.131156 -0.260996 0.688104 0.290453 -0.749080 
0.039733 -0.220466 -0.298367 0.679916 0.306486 -0.557680 
0.027012 -0.291090 -0.343961 0.665399 0.312536 -0.374333 
0.018130 -0.354743 -0.426733 0.646692 0.313050 -0.260576 
0.011831 -0.400272 -0.511688 0.622640 0.307369 -0.204283 
0.007281 -0.432422 -0.575795 0.590407 0.298016 -0.177630 
0.003929 -0.455085 -0.651400 0.529341 0.285113 -0.165749 
0.001412 -0.468769 -0.707837 0.460441 0.265756 -0.163110 
0.022089 -0.479667 -0.749605 0.399350 0.248700 -0.163125 
0.120883 -0.485741 -0.770490 0.345966 0.229838 -0.165673 
0.421723 -0.488779 -0.790724 0.308373 0.213944 -0.168174 
0.640070 -0.493072 -0.800841 0.273758 0.191243 -0.170749 
0.696350 -0.495219 -0.814735 0.235561 0.162296 -0.175841 
0.711211 -0.491663 -0.826404 0.183310 0.116145 -0.187216 
0.709168 -0.459543 -0.835224 0.138628 0.049395 -0.200468 
0.706587 -0.306289 -0.842513 0.099790 -0.046390 -0.224400 
0.703276 -0.023675 -0.847828 0.070663 -0.136870 -0.256030 
0.699009 0.141614 -0.851851 0.048362 -0.219228 -0.307273 
0.693387 0.235028 -0.837418 0.033713 -0.283546 -0.361015 
0.685879 0.280574 -0.762971 0.022469 -0.348618 -0.432186 
0.675733 0.303116 -0.574279 0.014466 -0.393956 -0.506769 
0.661933 0.311123 -0.384525 0.008576 -0.426203 -0.573341 
0.641863 0.311709 -0.269328 0.006892 -0.451663 -0.646284 
0.613830 0.309478 -0.208694 0.028268 -0.467889 -0.705181 
0.575341 0.301412 -0.179426 0.143994 -0.478724 -0.744204 
0.524389 0.292798 -0.166610 0.368806 -0.486596 -0.777591 
0.460734 0.274406 -0.162232 0.527197 -0.492369 -0.801248 
0.387177 0.253739 -0.162611 0.618338 -0.489330 -0.819898 
0.309730 0.225922 -0.165428 0.663913 -0.459149 -0.832061 
0.235972 0.179635 -0.173754 0.686270 -0.282609 -0.840729 
0.172302 0.124826 -0.182467 0.694659 -0.018147 -0.847020 
0.121898 0.062433 -0.194817 0.696820 0.151087 -0.851578 
0.084576 -0.026222 -0.212119 0.695381 0.240330 -0.846163 
0.058111 -0.117274 -0.235828 0.691266 0.284246 -0.817231 
0.039733 -0.199058 -0.273885 0.684864 0.303953 -0.591756 
0.027012 -0.280386 -0.331720 0.671215 0.311989 -0.408577 
0.018130 -0.337840 -0.407759 0.654573 0.313699 -0.285823 
0.011831 -0.380587 -0.489595 0.626125 0.310379 -0.216597 
0.007281 -0.417157 -0.564749 0.592150 0.304447 -0.183366 
0.003929 -0.446281 -0.628911 0.549103 0.293389 -0.168091 
0.001412 -0.464367 -0.677957 0.497849 0.276237 -0.161717 
0.022089 -0.476172 -0.726823 0.435877 0.253941 -0.162428 
0.120883 -0.483994 -0.759098 0.364229 0.232459 -0.165325 
0.421723 -0.487905 -0.785029 0.317504 0.215255 -0.168000 
0.640070 -0.492635 -0.797994 0.278324 0.191898 -0.170662 
0.696350 -0.495000 -0.813312 0.237844 0.162624 -0.175798 
0.711211 -0.491553 -0.825692 0.184452 0.116309 -0.187194 
0.709168 -0.459488 -0.834868 0.139199 0.049477 -0.200457 
0.706587 -0.306262 -0.842335 0.100076 -0.046349 -0.224394 
0.703309 -0.023662 -0.847739 0.070806 -0.136850 -0.256027 
0.699069 0.141621 -0.851807 0.048434 -0.219218 -0.307272 
0.693502 0.235031 -0.837396 0.033749 -0.283541 -0.361014 
0.686101 0.280576 -0.762959 0.022487 -0.348616 -0.432186 
0.676169 0.303117 -0.574274 0.014475 -0.393954 -0.506769 
0.661933 0.311123 -0.384523 0.008581 -0.426203 -0.573341 
0.641858 0.311709 -0.269327 0.006894 -0.451663 -0.646284 
0.613815 0.309478 -0.208693 0.028269 -0.467889 -0.705181 
0.575314 0.301412 -0.179426 0.143994 -0.478724 -0.744204 
0.524347 0.292798 -0.166610 0.368806 -0.486596 -0.777591 
0.460675 0.274406 -0.162232 0.527197 -0.492369 -0.801248 
0.387105 0.253739 -0.162611 0.618338 -0.489330 -0.819898 
0.309654 0.225922 -0.165428 0.663913 -0.459149 -0.832061 
0.235899 0.179635 -0.173754 0.686270 -0.282609 -0.840729 
0.172240 0.124826 -0.182467 0.694659 -0.018147 -0.847020 
0.121849 0.062433 -0.194817 0.696820 0.151087 -0.851578 
0.084540 -0.026222 -0.212119 0.695381 0.240330 -0.846163 
0.058086 -0.117274 -0.235828 0.691266 0.284246 -0.817231 
0.039715 -0.199058 -0.273885 0.684864 0.303953 -0.591756 
0.026999 -0.280386 -0.331720 0.671215 0.311989 -0.408577 
0.018121 -0.337840 -0.407759 0.654573 0.313699 -0.285823 
0.011825 -0.380587 -0.489595 0.626125 0.310379 -0.216597 
0.007276 -0.417157 -0.564749 0.592150 0.304447 -0.183366 
0.003925 -0.446281 -0.628911 0.549103 0.293389 -0.168091 
0.001410 -0.464367 -0.677957 0.497849 0.276237 -0.161717 
0.022080 -0.476172 -0.726823 0.435877 0.253941 -0.162428 
0.120837 -0.483994 -0.759098 0.364229 0.232459 -0.165325 
0.421643 -0.487905 -0.785029 0.317504 0.215255 -0.168000 
0.640041 -0.492635 -0.797994 0.278324 0.191898 -0.170662 
0.696343 -0.495000 -0.813312 0.237844 0.162624 -0.175798 
0.709168 -0.491553 -0.825692 0.184452 0.116309 -0.187194 
0.706587 -0.459488 -0.834868 0.139199 0.049477 -0.200457 
0.703276 -0.306262 -0.842335 0.100076 -0.046349 -0.224394 
0.699001 -0.023662 -0.847739 0.070806 -0.136850 -0.256027 
0.693358 0.141621 -0.851807 0.048434 -0.219218 -0.307272 
0.685797 0.235031 -0.837396 0.033749 -0.283541 -0.361014 
0.675524 0.280576 -0.762959 0.022487 -0.348616 -0.432186 
0.661429 0.303117 -0.574274 0.014475 -0.393954 -0.506769 
0.642029 0.311123 -0.384523 0.008581 -0.426203 -0.573341 
0.614030 0.311709 -0.269327 0.006894 -0.451663 -0.646284 
0.575577 0.309478 -0.208693 0.028269 -0.467889 -0.705181 
0.524655 0.301412 -0.179426 0.143994 -0.478724 -0.744204 
0.461014 0.287020 -0.166610 0.378666 -0.486596 -0.780184 
0.387448 0.271517 -0.162232 0.532126 -0.492369 -0.804818 
0.309968 0.252295 -0.162611 0.620803 -0.489330 -0.821200 
0.236161 0.225200 -0.165428 0.665145 -0.435583 -0.832712 
0.172438 0.179274 -0.173754 0.686887 -0.270826 -0.841055 
0.121990 0.124646 -0.182467 0.694968 -0.012255 -0.847183 
0.084634 0.035436 -0.199503 0.696974 0.150242 -0.851659 
0.058147 -0.039720 -0.220820 0.695458 0.239907 -0.846204 
0.039755 -0.130842 -0.258544 0.688820 0.283228 -0.761967 
0.027025 -0.220309 -0.297140 0.680274 0.303444 -0.564123 
0.018138 -0.291011 -0.355781 0.668920 0.311735 -0.377554 
0.011836 -0.354704 -0.419789 0.653426 0.312649 -0.265840 
0.007284 -0.396189 -0.495610 0.625552 0.308050 -0.206920 
0.003931 -0.428410 -0.567756 0.591863 0.300770 -0.178528 
0.001414 -0.451907 -0.637222 0.532278 0.289224 -0.165672 
0.001410 -0.467180 -0.700748 0.471002 0.274155 -0.163072 
0.031388 -0.477579 -0.746065 0.404630 0.252899 -0.163105 
0.220221 -0.484697 -0.768719 0.348606 0.231938 -0.165663 
0.581438 -0.488939 -0.789839 0.309693 0.214994 -0.168169 
0.690499 -0.493152 -0.804485 0.274393 0.191768 -0.172214 
0.711212 -0.496007 -0.817932 0.217370 0.130882 -0.180548 
0.709249 -0.481605 -0.830034 0.159777 0.069459 -0.189569 
0.706792 -0.402762 -0.839434 0.116692 -0.008743 -0.213921 
0.703673 -0.176304 -0.845921 0.081859 -0.089273 -0.239384 
0.699690 0.061537 -0.850526 0.056504 -0.174459 -0.277100 
0.694499 0.191311 -0.849425 0.040346 -0.261161 -0.323090 
0.687638 0.259354 -0.824468 0.027794 -0.323472 -0.389627 
0.678452 0.292506 -0.711260 0.017761 -0.373327 -0.470235 
0.666032 0.305818 -0.475301 0.010894 -0.412726 -0.544546 
0.649169 0.309721 -0.319713 0.006152 -0.441649 -0.620223 
0.625028 0.309787 -0.233541 0.014876 -0.461213 -0.680373 
0.591985 0.304303 -0.191850 0.058419 -0.474330 -0.725773 
0.547953 0.294243 -0.171914 0.265154 -0.483968 -0.765472 
0.491892 0.283436 -0.164328 0.463661 -0.490448 -0.794260 
0.424986 0.259535 -0.162257 0.583767 -0.494900 -0.814025 
0.351327 0.241103 -0.164166 0.647187 -0.483925 -0.827559 
0.277285 0.212254 -0.169458 0.677908 -0.402814 -0.836681 
0.209519 0.162982 -0.175769 0.693268 -0.158395 -0.843767 
0.152729 0.091815 -0.185812 0.698158 0.058252 -0.849031 
0.108551 0.009426 -0.203456 0.697122 0.189287 -0.852805 
0.076019 -0.052725 -0.225886 0.693609 0.259092 -0.820552 
0.052853 -0.149531 -0.261077 0.687896 0.292828 -0.697593 
0.036593 -0.229654 -0.298407 0.677215 0.307673 -0.461495 
0.025179 -0.295684 -0.374982 0.664048 0.313130 -0.312283 
0.017089 -0.357040 -0.442243 0.646017 0.313346 -0.229552 
0.011267 -0.401420 -0.519443 0.622302 0.307518 -0.188771 
0.007003 -0.432996 -0.592742 0.590238 0.298090 -0.169874 
0.003823 -0.455372 -0.659873 0.529257 0.285150 -0.161871 
0.001410 -0.468912 -0.712073 0.460398 0.265774 -0.161171 
0.031388 -0.479739 -0.751724 0.399329 0.248709 -0.162155 
0.220221 -0.485777 -0.777273 0.345955 0.229843 -0.165188 
0.581438 -0.489479 -0.794116 0.308367 0.213947 -0.167932 
0.690499 -0.493422 -0.806624 0.273730 0.191244 -0.172095 
0.711212 -0.496142 -0.819001 0.217039 0.150043 -0.180488 
0.709249 -0.481673 -0.829290 0.168883 0.079040 -0.189539 
0.706792 -0.402796 -0.837558 0.121245 -0.003953 -0.201630 
0.703673 -0.176321 -0.844984 0.086608 -0.086877 -0.233238 
0.699690 0.041309 -0.850057 0.058879 -0.173261 -0.274027 
0.694499 0.181196 -0.851425 0.041533 -0.249615 -0.321554 
0.687638 0.254297 -0.825468 0.028388 -0.317699 -0.388858 
0.678452 0.289977 -0.711760 0.018385 -0.370440 -0.458178 
0.666032 0.304554 -0.475551 0.012028 -0.411283 -0.538518 
0.649014 0.310264 -0.319838 0.007001 -0.438704 -0.605217 
0.624834 0.310059 -0.233603 0.015301 -0.457914 -0.672870 
0.591748 0.305874 -0.190832 0.058631 -0.472681 -0.722022 
0.547671 0.295029 -0.171405 0.265260 -0.482250 -0.763596 
0.491575 0.283828 -0.164074 0.463714 -0.489344 -0.790896 
0.424653 0.269921 -0.161497 0.583495 -0.494348 -0.812343 
0.351006 0.246296 -0.163786 0.647229 -0.483649 -0.826718 
0.277003 0.214850 -0.167688 0.677928 -0.421680 -0.836261 
0.209292 0.164280 -0.174884 0.693278 -0.167828 -0.843557 
0.152561 0.092464 -0.185370 0.698163 0.053536 -0.848926 
0.108433 0.009751 -0.203235 0.697125 0.186929 -0.852752 
0.075940 -0.052563 -0.225775 0.693611 0.257913 -0.820525 
0.052801 -0.149450 -0.261021 0.687896 0.292238 -0.697580 
0.036559 -0.229614 -0.298379 0.677215 0.307378 -0.461489 
0.025157 -0.295663 -0.374968 0.664048 0.312982 -0.312280 
0.017073 -0.357030 -0.442237 0.646017 0.313273 -0.229550 
0.011256 -0.401415 -0.519439 0.622302 0.307481 -0.188770 
0.006995 -0.432994 -0.592740 0.590238 0.298072 -0.169873 
0.003818 -0.455371 -0.659872 0.529257 0.285141 -0.161871 
0.001406 -0.468912 -0.712073 0.460398 0.265770 -0.161171 
0.031370 -0.479739 -0.751723 0.399329 0.248707 -0.162155 
0.220132 -0.485777 -0.777272 0.345955 0.229842 -0.165188 
0.581380 -0.489479 -0.794116 0.308367 0.213946 -0.167932 
0.690488 -0.493422 -0.806624 0.273730 0.191244 -0.172095 
0.711208 -0.496142 -0.819001 0.217039 0.150043 -0.180488 
0.709246 -0.481673 -0.829290 0.168883 0.079040 -0.189539 
0.706788 -0.402795 -0.837558 0.121245 -0.003953 -0.201630 
0.703673 -0.176321 -0.844984 0.086608 -0.086877 -0.233238 
0.699698 0.041309 -0.850057 0.058879 -0.173261 -0.274027 
0.694527 0.181196 -0.851425 0.041533 -0.249615 -0.321554 
0.687716 0.254297 -0.825468 0.028388 -0.317699 -0.388858 
0.678647 0.289977 -0.711760 0.018385 -0.370440 -0.458178 
0.666495 0.304554 -0.475551 0.012028 -0.411283 -0.538518 
0.649019 0.310264 -0.319838 0.007001 -0.438704 -0.605217 
0.624848 0.310059 -0.233603 0.015301 -0.457914 -0.672870 
0.591772 0.305874 -0.190832 0.058631 -0.472681 -0.722022 
0.547710 0.295029 -0.171405 0.265260 -0.482250 -0.763596 
0.491630 0.283828 -0.164074 0.463714 -0.489344 -0.790896 
0.424722 0.269921 -0.161497 0.583495 -0.494348 -0.812343 
0.351084 0.246296 -0.163786 0.647229 -0.483649 -0.826718 
0.277081 0.214850 -0.167688 0.677928 -0.421680 -0.836261 
0.209363 0.164280 -0.174884 0.693278 -0.167828 -0.843557 
0.152619 0.092464 -0.185370 0.698163 0.053536 -0.848926 
0.108479 0.009751 -0.203235 0.697125 0.186929 -0.852752 
0.075973 -0.052563 -0.225775 0.693611 0.257913 -0.820525 
0.052825 -0.137263 -0.261021 0.687896 0.292238 -0.697580 
0.036576 -0.223520 -0.298379 0.677215 0.307378 -0.461489 
0.025169 -0.292616 -0.374968 0.664048 0.312982 -0.312280 
0.017082 -0.355507 -0.442237 0.646017 0.313273 -0.229550 
0.011262 -0.400654 -0.519439 0.622302 0.307481 -0.188770 
0.007000 -0.432613 -0.592740 0.590238 0.298072 -0.169873 
0.003821 -0.455180 -0.659872 0.529257 0.285141 -0.161871 
0.001409 -0.468817 -0.712073 0.460398 0.265770 -0.161171 
0.031383 -0.479691 -0.751723 0.399329 0.248707 -0.162155 
0.220202 -0.485753 -0.777272 0.345955 0.229842 -0.165188 
0.581427 -0.489467 -0.794116 0.308367 0.213946 -0.167932 
0.690497 -0.493416 -0.806624 0.273730 0.191244 -0.172095 
0.711211 -0.496139 -0.819001 0.217039 0.150043 -0.180488 
0.709249 -0.481671 -0.829290 0.168883 0.079040 -0.189539 
0.706792 -0.402795 -0.837558 0.121245 -0.003953 -0.201630 
0.703673 -0.176320 -0.844984 0.086608 -0.086877 -0.233238 
0.699698 0.041309 -0.850057 0.058879 -0.173261 -0.274027 
0.694527 0.181196 -0.851425 0.041533 -0.249615 -0.321554 
0.687716 0.254297 -0.825468 0.028388 -0.317699 -0.388858 
0.678647 0.289977 -0.711760 0.018385 -0.370440 -0.458178 
0.666495 0.304554 -0.475551 0.012028 -0.411283 -0.538518 
0.649019 0.310264 -0.319838 0.007001 -0.438704 -0.605217 
0.624848 0.310059 -0.233603 0.015301 -0.457914 -0.672870 
0.591772 0.305874 -0.190832 0.058631 -0.472681 -0.722022 
0.547710 0.295029 -0.171405 0.265260 -0.482250 -0.763596 
0.491630 0.283828 -0.164074 0.463714 -0.489344 -0.790896 
0.424722 0.269921 -0.161497 0.583495 -0.494348 -0.812343 
0.351084 0.246296 -0.163786 0.647229 -0.483649 -0.826718 
0.277081 0.214850 -0.167688 0.677928 -0.421680 -0.836261 
0.209363 0.164280 -0.174884 0.693278 -0.167828 -0.843557 
0.152619 0.092464 -0.185370 0.698163 0.053536 -0.848926 
0.108479 0.009751 -0.203235 0.697125 0.186929 -0.852752 
0.075973 -0.052563 -0.225775 0.693611 0.257913 -0.820525 
0.052825 -0.137263 -0.261021 0.687896 0.292238 -0.697580 
0.036576 -0.223520 -0.298379 0.677215 0.307378 -0.461489 
0.025169 -0.292616 -0.374968 0.664048 0.312982 -0.312280 
0.017082 -0.355507 -0.442237 0.646017 0.313273 -0.229550 
0.011262 -0.400654 -0.519439 0.622302 0.307481 -0.188770 
0.007000 -0.432613 -0.592740 0.590238 0.298072 -0.169873 
0.003821 -0.455180 -0.659872 0.529257 0.285141 -0.161871 
0.001409 -0.468817 -0.712073 0.460398 0.265770 -0.161171 
0.031383 -0.479691 -0.751723 0.399329 0.248707 -0.162155 
0.220202 -0.485753 -0.777272 0.345955 0.229842 -0.165188 
0.581427 -0.489467 -0.794116 0.308367 0.213946 -0.167932 
0.690497 -0.493416 -0.806624 0.273730 0.191244 -0.172095 
0.711211 -0.496139 -0.819001 0.217039 0.150043 -0.180488 
0.709249 -0.481671 -0.829290 0.168883 0.079040 -0.189539 
0.706792 -0.402795 -0.837558 0.121245 -0.003953 -0.201630 
0.703673 -0.176320 -0.844984 0.086608 -0.086877 -0.233238 
0.699698 0.041309 -0.850057 0.058879 -0.173261 -0.274027 
0.694527 0.181196 -0.851425 0.041533 -0.249615 -0.321554 
0.687716 0.254297 -0.825468 0.028388 -0.317699 -0.388858 
0.678647 0.289977 -0.711760 0.018385 -0.370440 -0.458178 
0.666495 0.304554 -0.475551 0.012028 -0.411283 -0.538518 
0.649019 0.310264 -0.319838 0.007001 -0.438704 -0.605217 
0.624848 0.310059 -0.233603 0.015301 -0.457914 -0.672870 
0.591772 0.305874 -0.190832 0.058631 -0.472681 -0.722022 
0.547710 0.295029 -0.171405 0.265260 -0.482250 -0.763596 
0.491630 0.283828 -0.164074 0.463714 -0.489344 -0.790896 
0.424722 0.269921 -0.161497 0.583495 -0.494348 -0.812343 
0.351084 0.246296 -0.163786 0.647229 -0.483649 -0.826718 
0.277081 0.214850 -0.167688 0.677928 -0.421680 -0.836261 
0.209363 0.164280 -0.174884 0.693278 -0.167828 -0.843557 
0.152619 0.092464 -0.185370 0.698163 0.053536 -0.848926 
0.108479 0.009751 -0.203235 0.697125 0.186929 -0.852752 
0.075973 -0.052563 -0.225775 0.693611 0.257913 -0.820525 
0.052825 -0.137263 -0.261021 0.687896 0.292238 -0.697580 
0.036576 -0.223520 -0.298379 0.677215 0.307378 -0.461489 
0.025169 -0.292616 -0.374968 0.664048 0.312982 -0.312280 
0.017082 -0.355507 -0.442237 0.646017 0.313273 -0.229550 
0.011262 -0.400654 -0.519439 0.622302 0.307481 -0.188770 
0.007000 -0.432613 -0.592740 0.590238 0.298072 -0.169873 
0.003821 -0.455180 -0.659872 0.529257 0.285141 -0.161871 
0.001409 -0.468817 -0.712073 0.460398 0.265770 -0.161171 
0.031383 -0.479691 -0.751723 0.399329 0.248707 -0.162155 
0.220202 -0.485753 -0.777272 0.345955 0.229842 -0.165188 
0.581427 -0.489467 -0.794116 0.308367 0.213946 -0.167932 
0.690497 -0.493416 -0.806624 0.273730 0.191244 -0.172095 
0.711211 -0.496139 -0.819001 0.217039 0.150043 -0.180488 
0.709249 -0.481671 -0.829290 0.168883 0.079040 -0.189539 
0.706792 -0.402795 -0.837558 0.121245 -0.003953 -0.201630 
0.703673 -0.176320 -0.844984 0.086608 -0.086877 -0.233238 
0.699698 0.041309 -0.850057 0.058879 -0.173261 -0.274027 
0.694527 0.181196 -0.851425 0.041533 -0.249615 -0.321554 
0.687716 0.254297 -0.825468 0.028388 -0.317699 -0.388858 
0.678647 0.289977 -0.711760 0.018385 -0.370440 -0.458178 
0.666495 0.304554 -0.475551 0.012028 -0.411283 -0.538518 
0.649019 0.310264 -0.319838 0.007001 -0.438704 -0.605217 
0.624848 0.310059 -0.233603 0.015301 -0.457914 -0.672870 
0.591772 0.305874 -0.190832 0.058631 -0.472681 -0.722022 
0.547710 0.295029 -0.171405 0.265260 -0.482250 -0.763596 
0.491630 0.283828 -0.164074 0.463714 -0.489344 -0.790896 
0.424722 0.269921 -0.161497 0.583495 -0.494348 -0.812343 
0.351084 0.246296 -0.163786 0.647229 -0.483649 -0.826718 
0.277081 0.214850 -0.167688 0.677928 -0.421680 -0.836261 
0.209363 0.164280 -0.174884 0.693278 -0.167828 -0.843557 
0.152619 0.092464 -0.185370 0.698163 0.053536 -0.848926 
0.108479 0.009751 -0.203235 0.697125 0.186929 -0.852752 
0.075973 -0.052563 -0.225775 0.693611 0.257913 -0.820525 
0.052825 -0.137263 -0.261021 0.687896 0.292238 -0.697580 
0.036576 -0.223520 -0.298379 0.677215 0.307378 -0.461489 
0.025169 -0.292616 -0.374968 0.664048 0.312982 -0.312280 
0.017082 -0.355507 -0.442237 0.646017 0.313273 -0.229550 
0.011262 -0.400654 -0.519439 0.622302 0.307481 -0.188770 
0.007000 -0.432613 -0.592740 0.590238 0.298072 -0.169873 
0.003821 -0.455180 -0.659872 0.529257 0.285141 -0.161871 
0.031401 -0.468817 -0.712073 0.460398 0.265770 -0.161171 
0.220293 -0.479691 -0.751723 0.399329 0.248707 -0.162155 
0.581487 -0.485753 -0.777272 0.335054 0.223379 -0.165188 
0.690509 -0.491560 -0.798202 0.287099 0.195960 -0.169257 
0.711215 -0.495211 -0.813416 0.230071 0.152401 -0.175095 
0.711211 -0.491659 -0.826498 0.175400 0.092162 -0.186842 
0.709168 -0.436890 -0.836162 0.129626 0.010343 -0.200281 
0.706587 -0.193368 -0.843159 0.090799 -0.079730 -0.225698 
0.703276 0.032785 -0.848935 0.064012 -0.169687 -0.262429 
0.699009 0.176602 -0.851747 0.044100 -0.247828 -0.310473 
0.693387 0.252521 -0.837366 0.029671 -0.316806 -0.371832 
0.685879 0.289089 -0.717709 0.019656 -0.369296 -0.449665 
0.675733 0.304110 -0.500790 0.012663 -0.407694 -0.523333 
0.661933 0.310042 -0.340984 0.007675 -0.436910 -0.597625 
0.641863 0.309948 -0.244860 0.009662 -0.457017 -0.658426 
0.613830 0.305819 -0.196460 0.039659 -0.470866 -0.714800 
0.575341 0.299582 -0.173715 0.217108 -0.481342 -0.758268 
0.524389 0.286105 -0.163755 0.428584 -0.488890 -0.788232 
0.460734 0.271060 -0.161338 0.562355 -0.494121 -0.808842 
0.387177 0.246866 -0.162163 0.636658 -0.483536 -0.823695 
0.309730 0.215135 -0.166877 0.672999 -0.421623 -0.834749 
0.235972 0.174242 -0.174478 0.690813 -0.167799 -0.842801 
0.172302 0.122129 -0.185167 0.696931 0.039258 -0.848548 
0.121898 0.034178 -0.203134 0.697956 0.179790 -0.852564 
0.084576 -0.040349 -0.225724 0.694026 0.254343 -0.820431 
0.058111 -0.131156 -0.260996 0.688104 0.290453 -0.749080 
0.039733 -0.220466 -0.298367 0.679916 0.306486 -0.557680 
0.027012 -0.291090 -0.343961 0.665399 0.312536 -0.374333 
0.018130 -0.354743 -0.426733 0.646692 0.313050 -0.260576 
0.011831 -0.400272 -0.511688 0.622640 0.307369 -0.204283 
0.007281 -0.432422 -0.575795 0.590407 0.298016 -0.177630 
0.003929 -0.455085 -0.651400 0.529341 0.285113 -0.165749 
0.001412 -0.468769 -0.707837 0.460441 0.265756 -0.163110 
0.022089 -0.479667 -0.749605 0.399350 0.248700 -0.163125 
0.120883 -0.485741 -0.770490 0.345966 0.229838 -0.165673 
0.421723 -0.488779 -0.790724 0.308373 0.213944 -0.168174 
0.640070 -0.493072 -0.800841 0.273758 0.191243 -0.170749 
0.696350 -0.495219 -0.814735 0.235561 0.162296 -0.175841 
0.711211 -0.491663 -0.826404 0.183310 0.116145 -0.187216 
0.709168 -0.459543 -0.835224 0.138628 0.049395 -0.200468 
0.706587 -0.306289 -0.842513 0.099790 -0.046390 -0.224400 
0.703276 -0.023675 -0.847828 0.070663 -0.136870 -0.256030 
0.699009 0.141614 -0.851851 0.048362 -0.219228 -0.307273 
0.693387 0.235028 -0.837418 0.033713 -0.283546 -0.361015 
0.685879 0.280574 -0.762971 0.022469 -0.348618 -0.432186 
0.675733 0.303116 -0.574279 0.014466 -0.393956 -0.506769 
0.661933 0.311123 -0.384525 0.008576 -0.426203 -0.573341 
0.641863 0.311709 -0.269328 0.006892 -0.451663 -0.646284 
0.613830 0.309478 -0.208694 0.028268 -0.467889 -0.705181 
0.575341 0.301412 -0.179426 0.143994 -0.478724 -0.744204 
0.524389 0.292798 -0.166610 0.368806 -0.486596 -0.777591 
0.460734 0.274406 -0.162232 0.527197 -0.492369 -0.801248 
0.387177 0.253739 -0.162611 0.618338 -0.489330 -0.819898 
0.309730 0.225922 -0.165428 0.663913 -0.459149 -0.832061 
0.235972 0.179635 -0.173754 0.686270 -0.282609 -0.840729 
0.172302 0.124826 -0.182467 0.694659 -0.018147 -0.847020 
0.121898 0.062433 -0.194817 0.696820 0.151087 -0.851578 
0.084576 -0.026222 -0.212119 0.695381 0.240330 -0.846163 
0.058111 -0.117274 -0.235828 0.691266 0.284246 -0.817231 
0.039733 -0.199058 -0.273885 0.684864 0.303953 -0.591756 
0.027012 -0.280386 -0.331720 0.671215 0.311989 -0.408577 
0.018130 -0.337840 -0.407759 0.654573 0.313699 -0.285823 
0.011831 -0.380587 -0.489595 0.626125 0.310379 -0.216597 
0.007281 -0.417157 -0.564749 0.592150 0.304447 -0.183366 
0.003929 -0.446281 -0.628911 0.549103 0.293389 -0.168091 
0.001412 -0.464367 -0.677957 0.497849 0.276237 -0.161717 
0.022089 -0.476172 -0.726823 0.435877 0.253941 -0.162428 
0.120883 -0.483994 -0.759098 0.364229 0.232459 -0.165325 
0.421723 -0.487905 -0.785029 0.317504 0.215255 -0.168000 
0.640070 -0.492635 -0.797994 0.278324 0.191898 -0.170662 
0.696350 -0.495000 -0.813312 0.237844 0.162624 -0.175798 
0.711211 -0.491553 -0.825692 0.184452 0.116309 -0.187194 
0.709168 -0.459488 -0.834868 0.139199 0.049477 -0.200457 
0.706587 -0.306262 -0.842335 0.100076 -0.046349 -0.224394 
0.703276 -0.023662 -0.847739 0.070806 -0.136850 -0.256027 
0.699009 0.141621 -0.851807 0.048434 -0.219218 -0.307272 
0.693387 0.235031 -0.837396 0.033749 -0.283541 -0.361014 
0.685879 0.280576 -0.762959 0.022487 -0.348616 -0.432186 
0.675733 0.303117 -0.574274 0.014475 -0.393954 -0.506769 
0.661933 0.311123 -0.384523 0.008581 -0.426203 -0.573341 
0.641863 0.311709 -0.269327 0.006894 -0.451663 -0.646284 
0.613830 0.309478 -0.208693 0.028269 -0.467889 -0.705181 
0.575341 0.301412 -0.179426 0.143994 -0.478724 -0.744204 
0.524389 0.292798 -0.166610 0.368806 -0.486596 -0.777591 
0.460734 0.274406 -0.162232 0.527197 -0.492369 -0.801248 
0.387177 0.253739 -0.162611 0.618338 -0.489330 -0.819898 
0.309730 0.225922 -0.165428 0.663913 -0.459149 -0.832061 
0.235972 0.179635 -0.173754 0.686270 -0.282609 -0.840729 
0.172302 0.124826 -0.182467 0.694659 -0.018147 -0.847020 
0.121898 0.062433 -0.194817 0.696820 0.151087 -0.851578 
0.084576 -0.026222 -0.212119 0.695381 0.240330 -0.846163 
0.058111 -0.117274 -0.235828 0.691266 0.284246 -0.817231 
0.039733 -0.199058 -0.273885 0.684864 0.303953 -0.591756 
0.027012 -0.280386 -0.331720 0.671215 0.311989 -0.408577 
0.018130 -0.337840 -0.407759 0.654573 0.313699 -0.285823 
0.011831 -0.380587 -0.489595 0.626125 0.310379 -0.216597 
0.007281 -0.417157 -0.564749 0.592150 0.304447 -0.183366 
0.003929 -0.446281 -0.628911 0.549103 0.293389 -0.168091 
0.001412 -0.464367 -0.677957 0.497849 0.276237 -0.161717 
0.022089 -0.476172 -0.726823 0.435877 0.253941 -0.162428 
0.120883 -0.483994 -0.759098 0.364229 0.232459 -0.165325 
0.421723 -0.487905 -0.785029 0.317504 0.215255 -0.168000 
0.640070 -0.492635 -0.797994 0.278324 0.191898 -0.170662 
0.696350 -0.495000 -0.813312 0.237844 0.162624 -0.175798 
0.709172 -0.491553 -0.825692 0.184452 0.116309 -0.187194 
0.706591 -0.459488 -0.834868 0.139199 0.049477 -0.200457 
0.703281 -0.306262 -0.842335 0.100076 -0.046349 -0.224394 
0.699009 -0.023662 -0.847739 0.070806 -0.136850 -0.256027 
0.693387 0.141621 -0.851807 0.048434 -0.219218 -0.307272 
0.685879 0.235031 -0.837396 0.033749 -0.283541 -0.361014 
0.675733 0.280576 -0.762959 0.022487 -0.348616 -0.432186 
0.661933 0.303117 -0.574274 0.014475 -0.393954 -0.506769 
0.642029 0.311123 -0.384523 0.008581 -0.426203 -0.573341 
0.614030 0.311709 -0.269327 0.006894 -0.451663 -0.646284 
0.575577 0.309478 -0.208693 0.028269 -0.467889 -0.705181 
0.524655 0.301412 -0.179426 0.143994 -0.478724 -0.744204 
0.461014 0.287020 -0.166610 0.378666 -0.486596 -0.780184 
0.387448 0.271517 -0.162232 0.532126 -0.492369 -0.804818 
0.309968 0.252295 -0.162611 0.620803 -0.489330 -0.821200 
0.236161 0.225200 -0.165428 0.665145 -0.435583 -0.832712 
0.172438 0.179274 -0.173754 0.686887 -0.270826 -0.841055 
0.121990 0.124646 -0.182467 0.694968 -0.012255 -0.847183 
0.084634 0.035436 -0.199503 0.696974 0.150242 -0.851659 
0.058147 -0.039720 -0.220820 0.695458 0.239907 -0.846204 
0.039755 -0.130842 -0.258544 0.688820 0.283228 -0.761967 
0.027025 -0.220309 -0.297140 0.680274 0.303444 -0.564123 
0.018138 -0.291011 -0.355781 0.668920 0.311735 -0.377554 
0.011836 -0.354704 -0.419789 0.653426 0.312649 -0.265840 
0.007284 -0.396189 -0.495610 0.625552 0.308050 -0.206920 
0.003931 -0.428410 -0.567756 0.591863 0.300770 -0.178528 
0.001414 -0.451907 -0.637222 0.532278 0.289224 -0.165672 
0.001410 -0.467180 -0.700748 0.471002 0.274155 -0.163072 
0.031388 -0.477579 -0.746065 0.404630 0.252899 -0.163105 
0.220221 -0.484697 -0.768719 0.348606 0.231938 -0.165663 
0.581438 -0.488939 -0.789839 0.309693 0.214994 -0.168169 
0.690499 -0.493152 -0.804485 0.274393 0.191768 -0.172214 
0.711212 -0.496007 -0.817932 0.217370 0.130882 -0.180548 
0.709249 -0.481605 -0.830034 0.159777 0.069459 -0.189569 
0.706792 -0.402762 -0.839434 0.116692 -0.008743 -0.213921 
0.703673 -0.176304 -0.845921 0.081859 -0.089273 -0.239384 
0.699690 0.061537 -0.850526 0.056504 -0.174459 -0.277100 
0.694499 0.191311 -0.849425 0.040346 -0.261161 -0.323090 
0.687638 0.259354 -0.824468 0.027794 -0.323472 -0.389627 
0.678452 0.292506 -0.711260 0.017761 -0.373327 -0.470235 
0.666032 0.305818 -0.475301 0.010894 -0.412726 -0.544546 
0.649169 0.309721 -0.319713 0.006152 -0.441649 -0.620223 
0.625028 0.309787 -0.233541 0.014876 -0.461213 -0.680373 
0.591985 0.304303 -0.191850 0.058419 -0.474330 -0.725773 
0.547953 0.294243 -0.171914 0.265154 -0.483968 -0.765472 
0.491892 0.283436 -0.164328 0.463661 -0.490448 -0.794260 
0.424986 0.259535 -0.162257 0.583767 -0.494900 -0.814025 
0.351327 0.241103 -0.164166 0.647187 -0.483925 -0.827559 
0.277285 0.212254 -0.169458 0.677908 -0.402814 -0.836681 
0.209519 0.162982 -0.175769 0.693268 -0.158395 -0.843767 
0.152729 0.091815 -0.185812 0.698158 0.058252 -0.849031 
0.108551 0.009426 -0.203456 0.697122 0.189287 -0.852805 
0.076019 -0.052725 -0.225886 0.693609 0.259092 -0.820552 
0.052853 -0.149531 -0.261077 0.687896 0.292828 -0.697593 
0.036593 -0.229654 -0.298407 0.677215 0.307673 -0.461495 
0.025179 -0.295684 -0.374982 0.664048 0.313130 -0.312283 
0.017089 -0.357040 -0.442243 0.646017 0.313346 -0.229552 
0.011267 -0.401420 -0.519443 0.622302 0.307518 -0.188771 
0.007003 -0.432996 -0.592742 0.590238 0.298090 -0.169874 
0.003823 -0.455372 -0.659873 0.529257 0.285150 -0.161871 
0.001410 -0.468912 -0.712073 0.460398 0.265774 -0.161171 
0.031388 -0.479739 -0.751724 0.399329 0.248709 -0.162155 
0.220221 -0.485777 -0.777273 0.345955 0.229843 -0.165188 
0.581438 -0.489479 -0.794116 0.308367 0.213947 -0.167932 
0.690499 -0.493422 -0.806624 0.273730 0.191244 -0.172095 
0.711212 -0.496142 -0.819001 0.217039 0.150043 -0.180488 
0.709249 -0.481673 -0.829290 0.168883 0.079040 -0.189539 
0.706792 -0.402796 -0.837558 0.121245 -0.003953 -0.201630 
0.703673 -0.176321 -0.844984 0.086608 -0.086877 -0.233238 
0.699690 0.041309 -0.850057 0.058879 -0.173261 -0.274027 
0.694499 0.181196 -0.851425 0.041533 -0.249615 -0.321554 
0.687638 0.254297 -0.825468 0.028388 -0.317699 -0.388858 
0.678452 0.289977 -0.711760 0.018385 -0.370440 -0.458178 
0.666032 0.304554 -0.475551 0.012028 -0.411283 -0.538518 
0.649169 0.310264 -0.319838 0.007001 -0.438704 -0.605217 
0.625028 0.310059 -0.233603 0.015301 -0.457914 -0.672870 
0.591985 0.305874 -0.190832 0.058631 -0.472681 -0.722022 
0.547953 0.295029 -0.171405 0.265260 -0.482250 -0.763596 
0.491892 0.283828 -0.164074 0.463714 -0.489344 -0.790896 
0.424986 0.269921 -0.161497 0.583495 -0.494348 -0.812343 
0.351327 0.246296 -0.163786 0.647229 -0.483649 -0.826718 
0.277285 0.214850 -0.167688 0.677928 -0.421680 -0.836261 
0.209519 0.164280 -0.174884 0.693278 -0.167828 -0.843557 
0.152729 0.092464 -0.185370 0.698163 0.053536 -0.848926 
0.108551 0.009751 -0.203235 0.697125 0.186929 -0.852752 
0.076019 -0.052563 -0.225775 0.693611 0.257913 -0.820525 
0.052853 -0.137263 -0.261021 0.687896 0.292238 -0.697580 
0.036593 -0.223520 -0.298379 0.677215 0.307378 -0.461489 
0.025179 -0.292616 -0.374968 0.664048 0.312982 -0.312280 
0.017089 -0.355507 -0.442237 0.646017 0.313273 -0.229550 
0.011267 -0.400654 -0.519439 0.622302 0.307481 -0.188770 
0.007003 -0.432613 -0.592740 0.590238 0.298072 -0.169873 
0.003823 -0.455180 -0.659872 0.529257 0.285141 -0.161871 
0.001410 -0.468817 -0.712073 0.460398 0.265770 -0.161171 
0.031388 -0.479691 -0.751723 0.399329 0.248707 -0.162155 
0.220221 -0.485753 -0.777272 0.345955 0.229842 -0.165188 
0.581438 -0.489467 -0.794116 0.308367 0.213946 -0.167932 
0.690499 -0.493416 -0.806624 0.273730 0.191244 -0.172095 
0.711212 -0.496139 -0.819001 0.217039 0.150043 -0.180488 
0.709249 -0.481671 -0.829290 0.168883 0.079040 -0.189539 
0.706792 -0.402795 -0.837558 0.121245 -0.003953 -0.201630 
0.703673 -0.176320 -0.844984 0.086608 -0.086877 -0.233238 
0.699690 0.041309 -0.850057 0.058879 -0.173261 -0.274027 
0.694499 0.181196 -0.851425 0.041533 -0.249615 -0.321554 
0.687638 0.254297 -0.825468 0.028388 -0.317699 -0.388858 
0.678452 0.289977 -0.711760 0.018385 -0.370440 -0.458178 
0.666032 0.304554 -0.475551 0.012028 -0.411283 -0.538518 
0.649014 0.310264 -0.319838 0.007001 -0.438704 -0.605217 
0.624834 0.310059 -0.233603 0.015301 -0.457914 -0.672870 
0.591748 0.305874 -0.190832 0.058631 -0.472681 -0.722022 
0.547671 0.295029 -0.171405 0.265260 -0.482250 -0.763596 
0.491575 0.283828 -0.164074 0.463714 -0.489344 -0.790896 
0.424653 0.269921 -0.161497 0.583495 -0.494348 -0.812343 
0.351006 0.246296 -0.163786 0.647229 -0.483649 -0.826718 
0.277003 0.214850 -0.167688 0.677928 -0.421680 -0.836261 
0.209292 0.164280 -0.174884 0.693278 -0.167828 -0.843557 
0.152561 0.092464 -0.185370 0.698163 0.053536 -0.848926 
0.108433 0.009751 -0.203235 0.697125 0.186929 -0.852752 
0.075940 -0.052563 -0.225775 0.693611 0.257913 -0.820525 
0.052801 -0.149450 -0.261021 0.687896 0.292238 -0.697580 
0.036559 -0.229614 -0.298379 0.677215 0.307378 -0.461489 
0.025157 -0.295663 -0.374968 0.664048 0.312982 -0.312280 
0.017073 -0.357030 -0.442237 0.646017 0.313273 -0.229550 
0.011256 -0.401415 -0.519439 0.622302 0.307481 -0.188770 
0.006995 -0.432994 -0.592740 0.590238 0.298072 -0.169873 
0.003818 -0.455371 -0.659872 0.529257 0.285141 -0.161871 
0.001406 -0.468912 -0.712073 0.460398 0.265770 -0.161171 
0.031370 -0.479739 -0.751723 0.399329 0.248707 -0.162155 
0.220132 -0.485777 -0.777272 0.345955 0.229842 -0.165188 
0.581380 -0.489479 -0.794116 0.308367 0.213946 -0.167932 
0.690488 -0.493422 -0.806624 0.273730 0.191244 -0.172095 
0.711208 -0.496142 -0.819001 0.217039 0.150043 -0.180488 
0.709246 -0.481673 -0.829290 0.168883 0.079040 -0.189539 
0.706788 -0.402795 -0.837558 0.121245 -0.003953 -0.201630 
0.703673 -0.176321 -0.844984 0.086608 -0.086877 -0.233238 
0.699698 0.041309 -0.850057 0.058879 -0.173261 -0.274027 
0.694527 0.181196 -0.851425 0.041533 -0.249615 -0.321554 
0.687716 0.254297 -0.825468 0.028388 -0.317699 -0.388858 
0.678647 0.289977 -0.711760 0.018385 -0.370440 -0.458178 
0.666495 0.304554 -0.475551 0.012028 -0.411283 -0.538518 
0.649019 0.310264 -0.319838 0.007001 -0.438704 -0.605217 
0.624848 0.310059 -0.233603 0.015301 -0.457914 -0.672870 
0.591772 0.305874 -0.190832 0.058631 -0.472681 -0.722022 
0.547710 0.295029 -0.171405 0.265260 -0.482250 -0.763596 
0.491630 0.283828 -0.164074 0.463714 -0.489344 -0.790896 
0.424722 0.269921 -0.161497 0.583495 -0.494348 -0.812343 
0.351084 0.246296 -0.163786 0.647229 -0.483649 -0.826718 
0.277081 0.214850 -0.167688 0.677928 -0.421680 -0.836261 
0.209363 0.164280 -0.174884 0.693278 -0.167828 -0.843557 
0.152619 0.092464 -0.185370 0.698163 0.053536 -0.848926 
0.108479 0.009751 -0.203235 0.697125 0.186929 -0.852752 
0.075973 -0.052563 -0.225775 0.693611 0.257913 -0.820525 
0.052825 -0.137263 -0.261021 0.687896 0.292238 -0.697580 
0.036576 -0.223520 -0.298379 0.677215 0.307378 -0.461489 
0.025169 -0.292616 -0.374968 0.664048 0.312982 -0.312280 
0.017082 -0.355507 -0.442237 0.646017 0.313273 -0.229550 
0.011262 -0.400654 -0.519439 0.622302 0.307481 -0.188770 
0.007000 -0.432613 -0.592740 0.590238 0.298072 -0.169873 
0.003821 -0.455180 -0.659872 0.529257 0.285141 -0.161871 
0.001409 -0.468817 -0.712073 0.460398 0.265770 -0.161171 
0.031383 -0.479691 -0.751723 0.399329 0.248707 -0.162155 
0.220202 -0.485753 -0.777272 0.345955 0.229842 -0.165188 
0.581427 -0.489467 -0.794116 0.308367 0.213946 -0.167932 
0.690497 -0.493416 -0.806624 0.273730 0.191244 -0.172095 
0.711211 -0.496139 -0.819001 0.217039 0.150043 -0.180488 
0.709249 -0.481671 -0.829290 0.168883 0.079040 -0.189539 
0.706792 -0.402795 -0.837558 0.121245 -0.003953 -0.201630 
0.703673 -0.176320 -0.844984 0.086608 -0.086877 -0.233238 
0.699698 0.041309 -0.850057 0.058879 -0.173261 -0.274027 
0.694527 0.181196 -0.851425 0.041533 -0.249615 -0.321554 
0.687716 0.254297 -0.825468 0.028388 -0.317699 -0.388858 
0.678647 0.289977 -0.711760 0.018385 -0.370440 -0.458178 
0.666495 0.304554 -0.475551 0.012028 -0.411283 -0.538518 
0.649019 0.310264 -0.319838 0.007001 -0.438704 -0.605217 
0.624848 0.310059 -0.233603 0.015301 -0.457914 -0.672870 
0.591772 0.305874 -0.190832 0.058631 -0.472681 -0.722022 
0.547710 0.295029 -0.171405 0.265260 -0.482250 -0.763596 
0.491630 0.283828 -0.164074 0.463714 -0.489344 -0.790896 
0.424722 0.269921 -0.161497 0.583495 -0.494348 -0.812343 
0.351084 0.246296 -0.163786 0.647229 -0.483649 -0.826718 
0.277081 0.214850 -0.167688 0.677928 -0.421680 -0.836261 
0.209363 0.164280 -0.174884 0.693278 -0.167828 -0.843557 
0.152619 0.092464 -0.185370 0.698163 0.053536 -0.848926 
0.108479 0.009751 -0.203235 0.697125 0.186929 -0.852752 
0.075973 -0.052563 -0.225775 0.693611 0.257913 -0.820525 
0.052825 -0.137263 -0.261021 0.687896 0.292238 -0.697580 
0.036576 -0.223520 -0.298379 0.677215 0.307378 -0.461489 
0.025169 -0.292616 -0.374968 0.664048 0.312982 -0.312280 
0.017082 -0.355507 -0.442237 0.646017 0.313273 -0.229550 
0.011262 -0.400654 -0.519439 0.622302 0.307481 -0.188770 
0.007000 -0.432613 -0.592740 0.590238 0.298072 -0.169873 
0.003821 -0.455180 -0.659872 0.529257 0.285141 -0.161871 
0.001409 -0.468817 -0.712073 0.460398 0.265770 -0.161171 
0.031383 -0.479691 -0.751723 0.399329 0.248707 -0.162155 
0.220202 -0.485753 -0.777272 0.345955 0.229842 -0.165188 
0.581427 -0.489467 -0.794116 0.308367 0.213946 -0.167932 
0.690497 -0.493416 -0.806624 0.273730 0.191244 -0.172095 
0.711211 -0.496139 -0.819001 0.217039 0.150043 -0.180488 
0.709249 -0.481671 -0.829290 0.168883 0.079040 -0.189539 
0.706792 -0.402795 -0.837558 0.121245 -0.003953 -0.201630 
0.703673 -0.176320 -0.844984 0.086608 -0.086877 -0.233238 
0.699698 0.041309 -0.850057 0.058879 -0.173261 -0.274027 
0.694527 0.181196 -0.851425 0.041533 -0.249615 -0.321554 
0.687716 0.254297 -0.825468 0.028388 -0.317699 -0.388858 
0.678647 0.289977 -0.711760 0.018385 -0.370440 -0.458178 
0.666495 0.304554 -0.475551 0.012028 -0.411283 -0.538518 
0.649019 0.310264 -0.319838 0.007001 -0.438704 -0.605217 
0.624848 0.310059 -0.233603 0.015301 -0.457914 -0.672870 
0.591772 0.305874 -0.190832 0.058631 -0.472681 -0.722022 
0.547710 0.295029 -0.171405 0.265260 -0.482250 -0.763596 
0.491630 0.283828 -0.164074 0.463714 -0.489344 -0.790896 
0.424722 0.269921 -0.161497 0.583495 -0.494348 -0.812343 
0.351084 0.246296 -0.163786 0.647229 -0.483649 -0.826718 
0.277081 0.214850 -0.167688 0.677928 -0.421680 -0.836261 
0.209363 0.164280 -0.174884 0.693278 -0.167828 -0.843557 
0.152619 0.092464 -0.185370 0.698163 0.053536 -0.848926 
0.108479 0.009751 -0.203235 0.697125 0.186929 -0.852752 
0.075973 -0.052563 -0.225775 0.693611 0.257913 -0.820525 
0.052825 -0.137263 -0.261021 0.687896 0.292238 -0.697580 
0.036576 -0.223520 -0.298379 0.677215 0.307378 -0.461489 
0.025169 -0.292616 -0.374968 0.664048 0.312982 -0.312280 
0.017082 -0.355507 -0.442237 0.646017 0.313273 -0.229550 
0.011262 -0.400654 -0.519439 0.622302 0.307481 -0.188770 
0.007000 -0.432613 -0.592740 0.590238 0.298072 -0.169873 
0.003821 -0.455180 -0.659872 0.529257 0.285141 -0.161871 
0.001409 -0.468817 -0.712073 0.460398 0.265770 -0.161171 
0.031383 -0.479691 -0.751723 0.399329 0.248707 -0.162155 
0.220202 -0.485753 -0.777272 0.345955 0.229842 -0.165188 
0.581427 -0.489467 -0.794116 0.308367 0.213946 -0.167932 
0.690497 -0.493416 -0.806624 0.273730 0.191244 -0.172095 
0.711211 -0.496139 -0.819001 0.217039 0.150043 -0.180488 
0.709249 -0.481671 -0.829290 0.168883 0.079040 -0.189539 
0.706792 -0.402795 -0.837558 0.121245 -0.003953 -0.201630 
0.703673 -0.176320 -0.844984 0.086608 -0.086877 -0.233238 
0.699698 0.041309 -0.850057 0.058879 -0.173261 -0.274027 
0.694527 0.181196 -0.851425 0.041533 -0.249615 -0.321554 
0.687716 0.254297 -0.825468 0.028388 -0.317699 -0.388858 
0.678647 0.289977 -0.711760 0.018385 -0.370440 -0.458178 
0.666495 0.304554 -0.475551 0.012028 -0.411283 -0.538518 
0.649019 0.310264 -0.319838 0.007001 -0.438704 -0.605217 
0.624848 0.310059 -0.233603 0.015301 -0.457914 -0.672870 
0.591772 0.305874 -0.190832 0.058631 -0.472681 -0.722022 
0.547710 0.295029 -0.171405 0.265260 -0.482250 -0.763596 
0.491630 0.283828 -0.164074 0.463714 -0.489344 -0.790896 
0.424722 0.269921 -0.161497 0.583495 -0.494348 -0.812343 
0.351084 0.246296 -0.163786 0.647229 -0.483649 -0.826718 
0.277081 0.214850 -0.167688 0.677928 -0.421680 -0.836261 
0.209363 0.164280 -0.174884 0.693278 -0.167828 -0.843557 
0.152619 0.092464 -0.185370 0.698163 0.053536 -0.848926 
0.108479 0.009751 -0.203235 0.697125 0.186929 -0.852752 
0.075973 -0.052563 -0.225775 0.693611 0.257913 -0.820525 
0.052825 -0.137263 -0.261021 0.687896 0.292238 -0.697580 
0.036576 -0.223520 -0.298379 0.677215 0.307378 -0.461489 
0.025169 -0.292616 -0.374968 0.664048 0.312982 -0.312280 
0.017082 -0.355507 -0.442237 0.646017 0.313273 -0.229550 
0.011262 -0.400654 -0.519439 0.622302 0.307481 -0.188770 
0.007000 -0.432613 -0.592740 0.590238 0.298072 -0.169873 
0.003821 -0.455180 -0.659872 0.529257 0.285141 -0.161871 
0.031401 -0.468817 -0.712073 0.460398 0.265770 -0.161171 
0.220293 -0.479691 -0.751723 0.399329 0.248707 -0.162155 
0.581487 -0.485753 -0.777272 0.335054 0.223379 -0.165188 
0.690509 -0.491560 -0.798202 0.287099 0.195960 -0.169257 
0.711215 -0.495211 -0.813416 0.230071 0.152401 -0.175095 
0.711211 -0.491659 -0.826498 0.175400 0.092162 -0.186842 
0.709168 -0.436890 -0.836162 0.129626 0.010343 -0.200281 
0.706587 -0.193368 -0.843159 0.090799 -0.079730 -0.225698 
0.703276 0.032785 -0.848935 0.064012 -0.169687 -0.262429 
0.699009 0.176602 -0.851747 0.044100 -0.247828 -0.310473 
0.693387 0.252521 -0.837366 0.029671 -0.316806 -0.371832 
0.685879 0.289089 -0.717709 0.019656 -0.369296 -0.449665 
0.675733 0.304110 -0.500790 0.012663 -0.407694 -0.523333 
0.661933 0.310042 -0.340984 0.007675 -0.436910 -0.597625 
0.641863 0.309948 -0.244860 0.009662 -0.457017 -0.658426 
0.613830 0.305819 -0.196460 0.039659 -0.470866 -0.714800 
0.575341 0.299582 -0.173715 0.217108 -0.481342 -0.758268 
0.524389 0.286105 -0.163755 0.428584 -0.488890 -0.788232 
0.460734 0.271060 -0.161338 0.562355 -0.494121 -0.808842 
0.387177 0.246866 -0.162163 0.636658 -0.483536 -0.823695 
0.309730 0.215135 -0.166877 0.672999 -0.421623 -0.834749 
0.235972 0.174242 -0.174478 0.690813 -0.167799 -0.842801 
0.172302 0.122129 -0.185167 0.696931 0.039258 -0.848548 
0.121898 0.034178 -0.203134 0.697956 0.179790 -0.852564 
0.084576 -0.040349 -0.225724 0.694026 0.254343 -0.820431 
0.058111 -0.131156 -0.260996 0.688104 0.290453 -0.749080 
0.039733 -0.220466 -0.298367 0.679916 0.306486 -0.557680 
0.027012 -0.291090 -0.343961 0.665399 0.312536 -0.374333 
0.018130 -0.354743 -0.426733 0.646692 0.313050 -0.260576 
0.011831 -0.400272 -0.511688 0.622640 0.307369 -0.204283 
0.007281 -0.432422 -0.575795 0.590407 0.298016 -0.177630 
0.003929 -0.455085 -0.651400 0.529341 0.285113 -0.165749 
0.001412 -0.468769 -0.707837 0.460441 0.265756 -0.163110 
0.022089 -0.479667 -0.749605 0.399350 0.248700 -0.163125 
0.120883 -0.485741 -0.770490 0.345966 0.229838 -0.165673 
0.421723 -0.488779 -0.790724 0.308373 0.213944 -0.168174 
0.640070 -0.493072 -0.800841 0.273758 0.191243 -0.170749 
0.696350 -0.495219 -0.814735 0.235561 0.162296 -0.175841 
0.711211 -0.491663 -0.826404 0.183310 0.116145 -0.187216 
0.709168 -0.459543 -0.835224 0.138628 0.049395 -0.200468 
0.706587 -0.306289 -0.842513 0.099790 -0.046390 -0.224400 
0.703276 -0.023675 -0.847828 0.070663 -0.136870 -0.256030 
0.699009 0.141614 -0.851851 0.048362 -0.219228 -0.307273 
0.693387 0.235028 -0.837418 0.033713 -0.283546 -0.361015 
0.685879 0.280574 -0.762971 0.022469 -0.348618 -0.432186 
0.675733 0.303116 -0.574279 0.014466 -0.393956 -0.506769 
