0.357500 0.000000 0.000000 0.000000 0.000000 0.000000 
0.357500 0.000000 0.000000 0.000000 0.000000 0.000000 
-0.009420 0.000000 0.000000 0.000000 0.000000 0.000000 
0.724576 0.000000 0.000000 0.000000 0.000000 0.000000 
0.640965 0.000000 0.000000 0.000000 0.000000 0.000000 
0.001386 0.000000 0.000000 0.000000 0.000000 0.000000 
0.001386 0.000000 0.000000 0.000000 0.000000 0.000000 
0.001386 0.000000 0.000000 0.000000 0.000000 0.000000 
0.001386 0.000000 0.000000 0.000000 0.000000 0.000000 
0.001386 0.000000 0.000000 0.000000 0.000000 0.000000 
0.001386 0.000000 0.000000 0.000000 0.000000 0.000000 
0.001386 0.000000 0.000000 0.000000 0.000000 0.000000 
0.001386 0.000000 0.000000 0.000000 0.000000 0.000000 
0.001386 0.000000 0.000000 0.000000 0.000000 0.000000 
0.001386 0.000000 0.000000 0.000000 0.000000 0.000000 
0.001386 0.000000 0.000000 0.000000 0.000000 0.000000 
0.001386 0.000000 0.000000 0.000000 0.000000 0.000000 
0.001386 0.000000 0.000000 0.000000 0.000000 0.000000 
0.001386 0.000000 0.000000 0.000000 0.000000 0.000000 
0.001386 0.000000 0.000000 0.000000 0.000000 0.000000 
0.001386 0.000000 0.000000 0.000000 0.000000 0.000000 
0.001386 0.000000 0.000000 0.000000 0.000000 0.000000 
0.001386 0.000000 0.000000 0.000000 0.000000 0.000000 
0.001386 0.000000 0.000000 0.000000 0.000000 0.000000 
0.001386 0.000000 0.000000 0.000000 0.000000 0.000000 
0.001386 0.000000 0.000000 0.000000 0.000000 0.000000 
0.001386 0.000000 0.000000 0.000000 0.000000 0.000000 
0.001386 0.000000 0.000000 0.000000 0.000000 0.000000 
0.001386 0.000000 0.000000 0.000000 0.000000 0.000000 
0.001386 0.000000 0.000000 0.000000 0.000000 0.000000 
0.001386 0.000000 0.000000 0.000000 0.000000 0.000000 
0.001386 0.000000 0.000000 0.000000 0.000000 0.000000 
0.001386 0.000000 0.000000 0.000000 0.000000 0.000000 
0.001386 0.000000 0.000000 0.000000 0.000000 0.000000 
0.711202 0.000000 0.000000 0.000000 0.000000 0.000000 
0.711202 0.000000 0.000000 0.000000 0.000000 0.000000 
0.711202 0.000000 0.000000 0.000000 0.000000 0.000000 
0.711202 0.000000 0.000000 0.000000 0.000000 0.000000 
0.711202 0.000000 0.000000 0.000000 0.000000 0.000000 
0.711202 0.000000 0.000000 0.000000 0.000000 0.000000 
0.711202 0.000000 0.000000 0.000000 0.000000 0.000000 
0.709387 0.000000 0.000000 0.000000 0.000000 0.000000 
0.707149 0.000000 0.000000 0.000000 0.000000 0.000000 
0.704359 0.000000 0.000000 0.000000 0.000000 0.000000 
0.700834 -0.086302 -0.627978 -0.244387 -0.451576 -0.478081 
0.696907 0.119678 -0.613015 -0.118330 -0.437379 -0.502790 
0.691198 0.219404 -0.499302 -0.055933 -0.441735 -0.549896 
0.683689 0.267689 -0.347037 -0.026624 -0.446930 -0.594905 
0.673687 0.291832 -0.250584 -0.012607 -0.458751 -0.645402 
0.660230 0.302064 -0.202358 -0.003699 -0.467937 -0.692963 
0.642029 0.304655 -0.174866 0.022973 -0.475193 -0.722930 
0.617462 0.301737 -0.161463 0.062467 -0.479954 -0.747052 
0.584530 0.297542 -0.156217 0.161093 -0.485886 -0.765140 
0.541752 0.290862 -0.154097 0.316491 -0.490177 -0.785155 
0.488486 0.281745 -0.153946 0.464914 -0.493307 -0.800660 
0.425877 0.273780 -0.156429 0.569419 -0.495725 -0.811854 
0.357301 0.254707 -0.158184 0.636646 -0.495317 -0.822822 
0.287903 0.238689 -0.162129 0.673804 -0.484134 -0.831958 
0.223194 0.218397 -0.165188 0.691646 -0.432985 -0.838091 
0.167406 0.178948 -0.169969 0.700137 -0.315336 -0.843464 
0.122492 0.146329 -0.176024 0.701593 -0.114656 -0.847395 
0.088218 0.096244 -0.185653 0.702321 0.072052 -0.850845 
0.062991 0.032518 -0.196410 0.701520 0.187439 -0.853490 
0.044784 -0.026320 -0.208755 0.698803 0.256744 -0.851657 
0.031717 -0.090401 -0.228535 0.694450 0.292820 -0.837252 
0.022300 -0.162269 -0.262401 0.688316 0.309684 -0.757490 
0.015442 -0.221556 -0.287172 0.683389 0.316997 -0.623733 
0.010377 -0.282169 -0.338282 0.674962 0.319757 -0.424565 
0.006578 -0.321941 -0.376352 0.666264 0.319172 -0.307775 
0.003683 -0.358617 -0.430075 0.652097 0.317291 -0.230950 
0.001442 -0.390976 -0.481832 0.631512 0.313374 -0.188873 
0.001438 -0.418388 -0.539237 0.615050 0.307504 -0.168431 
0.001434 -0.439510 -0.589570 0.586612 0.300497 -0.159284 
0.001431 -0.454256 -0.641322 0.546334 0.291414 -0.156059 
0.001427 -0.466002 -0.684163 0.507304 0.281812 -0.155701 
0.001424 -0.476376 -0.724218 0.449422 0.264105 -0.158086 
0.001421 -0.482177 -0.749953 0.411663 0.248631 -0.160613 
0.001418 -0.486996 -0.770664 0.352123 0.229804 -0.164417 
0.017049 -0.489406 -0.790811 0.311451 0.213927 -0.167546 
0.075552 -0.490611 -0.800885 0.291115 0.205989 -0.169110 
0.274949 -0.491896 -0.805922 0.280947 0.194992 -0.169893 
0.545133 -0.494631 -0.808440 0.260046 0.181767 -0.171609 
0.665212 -0.495998 -0.813786 0.237861 0.157558 -0.173934 
0.699702 -0.497430 -0.822582 0.199104 0.113776 -0.181408 
0.711220 -0.492768 -0.830327 0.165082 0.072850 -0.189999 
0.709776 -0.437445 -0.838077 0.129514 0.027747 -0.201859 
0.708069 -0.295240 -0.843455 0.101560 -0.043388 -0.225096 
0.706035 -0.122543 -0.847932 0.076766 -0.106595 -0.244971 
0.703591 0.068198 -0.850537 0.059151 -0.166973 -0.272066 
0.700643 0.187550 -0.853111 0.045150 -0.234280 -0.303197 
0.697069 0.254317 -0.852952 0.034669 -0.291071 -0.336139 
0.692682 0.290857 -0.837969 0.024956 -0.338427 -0.384665 
0.687256 0.308489 -0.796962 0.018091 -0.376059 -0.444011 
0.680504 0.317073 -0.591275 0.012909 -0.403279 -0.497427 
0.672060 0.318102 -0.415309 0.009290 -0.427702 -0.558142 
0.661478 0.317038 -0.298244 0.005988 -0.446914 -0.615029 
0.647386 0.315331 -0.226188 0.003699 -0.458743 -0.655464 
0.629369 0.312593 -0.186778 0.013650 -0.467933 -0.697994 
0.606466 0.307141 -0.167419 0.036852 -0.476324 -0.731035 
0.577708 0.300243 -0.158789 0.148286 -0.482942 -0.757131 
0.542317 0.292213 -0.155383 0.310087 -0.488705 -0.781151 
0.499993 0.282421 -0.154589 0.461712 -0.492571 -0.798658 
0.451217 0.269217 -0.156750 0.567818 -0.495356 -0.814055 
0.397443 0.251145 -0.158999 0.635845 -0.495133 -0.823923 
0.341048 0.227877 -0.162537 0.673227 -0.484042 -0.832508 
0.284977 0.205641 -0.167064 0.691283 -0.421876 -0.839156 
0.232162 0.172569 -0.174571 0.699955 -0.263973 -0.844277 
0.184937 0.143140 -0.178325 0.701502 -0.088974 -0.848269 
0.144655 0.094649 -0.187090 0.702275 0.078671 -0.851282 
0.111637 0.047344 -0.197129 0.700628 0.195705 -0.853708 
0.085396 -0.018907 -0.213275 0.698358 0.260876 -0.851767 
0.064985 -0.086694 -0.230795 0.694227 0.294887 -0.820032 
0.049307 -0.154329 -0.263531 0.688204 0.310725 -0.748881 
0.037325 -0.217586 -0.287737 0.683333 0.317517 -0.557581 
0.028162 -0.280184 -0.338564 0.674934 0.320017 -0.391489 
0.021120 -0.320949 -0.376493 0.662666 0.319302 -0.291237 
0.015665 -0.358121 -0.430145 0.650298 0.316433 -0.222681 
0.011400 -0.390728 -0.481867 0.630613 0.312945 -0.184738 
0.008031 -0.418264 -0.539255 0.614600 0.307317 -0.166702 
0.005343 -0.439448 -0.589579 0.586387 0.300404 -0.158419 
0.003175 -0.454225 -0.641326 0.546222 0.291368 -0.155618 
0.001410 -0.465987 -0.684165 0.507248 0.281789 -0.155480 
0.001407 -0.474220 -0.724219 0.458487 0.264093 -0.157976 
0.017019 -0.481099 -0.749954 0.398373 0.247869 -0.160557 
0.075437 -0.486457 -0.770664 0.345477 0.229423 -0.161848 
0.274648 -0.489136 -0.786743 0.319030 0.213737 -0.165035 
0.544912 -0.491158 -0.798851 0.294904 0.198866 -0.167855 
0.665140 -0.494262 -0.808991 0.266998 0.183704 -0.170590 
0.699678 -0.496562 -0.818810 0.232181 0.158526 -0.175762 
0.711209 -0.493533 -0.826861 0.181620 0.114261 -0.182321 
0.709805 -0.480368 -0.834499 0.141902 0.061149 -0.190456 
0.708153 -0.431245 -0.840162 0.110841 -0.005164 -0.202088 
0.706194 -0.292140 -0.844982 0.085897 -0.059843 -0.225210 
0.703857 -0.059413 -0.848696 0.066462 -0.120774 -0.245028 
0.701066 0.099763 -0.851913 0.051837 -0.190210 -0.279922 
0.697689 0.210423 -0.852353 0.038012 -0.245898 -0.319219 
0.693573 0.265754 -0.849176 0.028538 -0.296881 -0.366988 
0.688521 0.296575 -0.824343 0.021890 -0.341332 -0.411575 
0.682283 0.311116 -0.711198 0.015136 -0.382256 -0.469537 
0.674544 0.318387 -0.548393 0.010800 -0.410775 -0.525444 
0.664924 0.318759 -0.393868 0.007414 -0.431450 -0.582679 
0.652186 0.317367 -0.278996 0.004694 -0.448788 -0.627297 
0.635996 0.314831 -0.216564 0.008171 -0.462956 -0.673262 
0.615493 0.311039 -0.181969 0.028908 -0.472702 -0.713080 
0.589766 0.304929 -0.166064 0.091004 -0.480075 -0.742127 
0.558004 0.299138 -0.158517 0.242781 -0.485947 -0.771931 
0.519712 0.291660 -0.156156 0.399025 -0.490207 -0.791454 
0.474990 0.278737 -0.156449 0.536474 -0.493567 -0.807251 
0.424755 0.257186 -0.158317 0.620174 -0.496460 -0.820521 
0.370815 0.239929 -0.162196 0.665568 -0.484705 -0.829534 
0.315677 0.219017 -0.165221 0.687453 -0.422207 -0.836879 
0.262131 0.179258 -0.169986 0.698041 -0.309948 -0.843139 
0.212705 0.146484 -0.176032 0.700545 -0.111962 -0.846996 
0.169211 0.108250 -0.185944 0.701797 0.067177 -0.850646 
0.132522 0.054145 -0.196556 0.700389 0.189958 -0.853390 
0.102634 -0.015506 -0.208828 0.698238 0.256812 -0.851608 
0.078918 -0.065191 -0.228572 0.694167 0.292854 -0.819953 
0.060431 -0.143577 -0.252052 0.690660 0.309709 -0.748841 
0.046161 -0.194958 -0.281998 0.684561 0.317680 -0.645772 
0.035181 -0.268870 -0.335694 0.675548 0.320099 -0.435585 
0.026718 -0.315292 -0.362625 0.666557 0.319343 -0.313285 
0.020161 -0.355293 -0.423211 0.652244 0.317376 -0.238178 
0.015040 -0.389314 -0.478400 0.631585 0.313417 -0.192487 
0.011005 -0.417557 -0.537521 0.615086 0.307553 -0.170238 
0.007795 -0.439094 -0.588712 0.586630 0.303034 -0.160187 
0.005216 -0.454048 -0.640893 0.546343 0.292683 -0.156502 
0.003123 -0.465898 -0.683948 0.507309 0.282446 -0.155185 
0.017032 -0.474176 -0.724111 0.458517 0.270766 -0.157828 
0.075488 -0.481077 -0.749900 0.416211 0.251205 -0.160484 
0.274779 -0.486446 -0.770637 0.354396 0.231091 -0.161811 
0.545007 -0.489131 -0.790798 0.312588 0.214571 -0.166243 
0.665171 -0.493248 -0.800878 0.275866 0.191556 -0.169784 
0.699688 -0.495307 -0.813487 0.236615 0.162453 -0.175359 
0.711214 -0.497317 -0.824199 0.198482 0.116224 -0.182120 
0.709769 -0.486217 -0.831889 0.159605 0.074073 -0.190355 
0.708061 -0.456820 -0.837967 0.126425 0.021231 -0.202037 
0.706026 -0.304927 -0.843400 0.093688 -0.046646 -0.220155 
0.703581 -0.112953 -0.847631 0.072830 -0.114176 -0.242501 
0.700643 0.072993 -0.850521 0.055028 -0.170763 -0.270830 
0.697069 0.189948 -0.853198 0.043088 -0.236175 -0.302579 
0.692682 0.255516 -0.850761 0.031760 -0.292019 -0.335829 
0.687256 0.291979 -0.836873 0.023501 -0.338901 -0.384459 
0.680504 0.309050 -0.762698 0.017364 -0.376296 -0.443908 
0.672060 0.317354 -0.617351 0.012545 -0.407794 -0.497189 
0.661478 0.318242 -0.428347 0.009054 -0.429960 -0.558023 
0.647386 0.318133 -0.304763 0.005870 -0.448043 -0.614969 
0.629369 0.315214 -0.229447 0.005539 -0.461037 -0.667098 
0.606466 0.312336 -0.188400 0.014570 -0.470907 -0.703808 
0.577708 0.307013 -0.168230 0.058266 -0.479178 -0.737491 
0.542317 0.300179 -0.159183 0.182565 -0.485498 -0.760359 
0.499993 0.292181 -0.156489 0.368928 -0.489983 -0.785668 
0.451217 0.278998 -0.156616 0.515547 -0.493455 -0.804358 
0.397443 0.267506 -0.157768 0.609412 -0.496403 -0.819074 
0.341048 0.245328 -0.160379 0.660187 -0.484677 -0.828811 
0.284977 0.221717 -0.164312 0.684837 -0.456823 -0.836518 
0.232162 0.180607 -0.169532 0.696733 -0.327255 -0.842958 
0.184937 0.147159 -0.175805 0.699891 -0.120615 -0.846905 
0.144655 0.108588 -0.185831 0.701470 0.062850 -0.850600 
0.111637 0.054313 -0.196499 0.700225 0.187794 -0.853367 
0.085396 -0.015422 -0.212960 0.698156 0.255730 -0.851596 
0.064985 -0.084952 -0.230637 0.694126 0.292314 -0.819947 
0.049307 -0.153457 -0.263453 0.688154 0.309438 -0.748838 
0.037325 -0.217150 -0.287698 0.683308 0.316874 -0.557559 
0.028162 -0.279966 -0.338544 0.674921 0.319696 -0.391478 
0.021120 -0.320840 -0.376483 0.662660 0.319141 -0.291232 
0.015665 -0.358067 -0.430140 0.650295 0.316352 -0.222678 
0.011400 -0.390701 -0.481865 0.630611 0.312905 -0.184737 
0.008031 -0.418251 -0.539254 0.614599 0.307297 -0.166701 
0.005343 -0.439441 -0.589578 0.586387 0.300394 -0.158419 
0.003175 -0.454222 -0.641326 0.546221 0.291363 -0.155617 
0.001410 -0.465985 -0.684165 0.507248 0.281786 -0.155480 
0.001407 -0.474219 -0.724219 0.458487 0.264092 -0.157976 
0.017019 -0.481098 -0.749954 0.398373 0.247868 -0.160557 
0.075437 -0.486457 -0.770664 0.345477 0.229422 -0.161848 
0.274648 -0.489136 -0.786743 0.319030 0.213737 -0.165035 
0.544912 -0.491158 -0.798851 0.294904 0.198866 -0.167855 
0.665140 -0.494262 -0.808991 0.266998 0.183704 -0.170590 
0.699678 -0.496562 -0.818810 0.232181 0.158526 -0.175762 
0.711209 -0.493533 -0.826861 0.181620 0.114261 -0.182321 
0.709805 -0.480368 -0.834499 0.141902 0.061149 -0.190456 
0.708153 -0.431245 -0.840162 0.110841 -0.005164 -0.202088 
0.706194 -0.292140 -0.844982 0.085897 -0.059843 -0.225210 
0.703857 -0.059413 -0.848696 0.066462 -0.120774 -0.245028 
0.701066 0.099763 -0.851913 0.051837 -0.190210 -0.279922 
0.697689 0.210423 -0.852353 0.038012 -0.245898 -0.319219 
0.693573 0.265754 -0.849176 0.028538 -0.296881 -0.366988 
0.688521 0.296575 -0.824343 0.021890 -0.341332 -0.411575 
0.682283 0.311116 -0.711198 0.015136 -0.382256 -0.469537 
0.674544 0.318387 -0.548393 0.010800 -0.410775 -0.525444 
0.664924 0.318759 -0.393868 0.007414 -0.431450 -0.582679 
0.652186 0.317367 -0.278996 0.004694 -0.448788 -0.627297 
0.635996 0.314831 -0.216564 0.008171 -0.462956 -0.673262 
0.615493 0.311039 -0.181969 0.028908 -0.472702 -0.713080 
0.589766 0.304929 -0.166064 0.091004 -0.480075 -0.742127 
0.558004 0.299138 -0.158517 0.242781 -0.485947 -0.771931 
0.519712 0.291660 -0.156156 0.399025 -0.490207 -0.791454 
0.474990 0.278737 -0.156449 0.536474 -0.493567 -0.807251 
0.424755 0.257186 -0.158317 0.620174 -0.496460 -0.820521 
0.370815 0.239929 -0.162196 0.665568 -0.484705 -0.829534 
0.315677 0.219017 -0.165221 0.687453 -0.422207 -0.836879 
0.262131 0.179258 -0.169986 0.698041 -0.309948 -0.843139 
0.212705 0.146484 -0.176032 0.700545 -0.111962 -0.846996 
0.169211 0.108250 -0.185944 0.701797 0.067177 -0.850646 
0.132522 0.054145 -0.196556 0.700389 0.189958 -0.853390 
0.102634 -0.015506 -0.208828 0.698238 0.256812 -0.851608 
0.078918 -0.065191 -0.228572 0.694167 0.292854 -0.819953 
0.060431 -0.143577 -0.252052 0.690660 0.309709 -0.748841 
0.046161 -0.194958 -0.281998 0.684561 0.317680 -0.645772 
0.035181 -0.268870 -0.335694 0.675548 0.320099 -0.435585 
0.026718 -0.315292 -0.362625 0.666557 0.319343 -0.313285 
0.020161 -0.355293 -0.423211 0.652244 0.317376 -0.238178 
0.015040 -0.389314 -0.478400 0.631585 0.313417 -0.192487 
0.011005 -0.417557 -0.537521 0.615086 0.307553 -0.170238 
0.007795 -0.439094 -0.588712 0.586630 0.303034 -0.160187 
0.005216 -0.454048 -0.640893 0.546343 0.292683 -0.156502 
0.003123 -0.465898 -0.683948 0.507309 0.282446 -0.155185 
0.017032 -0.474176 -0.724111 0.458517 0.270766 -0.157828 
0.075488 -0.481077 -0.749900 0.416211 0.251205 -0.160484 
0.274779 -0.486446 -0.770637 0.354396 0.231091 -0.161811 
0.545007 -0.489131 -0.790798 0.312588 0.214571 -0.166243 
0.665171 -0.493248 -0.800878 0.275866 0.191556 -0.169784 
0.699688 -0.495307 -0.813487 0.236615 0.162453 -0.175359 
0.711214 -0.497317 -0.824199 0.198482 0.116224 -0.182120 
0.709769 -0.486217 -0.831889 0.159605 0.074073 -0.190355 
0.708061 -0.456820 -0.837967 0.126425 0.021231 -0.202037 
0.706026 -0.304927 -0.843400 0.093688 -0.046646 -0.220155 
0.703581 -0.112953 -0.847631 0.072830 -0.114176 -0.242501 
0.700643 0.072993 -0.850521 0.055028 -0.170763 -0.270830 
0.697069 0.189948 -0.853198 0.043088 -0.236175 -0.302579 
0.692682 0.255516 -0.850761 0.031760 -0.292019 -0.335829 
0.687256 0.291979 -0.836873 0.023501 -0.338901 -0.384459 
0.680504 0.309050 -0.762698 0.017364 -0.376296 -0.443908 
0.672060 0.317354 -0.617351 0.012545 -0.407794 -0.497189 
0.661478 0.318242 -0.428347 0.009054 -0.429960 -0.558023 
0.647386 0.318133 -0.304763 0.005870 -0.448043 -0.614969 
0.629369 0.315214 -0.229447 0.005539 -0.461037 -0.667098 
0.606466 0.312336 -0.188400 0.014570 -0.470907 -0.703808 
0.577708 0.307013 -0.168230 0.058266 -0.479178 -0.737491 
0.542317 0.300179 -0.159183 0.182565 -0.485498 -0.760359 
0.499993 0.292181 -0.156489 0.368928 -0.489983 -0.785668 
0.451217 0.278998 -0.156616 0.515547 -0.493455 -0.804358 
0.397443 0.267506 -0.157768 0.609412 -0.496403 -0.819074 
0.341048 0.245328 -0.160379 0.660187 -0.484677 -0.828811 
0.284977 0.221717 -0.164312 0.684837 -0.456823 -0.836518 
0.232162 0.180607 -0.169532 0.696733 -0.327255 -0.842958 
0.184937 0.147159 -0.175805 0.699891 -0.120615 -0.846905 
0.144655 0.108588 -0.185831 0.701470 0.062850 -0.850600 
0.111637 0.054313 -0.196499 0.700225 0.187794 -0.853367 
0.085396 -0.015422 -0.212960 0.698156 0.255730 -0.851596 
0.064985 -0.084952 -0.230637 0.694126 0.292314 -0.819947 
0.049307 -0.153457 -0.263453 0.688154 0.309438 -0.748838 
0.037325 -0.217150 -0.287698 0.683308 0.316874 -0.557559 
0.028162 -0.279966 -0.338544 0.674921 0.319696 -0.391478 
0.021120 -0.320840 -0.376483 0.662660 0.319141 -0.291232 
0.015665 -0.358067 -0.430140 0.650295 0.316352 -0.222678 
0.011400 -0.390701 -0.481865 0.630611 0.312905 -0.184737 
0.008031 -0.418251 -0.539254 0.614599 0.307297 -0.166701 
0.005343 -0.439441 -0.589578 0.586387 0.300394 -0.158419 
0.003175 -0.454222 -0.641326 0.546221 0.291363 -0.155617 
0.001410 -0.465985 -0.684165 0.507248 0.281786 -0.155480 
0.017027 -0.474219 -0.724219 0.458487 0.264092 -0.157976 
0.075465 -0.481098 -0.757800 0.398373 0.247868 -0.160557 
0.274721 -0.486457 -0.774587 0.345477 0.229422 -0.164389 
0.544964 -0.489136 -0.792773 0.308128 0.213737 -0.167532 
0.665157 -0.493251 -0.805952 0.273636 0.191139 -0.170429 
0.699683 -0.495308 -0.816025 0.235500 0.162244 -0.175681 
0.711211 -0.497318 -0.825468 0.197924 0.116119 -0.182281 
0.709767 -0.482261 -0.832524 0.159326 0.074021 -0.190436 
0.708059 -0.432191 -0.839175 0.126285 0.021205 -0.202078 
0.706023 -0.292613 -0.844004 0.093619 -0.046659 -0.220175 
0.703577 -0.106796 -0.848206 0.070323 -0.114182 -0.242511 
0.700618 0.076071 -0.851668 0.053768 -0.186914 -0.270835 
0.697029 0.191487 -0.853771 0.039914 -0.244250 -0.302582 
0.692618 0.256286 -0.851048 0.029489 -0.296057 -0.358669 
0.687154 0.291841 -0.825279 0.022366 -0.340920 -0.407416 
0.680338 0.308981 -0.756901 0.016796 -0.377306 -0.455387 
0.671789 0.317319 -0.571245 0.011630 -0.408299 -0.502928 
0.661033 0.318225 -0.405294 0.007829 -0.430212 -0.560892 
0.647503 0.317100 -0.293236 0.005257 -0.448169 -0.616404 
0.629512 0.314698 -0.223684 0.005233 -0.461101 -0.667816 
0.606638 0.310972 -0.185529 0.014416 -0.471770 -0.710357 
0.577912 0.306331 -0.166795 0.058189 -0.479609 -0.740765 
0.542553 0.299838 -0.158883 0.182527 -0.485714 -0.771251 
0.500259 0.292011 -0.156339 0.368898 -0.490091 -0.791114 
0.451505 0.278913 -0.156541 0.515533 -0.493509 -0.807081 
0.397740 0.257274 -0.158363 0.609405 -0.496430 -0.820436 
0.341339 0.239973 -0.160676 0.660183 -0.484691 -0.829492 
0.285247 0.219039 -0.164461 0.684835 -0.422200 -0.836858 
0.232400 0.179268 -0.169606 0.696732 -0.309944 -0.843128 
0.185137 0.146489 -0.175842 0.699890 -0.111960 -0.847695 
0.144816 0.108253 -0.185849 0.701469 0.067178 -0.850995 
0.111762 0.054146 -0.196508 0.700225 0.189958 -0.853565 
0.085491 -0.015506 -0.212964 0.698156 0.258003 -0.851695 
0.065056 -0.084994 -0.230640 0.694126 0.293450 -0.819996 
0.049359 -0.153478 -0.263454 0.688154 0.310007 -0.748863 
0.037364 -0.217161 -0.287699 0.683308 0.317158 -0.557572 
0.028192 -0.279972 -0.338545 0.674921 0.319838 -0.391485 
0.021142 -0.320842 -0.376483 0.662660 0.319212 -0.291235 
0.015682 -0.358068 -0.430140 0.650295 0.316388 -0.222680 
0.011413 -0.390701 -0.481865 0.630611 0.312923 -0.184738 
0.008041 -0.418251 -0.539254 0.614599 0.307306 -0.166702 
0.005351 -0.439441 -0.589578 0.586387 0.300399 -0.158419 
0.003181 -0.454222 -0.641326 0.546221 0.291365 -0.155617 
0.001415 -0.465985 -0.684165 0.507248 0.281787 -0.155480 
0.001412 -0.474219 -0.724219 0.458487 0.264093 -0.157976 
0.017032 -0.481098 -0.749954 0.398373 0.247868 -0.160557 
0.075488 -0.486457 -0.770664 0.345477 0.229423 -0.161848 
0.274779 -0.489136 -0.786743 0.319030 0.213737 -0.165035 
0.545007 -0.491158 -0.798851 0.294904 0.198866 -0.167855 
0.665171 -0.494262 -0.808991 0.266998 0.183704 -0.170590 
0.699688 -0.496562 -0.818810 0.232181 0.158526 -0.175762 
0.711214 -0.493533 -0.826861 0.181620 0.114261 -0.182321 
0.709810 -0.480368 -0.834499 0.141902 0.061149 -0.190456 
0.708159 -0.431245 -0.840162 0.110841 -0.005164 -0.202088 
0.706200 -0.292140 -0.844982 0.085897 -0.059843 -0.225210 
0.703860 -0.059413 -0.848696 0.066462 -0.120774 -0.245028 
0.701066 0.099763 -0.851913 0.051837 -0.190210 -0.279922 
0.697689 0.210423 -0.852353 0.038012 -0.245898 -0.319219 
0.693573 0.265754 -0.849176 0.028538 -0.296881 -0.366988 
0.688521 0.296575 -0.824343 0.021890 -0.341332 -0.411575 
0.682283 0.311116 -0.711198 0.015136 -0.382256 -0.469537 
0.674544 0.318387 -0.548393 0.010800 -0.410775 -0.525444 
0.664924 0.318759 -0.393868 0.007414 -0.431450 -0.582679 
0.652183 0.317367 -0.278996 0.004694 -0.448788 -0.627297 
0.635989 0.314831 -0.216564 0.008171 -0.462956 -0.673262 
0.615481 0.311039 -0.181969 0.028908 -0.472702 -0.713080 
0.589748 0.304929 -0.166064 0.091004 -0.480075 -0.742127 
0.557978 0.299138 -0.158517 0.242781 -0.485947 -0.771931 
0.519678 0.291660 -0.156156 0.399025 -0.490207 -0.791454 
0.474947 0.278737 -0.156449 0.536474 -0.493567 -0.807251 
0.424705 0.257186 -0.158317 0.620174 -0.496460 -0.820521 
0.370759 0.239929 -0.162196 0.665568 -0.484705 -0.829534 
0.315619 0.219017 -0.165221 0.687453 -0.422207 -0.836879 
0.262074 0.179258 -0.169986 0.698041 -0.309948 -0.843139 
0.212653 0.146484 -0.176032 0.700545 -0.111962 -0.846996 
0.169165 0.108250 -0.185944 0.701797 0.067177 -0.850646 
0.132483 0.054145 -0.196556 0.700389 0.189958 -0.853390 
0.102602 -0.015506 -0.208828 0.698238 0.256812 -0.851608 
0.078893 -0.065191 -0.228572 0.694167 0.292854 -0.819953 
0.060412 -0.143577 -0.252052 0.690660 0.309709 -0.748841 
0.046146 -0.194958 -0.281998 0.684561 0.317680 -0.645772 
0.035169 -0.268870 -0.335694 0.675548 0.320099 -0.435585 
0.026709 -0.315292 -0.362625 0.666557 0.319343 -0.313285 
0.020154 -0.355293 -0.423211 0.652244 0.317376 -0.238178 
0.015034 -0.389314 -0.478400 0.631585 0.313417 -0.192487 
0.011001 -0.417557 -0.537521 0.615086 0.307553 -0.170238 
0.007791 -0.439094 -0.588712 0.586630 0.303034 -0.160187 
0.005213 -0.454048 -0.640893 0.546343 0.292683 -0.156502 
0.003121 -0.465898 -0.683948 0.507309 0.282446 -0.155185 
0.017027 -0.474176 -0.724111 0.458517 0.270766 -0.157828 
0.075465 -0.481077 -0.749900 0.416211 0.251205 -0.160484 
0.274721 -0.486446 -0.770637 0.354396 0.231091 -0.161811 
0.544964 -0.489131 -0.790798 0.312588 0.214571 -0.166243 
0.665157 -0.493248 -0.800878 0.275866 0.191556 -0.169784 
0.699683 -0.495307 -0.813487 0.236615 0.162453 -0.175359 
0.711211 -0.497317 -0.824199 0.198482 0.116224 -0.182120 
0.709767 -0.486217 -0.831889 0.159605 0.074073 -0.190355 
0.708059 -0.456820 -0.837967 0.126425 0.021231 -0.202037 
0.706023 -0.304927 -0.843400 0.093688 -0.046646 -0.220155 
0.703577 -0.112953 -0.847631 0.072830 -0.114176 -0.242501 
0.700643 0.072993 -0.850521 0.055028 -0.170763 -0.270830 
0.697069 0.189948 -0.853198 0.043088 -0.236175 -0.302579 
0.692682 0.255516 -0.850761 0.031760 -0.292019 -0.335829 
0.687256 0.291979 -0.836873 0.023501 -0.338901 -0.384459 
0.680504 0.309050 -0.762698 0.017364 -0.376296 -0.443908 
0.672060 0.317354 -0.617351 0.012545 -0.407794 -0.497189 
0.661478 0.318242 -0.428347 0.009054 -0.429960 -0.558023 
0.647386 0.318133 -0.304763 0.005870 -0.448043 -0.614969 
0.629369 0.315214 -0.229447 0.005539 -0.461037 -0.667098 
0.606466 0.312336 -0.188400 0.014570 -0.470907 -0.703808 
0.577708 0.307013 -0.168230 0.058266 -0.479178 -0.737491 
0.542317 0.300179 -0.159183 0.182565 -0.485498 -0.760359 
0.499993 0.292181 -0.156489 0.368928 -0.489983 -0.785668 
0.451217 0.278998 -0.156616 0.515547 -0.493455 -0.804358 
0.397443 0.267506 -0.157768 0.609412 -0.496403 -0.819074 
0.341048 0.245328 -0.160379 0.660187 -0.484677 -0.828811 
0.284977 0.221717 -0.164312 0.684837 -0.456823 -0.836518 
0.232162 0.180607 -0.169532 0.696733 -0.327255 -0.842958 
0.184937 0.147159 -0.175805 0.699891 -0.120615 -0.846905 
0.144655 0.108588 -0.185831 0.701470 0.062850 -0.850600 
0.111637 0.054313 -0.196499 0.700225 0.187794 -0.853367 
0.085396 -0.015422 -0.212960 0.698156 0.255730 -0.851596 
0.064985 -0.084952 -0.230637 0.694126 0.292314 -0.819947 
0.049307 -0.153457 -0.263453 0.688154 0.309438 -0.748838 
0.037325 -0.217150 -0.287698 0.683308 0.316874 -0.557559 
0.028162 -0.279966 -0.338544 0.674921 0.319696 -0.391478 
0.021120 -0.320840 -0.376483 0.662660 0.319141 -0.291232 
0.015665 -0.358067 -0.430140 0.650295 0.316352 -0.222678 
0.011400 -0.390701 -0.481865 0.630611 0.312905 -0.184737 
0.008031 -0.418251 -0.539254 0.614599 0.307297 -0.166701 
0.005343 -0.439441 -0.589578 0.586387 0.300394 -0.158419 
0.003175 -0.454222 -0.641326 0.546221 0.291363 -0.155617 
0.001410 -0.465985 -0.684165 0.507248 0.281786 -0.155480 
0.001407 -0.474219 -0.724219 0.458487 0.264092 -0.157976 
0.017019 -0.481098 -0.749954 0.398373 0.247868 -0.160557 
0.075437 -0.486457 -0.770664 0.345477 0.229422 -0.161848 
0.274648 -0.489136 -0.786743 0.319030 0.213737 -0.165035 
0.544912 -0.491158 -0.798851 0.294904 0.198866 -0.167855 
0.665140 -0.494262 -0.808991 0.266998 0.183704 -0.170590 
0.699678 -0.496562 -0.818810 0.232181 0.158526 -0.175762 
0.711209 -0.493533 -0.826861 0.181620 0.114261 -0.182321 
0.709805 -0.480368 -0.834499 0.141902 0.061149 -0.190456 
0.708153 -0.431245 -0.840162 0.110841 -0.005164 -0.202088 
0.706194 -0.292140 -0.844982 0.085897 -0.059843 -0.225210 
0.703857 -0.059413 -0.848696 0.066462 -0.120774 -0.245028 
0.701066 0.099763 -0.851913 0.051837 -0.190210 -0.279922 
0.697689 0.210423 -0.852353 0.038012 -0.245898 -0.319219 
0.693573 0.265754 -0.849176 0.028538 -0.296881 -0.366988 
0.688521 0.296575 -0.824343 0.021890 -0.341332 -0.411575 
0.682283 0.311116 -0.711198 0.015136 -0.382256 -0.469537 
0.674544 0.318387 -0.548393 0.010800 -0.410775 -0.525444 
0.664924 0.318759 -0.393868 0.007414 -0.431450 -0.582679 
0.652186 0.317367 -0.278996 0.004694 -0.448788 -0.627297 
0.635996 0.314831 -0.216564 0.008171 -0.462956 -0.673262 
0.615493 0.311039 -0.181969 0.028908 -0.472702 -0.713080 
0.589766 0.304929 -0.166064 0.091004 -0.480075 -0.742127 
0.558004 0.299138 -0.158517 0.242781 -0.485947 -0.771931 
0.519712 0.291660 -0.156156 0.399025 -0.490207 -0.791454 
0.474990 0.278737 -0.156449 0.536474 -0.493567 -0.807251 
0.424755 0.257186 -0.158317 0.620174 -0.496460 -0.820521 
0.370815 0.239929 -0.162196 0.665568 -0.484705 -0.829534 
0.315677 0.219017 -0.165221 0.687453 -0.422207 -0.836879 
0.262131 0.179258 -0.169986 0.698041 -0.309948 -0.843139 
0.212705 0.146484 -0.176032 0.700545 -0.111962 -0.846996 
0.169211 0.108250 -0.185944 0.701797 0.067177 -0.850646 
0.132522 0.054145 -0.196556 0.700389 0.189958 -0.853390 
0.102634 -0.015506 -0.208828 0.698238 0.256812 -0.851608 
0.078918 -0.065191 -0.228572 0.694167 0.292854 -0.819953 
0.060431 -0.143577 -0.252052 0.690660 0.309709 -0.748841 
0.046161 -0.194958 -0.281998 0.684561 0.317680 -0.645772 
0.035181 -0.268870 -0.335694 0.675548 0.320099 -0.435585 
0.026718 -0.315292 -0.362625 0.666557 0.319343 -0.313285 
0.020161 -0.355293 -0.423211 0.652244 0.317376 -0.238178 
0.015040 -0.389314 -0.478400 0.631585 0.313417 -0.192487 
0.011005 -0.417557 -0.537521 0.615086 0.307553 -0.170238 
0.007795 -0.439094 -0.588712 0.586630 0.303034 -0.160187 
0.005216 -0.454048 -0.640893 0.546343 0.292683 -0.156502 
0.003123 -0.465898 -0.683948 0.507309 0.282446 -0.155185 
0.017032 -0.474176 -0.724111 0.458517 0.270766 -0.157828 
0.075488 -0.481077 -0.749900 0.416211 0.251205 -0.160484 
0.274779 -0.486446 -0.770637 0.354396 0.231091 -0.161811 
0.545007 -0.489131 -0.790798 0.312588 0.214571 -0.166243 
0.665171 -0.493248 -0.800878 0.275866 0.191556 -0.169784 
0.699688 -0.495307 -0.813487 0.236615 0.162453 -0.175359 
0.711214 -0.497317 -0.824199 0.198482 0.116224 -0.182120 
0.709769 -0.486217 -0.831889 0.159605 0.074073 -0.190355 
0.708061 -0.456820 -0.837967 0.126425 0.021231 -0.202037 
0.706026 -0.304927 -0.843400 0.093688 -0.046646 -0.220155 
0.703581 -0.112953 -0.847631 0.072830 -0.114176 -0.242501 
0.700643 0.072993 -0.850521 0.055028 -0.170763 -0.270830 
0.697069 0.189948 -0.853198 0.043088 -0.236175 -0.302579 
0.692682 0.255516 -0.850761 0.031760 -0.292019 -0.335829 
0.687256 0.291979 -0.836873 0.023501 -0.338901 -0.384459 
0.680504 0.309050 -0.762698 0.017364 -0.376296 -0.443908 
0.672060 0.317354 -0.617351 0.012545 -0.407794 -0.497189 
0.661478 0.318242 -0.428347 0.009054 -0.429960 -0.558023 
0.647386 0.318133 -0.304763 0.005870 -0.448043 -0.614969 
0.629369 0.315214 -0.229447 0.005539 -0.461037 -0.667098 
0.606466 0.312336 -0.188400 0.014570 -0.470907 -0.703808 
0.577708 0.307013 -0.168230 0.058266 -0.479178 -0.737491 
0.542317 0.300179 -0.159183 0.182565 -0.485498 -0.760359 
0.499993 0.292181 -0.156489 0.368928 -0.489983 -0.785668 
0.451217 0.278998 -0.156616 0.515547 -0.493455 -0.804358 
0.397443 0.267506 -0.157768 0.609412 -0.496403 -0.819074 
0.341048 0.245328 -0.160379 0.660187 -0.484677 -0.828811 
0.284977 0.221717 -0.164312 0.684837 -0.456823 -0.836518 
0.232162 0.180607 -0.169532 0.696733 -0.327255 -0.842958 
0.184937 0.147159 -0.175805 0.699891 -0.120615 -0.846905 
0.144655 0.108588 -0.185831 0.701470 0.062850 -0.850600 
0.111637 0.054313 -0.196499 0.700225 0.187794 -0.853367 
0.085396 -0.015422 -0.212960 0.698156 0.255730 -0.851596 
0.064985 -0.084952 -0.230637 0.694126 0.292314 -0.819947 
0.049307 -0.153457 -0.263453 0.688154 0.309438 -0.748838 
0.037325 -0.217150 -0.287698 0.683308 0.316874 -0.557559 
0.028162 -0.279966 -0.338544 0.674921 0.319696 -0.391478 
0.021120 -0.320840 -0.376483 0.662660 0.319141 -0.291232 
0.015665 -0.358067 -0.430140 0.650295 0.316352 -0.222678 
0.011400 -0.390701 -0.481865 0.630611 0.312905 -0.184737 
0.008031 -0.418251 -0.539254 0.614599 0.307297 -0.166701 
0.005343 -0.439441 -0.589578 0.586387 0.300394 -0.158419 
0.003175 -0.454222 -0.641326 0.546221 0.291363 -0.155617 
0.001410 -0.465985 -0.684165 0.507248 0.281786 -0.155480 
0.001407 -0.474219 -0.724219 0.458487 0.264092 -0.157976 
0.017019 -0.481098 -0.749954 0.398373 0.247868 -0.160557 
0.075437 -0.486457 -0.770664 0.345477 0.229422 -0.161848 
0.274648 -0.489136 -0.786743 0.319030 0.213737 -0.165035 
0.544912 -0.491158 -0.798851 0.294904 0.198866 -0.167855 
0.665140 -0.494262 -0.808991 0.266998 0.183704 -0.170590 
0.699678 -0.496562 -0.818810 0.232181 0.158526 -0.175762 
0.711209 -0.493533 -0.826861 0.181620 0.114261 -0.182321 
0.709805 -0.480368 -0.834499 0.141902 0.061149 -0.190456 
0.708153 -0.431245 -0.840162 0.110841 -0.005164 -0.202088 
0.706194 -0.292140 -0.844982 0.085897 -0.059843 -0.225210 
0.703857 -0.059413 -0.848696 0.066462 -0.120774 -0.245028 
0.701066 0.099763 -0.851913 0.051837 -0.190210 -0.279922 
0.697689 0.210423 -0.852353 0.038012 -0.245898 -0.319219 
0.693573 0.265754 -0.849176 0.028538 -0.296881 -0.366988 
0.688521 0.296575 -0.824343 0.021890 -0.341332 -0.411575 
0.682283 0.311116 -0.711198 0.015136 -0.382256 -0.469537 
0.674544 0.318387 -0.548393 0.010800 -0.410775 -0.525444 
0.664924 0.318759 -0.393868 0.007414 -0.431450 -0.582679 
0.652186 0.317367 -0.278996 0.004694 -0.448788 -0.627297 
0.635996 0.314831 -0.216564 0.008171 -0.462956 -0.673262 
0.615493 0.311039 -0.181969 0.028908 -0.472702 -0.713080 
0.589766 0.304929 -0.166064 0.091004 -0.480075 -0.742127 
0.558004 0.299138 -0.158517 0.242781 -0.485947 -0.771931 
0.519712 0.291660 -0.156156 0.399025 -0.490207 -0.791454 
0.474990 0.278737 -0.156449 0.536474 -0.493567 -0.807251 
0.424755 0.257186 -0.158317 0.620174 -0.496460 -0.820521 
0.370815 0.239929 -0.162196 0.665568 -0.484705 -0.829534 
0.315677 0.219017 -0.165221 0.687453 -0.422207 -0.836879 
0.262131 0.179258 -0.169986 0.698041 -0.309948 -0.843139 
0.212705 0.146484 -0.176032 0.700545 -0.111962 -0.846996 
0.169211 0.108250 -0.185944 0.701797 0.067177 -0.850646 
0.132522 0.054145 -0.196556 0.700389 0.189958 -0.853390 
0.102634 -0.015506 -0.208828 0.698238 0.256812 -0.851608 
0.078918 -0.065191 -0.228572 0.694167 0.292854 -0.819953 
0.060431 -0.143577 -0.252052 0.690660 0.309709 -0.748841 
0.046161 -0.194958 -0.281998 0.684561 0.317680 -0.645772 
0.035181 -0.268870 -0.335694 0.675548 0.320099 -0.435585 
0.026718 -0.315292 -0.362625 0.666557 0.319343 -0.313285 
0.020161 -0.355293 -0.423211 0.652244 0.317376 -0.238178 
0.015040 -0.389314 -0.478400 0.631585 0.313417 -0.192487 
0.011005 -0.417557 -0.537521 0.615086 0.307553 -0.170238 
0.007795 -0.439094 -0.588712 0.586630 0.303034 -0.160187 
0.005216 -0.454048 -0.640893 0.546343 0.292683 -0.156502 
0.003123 -0.465898 -0.683948 0.507309 0.282446 -0.155185 
0.017032 -0.474176 -0.724111 0.458517 0.270766 -0.157828 
0.075488 -0.481077 -0.749900 0.416211 0.251205 -0.160484 
0.274779 -0.486446 -0.770637 0.354396 0.231091 -0.161811 
0.545007 -0.489131 -0.790798 0.312588 0.214571 -0.166243 
0.665171 -0.493248 -0.800878 0.275866 0.191556 -0.169784 
0.699688 -0.495307 -0.813487 0.236615 0.162453 -0.175359 
0.711214 -0.497317 -0.824199 0.198482 0.116224 -0.182120 
0.709769 -0.486217 -0.831889 0.159605 0.074073 -0.190355 
0.708061 -0.456820 -0.837967 0.126425 0.021231 -0.202037 
0.706026 -0.304927 -0.843400 0.093688 -0.046646 -0.220155 
0.703581 -0.112953 -0.847631 0.072830 -0.114176 -0.242501 
0.700643 0.072993 -0.850521 0.055028 -0.170763 -0.270830 
0.697069 0.189948 -0.853198 0.043088 -0.236175 -0.302579 
0.692682 0.255516 -0.850761 0.031760 -0.292019 -0.335829 
0.687256 0.291979 -0.836873 0.023501 -0.338901 -0.384459 
0.680504 0.309050 -0.762698 0.017364 -0.376296 -0.443908 
0.672060 0.317354 -0.617351 0.012545 -0.407794 -0.497189 
0.661478 0.318242 -0.428347 0.009054 -0.429960 -0.558023 
0.647386 0.318133 -0.304763 0.005870 -0.448043 -0.614969 
0.629369 0.315214 -0.229447 0.005539 -0.461037 -0.667098 
0.606466 0.312336 -0.188400 0.014570 -0.470907 -0.703808 
0.577708 0.307013 -0.168230 0.058266 -0.479178 -0.737491 
0.542317 0.300179 -0.159183 0.182565 -0.485498 -0.760359 
0.499993 0.292181 -0.156489 0.368928 -0.489983 -0.785668 
0.451217 0.278998 -0.156616 0.515547 -0.493455 -0.804358 
0.397443 0.267506 -0.157768 0.609412 -0.496403 -0.819074 
0.341048 0.245328 -0.160379 0.660187 -0.484677 -0.828811 
0.284977 0.221717 -0.164312 0.684837 -0.456823 -0.836518 
0.232162 0.180607 -0.169532 0.696733 -0.327255 -0.842958 
0.184937 0.147159 -0.175805 0.699891 -0.120615 -0.846905 
0.144655 0.108588 -0.185831 0.701470 0.062850 -0.850600 
0.111637 0.054313 -0.196499 0.700225 0.187794 -0.853367 
0.085396 -0.015422 -0.212960 0.698156 0.255730 -0.851596 
0.064985 -0.084952 -0.230637 0.694126 0.292314 -0.819947 
0.049307 -0.153457 -0.263453 0.688154 0.309438 -0.748838 
0.037325 -0.217150 -0.287698 0.683308 0.316874 -0.557559 
0.028162 -0.279966 -0.338544 0.674921 0.319696 -0.391478 
0.021120 -0.320840 -0.376483 0.662660 0.319141 -0.291232 
0.015665 -0.358067 -0.430140 0.650295 0.316352 -0.222678 
0.011400 -0.390701 -0.481865 0.630611 0.312905 -0.184737 
0.008031 -0.418251 -0.539254 0.614599 0.307297 -0.166701 
0.005343 -0.439441 -0.589578 0.586387 0.300394 -0.158419 
0.003175 -0.454222 -0.641326 0.546221 0.291363 -0.155617 
0.001410 -0.465985 -0.684165 0.507248 0.281786 -0.155480 
0.001407 -0.474219 -0.724219 0.458487 0.264092 -0.157976 
0.017019 -0.481098 -0.749954 0.398373 0.247868 -0.160557 
0.075437 -0.486457 -0.770664 0.345477 0.229422 -0.161848 
0.274648 -0.489136 -0.786743 0.319030 0.213737 -0.165035 
0.544912 -0.491158 -0.798851 0.294904 0.198866 -0.167855 
0.665140 -0.494262 -0.808991 0.266998 0.183704 -0.170590 
0.699678 -0.496562 -0.818810 0.232181 0.158526 -0.175762 
0.711209 -0.493533 -0.826861 0.181620 0.114261 -0.182321 
0.709805 -0.480368 -0.834499 0.141902 0.061149 -0.190456 
0.708153 -0.431245 -0.840162 0.110841 -0.005164 -0.202088 
0.706194 -0.292140 -0.844982 0.085897 -0.059843 -0.225210 
0.703857 -0.059413 -0.848696 0.066462 -0.120774 -0.245028 
0.701066 0.099763 -0.851913 0.051837 -0.190210 -0.279922 
0.697689 0.210423 -0.852353 0.038012 -0.245898 -0.319219 
0.693573 0.265754 -0.849176 0.028538 -0.296881 -0.366988 
0.688521 0.296575 -0.824343 0.021890 -0.341332 -0.411575 
0.682283 0.311116 -0.711198 0.015136 -0.382256 -0.469537 
0.674544 0.318387 -0.548393 0.010800 -0.410775 -0.525444 
0.664924 0.318759 -0.393868 0.007414 -0.431450 -0.582679 
0.652186 0.317367 -0.278996 0.004694 -0.448788 -0.627297 
0.635996 0.314831 -0.216564 0.008171 -0.462956 -0.673262 
0.615493 0.311039 -0.181969 0.028908 -0.472702 -0.713080 
0.589766 0.304929 -0.166064 0.091004 -0.480075 -0.742127 
0.558004 0.299138 -0.158517 0.242781 -0.485947 -0.771931 
0.519712 0.291660 -0.156156 0.399025 -0.490207 -0.791454 
0.474990 0.278737 -0.156449 0.536474 -0.493567 -0.807251 
0.424755 0.257186 -0.158317 0.620174 -0.496460 -0.820521 
0.370815 0.239929 -0.162196 0.665568 -0.484705 -0.829534 
0.315677 0.219017 -0.165221 0.687453 -0.422207 -0.836879 
0.262131 0.179258 -0.169986 0.698041 -0.309948 -0.843139 
0.212705 0.146484 -0.176032 0.700545 -0.111962 -0.846996 
0.169211 0.108250 -0.185944 0.701797 0.067177 -0.850646 
0.132522 0.054145 -0.196556 0.700389 0.189958 -0.853390 
0.102634 -0.015506 -0.208828 0.698238 0.256812 -0.851608 
0.078918 -0.065191 -0.228572 0.694167 0.292854 -0.819953 
0.060431 -0.143577 -0.252052 0.690660 0.309709 -0.748841 
0.046161 -0.194958 -0.281998 0.684561 0.317680 -0.645772 
0.035181 -0.268870 -0.335694 0.675548 0.320099 -0.435585 
0.026718 -0.315292 -0.362625 0.666557 0.319343 -0.313285 
0.020161 -0.355293 -0.423211 0.652244 0.317376 -0.238178 
0.015040 -0.389314 -0.478400 0.631585 0.313417 -0.192487 
0.011005 -0.417557 -0.537521 0.615086 0.307553 -0.170238 
0.007795 -0.439094 -0.588712 0.586630 0.303034 -0.160187 
0.005216 -0.454048 -0.640893 0.546343 0.292683 -0.156502 
0.003123 -0.465898 -0.683948 0.507309 0.282446 -0.155185 
0.017032 -0.474176 -0.724111 0.458517 0.270766 -0.157828 
0.075488 -0.481077 -0.749900 0.416211 0.251205 -0.160484 
0.274779 -0.486446 -0.770637 0.354396 0.231091 -0.161811 
0.545007 -0.489131 -0.790798 0.312588 0.214571 -0.166243 
0.665171 -0.493248 -0.800878 0.275866 0.191556 -0.169784 
0.699688 -0.495307 -0.813487 0.236615 0.162453 -0.175359 
0.711214 -0.497317 -0.824199 0.198482 0.116224 -0.182120 
0.709769 -0.486217 -0.831889 0.159605 0.074073 -0.190355 
0.708061 -0.456820 -0.837967 0.126425 0.021231 -0.202037 
0.706026 -0.304927 -0.843400 0.093688 -0.046646 -0.220155 
0.703581 -0.112953 -0.847631 0.072830 -0.114176 -0.242501 
0.700643 0.072993 -0.850521 0.055028 -0.170763 -0.270830 
0.697069 0.189948 -0.853198 0.043088 -0.236175 -0.302579 
0.692682 0.255516 -0.850761 0.031760 -0.292019 -0.335829 
0.687256 0.291979 -0.836873 0.023501 -0.338901 -0.384459 
0.680504 0.309050 -0.762698 0.017364 -0.376296 -0.443908 
0.672060 0.317354 -0.617351 0.012545 -0.407794 -0.497189 
0.661478 0.318242 -0.428347 0.009054 -0.429960 -0.558023 
0.647386 0.318133 -0.304763 0.005870 -0.448043 -0.614969 
0.629369 0.315214 -0.229447 0.005539 -0.461037 -0.667098 
0.606466 0.312336 -0.188400 0.014570 -0.470907 -0.703808 
0.577708 0.307013 -0.168230 0.058266 -0.479178 -0.737491 
0.542317 0.300179 -0.159183 0.182565 -0.485498 -0.760359 
0.499993 0.292181 -0.156489 0.368928 -0.489983 -0.785668 
0.451217 0.278998 -0.156616 0.515547 -0.493455 -0.804358 
0.397443 0.267506 -0.157768 0.609412 -0.496403 -0.819074 
0.341048 0.245328 -0.160379 0.660187 -0.484677 -0.828811 
0.284977 0.221717 -0.164312 0.684837 -0.456823 -0.836518 
0.232162 0.180607 -0.169532 0.696733 -0.327255 -0.842958 
0.184937 0.147159 -0.175805 0.699891 -0.120615 -0.846905 
0.144655 0.108588 -0.185831 0.701470 0.062850 -0.850600 
0.111637 0.054313 -0.196499 0.700225 0.187794 -0.853367 
0.085396 -0.015422 -0.212960 0.698156 0.255730 -0.851596 
0.064985 -0.084952 -0.230637 0.694126 0.292314 -0.819947 
0.049307 -0.153457 -0.263453 0.688154 0.309438 -0.748838 
0.037325 -0.217150 -0.287698 0.683308 0.316874 -0.557559 
0.028162 -0.279966 -0.338544 0.674921 0.319696 -0.391478 
0.021120 -0.320840 -0.376483 0.662660 0.319141 -0.291232 
0.015665 -0.358067 -0.430140 0.650295 0.316352 -0.222678 
0.011400 -0.390701 -0.481865 0.630611 0.312905 -0.184737 
0.008031 -0.418251 -0.539254 0.614599 0.307297 -0.166701 
0.005343 -0.439441 -0.589578 0.586387 0.300394 -0.158419 
0.003175 -0.454222 -0.641326 0.546221 0.291363 -0.155617 
0.001410 -0.465985 -0.684165 0.507248 0.281786 -0.155480 
0.017027 -0.474219 -0.724219 0.458487 0.264092 -0.157976 
0.075465 -0.481098 -0.757800 0.398373 0.247868 -0.160557 
0.274721 -0.486457 -0.774587 0.345477 0.229422 -0.164389 
0.544964 -0.489136 -0.792773 0.308128 0.213737 -0.167532 
0.665157 -0.493251 -0.805952 0.273636 0.191139 -0.170429 
0.699683 -0.495308 -0.816025 0.235500 0.162244 -0.175681 
0.711211 -0.497318 -0.825468 0.197924 0.116119 -0.182281 
0.709767 -0.482261 -0.832524 0.159326 0.074021 -0.190436 
0.708059 -0.432191 -0.839175 0.126285 0.021205 -0.202078 
0.706023 -0.292613 -0.844004 0.093619 -0.046659 -0.220175 
0.703577 -0.106796 -0.848206 0.070323 -0.114182 -0.242511 
0.700643 0.076071 -0.851668 0.053768 -0.186914 -0.270835 
0.697069 0.191487 -0.853771 0.039914 -0.244250 -0.302582 
0.692682 0.256286 -0.851048 0.029489 -0.296057 -0.358669 
0.687256 0.291841 -0.825279 0.022366 -0.340920 -0.407416 
0.680504 0.308981 -0.756901 0.016796 -0.377306 -0.455387 
0.672060 0.317319 -0.571245 0.011630 -0.408299 -0.502928 
0.661478 0.318225 -0.405294 0.007829 -0.430212 -0.560892 
0.647503 0.317100 -0.293236 0.005257 -0.448169 -0.616404 
0.629508 0.314698 -0.223684 0.005233 -0.461101 -0.667816 
0.606629 0.310972 -0.185529 0.014416 -0.471770 -0.710357 
0.577896 0.306331 -0.166795 0.058189 -0.479609 -0.740765 
0.542530 0.299838 -0.158883 0.182527 -0.485714 -0.771251 
0.500228 0.292011 -0.156339 0.368898 -0.490091 -0.791114 
0.451464 0.278913 -0.156541 0.515533 -0.493509 -0.807081 
0.397692 0.257274 -0.158363 0.609405 -0.496430 -0.820436 
0.341287 0.239973 -0.160676 0.660183 -0.484691 -0.829492 
0.285194 0.219039 -0.164461 0.684835 -0.422200 -0.836858 
0.232349 0.179268 -0.169606 0.696732 -0.309944 -0.843128 
0.185091 0.146489 -0.175842 0.699890 -0.111960 -0.847695 
0.144776 0.108253 -0.185849 0.701469 0.067178 -0.850995 
0.111729 0.054146 -0.196508 0.700225 0.189958 -0.853565 
0.085465 -0.015506 -0.212964 0.698156 0.258003 -0.851695 
0.065035 -0.084994 -0.230640 0.694126 0.293450 -0.819996 
0.049343 -0.153478 -0.263454 0.688154 0.310007 -0.748863 
0.037352 -0.217161 -0.287699 0.683308 0.317158 -0.557572 
0.028182 -0.279972 -0.338545 0.674921 0.319838 -0.391485 
0.021134 -0.320842 -0.376483 0.662660 0.319212 -0.291235 
0.015676 -0.358068 -0.430140 0.650295 0.316388 -0.222680 
0.011408 -0.390701 -0.481865 0.630611 0.312923 -0.184738 
0.008037 -0.418251 -0.539254 0.614599 0.307306 -0.166702 
0.005348 -0.439441 -0.589578 0.586387 0.300399 -0.158419 
0.003179 -0.454222 -0.641326 0.546221 0.291365 -0.155617 
0.001413 -0.465985 -0.684165 0.507248 0.281787 -0.155480 
0.001410 -0.474219 -0.724219 0.458487 0.264093 -0.157976 
0.017027 -0.481098 -0.749954 0.398373 0.247868 -0.160557 
0.075465 -0.486457 -0.770664 0.345477 0.229423 -0.161848 
0.274721 -0.489136 -0.786743 0.319030 0.213737 -0.165035 
0.544964 -0.491158 -0.798851 0.294904 0.198866 -0.167855 
0.665157 -0.494262 -0.808991 0.266998 0.183704 -0.170590 
0.699683 -0.496562 -0.818810 0.232181 0.158526 -0.175762 
0.711211 -0.493533 -0.826861 0.181620 0.114261 -0.182321 
0.709808 -0.480368 -0.834499 0.141902 0.061149 -0.190456 
0.708156 -0.431245 -0.840162 0.110841 -0.005164 -0.202088 
0.706197 -0.292140 -0.844982 0.085897 -0.059843 -0.225210 
0.703857 -0.059413 -0.848696 0.066462 -0.120774 -0.245028 
0.701063 0.099763 -0.851913 0.051837 -0.190210 -0.279922 
0.697678 0.210423 -0.852353 0.038012 -0.245898 -0.319219 
0.693548 0.265754 -0.849176 0.028538 -0.296881 -0.366988 
0.688468 0.296575 -0.824343 0.021890 -0.341332 -0.411575 
0.682179 0.311116 -0.711198 0.015136 -0.382256 -0.469537 
0.674346 0.318387 -0.548393 0.010800 -0.410775 -0.525444 
0.664552 0.318759 -0.393868 0.007414 -0.431450 -0.582679 
0.652183 0.317367 -0.278996 0.004694 -0.448788 -0.627297 
0.635989 0.314831 -0.216564 0.008171 -0.462956 -0.673262 
0.615481 0.311039 -0.181969 0.028908 -0.472702 -0.713080 
0.589748 0.304929 -0.166064 0.091004 -0.480075 -0.742127 
0.557978 0.299138 -0.158517 0.242781 -0.485947 -0.771931 
0.519678 0.291660 -0.156156 0.399025 -0.490207 -0.791454 
0.474947 0.278737 -0.156449 0.536474 -0.493567 -0.807251 
0.424705 0.257186 -0.158317 0.620174 -0.496460 -0.820521 
0.370759 0.239929 -0.162196 0.665568 -0.484705 -0.829534 
0.315619 0.219017 -0.165221 0.687453 -0.422207 -0.836879 
0.262074 0.179258 -0.169986 0.698041 -0.309948 -0.843139 
0.212653 0.146484 -0.176032 0.700545 -0.111962 -0.846996 
0.169165 0.108250 -0.185944 0.701797 0.067177 -0.850646 
0.132483 0.054145 -0.196556 0.700389 0.189958 -0.853390 
0.102602 -0.015506 -0.208828 0.698238 0.256812 -0.851608 
0.078893 -0.065191 -0.228572 0.694167 0.292854 -0.819953 
0.060412 -0.143577 -0.252052 0.690660 0.309709 -0.748841 
0.046146 -0.194958 -0.281998 0.684561 0.317680 -0.645772 
0.035169 -0.268870 -0.335694 0.675548 0.320099 -0.435585 
0.026709 -0.315292 -0.362625 0.666557 0.319343 -0.313285 
0.020154 -0.355293 -0.423211 0.652244 0.317376 -0.238178 
0.015034 -0.389314 -0.478400 0.631585 0.313417 -0.192487 
0.011001 -0.417557 -0.537521 0.615086 0.307553 -0.170238 
0.007791 -0.439094 -0.588712 0.586630 0.303034 -0.160187 
0.005213 -0.454048 -0.640893 0.546343 0.292683 -0.156502 
0.003121 -0.465898 -0.683948 0.507309 0.282446 -0.155185 
0.017027 -0.474176 -0.724111 0.458517 0.270766 -0.157828 
0.075465 -0.481077 -0.749900 0.416211 0.251205 -0.160484 
0.274721 -0.486446 -0.770637 0.354396 0.231091 -0.161811 
0.544964 -0.489131 -0.790798 0.312588 0.214571 -0.166243 
0.665157 -0.493248 -0.800878 0.275866 0.191556 -0.169784 
0.699683 -0.495307 -0.813487 0.236615 0.162453 -0.175359 
0.711211 -0.497317 -0.824199 0.198482 0.116224 -0.182120 
0.709767 -0.486217 -0.831889 0.159605 0.074073 -0.190355 
0.708059 -0.456820 -0.837967 0.126425 0.021231 -0.202037 
0.706023 -0.304927 -0.843400 0.093688 -0.046646 -0.220155 
0.703577 -0.112953 -0.847631 0.072830 -0.114176 -0.242501 
0.700643 0.072993 -0.850521 0.055028 -0.170763 -0.270830 
0.697069 0.189948 -0.853198 0.043088 -0.236175 -0.302579 
0.692682 0.255516 -0.850761 0.031760 -0.292019 -0.335829 
0.687256 0.291979 -0.836873 0.023501 -0.338901 -0.384459 
0.680504 0.309050 -0.762698 0.017364 -0.376296 -0.443908 
0.672060 0.317354 -0.617351 0.012545 -0.407794 -0.497189 
0.661478 0.318242 -0.428347 0.009054 -0.429960 -0.558023 
0.647386 0.318133 -0.304763 0.005870 -0.448043 -0.614969 
0.629369 0.315214 -0.229447 0.005539 -0.461037 -0.667098 
0.606466 0.312336 -0.188400 0.014570 -0.470907 -0.703808 
0.577708 0.307013 -0.168230 0.058266 -0.479178 -0.737491 
0.542317 0.300179 -0.159183 0.182565 -0.485498 -0.760359 
0.499993 0.292181 -0.156489 0.368928 -0.489983 -0.785668 
0.451217 0.278998 -0.156616 0.515547 -0.493455 -0.804358 
0.397443 0.267506 -0.157768 0.609412 -0.496403 -0.819074 
0.341048 0.245328 -0.160379 0.660187 -0.484677 -0.828811 
0.284977 0.221717 -0.164312 0.684837 -0.456823 -0.836518 
0.232162 0.180607 -0.169532 0.696733 -0.327255 -0.842958 
0.184937 0.147159 -0.175805 0.699891 -0.120615 -0.846905 
0.144655 0.108588 -0.185831 0.701470 0.062850 -0.850600 
0.111637 0.054313 -0.196499 0.700225 0.187794 -0.853367 
0.085396 -0.015422 -0.212960 0.698156 0.255730 -0.851596 
0.064985 -0.084952 -0.230637 0.694126 0.292314 -0.819947 
0.049307 -0.153457 -0.263453 0.688154 0.309438 -0.748838 
0.037325 -0.217150 -0.287698 0.683308 0.316874 -0.557559 
0.028162 -0.279966 -0.338544 0.674921 0.319696 -0.391478 
0.021120 -0.320840 -0.376483 0.662660 0.319141 -0.291232 
0.015665 -0.358067 -0.430140 0.650295 0.316352 -0.222678 
0.011400 -0.390701 -0.481865 0.630611 0.312905 -0.184737 
0.008031 -0.418251 -0.539254 0.614599 0.307297 -0.166701 
0.005343 -0.439441 -0.589578 0.586387 0.300394 -0.158419 
0.003175 -0.454222 -0.641326 0.546221 0.291363 -0.155617 
0.001410 -0.465985 -0.684165 0.507248 0.281786 -0.155480 
0.001407 -0.474219 -0.724219 0.458487 0.264092 -0.157976 
0.017019 -0.481098 -0.749954 0.398373 0.247868 -0.160557 
0.075437 -0.486457 -0.770664 0.345477 0.229422 -0.161848 
0.274648 -0.489136 -0.786743 0.319030 0.213737 -0.165035 
0.544912 -0.491158 -0.798851 0.294904 0.198866 -0.167855 
0.665140 -0.494262 -0.808991 0.266998 0.183704 -0.170590 
0.699678 -0.496562 -0.818810 0.232181 0.158526 -0.175762 
0.711209 -0.493533 -0.826861 0.181620 0.114261 -0.182321 
0.709805 -0.480368 -0.834499 0.141902 0.061149 -0.190456 
0.708153 -0.431245 -0.840162 0.110841 -0.005164 -0.202088 
0.706194 -0.292140 -0.844982 0.085897 -0.059843 -0.225210 
0.703857 -0.059413 -0.848696 0.066462 -0.120774 -0.245028 
0.701066 0.099763 -0.851913 0.051837 -0.190210 -0.279922 
0.697689 0.210423 -0.852353 0.038012 -0.245898 -0.319219 
0.693573 0.265754 -0.849176 0.028538 -0.296881 -0.366988 
0.688521 0.296575 -0.824343 0.021890 -0.341332 -0.411575 
0.682283 0.311116 -0.711198 0.015136 -0.382256 -0.469537 
0.674544 0.318387 -0.548393 0.010800 -0.410775 -0.525444 
0.664924 0.318759 -0.393868 0.007414 -0.431450 -0.582679 
0.652186 0.317367 -0.278996 0.004694 -0.448788 -0.627297 
0.635996 0.314831 -0.216564 0.008171 -0.462956 -0.673262 
0.615493 0.311039 -0.181969 0.028908 -0.472702 -0.713080 
0.589766 0.304929 -0.166064 0.091004 -0.480075 -0.742127 
0.558004 0.299138 -0.158517 0.242781 -0.485947 -0.771931 
0.519712 0.291660 -0.156156 0.399025 -0.490207 -0.791454 
0.474990 0.278737 -0.156449 0.536474 -0.493567 -0.807251 
0.424755 0.257186 -0.158317 0.620174 -0.496460 -0.820521 
0.370815 0.239929 -0.162196 0.665568 -0.484705 -0.829534 
0.315677 0.219017 -0.165221 0.687453 -0.422207 -0.836879 
0.262131 0.179258 -0.169986 0.698041 -0.309948 -0.843139 
0.212705 0.146484 -0.176032 0.700545 -0.111962 -0.846996 
0.169211 0.108250 -0.185944 0.701797 0.067177 -0.850646 
0.132522 0.054145 -0.196556 0.700389 0.189958 -0.853390 
0.102634 -0.015506 -0.208828 0.698238 0.256812 -0.851608 
0.078918 -0.065191 -0.228572 0.694167 0.292854 -0.819953 
0.060431 -0.143577 -0.252052 0.690660 0.309709 -0.748841 
0.046161 -0.194958 -0.281998 0.684561 0.317680 -0.645772 
0.035181 -0.268870 -0.335694 0.675548 0.320099 -0.435585 
0.026718 -0.315292 -0.362625 0.666557 0.319343 -0.313285 
0.020161 -0.355293 -0.423211 0.652244 0.317376 -0.238178 
0.015040 -0.389314 -0.478400 0.631585 0.313417 -0.192487 
0.011005 -0.417557 -0.537521 0.615086 0.307553 -0.170238 
0.007795 -0.439094 -0.588712 0.586630 0.303034 -0.160187 
0.005216 -0.454048 -0.640893 0.546343 0.292683 -0.156502 
0.003123 -0.465898 -0.683948 0.507309 0.282446 -0.155185 
0.017032 -0.474176 -0.724111 0.458517 0.270766 -0.157828 
0.075488 -0.481077 -0.749900 0.416211 0.251205 -0.160484 
0.274779 -0.486446 -0.770637 0.354396 0.231091 -0.161811 
0.545007 -0.489131 -0.790798 0.312588 0.214571 -0.166243 
0.665171 -0.493248 -0.800878 0.275866 0.191556 -0.169784 
0.699688 -0.495307 -0.813487 0.236615 0.162453 -0.175359 
0.711214 -0.497317 -0.824199 0.198482 0.116224 -0.182120 
0.709769 -0.486217 -0.831889 0.159605 0.074073 -0.190355 
0.708061 -0.456820 -0.837967 0.126425 0.021231 -0.202037 
0.706026 -0.304927 -0.843400 0.093688 -0.046646 -0.220155 
0.703581 -0.112953 -0.847631 0.072830 -0.114176 -0.242501 
0.700643 0.072993 -0.850521 0.055028 -0.170763 -0.270830 
0.697069 0.189948 -0.853198 0.043088 -0.236175 -0.302579 
0.692682 0.255516 -0.850761 0.031760 -0.292019 -0.335829 
0.687256 0.291979 -0.836873 0.023501 -0.338901 -0.384459 
0.680504 0.309050 -0.762698 0.017364 -0.376296 -0.443908 
0.672060 0.317354 -0.617351 0.012545 -0.407794 -0.497189 
0.661478 0.318242 -0.428347 0.009054 -0.429960 -0.558023 
0.647386 0.318133 -0.304763 0.005870 -0.448043 -0.614969 
0.629369 0.315214 -0.229447 0.005539 -0.461037 -0.667098 
0.606466 0.312336 -0.188400 0.014570 -0.470907 -0.703808 
0.577708 0.307013 -0.168230 0.058266 -0.479178 -0.737491 
0.542317 0.300179 -0.159183 0.182565 -0.485498 -0.760359 
0.499993 0.292181 -0.156489 0.368928 -0.489983 -0.785668 
0.451217 0.278998 -0.156616 0.515547 -0.493455 -0.804358 
0.397443 0.267506 -0.157768 0.609412 -0.496403 -0.819074 
0.341048 0.245328 -0.160379 0.660187 -0.484677 -0.828811 
0.284977 0.221717 -0.164312 0.684837 -0.456823 -0.836518 
0.232162 0.180607 -0.169532 0.696733 -0.327255 -0.842958 
0.184937 0.147159 -0.175805 0.699891 -0.120615 -0.846905 
0.144655 0.108588 -0.185831 0.701470 0.062850 -0.850600 
0.111637 0.054313 -0.196499 0.700225 0.187794 -0.853367 
0.085396 -0.015422 -0.212960 0.698156 0.255730 -0.851596 
0.064985 -0.084952 -0.230637 0.694126 0.292314 -0.819947 
0.049307 -0.153457 -0.263453 0.688154 0.309438 -0.748838 
0.037325 -0.217150 -0.287698 0.683308 0.316874 -0.557559 
0.028162 -0.279966 -0.338544 0.674921 0.319696 -0.391478 
0.021120 -0.320840 -0.376483 0.662660 0.319141 -0.291232 
0.015665 -0.358067 -0.430140 0.650295 0.316352 -0.222678 
0.011400 -0.390701 -0.481865 0.630611 0.312905 -0.184737 
0.008031 -0.418251 -0.539254 0.614599 0.307297 -0.166701 
0.005343 -0.439441 -0.589578 0.586387 0.300394 -0.158419 
0.003175 -0.454222 -0.641326 0.546221 0.291363 -0.155617 
0.001410 -0.465985 -0.684165 0.507248 0.281786 -0.155480 
0.001407 -0.474219 -0.724219 0.458487 0.264092 -0.157976 
0.017019 -0.481098 -0.749954 0.398373 0.247868 -0.160557 
0.075437 -0.486457 -0.770664 0.345477 0.229422 -0.161848 
0.274648 -0.489136 -0.786743 0.319030 0.213737 -0.165035 
0.544912 -0.491158 -0.798851 0.294904 0.198866 -0.167855 
0.665140 -0.494262 -0.808991 0.266998 0.183704 -0.170590 
0.699678 -0.496562 -0.818810 0.232181 0.158526 -0.175762 
0.711209 -0.493533 -0.826861 0.181620 0.114261 -0.182321 
0.709805 -0.480368 -0.834499 0.141902 0.061149 -0.190456 
0.708153 -0.431245 -0.840162 0.110841 -0.005164 -0.202088 
0.706194 -0.292140 -0.844982 0.085897 -0.059843 -0.225210 
0.703857 -0.059413 -0.848696 0.066462 -0.120774 -0.245028 
0.701066 0.099763 -0.851913 0.051837 -0.190210 -0.279922 
0.697689 0.210423 -0.852353 0.038012 -0.245898 -0.319219 
0.693573 0.265754 -0.849176 0.028538 -0.296881 -0.366988 
0.688521 0.296575 -0.824343 0.021890 -0.341332 -0.411575 
0.682283 0.311116 -0.711198 0.015136 -0.382256 -0.469537 
0.674544 0.318387 -0.548393 0.010800 -0.410775 -0.525444 
0.664924 0.318759 -0.393868 0.007414 -0.431450 -0.582679 
0.652186 0.317367 -0.278996 0.004694 -0.448788 -0.627297 
0.635996 0.314831 -0.216564 0.008171 -0.462956 -0.673262 
0.615493 0.311039 -0.181969 0.028908 -0.472702 -0.713080 
0.589766 0.304929 -0.166064 0.091004 -0.480075 -0.742127 
0.558004 0.299138 -0.158517 0.242781 -0.485947 -0.771931 
0.519712 0.291660 -0.156156 0.399025 -0.490207 -0.791454 
0.474990 0.278737 -0.156449 0.536474 -0.493567 -0.807251 
0.424755 0.257186 -0.158317 0.620174 -0.496460 -0.820521 
0.370815 0.239929 -0.162196 0.665568 -0.484705 -0.829534 
0.315677 0.219017 -0.165221 0.687453 -0.422207 -0.836879 
0.262131 0.179258 -0.169986 0.698041 -0.309948 -0.843139 
0.212705 0.146484 -0.176032 0.700545 -0.111962 -0.846996 
0.169211 0.108250 -0.185944 0.701797 0.067177 -0.850646 
0.132522 0.054145 -0.196556 0.700389 0.189958 -0.853390 
0.102634 -0.015506 -0.208828 0.698238 0.256812 -0.851608 
0.078918 -0.065191 -0.228572 0.694167 0.292854 -0.819953 
0.060431 -0.143577 -0.252052 0.690660 0.309709 -0.748841 
0.046161 -0.194958 -0.281998 0.684561 0.317680 -0.645772 
0.035181 -0.268870 -0.335694 0.675548 0.320099 -0.435585 
0.026718 -0.315292 -0.362625 0.666557 0.319343 -0.313285 
0.020161 -0.355293 -0.423211 0.652244 0.317376 -0.238178 
0.015040 -0.389314 -0.478400 0.631585 0.313417 -0.192487 
0.011005 -0.417557 -0.537521 0.615086 0.307553 -0.170238 
0.007795 -0.439094 -0.588712 0.586630 0.303034 -0.160187 
0.005216 -0.454048 -0.640893 0.546343 0.292683 -0.156502 
0.003123 -0.465898 -0.683948 0.507309 0.282446 -0.155185 
0.017032 -0.474176 -0.724111 0.458517 0.270766 -0.157828 
0.075488 -0.481077 -0.749900 0.416211 0.251205 -0.160484 
0.274779 -0.486446 -0.770637 0.354396 0.231091 -0.161811 
0.545007 -0.489131 -0.790798 0.312588 0.214571 -0.166243 
0.665171 -0.493248 -0.800878 0.275866 0.191556 -0.169784 
0.699688 -0.495307 -0.813487 0.236615 0.162453 -0.175359 
0.711214 -0.497317 -0.824199 0.198482 0.116224 -0.182120 
0.709769 -0.486217 -0.831889 0.159605 0.074073 -0.190355 
0.708061 -0.456820 -0.837967 0.126425 0.021231 -0.202037 
0.706026 -0.304927 -0.843400 0.093688 -0.046646 -0.220155 
0.703581 -0.112953 -0.847631 0.072830 -0.114176 -0.242501 
0.700643 0.072993 -0.850521 0.055028 -0.170763 -0.270830 
0.697069 0.189948 -0.853198 0.043088 -0.236175 -0.302579 
0.692682 0.255516 -0.850761 0.031760 -0.292019 -0.335829 
0.687256 0.291979 -0.836873 0.023501 -0.338901 -0.384459 
0.680504 0.309050 -0.762698 0.017364 -0.376296 -0.443908 
0.672060 0.317354 -0.617351 0.012545 -0.407794 -0.497189 
0.661478 0.318242 -0.428347 0.009054 -0.429960 -0.558023 
0.647386 0.318133 -0.304763 0.005870 -0.448043 -0.614969 
0.629369 0.315214 -0.229447 0.005539 -0.461037 -0.667098 
0.606466 0.312336 -0.188400 0.014570 -0.470907 -0.703808 
0.577708 0.307013 -0.168230 0.058266 -0.479178 -0.737491 
0.542317 0.300179 -0.159183 0.182565 -0.485498 -0.760359 
0.499993 0.292181 -0.156489 0.368928 -0.489983 -0.785668 
0.451217 0.278998 -0.156616 0.515547 -0.493455 -0.804358 
0.397443 0.267506 -0.157768 0.609412 -0.496403 -0.819074 
0.341048 0.245328 -0.160379 0.660187 -0.484677 -0.828811 
0.284977 0.221717 -0.164312 0.684837 -0.456823 -0.836518 
0.232162 0.180607 -0.169532 0.696733 -0.327255 -0.842958 
0.184937 0.147159 -0.175805 0.699891 -0.120615 -0.846905 
0.144655 0.108588 -0.185831 0.701470 0.062850 -0.850600 
0.111637 0.054313 -0.196499 0.700225 0.187794 -0.853367 
0.085396 -0.015422 -0.212960 0.698156 0.255730 -0.851596 
0.064985 -0.084952 -0.230637 0.694126 0.292314 -0.819947 
0.049307 -0.153457 -0.263453 0.688154 0.309438 -0.748838 
0.037325 -0.217150 -0.287698 0.683308 0.316874 -0.557559 
0.028162 -0.279966 -0.338544 0.674921 0.319696 -0.391478 
0.021120 -0.320840 -0.376483 0.662660 0.319141 -0.291232 
0.015665 -0.358067 -0.430140 0.650295 0.316352 -0.222678 
0.011400 -0.390701 -0.481865 0.630611 0.312905 -0.184737 
0.008031 -0.418251 -0.539254 0.614599 0.307297 -0.166701 
0.005343 -0.439441 -0.589578 0.586387 0.300394 -0.158419 
0.003175 -0.454222 -0.641326 0.546221 0.291363 -0.155617 
0.001410 -0.465985 -0.684165 0.507248 0.281786 -0.155480 
0.017027 -0.474219 -0.724219 0.458487 0.264092 -0.157976 
0.075465 -0.481098 -0.757800 0.398373 0.247868 -0.160557 
0.274721 -0.486457 -0.774587 0.345477 0.229422 -0.164389 
0.544964 -0.489136 -0.792773 0.308128 0.213737 -0.167532 
0.665157 -0.493251 -0.805952 0.273636 0.191139 -0.170429 
0.699683 -0.495308 -0.816025 0.235500 0.162244 -0.175681 
0.711211 -0.497318 -0.825468 0.197924 0.116119 -0.182281 
0.709767 -0.482261 -0.832524 0.159326 0.074021 -0.190436 
0.708059 -0.432191 -0.839175 0.126285 0.021205 -0.202078 
0.706023 -0.292613 -0.844004 0.093619 -0.046659 -0.220175 
0.703577 -0.106796 -0.848206 0.070323 -0.114182 -0.242511 
0.700618 0.076071 -0.851668 0.053768 -0.186914 -0.270835 
0.697029 0.191487 -0.853771 0.039914 -0.244250 -0.302582 
0.692618 0.256286 -0.851048 0.029489 -0.296057 -0.358669 
0.687154 0.291841 -0.825279 0.022366 -0.340920 -0.407416 
0.680338 0.308981 -0.756901 0.016796 -0.377306 -0.455387 
0.671789 0.317319 -0.571245 0.011630 -0.408299 -0.502928 
0.661033 0.318225 -0.405294 0.007829 -0.430212 -0.560892 
0.647503 0.317100 -0.293236 0.005257 -0.448169 -0.616404 
0.629512 0.314698 -0.223684 0.005233 -0.461101 -0.667816 
0.606638 0.310972 -0.185529 0.014416 -0.471770 -0.710357 
0.577912 0.306331 -0.166795 0.058189 -0.479609 -0.740765 
0.542553 0.299838 -0.158883 0.182527 -0.485714 -0.771251 
0.500259 0.292011 -0.156339 0.368898 -0.490091 -0.791114 
0.451505 0.278913 -0.156541 0.515533 -0.493509 -0.807081 
0.397740 0.257274 -0.158363 0.609405 -0.496430 -0.820436 
0.341339 0.239973 -0.160676 0.660183 -0.484691 -0.829492 
0.285247 0.219039 -0.164461 0.684835 -0.422200 -0.836858 
0.232400 0.179268 -0.169606 0.696732 -0.309944 -0.843128 
0.185137 0.146489 -0.175842 0.699890 -0.111960 -0.847695 
0.144816 0.108253 -0.185849 0.701469 0.067178 -0.850995 
0.111762 0.054146 -0.196508 0.700225 0.189958 -0.853565 
0.085491 -0.015506 -0.212964 0.698156 0.258003 -0.851695 
0.065056 -0.084994 -0.230640 0.694126 0.293450 -0.819996 
0.049359 -0.153478 -0.263454 0.688154 0.310007 -0.748863 
0.037364 -0.217161 -0.287699 0.683308 0.317158 -0.557572 
0.028192 -0.279972 -0.338545 0.674921 0.319838 -0.391485 
0.021142 -0.320842 -0.376483 0.662660 0.319212 -0.291235 
0.015682 -0.358068 -0.430140 0.650295 0.316388 -0.222680 
0.011413 -0.390701 -0.481865 0.630611 0.312923 -0.184738 
0.008041 -0.418251 -0.539254 0.614599 0.307306 -0.166702 
0.005351 -0.439441 -0.589578 0.586387 0.300399 -0.158419 
0.003181 -0.454222 -0.641326 0.546221 0.291365 -0.155617 
0.001415 -0.465985 -0.684165 0.507248 0.281787 -0.155480 
0.001412 -0.474219 -0.724219 0.458487 0.264093 -0.157976 
0.017032 -0.481098 -0.749954 0.398373 0.247868 -0.160557 
