0.357500 0.000000 0.000000 0.000000 0.000000 0.000000 
0.357500 0.000000 0.000000 0.000000 0.000000 0.000000 
-0.009420 0.000000 0.000000 0.000000 0.000000 0.000000 
0.724576 0.000000 0.000000 0.000000 0.000000 0.000000 
0.640965 0.000000 0.000000 0.000000 0.000000 0.000000 
0.001386 0.000000 0.000000 0.000000 0.000000 0.000000 
0.001386 0.000000 0.000000 0.000000 0.000000 0.000000 
0.001386 0.000000 0.000000 0.000000 0.000000 0.000000 
0.001386 0.000000 0.000000 0.000000 0.000000 0.000000 
0.001386 0.000000 0.000000 0.000000 0.000000 0.000000 
0.001386 0.000000 0.000000 0.000000 0.000000 0.000000 
0.001386 0.000000 0.000000 0.000000 0.000000 0.000000 
0.001386 0.000000 0.000000 0.000000 0.000000 0.000000 
0.001386 0.000000 0.000000 0.000000 0.000000 0.000000 
0.001386 0.000000 0.000000 0.000000 0.000000 0.000000 
0.001386 0.000000 0.000000 0.000000 0.000000 0.000000 
0.001386 0.000000 0.000000 0.000000 0.000000 0.000000 
0.001386 0.000000 0.000000 0.000000 0.000000 0.000000 
0.001386 0.000000 0.000000 0.000000 0.000000 0.000000 
0.001386 0.000000 0.000000 0.000000 0.000000 0.000000 
0.001386 0.000000 0.000000 0.000000 0.000000 0.000000 
0.711202 0.000000 0.000000 0.000000 0.000000 0.000000 
0.711202 0.000000 0.000000 0.000000 0.000000 0.000000 
0.711202 0.000000 0.000000 0.000000 0.000000 0.000000 
0.711202 0.000000 0.000000 0.000000 0.000000 0.000000 
0.707720 0.000000 0.000000 0.000000 0.000000 0.000000 
0.702598 -0.089458 -0.674162 -0.240468 -0.423932 -0.434540 
0.695383 0.118969 -0.715059 -0.114621 -0.413542 -0.445352 
0.683177 0.222313 -0.550324 -0.054079 -0.426417 -0.498097 
0.662908 0.269144 -0.365751 -0.025696 -0.446272 -0.585007 
0.628464 0.289499 -0.256560 -0.007024 -0.461698 -0.662765 
0.570533 0.294159 -0.203359 0.047469 -0.473206 -0.716969 
0.481447 0.289171 -0.177668 0.259679 -0.483837 -0.761070 
0.365397 0.277493 -0.167205 0.466801 -0.490382 -0.792059 
0.245083 0.256564 -0.164227 0.585337 -0.492646 -0.814820 
0.147495 0.222685 -0.166648 0.647425 -0.437241 -0.829438 
0.083124 0.171960 -0.174364 0.678026 -0.271655 -0.840382 
0.045673 0.096830 -0.185110 0.689926 -0.006447 -0.847339 
0.024751 0.005836 -0.207265 0.693006 0.159800 -0.847181 
0.012866 -0.101245 -0.241399 0.690079 0.243442 -0.807759 
0.005822 -0.205511 -0.288568 0.680904 0.283541 -0.587020 
0.001440 -0.300402 -0.370063 0.665651 0.299993 -0.375045 
0.001433 -0.361869 -0.451826 0.638289 0.304704 -0.261063 
0.001427 -0.407798 -0.538922 0.606744 0.301610 -0.205360 
0.001421 -0.441601 -0.622805 0.539719 0.289644 -0.179614 
0.052607 -0.464175 -0.698477 0.465630 0.268021 -0.170043 
0.422000 -0.477997 -0.744925 0.379106 0.239456 -0.166591 
0.678095 -0.487681 -0.782029 0.309125 0.203999 -0.169958 
0.711223 -0.493272 -0.806703 0.234736 0.136997 -0.179420 
0.708348 -0.460347 -0.824420 0.168460 0.059821 -0.196570 
0.704377 -0.306691 -0.837111 0.114706 -0.027351 -0.222451 
0.698774 -0.023877 -0.846121 0.075959 -0.143498 -0.260805 
0.690659 0.148604 -0.847222 0.050073 -0.245681 -0.314943 
0.678568 0.238000 -0.801589 0.032013 -0.324417 -0.385553 
0.660230 0.281829 -0.593589 0.019238 -0.381855 -0.483452 
0.630391 0.298902 -0.387384 0.010962 -0.423990 -0.577684 
0.583988 0.304378 -0.267376 0.011305 -0.450557 -0.659104 
0.515607 0.301598 -0.208767 0.114820 -0.469003 -0.721166 
0.424850 0.292891 -0.181281 0.335045 -0.481735 -0.766072 
0.321252 0.274452 -0.170096 0.515585 -0.490544 -0.797762 
0.222229 0.239531 -0.168086 0.612798 -0.481748 -0.819428 
0.142845 0.189514 -0.171418 0.660713 -0.339718 -0.834132 
0.087747 0.129766 -0.181299 0.681881 -0.062111 -0.844045 
0.052845 0.034640 -0.198919 0.690431 0.125314 -0.850314 
0.031540 -0.067808 -0.223617 0.690264 0.226664 -0.836580 
0.018496 -0.168457 -0.267780 0.682681 0.275487 -0.663278 
0.010307 -0.265085 -0.328842 0.670123 0.297743 -0.435340 
0.004988 -0.341741 -0.419174 0.649055 0.304272 -0.294732 
0.001410 -0.393771 -0.519006 0.612127 0.302952 -0.221361 
0.001405 -0.431387 -0.606040 0.559092 0.293795 -0.186789 
0.052485 -0.456920 -0.677311 0.480628 0.276440 -0.171066 
0.421553 -0.473743 -0.734346 0.409444 0.254042 -0.167102 
0.678017 -0.483462 -0.772652 0.340111 0.219018 -0.168889 
0.711206 -0.491162 -0.800641 0.256577 0.163930 -0.174911 
0.708486 -0.479182 -0.821389 0.179381 0.085984 -0.186750 
0.704798 -0.316109 -0.835111 0.120167 -0.014270 -0.212511 
0.699710 -0.028585 -0.844127 0.080851 -0.120810 -0.250086 
0.692485 0.146249 -0.848460 0.052519 -0.223390 -0.309583 
0.681989 0.236823 -0.823985 0.033881 -0.304587 -0.382873 
0.666495 0.281240 -0.647994 0.020804 -0.367543 -0.466858 
0.641811 0.299632 -0.414586 0.011745 -0.412997 -0.563339 
0.603926 0.304743 -0.281661 0.011697 -0.445060 -0.641283 
0.547710 0.301781 -0.215910 0.056829 -0.466254 -0.706228 
0.470389 0.292982 -0.184852 0.306049 -0.480361 -0.758603 
0.376014 0.274498 -0.171353 0.495818 -0.489251 -0.794028 
0.277081 0.248824 -0.167171 0.603390 -0.481101 -0.816288 
0.189084 0.203132 -0.170961 0.656009 -0.369981 -0.831536 
0.121811 0.148412 -0.181070 0.679529 -0.103061 -0.841899 
0.075973 0.058602 -0.194119 0.689255 0.104839 -0.849017 
0.046754 -0.047940 -0.221217 0.689676 0.216868 -0.835931 
0.028538 -0.147139 -0.264071 0.684069 0.271260 -0.705283 
0.017082 -0.244961 -0.326987 0.675302 0.295630 -0.465340 
0.009696 -0.331679 -0.405393 0.656616 0.304596 -0.309732 
0.004783 -0.388740 -0.501017 0.627602 0.304023 -0.228861 
0.052551 -0.426656 -0.583529 0.566829 0.296343 -0.189919 
0.421791 -0.454554 -0.666056 0.506712 0.281113 -0.172631 
0.678058 -0.472560 -0.728705 0.422486 0.251907 -0.167885 
0.711215 -0.484963 -0.777401 0.309925 0.201628 -0.173637 
0.708338 -0.480040 -0.808490 0.220498 0.116775 -0.186114 
0.704365 -0.420083 -0.827154 0.152175 0.022650 -0.199917 
0.698774 -0.123384 -0.839508 0.102412 -0.079528 -0.229619 
0.690659 0.091759 -0.847691 0.064236 -0.190557 -0.281973 
0.678568 0.210100 -0.837671 0.040062 -0.288170 -0.357531 
0.660230 0.267879 -0.717861 0.024852 -0.354979 -0.442265 
0.630391 0.293505 -0.467984 0.015207 -0.403522 -0.530561 
0.583988 0.304197 -0.309009 0.008309 -0.438777 -0.611782 
0.515607 0.302943 -0.228534 0.038983 -0.460655 -0.687924 
0.424850 0.293563 -0.190256 0.216770 -0.476239 -0.744830 
0.321252 0.279689 -0.173499 0.451179 -0.486583 -0.784867 
0.222229 0.251420 -0.168244 0.580329 -0.486437 -0.811708 
0.142845 0.204430 -0.171498 0.644478 -0.372649 -0.829246 
0.087747 0.149060 -0.181339 0.673764 -0.104395 -0.840754 
0.052845 0.047643 -0.198939 0.686372 0.104172 -0.848668 
0.031540 -0.061306 -0.223627 0.688234 0.216535 -0.835757 
0.018496 -0.165206 -0.265276 0.681666 0.270422 -0.662866 
0.010307 -0.263460 -0.327590 0.669616 0.295211 -0.435134 
0.004988 -0.340928 -0.418548 0.648801 0.303005 -0.294630 
0.001410 -0.393364 -0.518693 0.612001 0.302319 -0.221310 
0.052522 -0.431184 -0.605883 0.559028 0.293479 -0.186763 
0.421683 -0.456818 -0.677233 0.480596 0.276282 -0.173617 
0.678038 -0.473692 -0.734294 0.409428 0.237218 -0.168378 
0.711211 -0.485529 -0.780195 0.303396 0.194283 -0.173920 
0.708333 -0.480323 -0.809887 0.212062 0.113103 -0.186255 
0.704359 -0.402120 -0.828913 0.142834 0.013079 -0.212264 
0.698774 -0.114403 -0.841028 0.092185 -0.107136 -0.249962 
0.690659 0.103008 -0.847793 0.059123 -0.204361 -0.299843 
0.678568 0.215724 -0.837722 0.037505 -0.295072 -0.366466 
0.660230 0.270691 -0.654863 0.022943 -0.362786 -0.446733 
0.630391 0.294911 -0.424817 0.013320 -0.410618 -0.543323 
0.583988 0.304250 -0.287426 0.009394 -0.442325 -0.631275 
0.515607 0.302969 -0.217743 0.039525 -0.462429 -0.701225 
0.424850 0.293576 -0.184860 0.267308 -0.478017 -0.753197 
0.321252 0.279695 -0.170801 0.476447 -0.488080 -0.789051 
0.222229 0.251423 -0.166895 0.592963 -0.487186 -0.813799 
0.142845 0.204432 -0.170823 0.650796 -0.373023 -0.831318 
0.087747 0.149061 -0.181001 0.676922 -0.078764 -0.841790 
0.052845 0.047644 -0.198771 0.687952 0.116988 -0.849186 
0.031540 -0.061306 -0.223543 0.689024 0.222942 -0.836016 
0.018496 -0.165206 -0.267743 0.682061 0.273626 -0.662996 
0.010307 -0.263459 -0.328823 0.669813 0.296813 -0.435199 
0.004988 -0.340928 -0.419164 0.648900 0.303806 -0.294662 
0.001410 -0.393364 -0.519002 0.612050 0.302720 -0.221326 
0.052522 -0.431183 -0.606038 0.559053 0.293679 -0.186771 
0.421683 -0.456818 -0.677310 0.480609 0.276382 -0.173621 
0.678038 -0.473692 -0.734332 0.409434 0.237268 -0.168380 
0.711211 -0.485529 -0.780214 0.303399 0.194308 -0.173921 
0.711206 -0.480323 -0.809897 0.212064 0.113116 -0.186256 
0.708328 -0.402120 -0.828918 0.142835 0.013085 -0.212264 
0.704359 -0.114403 -0.841030 0.097741 -0.107133 -0.249962 
0.698774 0.103008 -0.847795 0.061901 -0.204360 -0.299843 
0.690659 0.215724 -0.837722 0.038894 -0.295071 -0.366466 
0.678568 0.270691 -0.654863 0.023638 -0.362785 -0.446733 
0.660230 0.294911 -0.424817 0.013667 -0.410618 -0.543323 
0.630403 0.304250 -0.287426 0.009568 -0.442325 -0.631275 
0.584020 0.302969 -0.217743 0.039612 -0.462429 -0.697671 
0.515666 0.293576 -0.184860 0.267351 -0.478017 -0.749703 
0.424937 0.279695 -0.170801 0.476469 -0.488080 -0.787304 
0.321354 0.256384 -0.166895 0.592974 -0.487186 -0.812926 
0.222323 0.219894 -0.170823 0.650801 -0.404444 -0.829365 
0.142918 0.166802 -0.181001 0.676925 -0.120292 -0.840813 
0.087797 0.083421 -0.194084 0.687953 0.096223 -0.848474 
0.052877 -0.015728 -0.221200 0.690947 0.212898 -0.835660 
0.031560 -0.131033 -0.264063 0.686564 0.269275 -0.705147 
0.018509 -0.236908 -0.326983 0.676550 0.295056 -0.465272 
0.010315 -0.316101 -0.405390 0.657240 0.305232 -0.309699 
0.004994 -0.376887 -0.488410 0.627914 0.306145 -0.228844 
0.001414 -0.420730 -0.577225 0.593044 0.297404 -0.189910 
0.031401 -0.449239 -0.652115 0.519820 0.284807 -0.172627 
0.220262 -0.468608 -0.713901 0.446862 0.258982 -0.167053 
0.581447 -0.480212 -0.758361 0.369722 0.228517 -0.167637 
0.690497 -0.488789 -0.788747 0.292699 0.184860 -0.171948 
0.708338 -0.489646 -0.811829 0.211879 0.127427 -0.180415 
0.704365 -0.435884 -0.828827 0.152562 0.047909 -0.197067 
0.698774 -0.192865 -0.839492 0.102267 -0.060947 -0.224091 
0.690659 0.053257 -0.847311 0.066708 -0.160296 -0.269453 
0.678568 0.187170 -0.846655 0.042886 -0.254080 -0.342105 
0.660230 0.256646 -0.767589 0.027056 -0.333885 -0.416763 
0.630391 0.287888 -0.525730 0.016363 -0.389989 -0.506882 
0.583988 0.301855 -0.344927 0.008887 -0.430280 -0.601391 
0.515607 0.304551 -0.246151 0.016244 -0.456365 -0.677144 
0.424850 0.298948 -0.198144 0.137981 -0.474092 -0.730186 
0.321252 0.285788 -0.175969 0.375659 -0.485265 -0.774190 
0.222229 0.260712 -0.168609 0.540188 -0.490087 -0.803990 
0.142845 0.214644 -0.170099 0.624838 -0.435962 -0.824024 
0.087747 0.154167 -0.176089 0.663943 -0.174969 -0.837675 
0.052845 0.061480 -0.188650 0.682331 0.055499 -0.846368 
0.031540 -0.040289 -0.215393 0.687155 0.192429 -0.843559 
0.018496 -0.137213 -0.255830 0.684668 0.259488 -0.766921 
0.010307 -0.223495 -0.322611 0.678198 0.290162 -0.531145 
0.004988 -0.309394 -0.387084 0.658065 0.302769 -0.347108 
0.001410 -0.373534 -0.479257 0.634496 0.303110 -0.247256 
0.052522 -0.417083 -0.568881 0.596335 0.298301 -0.198703 
0.421683 -0.448496 -0.647771 0.534514 0.286090 -0.177023 
0.678038 -0.468237 -0.719562 0.436387 0.254396 -0.170081 
0.711211 -0.482801 -0.772830 0.337758 0.202873 -0.174735 
0.708333 -0.478959 -0.806205 0.229243 0.117398 -0.186663 
0.704359 -0.401439 -0.827071 0.151424 0.015226 -0.212467 
0.698774 -0.114062 -0.840107 0.096480 -0.106062 -0.250064 
0.690659 0.103178 -0.847333 0.061271 -0.203824 -0.299894 
0.678568 0.215810 -0.837492 0.038579 -0.294804 -0.366491 
0.660230 0.270733 -0.654748 0.023480 -0.362651 -0.446745 
0.630391 0.294932 -0.424760 0.013588 -0.410551 -0.543329 
0.583988 0.304261 -0.287397 0.009528 -0.442292 -0.631278 
0.515607 0.302975 -0.217728 0.039592 -0.462413 -0.701226 
0.424850 0.293579 -0.184853 0.267341 -0.478009 -0.753198 
0.321252 0.279697 -0.170798 0.476464 -0.488076 -0.789051 
0.222229 0.251424 -0.166894 0.592972 -0.487184 -0.813800 
0.142845 0.204432 -0.170822 0.650800 -0.373022 -0.831318 
0.087747 0.149061 -0.181001 0.676924 -0.078763 -0.841790 
0.052845 0.047644 -0.198770 0.687953 0.116988 -0.849186 
0.031540 -0.061306 -0.223543 0.689024 0.222942 -0.836016 
0.018496 -0.165206 -0.267743 0.682061 0.273626 -0.662996 
0.010307 -0.263459 -0.328823 0.669814 0.296813 -0.435199 
0.004988 -0.340928 -0.419164 0.648900 0.303806 -0.294662 
0.001410 -0.393364 -0.519002 0.612050 0.302720 -0.221326 
0.052522 -0.431183 -0.606038 0.559053 0.293679 -0.186771 
0.421683 -0.456818 -0.677310 0.480609 0.276382 -0.173621 
0.678038 -0.473692 -0.734332 0.409434 0.237268 -0.168380 
0.711211 -0.485529 -0.780214 0.303399 0.194308 -0.173921 
0.708333 -0.480323 -0.809897 0.212064 0.113116 -0.186256 
0.704359 -0.402120 -0.828918 0.142835 0.013085 -0.212264 
0.698774 -0.114403 -0.841030 0.092185 -0.107133 -0.249962 
0.690659 0.103008 -0.847795 0.059123 -0.204360 -0.299843 
0.678568 0.215724 -0.837722 0.037505 -0.295071 -0.366466 
0.660230 0.270691 -0.654863 0.022943 -0.362785 -0.446733 
0.630653 0.294911 -0.424817 0.013320 -0.410618 -0.543323 
0.584337 0.304250 -0.287426 0.009394 -0.442325 -0.631275 
0.516040 0.302969 -0.217743 0.039525 -0.462429 -0.701225 
0.425325 0.293576 -0.184860 0.267308 -0.478017 -0.753197 
0.321695 0.279695 -0.170801 0.476447 -0.488080 -0.789051 
0.222573 0.251423 -0.166895 0.592963 -0.487186 -0.813799 
0.143073 0.204432 -0.170823 0.650796 -0.373023 -0.831318 
0.087882 0.149061 -0.181001 0.676922 -0.078764 -0.841790 
0.052921 0.047644 -0.198771 0.687952 0.116988 -0.849186 
0.031582 -0.061306 -0.223543 0.689024 0.222942 -0.836016 
0.018520 -0.165206 -0.267743 0.682061 0.273626 -0.662996 
0.010321 -0.263459 -0.328823 0.669813 0.296813 -0.435199 
0.004997 -0.340928 -0.419164 0.648900 0.303806 -0.294662 
0.001416 -0.393364 -0.519002 0.623744 0.302720 -0.221326 
0.001410 -0.431183 -0.606038 0.564900 0.293679 -0.186771 
0.052522 -0.456818 -0.677310 0.483532 0.276382 -0.171057 
0.421683 -0.473692 -0.734345 0.410896 0.254013 -0.167098 
0.678038 -0.483436 -0.772652 0.340837 0.219004 -0.168886 
0.711211 -0.491149 -0.800641 0.256940 0.163923 -0.174910 
0.708491 -0.479176 -0.821389 0.179562 0.085980 -0.186750 
0.704798 -0.316106 -0.835111 0.120257 -0.014272 -0.212511 
0.699698 -0.028584 -0.844127 0.080897 -0.120811 -0.250085 
0.692431 0.146250 -0.848460 0.052542 -0.223390 -0.309583 
0.681811 0.236824 -0.823985 0.033892 -0.304587 -0.382873 
0.665957 0.281240 -0.647994 0.020810 -0.367543 -0.466858 
0.641800 0.299632 -0.414586 0.011748 -0.412997 -0.563339 
0.603898 0.304743 -0.281661 0.011698 -0.445060 -0.641283 
0.547658 0.301781 -0.215910 0.056830 -0.466254 -0.706228 
0.470308 0.292982 -0.184852 0.306050 -0.480361 -0.758603 
0.375912 0.274498 -0.171353 0.495819 -0.489251 -0.794028 
0.276976 0.248824 -0.167171 0.603390 -0.481101 -0.816288 
0.188994 0.203132 -0.170961 0.656009 -0.369981 -0.831536 
0.121745 0.148412 -0.181070 0.679529 -0.103061 -0.841899 
0.075929 0.058602 -0.194119 0.689255 0.104839 -0.849017 
0.046726 -0.047940 -0.221217 0.689676 0.216868 -0.835931 
0.028520 -0.147139 -0.264071 0.684069 0.271260 -0.705283 
0.017071 -0.244961 -0.326987 0.675302 0.295630 -0.465340 
0.009688 -0.331679 -0.405393 0.656616 0.304596 -0.309732 
0.004778 -0.388740 -0.501017 0.627602 0.304023 -0.228861 
0.052522 -0.426656 -0.583529 0.566829 0.296343 -0.189919 
0.421683 -0.454554 -0.666056 0.506712 0.281113 -0.172631 
0.678038 -0.472560 -0.728705 0.422486 0.251907 -0.167885 
0.711211 -0.484963 -0.777401 0.309925 0.201628 -0.173637 
0.708333 -0.480040 -0.808490 0.220498 0.116775 -0.186114 
0.704359 -0.420083 -0.827154 0.152175 0.022650 -0.199917 
0.698774 -0.123384 -0.839508 0.102412 -0.079528 -0.229619 
0.690659 0.091759 -0.847691 0.064236 -0.190557 -0.281973 
0.678568 0.210100 -0.837671 0.040062 -0.288170 -0.357531 
0.660230 0.267879 -0.717861 0.024852 -0.354979 -0.442265 
0.630391 0.293505 -0.467984 0.015207 -0.403522 -0.530561 
0.583988 0.304197 -0.309009 0.008309 -0.438777 -0.611782 
0.515607 0.302943 -0.228534 0.038983 -0.460655 -0.687924 
0.424850 0.293563 -0.190256 0.216770 -0.476239 -0.744830 
0.321252 0.279689 -0.173499 0.451179 -0.486583 -0.784867 
0.222229 0.251420 -0.168244 0.580329 -0.486437 -0.811708 
0.142845 0.204430 -0.171498 0.644478 -0.372649 -0.829246 
0.087747 0.149060 -0.181339 0.673764 -0.104395 -0.840754 
0.052845 0.047643 -0.198939 0.686372 0.104172 -0.848668 
0.031540 -0.061306 -0.223627 0.688234 0.216535 -0.835757 
0.018496 -0.165206 -0.265276 0.681666 0.270422 -0.662866 
0.010307 -0.263460 -0.327590 0.669616 0.295211 -0.435134 
0.004988 -0.340928 -0.418548 0.648801 0.303005 -0.294630 
0.001410 -0.393364 -0.518693 0.612001 0.302319 -0.221310 
0.052522 -0.431184 -0.605883 0.559028 0.293479 -0.186763 
0.421683 -0.456818 -0.677233 0.480596 0.276282 -0.173617 
0.678038 -0.473692 -0.734294 0.409428 0.237218 -0.168378 
0.711211 -0.485529 -0.780195 0.303396 0.194283 -0.173920 
0.708333 -0.480323 -0.809887 0.212062 0.113103 -0.186255 
0.704359 -0.402120 -0.828913 0.142834 0.013079 -0.212264 
0.698774 -0.114403 -0.841028 0.092185 -0.107136 -0.249962 
0.690659 0.103008 -0.847793 0.059123 -0.204361 -0.299843 
0.678568 0.215724 -0.837722 0.037505 -0.295072 -0.366466 
0.660230 0.270691 -0.654863 0.022943 -0.362786 -0.446733 
0.630391 0.294911 -0.424817 0.013320 -0.410618 -0.543323 
0.583988 0.304250 -0.287426 0.009394 -0.442325 -0.631275 
0.515607 0.302969 -0.217743 0.039525 -0.462429 -0.701225 
0.424850 0.293576 -0.184860 0.267308 -0.478017 -0.753197 
0.321252 0.279695 -0.170801 0.476447 -0.488080 -0.789051 
0.222229 0.251423 -0.166895 0.592963 -0.487186 -0.813799 
0.142845 0.204432 -0.170823 0.650796 -0.373023 -0.831318 
0.087747 0.149061 -0.181001 0.676922 -0.078764 -0.841790 
0.052845 0.047644 -0.198771 0.687952 0.116988 -0.849186 
0.031540 -0.061306 -0.223543 0.689024 0.222942 -0.836016 
0.018496 -0.165206 -0.267743 0.682061 0.273626 -0.662996 
0.010307 -0.263459 -0.328823 0.669813 0.296813 -0.435199 
0.004988 -0.340928 -0.419164 0.648900 0.303806 -0.294662 
0.001410 -0.393364 -0.519002 0.612050 0.302720 -0.221326 
0.001405 -0.431183 -0.606038 0.559053 0.293679 -0.186771 
0.052485 -0.456818 -0.677310 0.480609 0.276382 -0.171057 
0.421553 -0.473692 -0.734345 0.409434 0.254013 -0.167098 
0.678017 -0.483436 -0.772652 0.340107 0.219004 -0.168886 
0.711206 -0.491149 -0.800641 0.256575 0.163923 -0.174910 
0.708486 -0.479176 -0.821389 0.179380 0.085980 -0.186750 
0.704798 -0.316106 -0.835111 0.120166 -0.014272 -0.212511 
0.699710 -0.028584 -0.844127 0.080851 -0.120811 -0.250085 
0.692485 0.146250 -0.848460 0.052519 -0.223390 -0.309583 
0.681989 0.236824 -0.823985 0.033881 -0.304587 -0.382873 
0.666495 0.281240 -0.647994 0.020804 -0.367543 -0.466858 
0.641811 0.299632 -0.414586 0.011745 -0.412997 -0.563339 
0.603926 0.304743 -0.281661 0.011697 -0.445060 -0.641283 
0.547710 0.301781 -0.215910 0.056829 -0.466254 -0.706228 
0.470389 0.292982 -0.184852 0.306049 -0.480361 -0.758603 
0.376014 0.274498 -0.171353 0.495818 -0.489251 -0.794028 
0.277081 0.248824 -0.167171 0.603390 -0.481101 -0.816288 
0.189084 0.203132 -0.170961 0.656009 -0.369981 -0.831536 
0.121811 0.148412 -0.181070 0.679529 -0.103061 -0.841899 
0.075973 0.058602 -0.194119 0.689255 0.104839 -0.849017 
0.046754 -0.047940 -0.221217 0.689676 0.216868 -0.835931 
0.028538 -0.147139 -0.264071 0.684069 0.271260 -0.705283 
0.017082 -0.244961 -0.326987 0.675302 0.295630 -0.465340 
0.009696 -0.331679 -0.405393 0.656616 0.304596 -0.309732 
0.004783 -0.388740 -0.501017 0.627602 0.304023 -0.228861 
0.052551 -0.426656 -0.583529 0.566829 0.296343 -0.189919 
0.421791 -0.454554 -0.666056 0.506712 0.281113 -0.172631 
0.678058 -0.472560 -0.728705 0.422486 0.251907 -0.167885 
0.711215 -0.484963 -0.777401 0.309925 0.201628 -0.173637 
0.708338 -0.480040 -0.808490 0.220498 0.116775 -0.186114 
0.704365 -0.420083 -0.827154 0.152175 0.022650 -0.199917 
0.698774 -0.123384 -0.839508 0.102412 -0.079528 -0.229619 
0.690659 0.091759 -0.847691 0.064236 -0.190557 -0.281973 
0.678568 0.210100 -0.837671 0.040062 -0.288170 -0.357531 
0.660230 0.267879 -0.717861 0.024852 -0.354979 -0.442265 
0.630391 0.293505 -0.467984 0.015207 -0.403522 -0.530561 
0.583988 0.304197 -0.309009 0.008309 -0.438777 -0.611782 
0.515607 0.302943 -0.228534 0.038983 -0.460655 -0.687924 
0.424850 0.293563 -0.190256 0.216770 -0.476239 -0.744830 
0.321252 0.279689 -0.173499 0.451179 -0.486583 -0.784867 
0.222229 0.251420 -0.168244 0.580329 -0.486437 -0.811708 
0.142845 0.204430 -0.171498 0.644478 -0.372649 -0.829246 
0.087747 0.149060 -0.181339 0.673764 -0.104395 -0.840754 
0.052845 0.047643 -0.198939 0.686372 0.104172 -0.848668 
0.031540 -0.061306 -0.223627 0.688234 0.216535 -0.835757 
0.018496 -0.165206 -0.265276 0.681666 0.270422 -0.662866 
0.010307 -0.263460 -0.327590 0.669616 0.295211 -0.435134 
0.004988 -0.340928 -0.418548 0.648801 0.303005 -0.294630 
0.001410 -0.393364 -0.518693 0.612001 0.302319 -0.221310 
0.052522 -0.431184 -0.605883 0.559028 0.293479 -0.186763 
0.421683 -0.456818 -0.677233 0.480596 0.276282 -0.173617 
0.678038 -0.473692 -0.734294 0.409428 0.237218 -0.168378 
0.711211 -0.485529 -0.780195 0.303396 0.194283 -0.173920 
0.708333 -0.480323 -0.809887 0.212062 0.113103 -0.186255 
0.704359 -0.402120 -0.828913 0.142834 0.013079 -0.212264 
0.698774 -0.114403 -0.841028 0.092185 -0.107136 -0.249962 
0.690659 0.103008 -0.847793 0.059123 -0.204361 -0.299843 
0.678568 0.215724 -0.837722 0.037505 -0.295072 -0.366466 
0.660230 0.270691 -0.654863 0.022943 -0.362786 -0.446733 
0.630391 0.294911 -0.424817 0.013320 -0.410618 -0.543323 
0.583988 0.304250 -0.287426 0.009394 -0.442325 -0.631275 
0.515607 0.302969 -0.217743 0.039525 -0.462429 -0.701225 
0.424850 0.293576 -0.184860 0.267308 -0.478017 -0.753197 
0.321252 0.279695 -0.170801 0.476447 -0.488080 -0.789051 
0.222229 0.251423 -0.166895 0.592963 -0.487186 -0.813799 
0.142845 0.204432 -0.170823 0.650796 -0.373023 -0.831318 
0.087747 0.149061 -0.181001 0.676922 -0.078764 -0.841790 
0.052845 0.047644 -0.198771 0.687952 0.116988 -0.849186 
0.031540 -0.061306 -0.223543 0.689024 0.222942 -0.836016 
0.018496 -0.165206 -0.267743 0.682061 0.273626 -0.662996 
0.010307 -0.263459 -0.328823 0.669813 0.296813 -0.435199 
0.004988 -0.340928 -0.419164 0.648900 0.303806 -0.294662 
0.001410 -0.393364 -0.519002 0.612050 0.302720 -0.221326 
0.052522 -0.431183 -0.606038 0.559053 0.293679 -0.186771 
0.421683 -0.456818 -0.677310 0.480609 0.276382 -0.173621 
0.678038 -0.473692 -0.734332 0.409434 0.237268 -0.168380 
0.711211 -0.485529 -0.780214 0.303399 0.194308 -0.173921 
0.711206 -0.480323 -0.809897 0.212064 0.113116 -0.186256 
0.708328 -0.402120 -0.828918 0.142835 0.013085 -0.212264 
0.704359 -0.114403 -0.841030 0.097741 -0.107133 -0.249962 
0.698774 0.103008 -0.847795 0.061901 -0.204360 -0.299843 
0.690659 0.215724 -0.837722 0.038894 -0.295071 -0.366466 
0.678568 0.270691 -0.654863 0.023638 -0.362785 -0.446733 
0.660230 0.294911 -0.424817 0.013667 -0.410618 -0.543323 
0.630403 0.304250 -0.287426 0.009568 -0.442325 -0.631275 
0.584020 0.302969 -0.217743 0.039612 -0.462429 -0.697671 
0.515666 0.293576 -0.184860 0.267351 -0.478017 -0.749703 
0.424937 0.279695 -0.170801 0.476469 -0.488080 -0.787304 
0.321354 0.256384 -0.166895 0.592974 -0.487186 -0.812926 
0.222323 0.219894 -0.170823 0.650801 -0.404444 -0.829365 
0.142918 0.166802 -0.181001 0.676925 -0.120292 -0.840813 
0.087797 0.083421 -0.194084 0.687953 0.096223 -0.848474 
0.052877 -0.015728 -0.221200 0.690947 0.212898 -0.835660 
0.031560 -0.131033 -0.264063 0.686564 0.269275 -0.705147 
0.018509 -0.236908 -0.326983 0.676550 0.295056 -0.465272 
0.010315 -0.316101 -0.405390 0.657240 0.305232 -0.309699 
0.004994 -0.376887 -0.488410 0.627914 0.306145 -0.228844 
0.001414 -0.420730 -0.577225 0.593044 0.297404 -0.189910 
0.031401 -0.449239 -0.652115 0.519820 0.284807 -0.172627 
0.220262 -0.468608 -0.713901 0.446862 0.258982 -0.167053 
0.581447 -0.480212 -0.758361 0.369722 0.228517 -0.167637 
0.690497 -0.488789 -0.788747 0.292699 0.184860 -0.171948 
0.708338 -0.489646 -0.811829 0.211879 0.127427 -0.180415 
0.704365 -0.435884 -0.828827 0.152562 0.047909 -0.197067 
0.698774 -0.192865 -0.839492 0.102267 -0.060947 -0.224091 
0.690659 0.053257 -0.847311 0.066708 -0.160296 -0.269453 
0.678568 0.187170 -0.846655 0.042886 -0.254080 -0.342105 
0.660230 0.256646 -0.767589 0.027056 -0.333885 -0.416763 
0.630391 0.287888 -0.525730 0.016363 -0.389989 -0.506882 
0.583988 0.301855 -0.344927 0.008887 -0.430280 -0.601391 
0.515607 0.304551 -0.246151 0.016244 -0.456365 -0.677144 
0.424850 0.298948 -0.198144 0.137981 -0.474092 -0.730186 
0.321252 0.285788 -0.175969 0.375659 -0.485265 -0.774190 
0.222229 0.260712 -0.168609 0.540188 -0.490087 -0.803990 
0.142845 0.214644 -0.170099 0.624838 -0.435962 -0.824024 
0.087747 0.154167 -0.176089 0.663943 -0.174969 -0.837675 
0.052845 0.061480 -0.188650 0.682331 0.055499 -0.846368 
0.031540 -0.040289 -0.215393 0.687155 0.192429 -0.843559 
0.018496 -0.137213 -0.255830 0.684668 0.259488 -0.766921 
0.010307 -0.223495 -0.322611 0.678198 0.290162 -0.531145 
0.004988 -0.309394 -0.387084 0.658065 0.302769 -0.347108 
0.001410 -0.373534 -0.479257 0.634496 0.303110 -0.247256 
0.052522 -0.417083 -0.568881 0.596335 0.298301 -0.198703 
0.421683 -0.448496 -0.647771 0.534514 0.286090 -0.177023 
0.678038 -0.468237 -0.719562 0.436387 0.254396 -0.170081 
0.711211 -0.482801 -0.772830 0.337758 0.202873 -0.174735 
0.708333 -0.478959 -0.806205 0.229243 0.117398 -0.186663 
0.704359 -0.401439 -0.827071 0.151424 0.015226 -0.212467 
0.698774 -0.114062 -0.840107 0.096480 -0.106062 -0.250064 
0.690659 0.103178 -0.847333 0.061271 -0.203824 -0.299894 
0.678568 0.215810 -0.837492 0.038579 -0.294804 -0.366491 
0.660230 0.270733 -0.654748 0.023480 -0.362651 -0.446745 
0.630391 0.294932 -0.424760 0.013588 -0.410551 -0.543329 
0.583988 0.304261 -0.287397 0.009528 -0.442292 -0.631278 
0.515607 0.302975 -0.217728 0.039592 -0.462413 -0.701226 
0.424850 0.293579 -0.184853 0.267341 -0.478009 -0.753198 
0.321252 0.279697 -0.170798 0.476464 -0.488076 -0.789051 
0.222229 0.251424 -0.166894 0.592972 -0.487184 -0.813800 
0.142845 0.204432 -0.170822 0.650800 -0.373022 -0.831318 
0.087747 0.149061 -0.181001 0.676924 -0.078763 -0.841790 
0.052845 0.047644 -0.198770 0.687953 0.116988 -0.849186 
0.031540 -0.061306 -0.223543 0.689024 0.222942 -0.836016 
0.018496 -0.165206 -0.267743 0.682061 0.273626 -0.662996 
0.010307 -0.263459 -0.328823 0.669814 0.296813 -0.435199 
0.004988 -0.340928 -0.419164 0.648900 0.303806 -0.294662 
0.001410 -0.393364 -0.519002 0.612050 0.302720 -0.221326 
0.052522 -0.431183 -0.606038 0.559053 0.293679 -0.186771 
0.421683 -0.456818 -0.677310 0.480609 0.276382 -0.173621 
0.678038 -0.473692 -0.734332 0.409434 0.237268 -0.168380 
0.711211 -0.485529 -0.780214 0.303399 0.194308 -0.173921 
0.711206 -0.480323 -0.809897 0.212064 0.113116 -0.186256 
0.708328 -0.402120 -0.828918 0.142835 0.013085 -0.212264 
0.704399 -0.114403 -0.841030 0.097741 -0.107133 -0.249962 
0.698863 0.103008 -0.847795 0.061901 -0.204360 -0.299843 
0.690864 0.215724 -0.837722 0.038894 -0.295071 -0.366466 
0.679052 0.270691 -0.654863 0.023638 -0.362785 -0.446733 
0.660230 0.294911 -0.424817 0.013667 -0.410618 -0.543323 
0.630391 0.304250 -0.287426 0.009568 -0.442325 -0.631275 
0.583988 0.302969 -0.217743 0.039612 -0.462429 -0.697671 
0.515607 0.293576 -0.184860 0.267351 -0.478017 -0.749703 
0.424850 0.279695 -0.170801 0.476469 -0.488080 -0.787304 
0.321252 0.256384 -0.166895 0.592974 -0.487186 -0.812926 
0.222229 0.219894 -0.170823 0.650801 -0.404444 -0.829365 
0.142845 0.166802 -0.181001 0.676925 -0.120292 -0.840813 
0.087747 0.083421 -0.194084 0.687953 0.096223 -0.848474 
0.052845 -0.015728 -0.221200 0.690947 0.212898 -0.835660 
0.031540 -0.131033 -0.264063 0.686564 0.269275 -0.705147 
0.018496 -0.236908 -0.326983 0.676550 0.295056 -0.465272 
0.010307 -0.316101 -0.405390 0.657240 0.305232 -0.309699 
0.004988 -0.376887 -0.488410 0.627914 0.306145 -0.228844 
0.001410 -0.420730 -0.577225 0.593044 0.297404 -0.189910 
0.031383 -0.449239 -0.652115 0.519820 0.284807 -0.172627 
0.220167 -0.468608 -0.713901 0.446862 0.258982 -0.167053 
0.581383 -0.480212 -0.758361 0.369722 0.228517 -0.167637 
0.690485 -0.488789 -0.788747 0.292699 0.184860 -0.171948 
0.708333 -0.489646 -0.811829 0.211879 0.127427 -0.180415 
0.704359 -0.435884 -0.828827 0.152562 0.047909 -0.197067 
0.698761 -0.192865 -0.839492 0.102267 -0.060947 -0.224091 
0.690602 0.053257 -0.847311 0.066708 -0.160296 -0.269453 
0.678372 0.187170 -0.846655 0.042886 -0.254080 -0.342105 
0.659625 0.256646 -0.767589 0.027056 -0.333885 -0.416763 
0.630391 0.287888 -0.525730 0.016363 -0.389989 -0.506882 
0.583988 0.301855 -0.344927 0.008887 -0.430280 -0.601391 
0.515607 0.304551 -0.246151 0.016244 -0.456365 -0.677144 
0.424850 0.298948 -0.198144 0.137981 -0.474092 -0.730186 
0.321252 0.285788 -0.175969 0.375659 -0.485265 -0.774190 
0.222229 0.260712 -0.168609 0.540188 -0.490087 -0.803990 
0.142845 0.214644 -0.170099 0.624838 -0.435962 -0.824024 
0.087747 0.154167 -0.176089 0.663943 -0.174969 -0.837675 
0.052845 0.061480 -0.188650 0.682331 0.055499 -0.846368 
0.031540 -0.040289 -0.215393 0.687155 0.192429 -0.843559 
0.018496 -0.137213 -0.255830 0.684668 0.259488 -0.766921 
0.010307 -0.223495 -0.322611 0.678198 0.290162 -0.531145 
0.004988 -0.309394 -0.387084 0.658065 0.302769 -0.347108 
0.001410 -0.373534 -0.479257 0.634496 0.303110 -0.247256 
0.052522 -0.417083 -0.568881 0.596335 0.298301 -0.198703 
0.421683 -0.448496 -0.647771 0.534514 0.286090 -0.177023 
0.678038 -0.468237 -0.719562 0.436387 0.254396 -0.170081 
0.711211 -0.482801 -0.772830 0.337758 0.202873 -0.174735 
0.708333 -0.478959 -0.806205 0.229243 0.117398 -0.186663 
0.704359 -0.401439 -0.827071 0.151424 0.015226 -0.212467 
0.698774 -0.114062 -0.840107 0.096480 -0.106062 -0.250064 
0.690659 0.103178 -0.847333 0.061271 -0.203824 -0.299894 
0.678568 0.215810 -0.837492 0.038579 -0.294804 -0.366491 
0.660230 0.270733 -0.654748 0.023480 -0.362651 -0.446745 
0.630391 0.294932 -0.424760 0.013588 -0.410551 -0.543329 
0.583988 0.304261 -0.287397 0.009528 -0.442292 -0.631278 
0.515607 0.302975 -0.217728 0.039592 -0.462413 -0.701226 
0.424850 0.293579 -0.184853 0.267341 -0.478009 -0.753198 
0.321252 0.279697 -0.170798 0.476464 -0.488076 -0.789051 
0.222229 0.251424 -0.166894 0.592972 -0.487184 -0.813800 
0.142845 0.204432 -0.170822 0.650800 -0.373022 -0.831318 
0.087747 0.149061 -0.181001 0.676924 -0.078763 -0.841790 
0.052845 0.047644 -0.198770 0.687953 0.116988 -0.849186 
0.031540 -0.061306 -0.223543 0.689024 0.222942 -0.836016 
0.018496 -0.165206 -0.267743 0.682061 0.273626 -0.662996 
0.010307 -0.263459 -0.328823 0.669814 0.296813 -0.435199 
0.004988 -0.340928 -0.419164 0.648900 0.303806 -0.294662 
0.001410 -0.393364 -0.519002 0.612050 0.302720 -0.221326 
0.052522 -0.431183 -0.606038 0.559053 0.293679 -0.186771 
0.421683 -0.456818 -0.677310 0.480609 0.276382 -0.173621 
0.678038 -0.473692 -0.734332 0.409434 0.237268 -0.168380 
0.711211 -0.485529 -0.780214 0.303399 0.194308 -0.173921 
0.708333 -0.480323 -0.809897 0.212064 0.113116 -0.186256 
0.704359 -0.402120 -0.828918 0.142835 0.013085 -0.212264 
0.698774 -0.114403 -0.841030 0.092185 -0.107133 -0.249962 
0.690659 0.103008 -0.847795 0.059123 -0.204360 -0.299843 
0.678568 0.215724 -0.837722 0.037505 -0.295071 -0.366466 
0.660230 0.270691 -0.654863 0.022943 -0.362785 -0.446733 
0.630653 0.294911 -0.424817 0.013320 -0.410618 -0.543323 
0.584337 0.304250 -0.287426 0.009394 -0.442325 -0.631275 
0.516040 0.302969 -0.217743 0.039525 -0.462429 -0.701225 
0.425325 0.293576 -0.184860 0.267308 -0.478017 -0.753197 
0.321695 0.279695 -0.170801 0.476447 -0.488080 -0.789051 
0.222573 0.251423 -0.166895 0.592963 -0.487186 -0.813799 
0.143073 0.204432 -0.170823 0.650796 -0.373023 -0.831318 
0.087882 0.149061 -0.181001 0.676922 -0.078764 -0.841790 
0.052921 0.047644 -0.198771 0.687952 0.116988 -0.849186 
0.031582 -0.061306 -0.223543 0.689024 0.222942 -0.836016 
0.018520 -0.165206 -0.267743 0.682061 0.273626 -0.662996 
0.010321 -0.263459 -0.328823 0.669813 0.296813 -0.435199 
0.004997 -0.340928 -0.419164 0.648900 0.303806 -0.294662 
0.001416 -0.393364 -0.519002 0.623744 0.302720 -0.221326 
0.001410 -0.431183 -0.606038 0.564900 0.293679 -0.186771 
0.052522 -0.456818 -0.677310 0.483532 0.276382 -0.171057 
0.421683 -0.473692 -0.734345 0.410896 0.254013 -0.167098 
0.678038 -0.483436 -0.772652 0.340837 0.219004 -0.168886 
0.711211 -0.491149 -0.800641 0.256940 0.163923 -0.174910 
0.708491 -0.479176 -0.821389 0.179562 0.085980 -0.186750 
0.704798 -0.316106 -0.835111 0.120257 -0.014272 -0.212511 
0.699698 -0.028584 -0.844127 0.080897 -0.120811 -0.250085 
0.692431 0.146250 -0.848460 0.052542 -0.223390 -0.309583 
0.681811 0.236824 -0.823985 0.033892 -0.304587 -0.382873 
0.665957 0.281240 -0.647994 0.020810 -0.367543 -0.466858 
0.641800 0.299632 -0.414586 0.011748 -0.412997 -0.563339 
0.603898 0.304743 -0.281661 0.011698 -0.445060 -0.641283 
0.547658 0.301781 -0.215910 0.056830 -0.466254 -0.706228 
0.470308 0.292982 -0.184852 0.306050 -0.480361 -0.758603 
0.375912 0.274498 -0.171353 0.495819 -0.489251 -0.794028 
0.276976 0.248824 -0.167171 0.603390 -0.481101 -0.816288 
0.188994 0.203132 -0.170961 0.656009 -0.369981 -0.831536 
0.121745 0.148412 -0.181070 0.679529 -0.103061 -0.841899 
0.075929 0.058602 -0.194119 0.689255 0.104839 -0.849017 
0.046726 -0.047940 -0.221217 0.689676 0.216868 -0.835931 
0.028520 -0.147139 -0.264071 0.684069 0.271260 -0.705283 
0.017071 -0.244961 -0.326987 0.675302 0.295630 -0.465340 
0.009688 -0.331679 -0.405393 0.656616 0.304596 -0.309732 
0.004778 -0.388740 -0.501017 0.627602 0.304023 -0.228861 
0.052522 -0.426656 -0.583529 0.566829 0.296343 -0.189919 
0.421683 -0.454554 -0.666056 0.506712 0.281113 -0.172631 
0.678038 -0.472560 -0.728705 0.422486 0.251907 -0.167885 
0.711211 -0.484963 -0.777401 0.309925 0.201628 -0.173637 
0.708333 -0.480040 -0.808490 0.220498 0.116775 -0.186114 
0.704359 -0.420083 -0.827154 0.152175 0.022650 -0.199917 
0.698774 -0.123384 -0.839508 0.102412 -0.079528 -0.229619 
0.690659 0.091759 -0.847691 0.064236 -0.190557 -0.281973 
0.678568 0.210100 -0.837671 0.040062 -0.288170 -0.357531 
0.660230 0.267879 -0.717861 0.024852 -0.354979 -0.442265 
0.630391 0.293505 -0.467984 0.015207 -0.403522 -0.530561 
0.583988 0.304197 -0.309009 0.008309 -0.438777 -0.611782 
0.515607 0.302943 -0.228534 0.038983 -0.460655 -0.687924 
0.424850 0.293563 -0.190256 0.216770 -0.476239 -0.744830 
0.321252 0.279689 -0.173499 0.451179 -0.486583 -0.784867 
0.222229 0.251420 -0.168244 0.580329 -0.486437 -0.811708 
0.142845 0.204430 -0.171498 0.644478 -0.372649 -0.829246 
0.087747 0.149060 -0.181339 0.673764 -0.104395 -0.840754 
0.052845 0.047643 -0.198939 0.686372 0.104172 -0.848668 
0.031540 -0.061306 -0.223627 0.688234 0.216535 -0.835757 
0.018496 -0.165206 -0.265276 0.681666 0.270422 -0.662866 
0.010307 -0.263460 -0.327590 0.669616 0.295211 -0.435134 
0.004988 -0.340928 -0.418548 0.648801 0.303005 -0.294630 
0.001410 -0.393364 -0.518693 0.612001 0.302319 -0.221310 
0.052522 -0.431184 -0.605883 0.559028 0.293479 -0.186763 
0.421683 -0.456818 -0.677233 0.480596 0.276282 -0.173617 
0.678038 -0.473692 -0.734294 0.409428 0.237218 -0.168378 
0.711211 -0.485529 -0.780195 0.303396 0.194283 -0.173920 
0.708333 -0.480323 -0.809887 0.212062 0.113103 -0.186255 
0.704359 -0.402120 -0.828913 0.142834 0.013079 -0.212264 
0.698774 -0.114403 -0.841028 0.092185 -0.107136 -0.249962 
0.690659 0.103008 -0.847793 0.059123 -0.204361 -0.299843 
0.678568 0.215724 -0.837722 0.037505 -0.295072 -0.366466 
0.660230 0.270691 -0.654863 0.022943 -0.362786 -0.446733 
0.630391 0.294911 -0.424817 0.013320 -0.410618 -0.543323 
0.583988 0.304250 -0.287426 0.009394 -0.442325 -0.631275 
0.515607 0.302969 -0.217743 0.039525 -0.462429 -0.701225 
0.424850 0.293576 -0.184860 0.267308 -0.478017 -0.753197 
0.321252 0.279695 -0.170801 0.476447 -0.488080 -0.789051 
0.222229 0.251423 -0.166895 0.592963 -0.487186 -0.813799 
0.142845 0.204432 -0.170823 0.650796 -0.373023 -0.831318 
0.087747 0.149061 -0.181001 0.676922 -0.078764 -0.841790 
0.052845 0.047644 -0.198771 0.687952 0.116988 -0.849186 
0.031540 -0.061306 -0.223543 0.689024 0.222942 -0.836016 
0.018496 -0.165206 -0.267743 0.682061 0.273626 -0.662996 
0.010307 -0.263459 -0.328823 0.669813 0.296813 -0.435199 
0.004988 -0.340928 -0.419164 0.648900 0.303806 -0.294662 
0.001410 -0.393364 -0.519002 0.612050 0.302720 -0.221326 
0.001405 -0.431183 -0.606038 0.559053 0.293679 -0.186771 
0.052485 -0.456818 -0.677310 0.480609 0.276382 -0.171057 
0.421553 -0.473692 -0.734345 0.409434 0.254013 -0.167098 
0.678017 -0.483436 -0.772652 0.340107 0.219004 -0.168886 
0.711206 -0.491149 -0.800641 0.256575 0.163923 -0.174910 
0.708486 -0.479176 -0.821389 0.179380 0.085980 -0.186750 
0.704798 -0.316106 -0.835111 0.120166 -0.014272 -0.212511 
0.699710 -0.028584 -0.844127 0.080851 -0.120811 -0.250085 
0.692485 0.146250 -0.848460 0.052519 -0.223390 -0.309583 
0.681989 0.236824 -0.823985 0.033881 -0.304587 -0.382873 
0.666495 0.281240 -0.647994 0.020804 -0.367543 -0.466858 
0.641811 0.299632 -0.414586 0.011745 -0.412997 -0.563339 
0.603926 0.304743 -0.281661 0.011697 -0.445060 -0.641283 
0.547710 0.301781 -0.215910 0.056829 -0.466254 -0.706228 
0.470389 0.292982 -0.184852 0.306049 -0.480361 -0.758603 
0.376014 0.274498 -0.171353 0.495818 -0.489251 -0.794028 
0.277081 0.248824 -0.167171 0.603390 -0.481101 -0.816288 
0.189084 0.203132 -0.170961 0.656009 -0.369981 -0.831536 
0.121811 0.148412 -0.181070 0.679529 -0.103061 -0.841899 
0.075973 0.058602 -0.194119 0.689255 0.104839 -0.849017 
0.046754 -0.047940 -0.221217 0.689676 0.216868 -0.835931 
0.028538 -0.147139 -0.264071 0.684069 0.271260 -0.705283 
0.017082 -0.244961 -0.326987 0.675302 0.295630 -0.465340 
0.009696 -0.331679 -0.405393 0.656616 0.304596 -0.309732 
0.004783 -0.388740 -0.501017 0.627602 0.304023 -0.228861 
0.052551 -0.426656 -0.583529 0.566829 0.296343 -0.189919 
0.421791 -0.454554 -0.666056 0.506712 0.281113 -0.172631 
0.678058 -0.472560 -0.728705 0.422486 0.251907 -0.167885 
0.711215 -0.484963 -0.777401 0.309925 0.201628 -0.173637 
0.708338 -0.480040 -0.808490 0.220498 0.116775 -0.186114 
0.704365 -0.420083 -0.827154 0.152175 0.022650 -0.199917 
0.698774 -0.123384 -0.839508 0.102412 -0.079528 -0.229619 
0.690659 0.091759 -0.847691 0.064236 -0.190557 -0.281973 
0.678568 0.210100 -0.837671 0.040062 -0.288170 -0.357531 
0.660230 0.267879 -0.717861 0.024852 -0.354979 -0.442265 
0.630391 0.293505 -0.467984 0.015207 -0.403522 -0.530561 
0.583988 0.304197 -0.309009 0.008309 -0.438777 -0.611782 
0.515607 0.302943 -0.228534 0.038983 -0.460655 -0.687924 
0.424850 0.293563 -0.190256 0.216770 -0.476239 -0.744830 
0.321252 0.279689 -0.173499 0.451179 -0.486583 -0.784867 
0.222229 0.251420 -0.168244 0.580329 -0.486437 -0.811708 
0.142845 0.204430 -0.171498 0.644478 -0.372649 -0.829246 
0.087747 0.149060 -0.181339 0.673764 -0.104395 -0.840754 
0.052845 0.047643 -0.198939 0.686372 0.104172 -0.848668 
0.031540 -0.061306 -0.223627 0.688234 0.216535 -0.835757 
0.018496 -0.165206 -0.265276 0.681666 0.270422 -0.662866 
0.010307 -0.263460 -0.327590 0.669616 0.295211 -0.435134 
0.004988 -0.340928 -0.418548 0.648801 0.303005 -0.294630 
0.001410 -0.393364 -0.518693 0.612001 0.302319 -0.221310 
0.052522 -0.431184 -0.605883 0.559028 0.293479 -0.186763 
0.421683 -0.456818 -0.677233 0.480596 0.276282 -0.173617 
0.678038 -0.473692 -0.734294 0.409428 0.237218 -0.168378 
0.711211 -0.485529 -0.780195 0.303396 0.194283 -0.173920 
0.708333 -0.480323 -0.809887 0.212062 0.113103 -0.186255 
0.704359 -0.402120 -0.828913 0.142834 0.013079 -0.212264 
0.698774 -0.114403 -0.841028 0.092185 -0.107136 -0.249962 
0.690659 0.103008 -0.847793 0.059123 -0.204361 -0.299843 
0.678568 0.215724 -0.837722 0.037505 -0.295072 -0.366466 
0.660230 0.270691 -0.654863 0.022943 -0.362786 -0.446733 
0.630391 0.294911 -0.424817 0.013320 -0.410618 -0.543323 
0.583988 0.304250 -0.287426 0.009394 -0.442325 -0.631275 
0.515607 0.302969 -0.217743 0.039525 -0.462429 -0.701225 
0.424850 0.293576 -0.184860 0.267308 -0.478017 -0.753197 
0.321252 0.279695 -0.170801 0.476447 -0.488080 -0.789051 
0.222229 0.251423 -0.166895 0.592963 -0.487186 -0.813799 
0.142845 0.204432 -0.170823 0.650796 -0.373023 -0.831318 
0.087747 0.149061 -0.181001 0.676922 -0.078764 -0.841790 
0.052845 0.047644 -0.198771 0.687952 0.116988 -0.849186 
0.031540 -0.061306 -0.223543 0.689024 0.222942 -0.836016 
0.018496 -0.165206 -0.267743 0.682061 0.273626 -0.662996 
0.010307 -0.263459 -0.328823 0.669813 0.296813 -0.435199 
0.004988 -0.340928 -0.419164 0.648900 0.303806 -0.294662 
0.001410 -0.393364 -0.519002 0.612050 0.302720 -0.221326 
0.052522 -0.431183 -0.606038 0.559053 0.293679 -0.186771 
0.421683 -0.456818 -0.677310 0.480609 0.276382 -0.173621 
0.678038 -0.473692 -0.734332 0.409434 0.237268 -0.168380 
0.711211 -0.485529 -0.780214 0.303399 0.194308 -0.173921 
0.711206 -0.480323 -0.809897 0.212064 0.113116 -0.186256 
0.708328 -0.402120 -0.828918 0.142835 0.013085 -0.212264 
0.704359 -0.114403 -0.841030 0.097741 -0.107133 -0.249962 
0.698774 0.103008 -0.847795 0.061901 -0.204360 -0.299843 
0.690659 0.215724 -0.837722 0.038894 -0.295071 -0.366466 
0.678568 0.270691 -0.654863 0.023638 -0.362785 -0.446733 
0.660230 0.294911 -0.424817 0.013667 -0.410618 -0.543323 
0.630403 0.304250 -0.287426 0.009568 -0.442325 -0.631275 
0.584020 0.302969 -0.217743 0.039612 -0.462429 -0.697671 
0.515666 0.293576 -0.184860 0.267351 -0.478017 -0.749703 
0.424937 0.279695 -0.170801 0.476469 -0.488080 -0.787304 
0.321354 0.256384 -0.166895 0.592974 -0.487186 -0.812926 
0.222323 0.219894 -0.170823 0.650801 -0.404444 -0.829365 
0.142918 0.166802 -0.181001 0.676925 -0.120292 -0.840813 
0.087797 0.083421 -0.194084 0.687953 0.096223 -0.848474 
0.052877 -0.015728 -0.221200 0.690947 0.212898 -0.835660 
0.031560 -0.131033 -0.264063 0.686564 0.269275 -0.705147 
0.018509 -0.236908 -0.326983 0.676550 0.295056 -0.465272 
0.010315 -0.316101 -0.405390 0.657240 0.305232 -0.309699 
0.004994 -0.376887 -0.488410 0.627914 0.306145 -0.228844 
0.001414 -0.420730 -0.577225 0.593044 0.297404 -0.189910 
0.031401 -0.449239 -0.652115 0.519820 0.284807 -0.172627 
0.220262 -0.468608 -0.713901 0.446862 0.258982 -0.167053 
0.581447 -0.480212 -0.758361 0.369722 0.228517 -0.167637 
0.690497 -0.488789 -0.788747 0.292699 0.184860 -0.171948 
0.708338 -0.489646 -0.811829 0.211879 0.127427 -0.180415 
0.704365 -0.435884 -0.828827 0.152562 0.047909 -0.197067 
0.698774 -0.192865 -0.839492 0.102267 -0.060947 -0.224091 
0.690659 0.053257 -0.847311 0.066708 -0.160296 -0.269453 
0.678568 0.187170 -0.846655 0.042886 -0.254080 -0.342105 
0.660230 0.256646 -0.767589 0.027056 -0.333885 -0.416763 
0.630391 0.287888 -0.525730 0.016363 -0.389989 -0.506882 
0.583988 0.301855 -0.344927 0.008887 -0.430280 -0.601391 
0.515607 0.304551 -0.246151 0.016244 -0.456365 -0.677144 
0.424850 0.298948 -0.198144 0.137981 -0.474092 -0.730186 
0.321252 0.285788 -0.175969 0.375659 -0.485265 -0.774190 
0.222229 0.260712 -0.168609 0.540188 -0.490087 -0.803990 
0.142845 0.214644 -0.170099 0.624838 -0.435962 -0.824024 
0.087747 0.154167 -0.176089 0.663943 -0.174969 -0.837675 
0.052845 0.061480 -0.188650 0.682331 0.055499 -0.846368 
0.031540 -0.040289 -0.215393 0.687155 0.192429 -0.843559 
0.018496 -0.137213 -0.255830 0.684668 0.259488 -0.766921 
0.010307 -0.223495 -0.322611 0.678198 0.290162 -0.531145 
0.004988 -0.309394 -0.387084 0.658065 0.302769 -0.347108 
0.001410 -0.373534 -0.479257 0.634496 0.303110 -0.247256 
0.052522 -0.417083 -0.568881 0.596335 0.298301 -0.198703 
0.421683 -0.448496 -0.647771 0.534514 0.286090 -0.177023 
0.678038 -0.468237 -0.719562 0.436387 0.254396 -0.170081 
0.711211 -0.482801 -0.772830 0.337758 0.202873 -0.174735 
0.708333 -0.478959 -0.806205 0.229243 0.117398 -0.186663 
0.704359 -0.401439 -0.827071 0.151424 0.015226 -0.212467 
0.698774 -0.114062 -0.840107 0.096480 -0.106062 -0.250064 
0.690659 0.103178 -0.847333 0.061271 -0.203824 -0.299894 
0.678568 0.215810 -0.837492 0.038579 -0.294804 -0.366491 
0.660230 0.270733 -0.654748 0.023480 -0.362651 -0.446745 
0.630391 0.294932 -0.424760 0.013588 -0.410551 -0.543329 
0.583988 0.304261 -0.287397 0.009528 -0.442292 -0.631278 
0.515607 0.302975 -0.217728 0.039592 -0.462413 -0.701226 
0.424850 0.293579 -0.184853 0.267341 -0.478009 -0.753198 
0.321252 0.279697 -0.170798 0.476464 -0.488076 -0.789051 
0.222229 0.251424 -0.166894 0.592972 -0.487184 -0.813800 
0.142845 0.204432 -0.170822 0.650800 -0.373022 -0.831318 
0.087747 0.149061 -0.181001 0.676924 -0.078763 -0.841790 
0.052845 0.047644 -0.198770 0.687953 0.116988 -0.849186 
0.031540 -0.061306 -0.223543 0.689024 0.222942 -0.836016 
0.018496 -0.165206 -0.267743 0.682061 0.273626 -0.662996 
0.010307 -0.263459 -0.328823 0.669814 0.296813 -0.435199 
0.004988 -0.340928 -0.419164 0.648900 0.303806 -0.294662 
0.001410 -0.393364 -0.519002 0.612050 0.302720 -0.221326 
0.052522 -0.431183 -0.606038 0.559053 0.293679 -0.186771 
0.421683 -0.456818 -0.677310 0.480609 0.276382 -0.173621 
0.678038 -0.473692 -0.734332 0.409434 0.237268 -0.168380 
0.711211 -0.485529 -0.780214 0.303399 0.194308 -0.173921 
0.708333 -0.480323 -0.809897 0.212064 0.113116 -0.186256 
0.704359 -0.402120 -0.828918 0.142835 0.013085 -0.212264 
0.698774 -0.114403 -0.841030 0.092185 -0.107133 -0.249962 
0.690659 0.103008 -0.847795 0.059123 -0.204360 -0.299843 
0.678568 0.215724 -0.837722 0.037505 -0.295071 -0.366466 
0.660230 0.270691 -0.654863 0.022943 -0.362785 -0.446733 
0.630653 0.294911 -0.424817 0.013320 -0.410618 -0.543323 
0.584337 0.304250 -0.287426 0.009394 -0.442325 -0.631275 
0.516040 0.302969 -0.217743 0.039525 -0.462429 -0.701225 
0.425325 0.293576 -0.184860 0.267308 -0.478017 -0.753197 
0.321695 0.279695 -0.170801 0.476447 -0.488080 -0.789051 
0.222573 0.251423 -0.166895 0.592963 -0.487186 -0.813799 
0.143073 0.204432 -0.170823 0.650796 -0.373023 -0.831318 
0.087882 0.149061 -0.181001 0.676922 -0.078764 -0.841790 
0.052921 0.047644 -0.198771 0.687952 0.116988 -0.849186 
0.031582 -0.061306 -0.223543 0.689024 0.222942 -0.836016 
0.018520 -0.165206 -0.267743 0.682061 0.273626 -0.662996 
0.010321 -0.263459 -0.328823 0.669813 0.296813 -0.435199 
0.004997 -0.340928 -0.419164 0.648900 0.303806 -0.294662 
0.001416 -0.393364 -0.519002 0.623744 0.302720 -0.221326 
0.001410 -0.431183 -0.606038 0.564900 0.293679 -0.186771 
0.052522 -0.456818 -0.677310 0.483532 0.276382 -0.171057 
0.421683 -0.473692 -0.734345 0.410896 0.254013 -0.167098 
0.678038 -0.483436 -0.772652 0.340837 0.219004 -0.168886 
0.711211 -0.491149 -0.800641 0.256940 0.163923 -0.174910 
0.708491 -0.479176 -0.821389 0.179562 0.085980 -0.186750 
0.704798 -0.316106 -0.835111 0.120257 -0.014272 -0.212511 
0.699698 -0.028584 -0.844127 0.080897 -0.120811 -0.250085 
0.692431 0.146250 -0.848460 0.052542 -0.223390 -0.309583 
0.681811 0.236824 -0.823985 0.033892 -0.304587 -0.382873 
0.665957 0.281240 -0.647994 0.020810 -0.367543 -0.466858 
0.641800 0.299632 -0.414586 0.011748 -0.412997 -0.563339 
0.603898 0.304743 -0.281661 0.011698 -0.445060 -0.641283 
0.547658 0.301781 -0.215910 0.056830 -0.466254 -0.706228 
0.470308 0.292982 -0.184852 0.306050 -0.480361 -0.758603 
0.375912 0.274498 -0.171353 0.495819 -0.489251 -0.794028 
0.276976 0.248824 -0.167171 0.603390 -0.481101 -0.816288 
0.188994 0.203132 -0.170961 0.656009 -0.369981 -0.831536 
0.121745 0.148412 -0.181070 0.679529 -0.103061 -0.841899 
0.075929 0.058602 -0.194119 0.689255 0.104839 -0.849017 
0.046726 -0.047940 -0.221217 0.689676 0.216868 -0.835931 
0.028520 -0.147139 -0.264071 0.684069 0.271260 -0.705283 
0.017071 -0.244961 -0.326987 0.675302 0.295630 -0.465340 
0.009688 -0.331679 -0.405393 0.656616 0.304596 -0.309732 
0.004778 -0.388740 -0.501017 0.627602 0.304023 -0.228861 
0.052522 -0.426656 -0.583529 0.566829 0.296343 -0.189919 
0.421683 -0.454554 -0.666056 0.506712 0.281113 -0.172631 
0.678038 -0.472560 -0.728705 0.422486 0.251907 -0.167885 
0.711211 -0.484963 -0.777401 0.309925 0.201628 -0.173637 
0.708333 -0.480040 -0.808490 0.220498 0.116775 -0.186114 
0.704359 -0.420083 -0.827154 0.152175 0.022650 -0.199917 
0.698774 -0.123384 -0.839508 0.102412 -0.079528 -0.229619 
0.690659 0.091759 -0.847691 0.064236 -0.190557 -0.281973 
0.678568 0.210100 -0.837671 0.040062 -0.288170 -0.357531 
0.660230 0.267879 -0.717861 0.024852 -0.354979 -0.442265 
0.630391 0.293505 -0.467984 0.015207 -0.403522 -0.530561 
0.583988 0.304197 -0.309009 0.008309 -0.438777 -0.611782 
0.515607 0.302943 -0.228534 0.038983 -0.460655 -0.687924 
0.424850 0.293563 -0.190256 0.216770 -0.476239 -0.744830 
0.321252 0.279689 -0.173499 0.451179 -0.486583 -0.784867 
0.222229 0.251420 -0.168244 0.580329 -0.486437 -0.811708 
0.142845 0.204430 -0.171498 0.644478 -0.372649 -0.829246 
0.087747 0.149060 -0.181339 0.673764 -0.104395 -0.840754 
0.052845 0.047643 -0.198939 0.686372 0.104172 -0.848668 
0.031540 -0.061306 -0.223627 0.688234 0.216535 -0.835757 
0.018496 -0.165206 -0.265276 0.681666 0.270422 -0.662866 
0.010307 -0.263460 -0.327590 0.669616 0.295211 -0.435134 
0.004988 -0.340928 -0.418548 0.648801 0.303005 -0.294630 
0.001410 -0.393364 -0.518693 0.612001 0.302319 -0.221310 
0.052522 -0.431184 -0.605883 0.559028 0.293479 -0.186763 
0.421683 -0.456818 -0.677233 0.480596 0.276282 -0.173617 
0.678038 -0.473692 -0.734294 0.409428 0.237218 -0.168378 
0.711211 -0.485529 -0.780195 0.303396 0.194283 -0.173920 
0.708333 -0.480323 -0.809887 0.212062 0.113103 -0.186255 
0.704359 -0.402120 -0.828913 0.142834 0.013079 -0.212264 
0.698774 -0.114403 -0.841028 0.092185 -0.107136 -0.249962 
0.690659 0.103008 -0.847793 0.059123 -0.204361 -0.299843 
0.678568 0.215724 -0.837722 0.037505 -0.295072 -0.366466 
0.660230 0.270691 -0.654863 0.022943 -0.362786 -0.446733 
0.630391 0.294911 -0.424817 0.013320 -0.410618 -0.543323 
0.583988 0.304250 -0.287426 0.009394 -0.442325 -0.631275 
0.515607 0.302969 -0.217743 0.039525 -0.462429 -0.701225 
0.424850 0.293576 -0.184860 0.267308 -0.478017 -0.753197 
0.321252 0.279695 -0.170801 0.476447 -0.488080 -0.789051 
0.222229 0.251423 -0.166895 0.592963 -0.487186 -0.813799 
0.142845 0.204432 -0.170823 0.650796 -0.373023 -0.831318 
0.087747 0.149061 -0.181001 0.676922 -0.078764 -0.841790 
0.052845 0.047644 -0.198771 0.687952 0.116988 -0.849186 
0.031540 -0.061306 -0.223543 0.689024 0.222942 -0.836016 
0.018496 -0.165206 -0.267743 0.682061 0.273626 -0.662996 
0.010307 -0.263459 -0.328823 0.669813 0.296813 -0.435199 
0.004988 -0.340928 -0.419164 0.648900 0.303806 -0.294662 
0.001410 -0.393364 -0.519002 0.612050 0.302720 -0.221326 
0.001405 -0.431183 -0.606038 0.559053 0.293679 -0.186771 
0.052485 -0.456818 -0.677310 0.480609 0.276382 -0.171057 
0.421553 -0.473692 -0.734345 0.409434 0.254013 -0.167098 
0.678017 -0.483436 -0.772652 0.340107 0.219004 -0.168886 
0.711206 -0.491149 -0.800641 0.256575 0.163923 -0.174910 
0.708486 -0.479176 -0.821389 0.179380 0.085980 -0.186750 
0.704798 -0.316106 -0.835111 0.120166 -0.014272 -0.212511 
0.699710 -0.028584 -0.844127 0.080851 -0.120811 -0.250085 
0.692485 0.146250 -0.848460 0.052519 -0.223390 -0.309583 
0.681989 0.236824 -0.823985 0.033881 -0.304587 -0.382873 
0.666495 0.281240 -0.647994 0.020804 -0.367543 -0.466858 
0.641811 0.299632 -0.414586 0.011745 -0.412997 -0.563339 
0.603926 0.304743 -0.281661 0.011697 -0.445060 -0.641283 
0.547710 0.301781 -0.215910 0.056829 -0.466254 -0.706228 
0.470389 0.292982 -0.184852 0.306049 -0.480361 -0.758603 
0.376014 0.274498 -0.171353 0.495818 -0.489251 -0.794028 
0.277081 0.248824 -0.167171 0.603390 -0.481101 -0.816288 
0.189084 0.203132 -0.170961 0.656009 -0.369981 -0.831536 
0.121811 0.148412 -0.181070 0.679529 -0.103061 -0.841899 
0.075973 0.058602 -0.194119 0.689255 0.104839 -0.849017 
0.046754 -0.047940 -0.221217 0.689676 0.216868 -0.835931 
0.028538 -0.147139 -0.264071 0.684069 0.271260 -0.705283 
0.017082 -0.244961 -0.326987 0.675302 0.295630 -0.465340 
0.009696 -0.331679 -0.405393 0.656616 0.304596 -0.309732 
0.004783 -0.388740 -0.501017 0.627602 0.304023 -0.228861 
0.052551 -0.426656 -0.583529 0.566829 0.296343 -0.189919 
0.421791 -0.454554 -0.666056 0.506712 0.281113 -0.172631 
0.678058 -0.472560 -0.728705 0.422486 0.251907 -0.167885 
0.711215 -0.484963 -0.777401 0.309925 0.201628 -0.173637 
0.708338 -0.480040 -0.808490 0.220498 0.116775 -0.186114 
0.704365 -0.420083 -0.827154 0.152175 0.022650 -0.199917 
0.698774 -0.123384 -0.839508 0.102412 -0.079528 -0.229619 
0.690659 0.091759 -0.847691 0.064236 -0.190557 -0.281973 
0.678568 0.210100 -0.837671 0.040062 -0.288170 -0.357531 
0.660230 0.267879 -0.717861 0.024852 -0.354979 -0.442265 
0.630391 0.293505 -0.467984 0.015207 -0.403522 -0.530561 
0.583988 0.304197 -0.309009 0.008309 -0.438777 -0.611782 
0.515607 0.302943 -0.228534 0.038983 -0.460655 -0.687924 
0.424850 0.293563 -0.190256 0.216770 -0.476239 -0.744830 
0.321252 0.279689 -0.173499 0.451179 -0.486583 -0.784867 
0.222229 0.251420 -0.168244 0.580329 -0.486437 -0.811708 
0.142845 0.204430 -0.171498 0.644478 -0.372649 -0.829246 
0.087747 0.149060 -0.181339 0.673764 -0.104395 -0.840754 
0.052845 0.047643 -0.198939 0.686372 0.104172 -0.848668 
0.031540 -0.061306 -0.223627 0.688234 0.216535 -0.835757 
0.018496 -0.165206 -0.265276 0.681666 0.270422 -0.662866 
0.010307 -0.263460 -0.327590 0.669616 0.295211 -0.435134 
0.004988 -0.340928 -0.418548 0.648801 0.303005 -0.294630 
0.001410 -0.393364 -0.518693 0.612001 0.302319 -0.221310 
0.052522 -0.431184 -0.605883 0.559028 0.293479 -0.186763 
0.421683 -0.456818 -0.677233 0.480596 0.276282 -0.173617 
0.678038 -0.473692 -0.734294 0.409428 0.237218 -0.168378 
0.711211 -0.485529 -0.780195 0.303396 0.194283 -0.173920 
0.708333 -0.480323 -0.809887 0.212062 0.113103 -0.186255 
0.704359 -0.402120 -0.828913 0.142834 0.013079 -0.212264 
0.698774 -0.114403 -0.841028 0.092185 -0.107136 -0.249962 
0.690659 0.103008 -0.847793 0.059123 -0.204361 -0.299843 
0.678568 0.215724 -0.837722 0.037505 -0.295072 -0.366466 
0.660230 0.270691 -0.654863 0.022943 -0.362786 -0.446733 
0.630391 0.294911 -0.424817 0.013320 -0.410618 -0.543323 
0.583988 0.304250 -0.287426 0.009394 -0.442325 -0.631275 
0.515607 0.302969 -0.217743 0.039525 -0.462429 -0.701225 
0.424850 0.293576 -0.184860 0.267308 -0.478017 -0.753197 
0.321252 0.279695 -0.170801 0.476447 -0.488080 -0.789051 
0.222229 0.251423 -0.166895 0.592963 -0.487186 -0.813799 
0.142845 0.204432 -0.170823 0.650796 -0.373023 -0.831318 
0.087747 0.149061 -0.181001 0.676922 -0.078764 -0.841790 
0.052845 0.047644 -0.198771 0.687952 0.116988 -0.849186 
0.031540 -0.061306 -0.223543 0.689024 0.222942 -0.836016 
0.018496 -0.165206 -0.267743 0.682061 0.273626 -0.662996 
0.010307 -0.263459 -0.328823 0.669813 0.296813 -0.435199 
0.004988 -0.340928 -0.419164 0.648900 0.303806 -0.294662 
0.001410 -0.393364 -0.519002 0.612050 0.302720 -0.221326 
0.001405 -0.431183 -0.606038 0.559053 0.293679 -0.186771 
0.052485 -0.456818 -0.677310 0.480609 0.276382 -0.171057 
0.421553 -0.473692 -0.734345 0.409434 0.254013 -0.167098 
0.678017 -0.483436 -0.772652 0.340107 0.219004 -0.168886 
0.711206 -0.491149 -0.800641 0.256575 0.163923 -0.174910 
0.708486 -0.479176 -0.821389 0.179380 0.085980 -0.186750 
0.704798 -0.316106 -0.835111 0.120166 -0.014272 -0.212511 
0.699710 -0.028584 -0.844127 0.080851 -0.120811 -0.250085 
0.692485 0.146250 -0.848460 0.052519 -0.223390 -0.309583 
0.681989 0.236824 -0.823985 0.033881 -0.304587 -0.382873 
0.666495 0.281240 -0.647994 0.020804 -0.367543 -0.466858 
0.641811 0.299632 -0.414586 0.011745 -0.412997 -0.563339 
0.603926 0.304743 -0.281661 0.011697 -0.445060 -0.641283 
0.547710 0.301781 -0.215910 0.056829 -0.466254 -0.706228 
0.470389 0.292982 -0.184852 0.306049 -0.480361 -0.758603 
0.376014 0.274498 -0.171353 0.495818 -0.489251 -0.794028 
0.277081 0.248824 -0.167171 0.603390 -0.481101 -0.816288 
0.189084 0.203132 -0.170961 0.656009 -0.369981 -0.831536 
0.121811 0.148412 -0.181070 0.679529 -0.103061 -0.841899 
0.075973 0.058602 -0.194119 0.689255 0.104839 -0.849017 
0.046754 -0.047940 -0.221217 0.689676 0.216868 -0.835931 
0.028538 -0.147139 -0.264071 0.684069 0.271260 -0.705283 
0.017082 -0.244961 -0.326987 0.675302 0.295630 -0.465340 
0.009696 -0.331679 -0.405393 0.656616 0.304596 -0.309732 
0.004783 -0.388740 -0.501017 0.627602 0.304023 -0.228861 
0.052551 -0.426656 -0.583529 0.566829 0.296343 -0.189919 
0.421791 -0.454554 -0.666056 0.506712 0.281113 -0.172631 
0.678058 -0.472560 -0.728705 0.422486 0.251907 -0.167885 
0.711215 -0.484963 -0.777401 0.309925 0.201628 -0.173637 
0.708338 -0.480040 -0.808490 0.220498 0.116775 -0.186114 
0.704365 -0.420083 -0.827154 0.152175 0.022650 -0.199917 
0.698774 -0.123384 -0.839508 0.102412 -0.079528 -0.229619 
0.690659 0.091759 -0.847691 0.064236 -0.190557 -0.281973 
0.678568 0.210100 -0.837671 0.040062 -0.288170 -0.357531 
0.660230 0.267879 -0.717861 0.024852 -0.354979 -0.442265 
0.630391 0.293505 -0.467984 0.015207 -0.403522 -0.530561 
0.583988 0.304197 -0.309009 0.008309 -0.438777 -0.611782 
0.515607 0.302943 -0.228534 0.038983 -0.460655 -0.687924 
0.424850 0.293563 -0.190256 0.216770 -0.476239 -0.744830 
0.321252 0.279689 -0.173499 0.451179 -0.486583 -0.784867 
0.222229 0.251420 -0.168244 0.580329 -0.486437 -0.811708 
0.142845 0.204430 -0.171498 0.644478 -0.372649 -0.829246 
0.087747 0.149060 -0.181339 0.673764 -0.104395 -0.840754 
0.052845 0.047643 -0.198939 0.686372 0.104172 -0.848668 
0.031540 -0.061306 -0.223627 0.688234 0.216535 -0.835757 
0.018496 -0.165206 -0.265276 0.681666 0.270422 -0.662866 
0.010307 -0.263460 -0.327590 0.669616 0.295211 -0.435134 
0.004988 -0.340928 -0.418548 0.648801 0.303005 -0.294630 
0.001410 -0.393364 -0.518693 0.612001 0.302319 -0.221310 
0.052522 -0.431184 -0.605883 0.559028 0.293479 -0.186763 
0.421683 -0.456818 -0.677233 0.480596 0.276282 -0.173617 
0.678038 -0.473692 -0.734294 0.409428 0.237218 -0.168378 
0.711211 -0.485529 -0.780195 0.303396 0.194283 -0.173920 
0.708333 -0.480323 -0.809887 0.212062 0.113103 -0.186255 
0.704359 -0.402120 -0.828913 0.142834 0.013079 -0.212264 
0.698774 -0.114403 -0.841028 0.092185 -0.107136 -0.249962 
0.690659 0.103008 -0.847793 0.059123 -0.204361 -0.299843 
0.678568 0.215724 -0.837722 0.037505 -0.295072 -0.366466 
0.660230 0.270691 -0.654863 0.022943 -0.362786 -0.446733 
0.630391 0.294911 -0.424817 0.013320 -0.410618 -0.543323 
0.583988 0.304250 -0.287426 0.009394 -0.442325 -0.631275 
0.515607 0.302969 -0.217743 0.039525 -0.462429 -0.701225 
0.424850 0.293576 -0.184860 0.267308 -0.478017 -0.753197 
0.321252 0.279695 -0.170801 0.476447 -0.488080 -0.789051 
0.222229 0.251423 -0.166895 0.592963 -0.487186 -0.813799 
0.142845 0.204432 -0.170823 0.650796 -0.373023 -0.831318 
0.087747 0.149061 -0.181001 0.676922 -0.078764 -0.841790 
0.052845 0.047644 -0.198771 0.687952 0.116988 -0.849186 
0.031540 -0.061306 -0.223543 0.689024 0.222942 -0.836016 
0.018496 -0.165206 -0.267743 0.682061 0.273626 -0.662996 
0.010307 -0.263459 -0.328823 0.669813 0.296813 -0.435199 
0.004988 -0.340928 -0.419164 0.648900 0.303806 -0.294662 
0.001410 -0.393364 -0.519002 0.612050 0.302720 -0.221326 
0.052522 -0.431183 -0.606038 0.559053 0.293679 -0.186771 
0.421683 -0.456818 -0.677310 0.480609 0.276382 -0.173621 
0.678038 -0.473692 -0.734332 0.409434 0.237268 -0.168380 
0.711211 -0.485529 -0.780214 0.303399 0.194308 -0.173921 
0.711206 -0.480323 -0.809897 0.212064 0.113116 -0.186256 
0.708328 -0.402120 -0.828918 0.142835 0.013085 -0.212264 
0.704359 -0.114403 -0.841030 0.097741 -0.107133 -0.249962 
0.698774 0.103008 -0.847795 0.061901 -0.204360 -0.299843 
0.690659 0.215724 -0.837722 0.038894 -0.295071 -0.366466 
0.678568 0.270691 -0.654863 0.023638 -0.362785 -0.446733 
0.660230 0.294911 -0.424817 0.013667 -0.410618 -0.543323 
0.630403 0.304250 -0.287426 0.009568 -0.442325 -0.631275 
0.584020 0.302969 -0.217743 0.039612 -0.462429 -0.697671 
0.515666 0.293576 -0.184860 0.267351 -0.478017 -0.749703 
0.424937 0.279695 -0.170801 0.476469 -0.488080 -0.787304 
0.321354 0.256384 -0.166895 0.592974 -0.487186 -0.812926 
0.222323 0.219894 -0.170823 0.650801 -0.404444 -0.829365 
0.142918 0.166802 -0.181001 0.676925 -0.120292 -0.840813 
0.087797 0.083421 -0.194084 0.687953 0.096223 -0.848474 
0.052877 -0.015728 -0.221200 0.690947 0.212898 -0.835660 
0.031560 -0.131033 -0.264063 0.686564 0.269275 -0.705147 
0.018509 -0.236908 -0.326983 0.676550 0.295056 -0.465272 
0.010315 -0.316101 -0.405390 0.657240 0.305232 -0.309699 
0.004994 -0.376887 -0.488410 0.627914 0.306145 -0.228844 
0.001414 -0.420730 -0.577225 0.593044 0.297404 -0.189910 
0.031401 -0.449239 -0.652115 0.519820 0.284807 -0.172627 
0.220262 -0.468608 -0.713901 0.446862 0.258982 -0.167053 
0.581447 -0.480212 -0.758361 0.369722 0.228517 -0.167637 
0.690497 -0.488789 -0.788747 0.292699 0.184860 -0.171948 
0.708338 -0.489646 -0.811829 0.211879 0.127427 -0.180415 
0.704365 -0.435884 -0.828827 0.152562 0.047909 -0.197067 
0.698774 -0.192865 -0.839492 0.102267 -0.060947 -0.224091 
0.690659 0.053257 -0.847311 0.066708 -0.160296 -0.269453 
0.678568 0.187170 -0.846655 0.042886 -0.254080 -0.342105 
0.660230 0.256646 -0.767589 0.027056 -0.333885 -0.416763 
0.630391 0.287888 -0.525730 0.016363 -0.389989 -0.506882 
0.583988 0.301855 -0.344927 0.008887 -0.430280 -0.601391 
0.515607 0.304551 -0.246151 0.016244 -0.456365 -0.677144 
0.424850 0.298948 -0.198144 0.137981 -0.474092 -0.730186 
0.321252 0.285788 -0.175969 0.375659 -0.485265 -0.774190 
0.222229 0.260712 -0.168609 0.540188 -0.490087 -0.803990 
0.142845 0.214644 -0.170099 0.624838 -0.435962 -0.824024 
0.087747 0.154167 -0.176089 0.663943 -0.174969 -0.837675 
0.052845 0.061480 -0.188650 0.682331 0.055499 -0.846368 
0.031540 -0.040289 -0.215393 0.687155 0.192429 -0.843559 
0.018496 -0.137213 -0.255830 0.684668 0.259488 -0.766921 
0.010307 -0.223495 -0.322611 0.678198 0.290162 -0.531145 
0.004988 -0.309394 -0.387084 0.658065 0.302769 -0.347108 
0.001410 -0.373534 -0.479257 0.634496 0.303110 -0.247256 
0.052522 -0.417083 -0.568881 0.596335 0.298301 -0.198703 
0.421683 -0.448496 -0.647771 0.534514 0.286090 -0.177023 
0.678038 -0.468237 -0.719562 0.436387 0.254396 -0.170081 
0.711211 -0.482801 -0.772830 0.337758 0.202873 -0.174735 
0.708333 -0.478959 -0.806205 0.229243 0.117398 -0.186663 
0.704359 -0.401439 -0.827071 0.151424 0.015226 -0.212467 
0.698774 -0.114062 -0.840107 0.096480 -0.106062 -0.250064 
0.690659 0.103178 -0.847333 0.061271 -0.203824 -0.299894 
0.678568 0.215810 -0.837492 0.038579 -0.294804 -0.366491 
0.660230 0.270733 -0.654748 0.023480 -0.362651 -0.446745 
0.630391 0.294932 -0.424760 0.013588 -0.410551 -0.543329 
0.583988 0.304261 -0.287397 0.009528 -0.442292 -0.631278 
0.515607 0.302975 -0.217728 0.039592 -0.462413 -0.701226 
0.424850 0.293579 -0.184853 0.267341 -0.478009 -0.753198 
0.321252 0.279697 -0.170798 0.476464 -0.488076 -0.789051 
0.222229 0.251424 -0.166894 0.592972 -0.487184 -0.813800 
0.142845 0.204432 -0.170822 0.650800 -0.373022 -0.831318 
0.087747 0.149061 -0.181001 0.676924 -0.078763 -0.841790 
0.052845 0.047644 -0.198770 0.687953 0.116988 -0.849186 
0.031540 -0.061306 -0.223543 0.689024 0.222942 -0.836016 
0.018496 -0.165206 -0.267743 0.682061 0.273626 -0.662996 
0.010307 -0.263459 -0.328823 0.669814 0.296813 -0.435199 
0.004988 -0.340928 -0.419164 0.648900 0.303806 -0.294662 
0.001410 -0.393364 -0.519002 0.612050 0.302720 -0.221326 
0.052522 -0.431183 -0.606038 0.559053 0.293679 -0.186771 
0.421683 -0.456818 -0.677310 0.480609 0.276382 -0.173621 
0.678038 -0.473692 -0.734332 0.409434 0.237268 -0.168380 
0.711211 -0.485529 -0.780214 0.303399 0.194308 -0.173921 
0.708333 -0.480323 -0.809897 0.212064 0.113116 -0.186256 
0.704359 -0.402120 -0.828918 0.142835 0.013085 -0.212264 
0.698774 -0.114403 -0.841030 0.092185 -0.107133 -0.249962 
0.690659 0.103008 -0.847795 0.059123 -0.204360 -0.299843 
0.678568 0.215724 -0.837722 0.037505 -0.295071 -0.366466 
0.660230 0.270691 -0.654863 0.022943 -0.362785 -0.446733 
0.630653 0.294911 -0.424817 0.013320 -0.410618 -0.543323 
0.584337 0.304250 -0.287426 0.009394 -0.442325 -0.631275 
0.516040 0.302969 -0.217743 0.039525 -0.462429 -0.701225 
0.425325 0.293576 -0.184860 0.267308 -0.478017 -0.753197 
0.321695 0.279695 -0.170801 0.476447 -0.488080 -0.789051 
0.222573 0.251423 -0.166895 0.592963 -0.487186 -0.813799 
0.143073 0.204432 -0.170823 0.650796 -0.373023 -0.831318 
0.087882 0.149061 -0.181001 0.676922 -0.078764 -0.841790 
0.052921 0.047644 -0.198771 0.687952 0.116988 -0.849186 
0.031582 -0.061306 -0.223543 0.689024 0.222942 -0.836016 
0.018520 -0.165206 -0.267743 0.682061 0.273626 -0.662996 
0.010321 -0.263459 -0.328823 0.669813 0.296813 -0.435199 
0.004997 -0.340928 -0.419164 0.648900 0.303806 -0.294662 
0.001416 -0.393364 -0.519002 0.623744 0.302720 -0.221326 
0.001410 -0.431183 -0.606038 0.564900 0.293679 -0.186771 
0.052522 -0.456818 -0.677310 0.483532 0.276382 -0.171057 
0.421683 -0.473692 -0.734345 0.410896 0.254013 -0.167098 
0.678038 -0.483436 -0.772652 0.340837 0.219004 -0.168886 
0.711211 -0.491149 -0.800641 0.256940 0.163923 -0.174910 
0.708491 -0.479176 -0.821389 0.179562 0.085980 -0.186750 
0.704798 -0.316106 -0.835111 0.120257 -0.014272 -0.212511 
0.699698 -0.028584 -0.844127 0.080897 -0.120811 -0.250085 
0.692431 0.146250 -0.848460 0.052542 -0.223390 -0.309583 
0.681811 0.236824 -0.823985 0.033892 -0.304587 -0.382873 
0.665957 0.281240 -0.647994 0.020810 -0.367543 -0.466858 
0.641800 0.299632 -0.414586 0.011748 -0.412997 -0.563339 
0.603898 0.304743 -0.281661 0.011698 -0.445060 -0.641283 
0.547658 0.301781 -0.215910 0.056830 -0.466254 -0.706228 
0.470308 0.292982 -0.184852 0.306050 -0.480361 -0.758603 
0.375912 0.274498 -0.171353 0.495819 -0.489251 -0.794028 
0.276976 0.248824 -0.167171 0.603390 -0.481101 -0.816288 
0.188994 0.203132 -0.170961 0.656009 -0.369981 -0.831536 
0.121745 0.148412 -0.181070 0.679529 -0.103061 -0.841899 
0.075929 0.058602 -0.194119 0.689255 0.104839 -0.849017 
0.046726 -0.047940 -0.221217 0.689676 0.216868 -0.835931 
0.028520 -0.147139 -0.264071 0.684069 0.271260 -0.705283 
0.017071 -0.244961 -0.326987 0.675302 0.295630 -0.465340 
0.009688 -0.331679 -0.405393 0.656616 0.304596 -0.309732 
0.004778 -0.388740 -0.501017 0.627602 0.304023 -0.228861 
0.052522 -0.426656 -0.583529 0.566829 0.296343 -0.189919 
0.421683 -0.454554 -0.666056 0.506712 0.281113 -0.172631 
0.678038 -0.472560 -0.728705 0.422486 0.251907 -0.167885 
0.711211 -0.484963 -0.777401 0.309925 0.201628 -0.173637 
0.708333 -0.480040 -0.808490 0.220498 0.116775 -0.186114 
0.704359 -0.420083 -0.827154 0.152175 0.022650 -0.199917 
0.698774 -0.123384 -0.839508 0.102412 -0.079528 -0.229619 
0.690659 0.091759 -0.847691 0.064236 -0.190557 -0.281973 
0.678568 0.210100 -0.837671 0.040062 -0.288170 -0.357531 
0.660230 0.267879 -0.717861 0.024852 -0.354979 -0.442265 
0.630391 0.293505 -0.467984 0.015207 -0.403522 -0.530561 
0.583988 0.304197 -0.309009 0.008309 -0.438777 -0.611782 
0.515607 0.302943 -0.228534 0.038983 -0.460655 -0.687924 
0.424850 0.293563 -0.190256 0.216770 -0.476239 -0.744830 
0.321252 0.279689 -0.173499 0.451179 -0.486583 -0.784867 
0.222229 0.251420 -0.168244 0.580329 -0.486437 -0.811708 
0.142845 0.204430 -0.171498 0.644478 -0.372649 -0.829246 
0.087747 0.149060 -0.181339 0.673764 -0.104395 -0.840754 
0.052845 0.047643 -0.198939 0.686372 0.104172 -0.848668 
0.031540 -0.061306 -0.223627 0.688234 0.216535 -0.835757 
0.018496 -0.165206 -0.265276 0.681666 0.270422 -0.662866 
0.010307 -0.263460 -0.327590 0.669616 0.295211 -0.435134 
0.004988 -0.340928 -0.418548 0.648801 0.303005 -0.294630 
0.001410 -0.393364 -0.518693 0.612001 0.302319 -0.221310 
0.052522 -0.431184 -0.605883 0.559028 0.293479 -0.186763 
0.421683 -0.456818 -0.677233 0.480596 0.276282 -0.173617 
0.678038 -0.473692 -0.734294 0.409428 0.237218 -0.168378 
0.711211 -0.485529 -0.780195 0.303396 0.194283 -0.173920 
0.708333 -0.480323 -0.809887 0.212062 0.113103 -0.186255 
0.704359 -0.402120 -0.828913 0.142834 0.013079 -0.212264 
0.698774 -0.114403 -0.841028 0.092185 -0.107136 -0.249962 
0.690659 0.103008 -0.847793 0.059123 -0.204361 -0.299843 
0.678568 0.215724 -0.837722 0.037505 -0.295072 -0.366466 
0.660230 0.270691 -0.654863 0.022943 -0.362786 -0.446733 
