0.357500 0.000000 0.000000 0.000000 0.000000 0.000000 
0.357500 0.000000 0.000000 0.000000 0.000000 0.000000 
-0.009420 0.000000 0.000000 0.000000 0.000000 0.000000 
0.724576 0.000000 0.000000 0.000000 0.000000 0.000000 
0.640965 0.000000 0.000000 0.000000 0.000000 0.000000 
0.001386 0.000000 0.000000 0.000000 0.000000 0.000000 
0.001386 0.000000 0.000000 0.000000 0.000000 0.000000 
0.001386 0.000000 0.000000 0.000000 0.000000 0.000000 
0.001386 0.000000 0.000000 0.000000 0.000000 0.000000 
0.001386 0.000000 0.000000 0.000000 0.000000 0.000000 
0.001386 0.000000 0.000000 0.000000 0.000000 0.000000 
0.001386 0.000000 0.000000 0.000000 0.000000 0.000000 
0.001386 0.000000 0.000000 0.000000 0.000000 0.000000 
0.001386 0.000000 0.000000 0.000000 0.000000 0.000000 
0.001386 0.000000 0.000000 0.000000 0.000000 0.000000 
0.001386 0.000000 0.000000 0.000000 0.000000 0.000000 
0.001386 0.000000 0.000000 0.000000 0.000000 0.000000 
0.001386 0.000000 0.000000 0.000000 0.000000 0.000000 
0.001386 0.000000 0.000000 0.000000 0.000000 0.000000 
0.001386 0.000000 0.000000 0.000000 0.000000 0.000000 
0.001386 0.000000 0.000000 0.000000 0.000000 0.000000 
0.001386 0.000000 0.000000 0.000000 0.000000 0.000000 
0.001386 0.000000 0.000000 0.000000 0.000000 0.000000 
0.001386 0.000000 0.000000 0.000000 0.000000 0.000000 
0.001386 0.000000 0.000000 0.000000 0.000000 0.000000 
0.001386 0.000000 0.000000 0.000000 0.000000 0.000000 
0.001386 0.000000 0.000000 0.000000 0.000000 0.000000 
0.001386 0.000000 0.000000 0.000000 0.000000 0.000000 
0.001386 0.000000 0.000000 0.000000 0.000000 0.000000 
0.001386 0.000000 0.000000 0.000000 0.000000 0.000000 
0.001386 0.000000 0.000000 0.000000 0.000000 0.000000 
0.001386 0.000000 0.000000 0.000000 0.000000 0.000000 
0.711202 0.000000 0.000000 0.000000 0.000000 0.000000 
0.711202 0.000000 0.000000 0.000000 0.000000 0.000000 
0.711202 0.000000 0.000000 0.000000 0.000000 0.000000 
0.711202 0.000000 0.000000 0.000000 0.000000 0.000000 
0.711202 0.000000 0.000000 0.000000 0.000000 0.000000 
0.711202 0.000000 0.000000 0.000000 0.000000 0.000000 
0.711202 0.000000 0.000000 0.000000 0.000000 0.000000 
0.709242 0.000000 0.000000 0.000000 0.000000 0.000000 
0.706788 0.000000 0.000000 0.000000 0.000000 0.000000 
0.703673 0.000000 0.000000 0.000000 0.000000 0.000000 
0.699658 -0.086940 -0.594261 -0.246136 -0.456846 -0.501679 
0.695040 0.119359 -0.489925 -0.119837 -0.448069 -0.526261 
0.688235 0.219245 -0.364634 -0.057083 -0.450097 -0.572559 
0.679052 0.267610 -0.272906 -0.027836 -0.460334 -0.622237 
0.666495 0.289953 -0.213519 -0.011314 -0.468729 -0.659069 
0.649169 0.299903 -0.180447 0.019165 -0.475589 -0.705983 
0.625235 0.299361 -0.164253 0.034405 -0.480152 -0.735030 
0.592322 0.296354 -0.157612 0.147062 -0.485985 -0.759129 
0.548453 0.290268 -0.154292 0.309476 -0.490226 -0.782150 
0.492570 0.281448 -0.154043 0.461406 -0.493332 -0.799157 
0.425822 0.268731 -0.156477 0.567665 -0.495737 -0.814305 
0.352255 0.252183 -0.158863 0.635769 -0.495323 -0.824048 
0.278213 0.237667 -0.162469 0.673366 -0.484137 -0.832571 
0.210356 0.217853 -0.165769 0.691426 -0.432987 -0.838398 
0.153420 0.178675 -0.170260 0.700027 -0.315337 -0.843617 
0.109083 0.136183 -0.180720 0.701538 -0.075739 -0.847939 
0.076409 0.078942 -0.188288 0.702293 0.091511 -0.851117 
0.053132 0.009228 -0.202414 0.700637 0.202125 -0.853848 
0.036791 -0.037965 -0.215917 0.698362 0.264086 -0.850436 
0.025320 -0.104110 -0.237727 0.694229 0.296124 -0.819367 
0.017191 -0.163037 -0.266997 0.688205 0.311343 -0.748548 
0.011341 -0.236407 -0.301367 0.679967 0.317502 -0.521958 
0.007059 -0.299060 -0.345461 0.668767 0.318764 -0.364680 
0.003866 -0.347177 -0.405832 0.659824 0.317070 -0.263875 
0.001443 -0.382787 -0.457669 0.643905 0.313935 -0.205348 
0.001438 -0.410230 -0.514550 0.620791 0.308693 -0.176674 
0.001434 -0.431978 -0.570284 0.589483 0.303604 -0.163166 
0.001430 -0.450491 -0.631679 0.547770 0.292968 -0.158000 
0.001427 -0.464119 -0.679341 0.508022 0.282589 -0.156671 
0.001423 -0.475434 -0.721808 0.449781 0.264493 -0.158571 
0.001420 -0.481706 -0.748748 0.411843 0.248826 -0.160855 
0.001417 -0.486761 -0.770061 0.352212 0.229901 -0.164538 
0.017047 -0.489288 -0.790510 0.311496 0.213976 -0.167607 
0.075540 -0.490552 -0.800734 0.291138 0.206013 -0.169141 
0.274915 -0.491866 -0.805846 0.265141 0.195004 -0.169908 
0.545106 -0.494616 -0.812489 0.252142 0.181773 -0.171616 
0.665203 -0.495991 -0.815811 0.233909 0.157561 -0.173938 
0.699699 -0.497427 -0.825361 0.197129 0.113778 -0.181410 
0.711218 -0.492766 -0.831716 0.158928 0.072850 -0.190000 
0.709685 -0.437444 -0.838771 0.126437 0.027748 -0.201860 
0.707853 -0.295240 -0.843802 0.100022 -0.043388 -0.225096 
0.705646 -0.122543 -0.848106 0.073524 -0.106595 -0.244971 
0.702962 0.068198 -0.851618 0.055368 -0.183120 -0.279894 
0.699690 0.194641 -0.852205 0.039778 -0.242353 -0.319205 
0.695666 0.257862 -0.850265 0.029421 -0.295108 -0.366981 
0.690659 0.292630 -0.803110 0.022332 -0.340446 -0.411572 
0.684386 0.309144 -0.700581 0.015029 -0.381813 -0.469535 
0.676481 0.314137 -0.543085 0.010350 -0.413953 -0.533268 
0.666495 0.316634 -0.368928 0.006518 -0.436202 -0.586591 
0.652987 0.315129 -0.263456 0.003964 -0.453387 -0.641245 
0.635464 0.312491 -0.205412 0.007806 -0.465255 -0.690884 
0.612826 0.309869 -0.176736 0.028725 -0.474985 -0.727481 
0.583915 0.301608 -0.163447 0.144222 -0.482272 -0.755354 
0.547740 0.292895 -0.157712 0.308056 -0.488370 -0.780262 
0.503830 0.282762 -0.155753 0.485111 -0.492404 -0.799229 
0.452636 0.269388 -0.156803 0.590618 -0.495273 -0.814341 
0.395808 0.251230 -0.159026 0.647246 -0.495091 -0.824065 
0.336148 0.236951 -0.162550 0.679104 -0.484021 -0.832579 
0.277141 0.210178 -0.167070 0.694221 -0.432929 -0.839191 
0.222192 0.174838 -0.174575 0.701425 -0.269499 -0.844295 
0.173875 0.134264 -0.182877 0.702237 -0.052820 -0.848278 
0.133500 0.077456 -0.189366 0.702643 0.111040 -0.851287 
0.101142 0.008485 -0.198267 0.700812 0.215681 -0.853933 
0.075999 -0.038337 -0.213844 0.697376 0.272520 -0.847341 
0.056847 -0.104296 -0.236690 0.693736 0.300341 -0.817820 
0.042406 -0.175317 -0.266479 0.687959 0.313452 -0.696227 
0.031540 -0.242547 -0.301108 0.679844 0.318556 -0.531254 
0.023334 -0.302130 -0.345332 0.668705 0.319291 -0.361120 
0.017089 -0.348712 -0.405767 0.659793 0.317350 -0.262095 
0.012288 -0.383554 -0.457636 0.643890 0.314075 -0.204458 
0.008557 -0.410614 -0.514533 0.621239 0.310567 -0.176224 
0.005622 -0.432170 -0.577218 0.589707 0.304541 -0.163180 
0.003288 -0.450587 -0.635146 0.547881 0.293436 -0.157998 
0.001411 -0.464167 -0.681075 0.508078 0.282823 -0.156670 
0.017029 -0.473310 -0.722674 0.458902 0.264611 -0.158571 
0.075473 -0.480644 -0.757028 0.398580 0.248127 -0.160855 
0.274737 -0.486230 -0.774201 0.345581 0.229552 -0.164538 
0.544974 -0.489023 -0.792580 0.308180 0.213801 -0.167607 
0.665159 -0.493194 -0.805856 0.273662 0.191172 -0.170466 
0.699684 -0.495280 -0.815976 0.235513 0.162260 -0.175700 
0.711212 -0.497304 -0.825444 0.197931 0.116128 -0.182290 
0.709677 -0.482253 -0.832512 0.159329 0.062083 -0.190440 
0.707844 -0.432187 -0.839169 0.126287 -0.004697 -0.202080 
0.705636 -0.292611 -0.844485 0.093620 -0.073436 -0.225206 
0.702951 -0.059648 -0.848814 0.067578 -0.150393 -0.256433 
0.699690 0.119865 -0.851972 0.049363 -0.205019 -0.285624 
0.695666 0.220474 -0.852382 0.036775 -0.265494 -0.327352 
0.690659 0.274458 -0.837684 0.027919 -0.306679 -0.371054 
0.684386 0.300887 -0.796820 0.020936 -0.354916 -0.421748 
0.676481 0.313272 -0.634412 0.014332 -0.392707 -0.486296 
0.666495 0.316201 -0.436877 0.010001 -0.422416 -0.552576 
0.652987 0.317112 -0.309028 0.006344 -0.444271 -0.612246 
0.635464 0.314704 -0.231580 0.005776 -0.457457 -0.654073 
0.612826 0.312081 -0.189474 0.014688 -0.469117 -0.697298 
0.583915 0.306885 -0.168767 0.058325 -0.476916 -0.734236 
0.547740 0.300115 -0.159869 0.182595 -0.484367 -0.767986 
0.503830 0.292149 -0.156832 0.388107 -0.489417 -0.789474 
0.452636 0.278982 -0.156787 0.531015 -0.493172 -0.806261 
0.395808 0.257308 -0.157854 0.617146 -0.496262 -0.820026 
0.336148 0.240230 -0.160422 0.664054 -0.484606 -0.829287 
0.277141 0.219167 -0.164334 0.686771 -0.456787 -0.836756 
0.222192 0.179333 -0.169542 0.697699 -0.327238 -0.843077 
0.173875 0.146521 -0.175811 0.700374 -0.081689 -0.847669 
0.133500 0.083584 -0.185833 0.701711 0.096605 -0.850982 
0.101142 0.014905 -0.196500 0.700346 0.208464 -0.853781 
0.075999 -0.035126 -0.212961 0.697144 0.268911 -0.847265 
0.056847 -0.102691 -0.236248 0.693620 0.298536 -0.817781 
0.042406 -0.162327 -0.266258 0.687901 0.312550 -0.696208 
0.031540 -0.236052 -0.300998 0.679815 0.318105 -0.531244 
0.023334 -0.298883 -0.345276 0.668690 0.319065 -0.361115 
0.017089 -0.347088 -0.405740 0.659786 0.317237 -0.262093 
0.012288 -0.382742 -0.457622 0.643886 0.314019 -0.204456 
0.008557 -0.410208 -0.514527 0.621237 0.310539 -0.176223 
0.005622 -0.431967 -0.577215 0.589706 0.304527 -0.163180 
0.003288 -0.450485 -0.635144 0.547881 0.293429 -0.157998 
0.001411 -0.464117 -0.681074 0.508078 0.282820 -0.156670 
0.017029 -0.473285 -0.722674 0.458902 0.264609 -0.158571 
0.075473 -0.480631 -0.757027 0.398580 0.248127 -0.160855 
0.274737 -0.486223 -0.774201 0.345581 0.229552 -0.164538 
0.544974 -0.489020 -0.792580 0.308180 0.213801 -0.167607 
0.665159 -0.493193 -0.805856 0.273662 0.191171 -0.170466 
0.699684 -0.495279 -0.815976 0.235513 0.162260 -0.175700 
0.711212 -0.497304 -0.825444 0.197931 0.116128 -0.182290 
0.709677 -0.482253 -0.832512 0.159329 0.062083 -0.190440 
0.707844 -0.432187 -0.839169 0.126287 -0.004697 -0.202080 
0.705636 -0.292611 -0.844485 0.093620 -0.073436 -0.225206 
0.702978 -0.059648 -0.848814 0.067578 -0.150393 -0.256433 
0.699734 0.119865 -0.851972 0.049363 -0.205019 -0.285624 
0.695740 0.220474 -0.852382 0.036775 -0.265494 -0.327352 
0.690784 0.274458 -0.837684 0.027919 -0.306679 -0.371054 
0.684599 0.300887 -0.796820 0.020936 -0.354916 -0.421748 
0.676849 0.313272 -0.634412 0.014332 -0.392707 -0.486296 
0.666495 0.316201 -0.436877 0.010001 -0.422416 -0.552576 
0.652984 0.317112 -0.309028 0.006344 -0.444271 -0.612246 
0.635457 0.314704 -0.231580 0.005776 -0.457457 -0.654073 
0.612813 0.312081 -0.189474 0.014688 -0.469117 -0.697298 
0.583894 0.306885 -0.168767 0.058325 -0.476916 -0.734236 
0.547710 0.300115 -0.159869 0.182595 -0.484367 -0.767986 
0.503791 0.292149 -0.156832 0.388107 -0.489417 -0.789474 
0.452588 0.278982 -0.156787 0.531015 -0.493172 -0.806261 
0.395752 0.257308 -0.157854 0.617146 -0.496262 -0.820026 
0.336088 0.240230 -0.160422 0.664054 -0.484606 -0.829287 
0.277081 0.219167 -0.164334 0.686771 -0.456787 -0.836756 
0.222137 0.179333 -0.169542 0.697699 -0.327238 -0.843077 
0.173826 0.146521 -0.175811 0.700374 -0.081689 -0.847669 
0.133459 0.083584 -0.185833 0.701711 0.096605 -0.850982 
0.101109 0.014905 -0.196500 0.700346 0.208464 -0.853781 
0.075973 -0.035126 -0.212961 0.697144 0.268911 -0.847265 
0.056828 -0.102691 -0.236248 0.693620 0.298536 -0.817781 
0.042391 -0.162327 -0.266258 0.687901 0.312550 -0.696208 
0.031529 -0.236052 -0.300998 0.679815 0.318105 -0.531244 
0.023325 -0.298883 -0.345276 0.668690 0.319065 -0.361115 
0.017082 -0.347088 -0.405740 0.659786 0.317237 -0.262093 
0.012283 -0.382742 -0.457622 0.643886 0.314019 -0.204456 
0.008553 -0.410208 -0.514527 0.621237 0.310539 -0.176223 
0.005619 -0.431967 -0.577215 0.589706 0.304527 -0.163180 
0.003286 -0.450485 -0.635144 0.547881 0.293429 -0.157998 
0.001409 -0.464117 -0.681074 0.508078 0.282820 -0.156670 
0.017023 -0.473285 -0.722674 0.458902 0.264609 -0.158571 
0.075450 -0.480631 -0.757027 0.398580 0.248127 -0.160855 
0.274677 -0.486223 -0.774201 0.345581 0.229552 -0.164538 
0.544929 -0.489020 -0.792580 0.308180 0.213801 -0.167607 
0.665145 -0.493193 -0.805856 0.273662 0.191171 -0.170466 
0.699679 -0.495279 -0.815976 0.235513 0.162260 -0.175700 
0.709677 -0.497304 -0.825444 0.197931 0.116128 -0.182290 
0.707845 -0.482253 -0.832512 0.159329 0.062083 -0.190440 
0.705636 -0.432187 -0.839169 0.126287 -0.004697 -0.202080 
0.702951 -0.292611 -0.844485 0.093620 -0.073436 -0.225206 
0.699685 -0.059648 -0.848814 0.067578 -0.150393 -0.256433 
0.695649 0.119865 -0.851972 0.049363 -0.205019 -0.285624 
0.690617 0.220474 -0.852382 0.036775 -0.265494 -0.327352 
0.684292 0.274458 -0.837684 0.027919 -0.306679 -0.371054 
0.676282 0.300887 -0.796820 0.020936 -0.354916 -0.421748 
0.666090 0.313272 -0.634412 0.014332 -0.392707 -0.486296 
0.653098 0.316201 -0.436877 0.010001 -0.422416 -0.552576 
0.635593 0.317112 -0.309028 0.006344 -0.444271 -0.612246 
0.612975 0.314704 -0.231580 0.005776 -0.457457 -0.654073 
0.584084 0.312081 -0.189474 0.014688 -0.469117 -0.697298 
0.547928 0.306885 -0.168767 0.058325 -0.476916 -0.734236 
0.504032 0.300115 -0.159869 0.159022 -0.484367 -0.767986 
0.452843 0.292149 -0.156832 0.386180 -0.489417 -0.792075 
0.396010 0.278982 -0.156787 0.530051 -0.493172 -0.807562 
0.336334 0.257308 -0.158486 0.616962 -0.494041 -0.820676 
0.277302 0.240230 -0.160738 0.663962 -0.483496 -0.829612 
0.222323 0.214518 -0.164904 0.686725 -0.432666 -0.836918 
0.173976 0.177008 -0.173491 0.697676 -0.269368 -0.843158 
0.133575 0.135349 -0.182335 0.700363 -0.052754 -0.847710 
0.101195 0.077998 -0.191773 0.700541 0.111073 -0.851003 
0.076035 0.012112 -0.204156 0.699761 0.215697 -0.853791 
0.056872 -0.064973 -0.223147 0.696851 0.272528 -0.847270 
0.042423 -0.117614 -0.241341 0.692002 0.300345 -0.807804 
0.031552 -0.181976 -0.274134 0.685232 0.312998 -0.675253 
0.023342 -0.245877 -0.304935 0.678480 0.317758 -0.485311 
0.017094 -0.303795 -0.359678 0.668023 0.318892 -0.338148 
0.012292 -0.349544 -0.412941 0.652977 0.317151 -0.250609 
0.008559 -0.386440 -0.473265 0.631952 0.313283 -0.198846 
0.005624 -0.416120 -0.534954 0.615270 0.308367 -0.173418 
0.003290 -0.438376 -0.587428 0.586722 0.300929 -0.161777 
0.001412 -0.456890 -0.647058 0.546389 0.291630 -0.157296 
0.001409 -0.467319 -0.687031 0.496492 0.278756 -0.156320 
0.022079 -0.477034 -0.725653 0.444016 0.262577 -0.158395 
0.120848 -0.483800 -0.758517 0.391138 0.247111 -0.160767 
0.421683 -0.487808 -0.780669 0.341860 0.229044 -0.164494 
0.640063 -0.490494 -0.795814 0.306320 0.206519 -0.167585 
0.696350 -0.493930 -0.807473 0.260998 0.173861 -0.171922 
0.711212 -0.496396 -0.819426 0.210673 0.141351 -0.180402 
0.709724 -0.492251 -0.828749 0.170866 0.086637 -0.189496 
0.707955 -0.459837 -0.835443 0.132406 0.034641 -0.201608 
0.705837 -0.391878 -0.842138 0.103006 -0.026152 -0.219940 
0.703276 -0.170862 -0.847273 0.077489 -0.097977 -0.242393 
0.700184 0.044038 -0.850342 0.057351 -0.178811 -0.270777 
0.696391 0.175471 -0.853108 0.041706 -0.240199 -0.302552 
0.691701 0.248277 -0.850716 0.030385 -0.294031 -0.335816 
0.685854 0.287837 -0.825113 0.022814 -0.339907 -0.395989 
0.678516 0.306979 -0.756818 0.017020 -0.376799 -0.449673 
0.669261 0.316318 -0.571203 0.011742 -0.408046 -0.515513 
0.657566 0.317724 -0.382987 0.007885 -0.433249 -0.577713 
0.641896 0.315674 -0.273556 0.004648 -0.451910 -0.636806 
0.621750 0.312764 -0.211146 0.008148 -0.464517 -0.678017 
0.596065 0.310006 -0.179603 0.028896 -0.474316 -0.721047 
0.563836 0.304412 -0.164881 0.123615 -0.481938 -0.752137 
0.524389 0.294298 -0.158429 0.297752 -0.487772 -0.778654 
0.477729 0.283463 -0.156112 0.468906 -0.492105 -0.798424 
0.424850 0.269738 -0.156983 0.582516 -0.495123 -0.813938 
0.367843 0.251405 -0.159115 0.643194 -0.494871 -0.825760 
0.309671 0.228007 -0.162595 0.676901 -0.483911 -0.833934 
0.253605 0.205706 -0.167093 0.693120 -0.421810 -0.839868 
0.202525 0.169527 -0.174586 0.700874 -0.167893 -0.845361 
0.158354 0.119772 -0.182883 0.701961 0.039211 -0.849336 
0.121846 0.070479 -0.191971 0.701340 0.162588 -0.852198 
0.092739 -0.001242 -0.206536 0.698714 0.241455 -0.854389 
0.070125 -0.058059 -0.227558 0.696327 0.285514 -0.838617 
0.052835 -0.133192 -0.251545 0.691740 0.306299 -0.803477 
0.039711 -0.207018 -0.281744 0.685101 0.315304 -0.584879 
0.029754 -0.274900 -0.335568 0.675818 0.318911 -0.405138 
0.022167 -0.318307 -0.374995 0.663108 0.318749 -0.298062 
0.016341 -0.356800 -0.429396 0.650519 0.316156 -0.226093 
0.011822 -0.390068 -0.481493 0.630723 0.312807 -0.186444 
0.008281 -0.417934 -0.539068 0.602961 0.307248 -0.167555 
0.005476 -0.441253 -0.602554 0.580568 0.297956 -0.159266 
0.003228 -0.458329 -0.664608 0.526631 0.287816 -0.156567 
0.001409 -0.470391 -0.706595 0.486613 0.273451 -0.155955 
0.022079 -0.479184 -0.735434 0.430259 0.255884 -0.158717 
0.120848 -0.484875 -0.763404 0.384259 0.243764 -0.160928 
0.421683 -0.488345 -0.783113 0.338420 0.227370 -0.164575 
0.640063 -0.490763 -0.797036 0.304600 0.205682 -0.167625 
0.696350 -0.494064 -0.808084 0.260138 0.173443 -0.171942 
0.711212 -0.496463 -0.818357 0.216590 0.141142 -0.176438 
0.709724 -0.492285 -0.828214 0.173825 0.105569 -0.187514 
0.707955 -0.459854 -0.835175 0.138005 0.044107 -0.200617 
0.705837 -0.391886 -0.841557 0.105805 -0.021419 -0.219445 
0.703276 -0.170866 -0.846709 0.078889 -0.095611 -0.242146 
0.700184 0.044036 -0.850060 0.058051 -0.161481 -0.270653 
0.696391 0.175470 -0.852967 0.044600 -0.231534 -0.302490 
0.691701 0.248277 -0.850646 0.032515 -0.289698 -0.335785 
0.685854 0.288359 -0.836816 0.023879 -0.337741 -0.384488 
0.678516 0.307240 -0.762669 0.017553 -0.375716 -0.443923 
0.669261 0.316449 -0.574129 0.012008 -0.407504 -0.512637 
0.657566 0.317789 -0.396117 0.008018 -0.432978 -0.576275 
0.641896 0.316805 -0.280121 0.004996 -0.449838 -0.636088 
0.621750 0.315197 -0.214428 0.008322 -0.463480 -0.677658 
0.596065 0.311222 -0.180902 0.028983 -0.473798 -0.715277 
0.563836 0.305021 -0.165530 0.123659 -0.480623 -0.749252 
0.524389 0.294602 -0.158754 0.297774 -0.487114 -0.777211 
0.477729 0.283615 -0.156274 0.468917 -0.491776 -0.797703 
0.424850 0.269814 -0.157064 0.582521 -0.494959 -0.813578 
0.367843 0.252725 -0.159156 0.643197 -0.494788 -0.825579 
0.309671 0.228667 -0.162615 0.676902 -0.483869 -0.833843 
0.253605 0.206036 -0.167103 0.693121 -0.421790 -0.839823 
0.202525 0.169692 -0.174591 0.700874 -0.167883 -0.845338 
0.158354 0.119855 -0.182885 0.701961 0.039216 -0.849325 
0.121846 0.070520 -0.191972 0.701340 0.162591 -0.852193 
0.092739 -0.001221 -0.206537 0.698714 0.241456 -0.854386 
0.070125 -0.058048 -0.227558 0.696327 0.285515 -0.838616 
0.052835 -0.133187 -0.251546 0.691740 0.306299 -0.803476 
0.039711 -0.207015 -0.281744 0.685101 0.315304 -0.584878 
0.029754 -0.274899 -0.335568 0.675818 0.318911 -0.405138 
0.022167 -0.318306 -0.374995 0.663108 0.318749 -0.298062 
0.016341 -0.356800 -0.429396 0.650519 0.316156 -0.226093 
0.011822 -0.390067 -0.481493 0.630723 0.312807 -0.186444 
0.008281 -0.417934 -0.539068 0.602961 0.307248 -0.167555 
0.005476 -0.441253 -0.602554 0.580568 0.297956 -0.159266 
0.003228 -0.458329 -0.664608 0.526631 0.287816 -0.156567 
0.022089 -0.470391 -0.706595 0.486613 0.273451 -0.155955 
0.120895 -0.479184 -0.741142 0.430259 0.255884 -0.158717 
0.421763 -0.484875 -0.766258 0.384259 0.237830 -0.160928 
0.640090 -0.489028 -0.788608 0.327519 0.217940 -0.165802 
0.696358 -0.493197 -0.803870 0.283306 0.193241 -0.171030 
0.711215 -0.495867 -0.816250 0.228174 0.151041 -0.175982 
0.711212 -0.493185 -0.825578 0.179617 0.110518 -0.182432 
0.709677 -0.480194 -0.833857 0.142392 0.059278 -0.190511 
0.707845 -0.402056 -0.839838 0.111086 -0.006099 -0.202115 
0.705636 -0.175951 -0.844997 0.083553 -0.087951 -0.226615 
0.702951 0.041494 -0.849204 0.062544 -0.157651 -0.257137 
0.699685 0.174198 -0.852445 0.046847 -0.229618 -0.295732 
0.695649 0.247641 -0.850384 0.035517 -0.277794 -0.332406 
0.690617 0.288041 -0.836685 0.025704 -0.331789 -0.382798 
0.684292 0.307081 -0.787240 0.018465 -0.372740 -0.437110 
0.676282 0.316369 -0.586414 0.013135 -0.406016 -0.493789 
0.666090 0.317750 -0.402260 0.008582 -0.429041 -0.556323 
0.653098 0.316862 -0.283192 0.005278 -0.447583 -0.614119 
0.635593 0.315226 -0.216613 0.005373 -0.460808 -0.666673 
0.612975 0.311236 -0.181994 0.022439 -0.471623 -0.709785 
0.584084 0.306463 -0.166076 0.087770 -0.479536 -0.746506 
0.547928 0.295323 -0.158520 0.241163 -0.485679 -0.774121 
0.504032 0.283976 -0.156157 0.440612 -0.491058 -0.796158 
0.452843 0.269995 -0.157005 0.563100 -0.494600 -0.810531 
0.396010 0.252815 -0.159127 0.633486 -0.494609 -0.822161 
0.336334 0.237743 -0.162601 0.672047 -0.483780 -0.832134 
0.277302 0.210574 -0.167096 0.690693 -0.421745 -0.838969 
0.222323 0.171961 -0.174587 0.699660 -0.263907 -0.844183 
0.173976 0.120989 -0.182883 0.701355 -0.008796 -0.848747 
0.133575 0.071087 -0.191971 0.701037 0.133052 -0.851904 
0.101195 0.008657 -0.206536 0.700009 0.226687 -0.854241 
0.076035 -0.053110 -0.227558 0.696975 0.278130 -0.847495 
0.056872 -0.130718 -0.243547 0.692064 0.303146 -0.817897 
0.042423 -0.188528 -0.277745 0.685263 0.314398 -0.680300 
0.031552 -0.265655 -0.333568 0.675899 0.318458 -0.452849 
0.023342 -0.313684 -0.361562 0.663148 0.318523 -0.321917 
0.017094 -0.354489 -0.422680 0.650540 0.316966 -0.238021 
0.012292 -0.388912 -0.478135 0.630733 0.313212 -0.192408 
0.008559 -0.417356 -0.537388 0.614660 0.307450 -0.170537 
0.005624 -0.440964 -0.601714 0.586417 0.298057 -0.160757 
0.003290 -0.458184 -0.654201 0.546237 0.287867 -0.156786 
0.001412 -0.470319 -0.690603 0.496416 0.276874 -0.156065 
0.017031 -0.479148 -0.727438 0.435160 0.261636 -0.158772 
0.075481 -0.484857 -0.759406 0.386710 0.246640 -0.160956 
0.274755 -0.488336 -0.775390 0.339646 0.228808 -0.164588 
0.544985 -0.490758 -0.793174 0.305212 0.213430 -0.167632 
0.665162 -0.494062 -0.806153 0.272178 0.190986 -0.170478 
0.699685 -0.495714 -0.816125 0.234771 0.162167 -0.175706 
0.711212 -0.497521 -0.825518 0.197560 0.116081 -0.182294 
0.709677 -0.482362 -0.832549 0.159144 0.062059 -0.190442 
0.707845 -0.432242 -0.839187 0.126194 -0.004708 -0.202081 
0.705636 -0.292638 -0.844495 0.093573 -0.073442 -0.225206 
0.702951 -0.059662 -0.848819 0.067555 -0.150396 -0.256433 
0.699685 0.119858 -0.851974 0.049352 -0.205021 -0.285625 
0.695649 0.220471 -0.852383 0.036770 -0.265495 -0.327353 
0.690617 0.274456 -0.837684 0.027917 -0.306679 -0.371054 
0.684292 0.300886 -0.796820 0.020935 -0.354916 -0.421748 
0.676282 0.313272 -0.634412 0.014331 -0.392707 -0.486296 
0.666090 0.316201 -0.436877 0.010001 -0.422416 -0.552576 
0.652984 0.317112 -0.309028 0.006343 -0.444271 -0.612246 
0.635457 0.314704 -0.231580 0.005776 -0.457457 -0.654073 
0.612813 0.312081 -0.189474 0.014688 -0.469117 -0.697298 
0.583894 0.306885 -0.168767 0.058325 -0.476916 -0.734236 
0.547710 0.300115 -0.159869 0.182595 -0.484367 -0.767986 
0.503791 0.292149 -0.156832 0.388107 -0.489417 -0.789474 
0.452588 0.278982 -0.156787 0.531015 -0.493172 -0.806261 
0.395752 0.257308 -0.157854 0.617146 -0.496262 -0.820026 
0.336088 0.240230 -0.160422 0.664054 -0.484606 -0.829287 
0.277081 0.219167 -0.164334 0.686771 -0.456787 -0.836756 
0.222137 0.179333 -0.169542 0.697699 -0.327238 -0.843077 
0.173826 0.146521 -0.175811 0.700374 -0.081689 -0.847669 
0.133459 0.083584 -0.185833 0.701711 0.096605 -0.850982 
0.101109 0.014905 -0.196500 0.700346 0.208464 -0.853781 
0.075973 -0.035126 -0.212961 0.697144 0.268911 -0.847265 
0.056828 -0.102691 -0.236248 0.693620 0.298536 -0.817781 
0.042391 -0.162327 -0.266258 0.687901 0.312550 -0.696208 
0.031529 -0.236052 -0.300998 0.679815 0.318105 -0.531244 
0.023325 -0.298883 -0.345276 0.668690 0.319065 -0.361115 
0.017082 -0.347088 -0.405740 0.659786 0.317237 -0.262093 
0.012283 -0.382742 -0.457622 0.643886 0.314019 -0.204456 
0.008553 -0.410208 -0.514527 0.621237 0.310539 -0.176223 
0.005619 -0.431967 -0.577215 0.589706 0.304527 -0.163180 
0.003286 -0.450485 -0.635144 0.547881 0.293429 -0.157998 
0.001409 -0.464117 -0.681074 0.508078 0.282820 -0.156670 
0.017023 -0.473285 -0.722674 0.458902 0.264609 -0.158571 
0.075450 -0.480631 -0.757027 0.398580 0.248127 -0.160855 
0.274677 -0.486223 -0.774201 0.345581 0.229552 -0.164538 
0.544929 -0.489020 -0.792580 0.308180 0.213801 -0.167607 
0.665145 -0.493193 -0.805856 0.273662 0.191171 -0.170466 
0.699679 -0.495279 -0.815976 0.235513 0.162260 -0.175700 
0.711209 -0.497304 -0.825444 0.197931 0.116128 -0.182290 
0.709675 -0.482253 -0.832512 0.159329 0.062083 -0.190440 
0.707842 -0.432187 -0.839169 0.126287 -0.004697 -0.202080 
0.705633 -0.292611 -0.844485 0.093620 -0.073436 -0.225206 
0.702951 -0.059648 -0.848814 0.067578 -0.150393 -0.256433 
0.699690 0.119865 -0.851972 0.049363 -0.205019 -0.285624 
0.695666 0.220474 -0.852382 0.036775 -0.265494 -0.327352 
0.690659 0.274458 -0.837684 0.027919 -0.306679 -0.371054 
0.684386 0.300887 -0.796820 0.020936 -0.354916 -0.421748 
0.676481 0.313272 -0.634412 0.014332 -0.392707 -0.486296 
0.666495 0.316201 -0.436877 0.010001 -0.422416 -0.552576 
0.652987 0.317112 -0.309028 0.006344 -0.444271 -0.612246 
0.635464 0.314704 -0.231580 0.005776 -0.457457 -0.654073 
0.612826 0.312081 -0.189474 0.014688 -0.469117 -0.697298 
0.583915 0.306885 -0.168767 0.058325 -0.476916 -0.734236 
0.547740 0.300115 -0.159869 0.182595 -0.484367 -0.767986 
0.503830 0.292149 -0.156832 0.388107 -0.489417 -0.789474 
0.452636 0.278982 -0.156787 0.531015 -0.493172 -0.806261 
0.395808 0.257308 -0.157854 0.617146 -0.496262 -0.820026 
0.336148 0.240230 -0.160422 0.664054 -0.484606 -0.829287 
0.277141 0.219167 -0.164334 0.686771 -0.456787 -0.836756 
0.222192 0.179333 -0.169542 0.697699 -0.327238 -0.843077 
0.173875 0.146521 -0.175811 0.700374 -0.081689 -0.847669 
0.133500 0.083584 -0.185833 0.701711 0.096605 -0.850982 
0.101142 0.014905 -0.196500 0.700346 0.208464 -0.853781 
0.075999 -0.035126 -0.212961 0.697144 0.268911 -0.847265 
0.056847 -0.102691 -0.236248 0.693620 0.298536 -0.817781 
0.042406 -0.162327 -0.266258 0.687901 0.312550 -0.696208 
0.031540 -0.236052 -0.300998 0.679815 0.318105 -0.531244 
0.023334 -0.298883 -0.345276 0.668690 0.319065 -0.361115 
0.017089 -0.347088 -0.405740 0.659786 0.317237 -0.262093 
0.012288 -0.382742 -0.457622 0.643886 0.314019 -0.204456 
0.008557 -0.410208 -0.514527 0.621237 0.310539 -0.176223 
0.005622 -0.431967 -0.577215 0.589706 0.304527 -0.163180 
0.003288 -0.450485 -0.635144 0.547881 0.293429 -0.157998 
0.001411 -0.464117 -0.681074 0.508078 0.282820 -0.156670 
0.017029 -0.473285 -0.722674 0.458902 0.264609 -0.158571 
0.075473 -0.480631 -0.757027 0.398580 0.248127 -0.160855 
0.274737 -0.486223 -0.774201 0.345581 0.229552 -0.164538 
0.544974 -0.489020 -0.792580 0.308180 0.213801 -0.167607 
0.665159 -0.493193 -0.805856 0.273662 0.191171 -0.170466 
0.699684 -0.495279 -0.815976 0.235513 0.162260 -0.175700 
0.711212 -0.497304 -0.825444 0.197931 0.116128 -0.182290 
0.709677 -0.482253 -0.832512 0.159329 0.062083 -0.190440 
0.707844 -0.432187 -0.839169 0.126287 -0.004697 -0.202080 
0.705636 -0.292611 -0.844485 0.093620 -0.073436 -0.225206 
0.702951 -0.059648 -0.848814 0.067578 -0.150393 -0.256433 
0.699690 0.119865 -0.851972 0.049363 -0.205019 -0.285624 
0.695666 0.220474 -0.852382 0.036775 -0.265494 -0.327352 
0.690659 0.274458 -0.837684 0.027919 -0.306679 -0.371054 
0.684386 0.300887 -0.796820 0.020936 -0.354916 -0.421748 
0.676481 0.313272 -0.634412 0.014332 -0.392707 -0.486296 
0.666495 0.316201 -0.436877 0.010001 -0.422416 -0.552576 
0.652987 0.317112 -0.309028 0.006344 -0.444271 -0.612246 
0.635464 0.314704 -0.231580 0.005776 -0.457457 -0.654073 
0.612826 0.312081 -0.189474 0.014688 -0.469117 -0.697298 
0.583915 0.306885 -0.168767 0.058325 -0.476916 -0.734236 
0.547740 0.300115 -0.159869 0.182595 -0.484367 -0.767986 
0.503830 0.292149 -0.156832 0.388107 -0.489417 -0.789474 
0.452636 0.278982 -0.156787 0.531015 -0.493172 -0.806261 
0.395808 0.257308 -0.157854 0.617146 -0.496262 -0.820026 
0.336148 0.240230 -0.160422 0.664054 -0.484606 -0.829287 
0.277141 0.219167 -0.164334 0.686771 -0.456787 -0.836756 
0.222192 0.179333 -0.169542 0.697699 -0.327238 -0.843077 
0.173875 0.146521 -0.175811 0.700374 -0.081689 -0.847669 
0.133500 0.083584 -0.185833 0.701711 0.096605 -0.850982 
0.101142 0.014905 -0.196500 0.700346 0.208464 -0.853781 
0.075999 -0.035126 -0.212961 0.697144 0.268911 -0.847265 
0.056847 -0.102691 -0.236248 0.693620 0.298536 -0.817781 
0.042406 -0.162327 -0.266258 0.687901 0.312550 -0.696208 
0.031540 -0.236052 -0.300998 0.679815 0.318105 -0.531244 
0.023334 -0.298883 -0.345276 0.668690 0.319065 -0.361115 
0.017089 -0.347088 -0.405740 0.659786 0.317237 -0.262093 
0.012288 -0.382742 -0.457622 0.643886 0.314019 -0.204456 
0.008557 -0.410208 -0.514527 0.621237 0.310539 -0.176223 
0.005622 -0.431967 -0.577215 0.589706 0.304527 -0.163180 
0.003288 -0.450485 -0.635144 0.547881 0.293429 -0.157998 
0.001411 -0.464117 -0.681074 0.508078 0.282820 -0.156670 
0.017029 -0.473285 -0.722674 0.458902 0.264609 -0.158571 
0.075473 -0.480631 -0.757027 0.398580 0.248127 -0.160855 
0.274737 -0.486223 -0.774201 0.345581 0.229552 -0.164538 
0.544974 -0.489020 -0.792580 0.308180 0.213801 -0.167607 
0.665159 -0.493193 -0.805856 0.273662 0.191171 -0.170466 
0.699684 -0.495279 -0.815976 0.235513 0.162260 -0.175700 
0.711212 -0.497304 -0.825444 0.197931 0.116128 -0.182290 
0.709677 -0.482253 -0.832512 0.159329 0.062083 -0.190440 
0.707844 -0.432187 -0.839169 0.126287 -0.004697 -0.202080 
0.705636 -0.292611 -0.844485 0.093620 -0.073436 -0.225206 
0.702978 -0.059648 -0.848814 0.067578 -0.150393 -0.256433 
0.699734 0.119865 -0.851972 0.049363 -0.205019 -0.285624 
0.695740 0.220474 -0.852382 0.036775 -0.265494 -0.327352 
0.690784 0.274458 -0.837684 0.027919 -0.306679 -0.371054 
0.684599 0.300887 -0.796820 0.020936 -0.354916 -0.421748 
0.676849 0.313272 -0.634412 0.014332 -0.392707 -0.486296 
0.666495 0.316201 -0.436877 0.010001 -0.422416 -0.552576 
0.652984 0.317112 -0.309028 0.006344 -0.444271 -0.612246 
0.635457 0.314704 -0.231580 0.005776 -0.457457 -0.654073 
0.612813 0.312081 -0.189474 0.014688 -0.469117 -0.697298 
0.583894 0.306885 -0.168767 0.058325 -0.476916 -0.734236 
0.547710 0.300115 -0.159869 0.182595 -0.484367 -0.767986 
0.503791 0.292149 -0.156832 0.388107 -0.489417 -0.789474 
0.452588 0.278982 -0.156787 0.531015 -0.493172 -0.806261 
0.395752 0.257308 -0.157854 0.617146 -0.496262 -0.820026 
0.336088 0.240230 -0.160422 0.664054 -0.484606 -0.829287 
0.277081 0.219167 -0.164334 0.686771 -0.456787 -0.836756 
0.222137 0.179333 -0.169542 0.697699 -0.327238 -0.843077 
0.173826 0.146521 -0.175811 0.700374 -0.081689 -0.847669 
0.133459 0.083584 -0.185833 0.701711 0.096605 -0.850982 
0.101109 0.014905 -0.196500 0.700346 0.208464 -0.853781 
0.075973 -0.035126 -0.212961 0.697144 0.268911 -0.847265 
0.056828 -0.102691 -0.236248 0.693620 0.298536 -0.817781 
0.042391 -0.162327 -0.266258 0.687901 0.312550 -0.696208 
0.031529 -0.236052 -0.300998 0.679815 0.318105 -0.531244 
0.023325 -0.298883 -0.345276 0.668690 0.319065 -0.361115 
0.017082 -0.347088 -0.405740 0.659786 0.317237 -0.262093 
0.012283 -0.382742 -0.457622 0.643886 0.314019 -0.204456 
0.008553 -0.410208 -0.514527 0.621237 0.310539 -0.176223 
0.005619 -0.431967 -0.577215 0.589706 0.304527 -0.163180 
0.003286 -0.450485 -0.635144 0.547881 0.293429 -0.157998 
0.001409 -0.464117 -0.681074 0.508078 0.282820 -0.156670 
0.017023 -0.473285 -0.722674 0.458902 0.264609 -0.158571 
0.075450 -0.480631 -0.757027 0.398580 0.248127 -0.160855 
0.274677 -0.486223 -0.774201 0.345581 0.229552 -0.164538 
0.544929 -0.489020 -0.792580 0.308180 0.213801 -0.167607 
0.665145 -0.493193 -0.805856 0.273662 0.191171 -0.170466 
0.699679 -0.495279 -0.815976 0.235513 0.162260 -0.175700 
0.709677 -0.497304 -0.825444 0.197931 0.116128 -0.182290 
0.707845 -0.482253 -0.832512 0.159329 0.062083 -0.190440 
0.705636 -0.432187 -0.839169 0.126287 -0.004697 -0.202080 
0.702951 -0.292611 -0.844485 0.093620 -0.073436 -0.225206 
0.699685 -0.059648 -0.848814 0.067578 -0.150393 -0.256433 
0.695649 0.119865 -0.851972 0.049363 -0.205019 -0.285624 
0.690617 0.220474 -0.852382 0.036775 -0.265494 -0.327352 
0.684292 0.274458 -0.837684 0.027919 -0.306679 -0.371054 
0.676282 0.300887 -0.796820 0.020936 -0.354916 -0.421748 
0.666090 0.313272 -0.634412 0.014332 -0.392707 -0.486296 
0.653098 0.316201 -0.436877 0.010001 -0.422416 -0.552576 
0.635593 0.317112 -0.309028 0.006344 -0.444271 -0.612246 
0.612975 0.314704 -0.231580 0.005776 -0.457457 -0.654073 
0.584084 0.312081 -0.189474 0.014688 -0.469117 -0.697298 
0.547928 0.306885 -0.168767 0.058325 -0.476916 -0.734236 
0.504032 0.300115 -0.159869 0.159022 -0.484367 -0.767986 
0.452843 0.292149 -0.156832 0.386180 -0.489417 -0.792075 
0.396010 0.278982 -0.156787 0.530051 -0.493172 -0.807562 
0.336334 0.257308 -0.158486 0.616962 -0.494041 -0.820676 
0.277302 0.240230 -0.160738 0.663962 -0.483496 -0.829612 
0.222323 0.214518 -0.164904 0.686725 -0.432666 -0.836918 
0.173976 0.177008 -0.173491 0.697676 -0.269368 -0.843158 
0.133575 0.135349 -0.182335 0.700363 -0.052754 -0.847710 
0.101195 0.077998 -0.191773 0.700541 0.111073 -0.851003 
0.076035 0.012112 -0.204156 0.699761 0.215697 -0.853791 
0.056872 -0.064973 -0.223147 0.696851 0.272528 -0.847270 
0.042423 -0.117614 -0.241341 0.692002 0.300345 -0.807804 
0.031552 -0.181976 -0.274134 0.685232 0.312998 -0.675253 
0.023342 -0.245877 -0.304935 0.678480 0.317758 -0.485311 
0.017094 -0.303795 -0.359678 0.668023 0.318892 -0.338148 
0.012292 -0.349544 -0.412941 0.652977 0.317151 -0.250609 
0.008559 -0.386440 -0.473265 0.631952 0.313283 -0.198846 
0.005624 -0.416120 -0.534954 0.615270 0.308367 -0.173418 
0.003290 -0.438376 -0.587428 0.586722 0.300929 -0.161777 
0.001412 -0.456890 -0.647058 0.546389 0.291630 -0.157296 
0.001409 -0.467319 -0.687031 0.496492 0.278756 -0.156320 
0.022079 -0.477034 -0.725653 0.444016 0.262577 -0.158395 
0.120848 -0.483800 -0.758517 0.391138 0.247111 -0.160767 
0.421683 -0.487808 -0.780669 0.341860 0.229044 -0.164494 
0.640063 -0.490494 -0.795814 0.306320 0.206519 -0.167585 
0.696350 -0.493930 -0.807473 0.260998 0.173861 -0.171922 
0.711212 -0.496396 -0.819426 0.210673 0.141351 -0.180402 
0.709724 -0.492251 -0.828749 0.170866 0.086637 -0.189496 
0.707955 -0.459837 -0.835443 0.132406 0.034641 -0.201608 
0.705837 -0.391878 -0.842138 0.103006 -0.026152 -0.219940 
0.703276 -0.170862 -0.847273 0.077489 -0.097977 -0.242393 
0.700184 0.044038 -0.850342 0.057351 -0.178811 -0.270777 
0.696391 0.175471 -0.853108 0.041706 -0.240199 -0.302552 
0.691701 0.248277 -0.850716 0.030385 -0.294031 -0.335816 
0.685854 0.287837 -0.825113 0.022814 -0.339907 -0.395989 
0.678516 0.306979 -0.756818 0.017020 -0.376799 -0.449673 
0.669261 0.316318 -0.571203 0.011742 -0.408046 -0.515513 
0.657566 0.317724 -0.382987 0.007885 -0.433249 -0.577713 
0.641896 0.315674 -0.273556 0.004648 -0.451910 -0.636806 
0.621750 0.312764 -0.211146 0.008148 -0.464517 -0.678017 
0.596065 0.310006 -0.179603 0.028896 -0.474316 -0.721047 
0.563836 0.304412 -0.164881 0.123615 -0.481938 -0.752137 
0.524389 0.294298 -0.158429 0.297752 -0.487772 -0.778654 
0.477729 0.283463 -0.156112 0.468906 -0.492105 -0.798424 
0.424850 0.269738 -0.156983 0.582516 -0.495123 -0.813938 
0.367843 0.251405 -0.159115 0.643194 -0.494871 -0.825760 
0.309671 0.228007 -0.162595 0.676901 -0.483911 -0.833934 
0.253605 0.205706 -0.167093 0.693120 -0.421810 -0.839868 
0.202525 0.169527 -0.174586 0.700874 -0.167893 -0.845361 
0.158354 0.119772 -0.182883 0.701961 0.039211 -0.849336 
0.121846 0.070479 -0.191971 0.701340 0.162588 -0.852198 
0.092739 -0.001242 -0.206536 0.698714 0.241455 -0.854389 
0.070125 -0.058059 -0.227558 0.696327 0.285514 -0.838617 
0.052835 -0.133192 -0.251545 0.691740 0.306299 -0.803477 
0.039711 -0.207018 -0.281744 0.685101 0.315304 -0.584879 
0.029754 -0.274900 -0.335568 0.675818 0.318911 -0.405138 
0.022167 -0.318307 -0.374995 0.663108 0.318749 -0.298062 
0.016341 -0.356800 -0.429396 0.650519 0.316156 -0.226093 
0.011822 -0.390068 -0.481493 0.630723 0.312807 -0.186444 
0.008281 -0.417934 -0.539068 0.602961 0.307248 -0.167555 
0.005476 -0.441253 -0.602554 0.580568 0.297956 -0.159266 
0.003228 -0.458329 -0.664608 0.526631 0.287816 -0.156567 
0.001409 -0.470391 -0.706595 0.486613 0.273451 -0.155955 
0.022079 -0.479184 -0.735434 0.430259 0.255884 -0.158717 
0.120848 -0.484875 -0.763404 0.384259 0.243764 -0.160928 
0.421683 -0.488345 -0.783113 0.338420 0.227370 -0.164575 
0.640063 -0.490763 -0.797036 0.304600 0.205682 -0.167625 
0.696350 -0.494064 -0.808084 0.260138 0.173443 -0.171942 
0.711212 -0.496463 -0.818357 0.216590 0.141142 -0.176438 
0.709724 -0.492285 -0.828214 0.173825 0.105569 -0.187514 
0.707955 -0.459854 -0.835175 0.138005 0.044107 -0.200617 
0.705837 -0.391886 -0.841557 0.105805 -0.021419 -0.219445 
0.703276 -0.170866 -0.846709 0.078889 -0.095611 -0.242146 
0.700184 0.044036 -0.850060 0.058051 -0.161481 -0.270653 
0.696391 0.175470 -0.852967 0.044600 -0.231534 -0.302490 
0.691701 0.248277 -0.850646 0.032515 -0.289698 -0.335785 
0.685854 0.288359 -0.836816 0.023879 -0.337741 -0.384488 
0.678516 0.307240 -0.762669 0.017553 -0.375716 -0.443923 
0.669261 0.316449 -0.574129 0.012008 -0.407504 -0.512637 
0.657566 0.317789 -0.396117 0.008018 -0.432978 -0.576275 
0.641896 0.316805 -0.280121 0.004996 -0.449838 -0.636088 
0.621750 0.315197 -0.214428 0.008322 -0.463480 -0.677658 
0.596065 0.311222 -0.180902 0.028983 -0.473798 -0.715277 
0.563836 0.305021 -0.165530 0.123659 -0.480623 -0.749252 
0.524389 0.294602 -0.158754 0.297774 -0.487114 -0.777211 
0.477729 0.283615 -0.156274 0.468917 -0.491776 -0.797703 
0.424850 0.269814 -0.157064 0.582521 -0.494959 -0.813578 
0.367843 0.252725 -0.159156 0.643197 -0.494788 -0.825579 
0.309671 0.228667 -0.162615 0.676902 -0.483869 -0.833843 
0.253605 0.206036 -0.167103 0.693121 -0.421790 -0.839823 
0.202525 0.169692 -0.174591 0.700874 -0.167883 -0.845338 
0.158354 0.119855 -0.182885 0.701961 0.039216 -0.849325 
0.121846 0.070520 -0.191972 0.701340 0.162591 -0.852193 
0.092739 -0.001221 -0.206537 0.698714 0.241456 -0.854386 
0.070125 -0.058048 -0.227558 0.696327 0.285515 -0.838616 
0.052835 -0.133187 -0.251546 0.691740 0.306299 -0.803476 
0.039711 -0.207015 -0.281744 0.685101 0.315304 -0.584878 
0.029754 -0.274899 -0.335568 0.675818 0.318911 -0.405138 
0.022167 -0.318306 -0.374995 0.663108 0.318749 -0.298062 
0.016341 -0.356800 -0.429396 0.650519 0.316156 -0.226093 
0.011822 -0.390067 -0.481493 0.630723 0.312807 -0.186444 
0.008281 -0.417934 -0.539068 0.602961 0.307248 -0.167555 
0.005476 -0.441253 -0.602554 0.580568 0.297956 -0.159266 
0.003228 -0.458329 -0.664608 0.526631 0.287816 -0.156567 
0.022089 -0.470391 -0.706595 0.486613 0.273451 -0.155955 
0.120895 -0.479184 -0.741142 0.430259 0.255884 -0.158717 
0.421763 -0.484875 -0.766258 0.384259 0.237830 -0.160928 
0.640090 -0.489028 -0.788608 0.327519 0.217940 -0.165802 
0.696358 -0.493197 -0.803870 0.283306 0.193241 -0.171030 
0.711215 -0.495867 -0.816250 0.228174 0.151041 -0.175982 
0.711212 -0.493185 -0.825578 0.179617 0.110518 -0.182432 
0.709677 -0.480194 -0.833857 0.142392 0.059278 -0.190511 
0.707845 -0.402056 -0.839838 0.111086 -0.006099 -0.202115 
0.705636 -0.175951 -0.844997 0.083553 -0.087951 -0.226615 
0.702951 0.041494 -0.849204 0.062544 -0.157651 -0.257137 
0.699685 0.174198 -0.852445 0.046847 -0.229618 -0.295732 
0.695649 0.247641 -0.850384 0.035517 -0.277794 -0.332406 
0.690617 0.288041 -0.836685 0.025704 -0.331789 -0.382798 
0.684292 0.307081 -0.787240 0.018465 -0.372740 -0.437110 
0.676282 0.316369 -0.586414 0.013135 -0.406016 -0.493789 
0.666090 0.317750 -0.402260 0.008582 -0.429041 -0.556323 
0.653098 0.316862 -0.283192 0.005278 -0.447583 -0.614119 
0.635593 0.315226 -0.216613 0.005373 -0.460808 -0.666673 
0.612975 0.311236 -0.181994 0.022439 -0.471623 -0.709785 
0.584084 0.306463 -0.166076 0.087770 -0.479536 -0.746506 
0.547928 0.295323 -0.158520 0.241163 -0.485679 -0.774121 
0.504032 0.283976 -0.156157 0.440612 -0.491058 -0.796158 
0.452843 0.269995 -0.157005 0.563100 -0.494600 -0.810531 
0.396010 0.252815 -0.159127 0.633486 -0.494609 -0.822161 
0.336334 0.237743 -0.162601 0.672047 -0.483780 -0.832134 
0.277302 0.210574 -0.167096 0.690693 -0.421745 -0.838969 
0.222323 0.171961 -0.174587 0.699660 -0.263907 -0.844183 
0.173976 0.120989 -0.182883 0.701355 -0.008796 -0.848747 
0.133575 0.071087 -0.191971 0.701037 0.133052 -0.851904 
0.101195 0.008657 -0.206536 0.700009 0.226687 -0.854241 
0.076035 -0.053110 -0.227558 0.696975 0.278130 -0.847495 
0.056872 -0.130718 -0.243547 0.692064 0.303146 -0.817897 
0.042423 -0.188528 -0.277745 0.685263 0.314398 -0.680300 
0.031552 -0.265655 -0.333568 0.675899 0.318458 -0.452849 
0.023342 -0.313684 -0.361562 0.663148 0.318523 -0.321917 
0.017094 -0.354489 -0.422680 0.650540 0.316966 -0.238021 
0.012292 -0.388912 -0.478135 0.630733 0.313212 -0.192408 
0.008559 -0.417356 -0.537388 0.614660 0.307450 -0.170537 
0.005624 -0.440964 -0.601714 0.586417 0.298057 -0.160757 
0.003290 -0.458184 -0.654201 0.546237 0.287867 -0.156786 
0.001412 -0.470319 -0.690603 0.496416 0.276874 -0.156065 
0.017031 -0.479148 -0.727438 0.435160 0.261636 -0.158772 
0.075481 -0.484857 -0.759406 0.386710 0.246640 -0.160956 
0.274755 -0.488336 -0.775390 0.339646 0.228808 -0.164588 
0.544985 -0.490758 -0.793174 0.305212 0.213430 -0.167632 
0.665162 -0.494062 -0.806153 0.272178 0.190986 -0.170478 
0.699685 -0.495714 -0.816125 0.234771 0.162167 -0.175706 
0.711212 -0.497521 -0.825518 0.197560 0.116081 -0.182294 
0.709677 -0.482362 -0.832549 0.159144 0.062059 -0.190442 
0.707845 -0.432242 -0.839187 0.126194 -0.004708 -0.202081 
0.705636 -0.292638 -0.844495 0.093573 -0.073442 -0.225206 
0.702951 -0.059662 -0.848819 0.067555 -0.150396 -0.256433 
0.699685 0.119858 -0.851974 0.049352 -0.205021 -0.285625 
0.695649 0.220471 -0.852383 0.036770 -0.265495 -0.327353 
0.690617 0.274456 -0.837684 0.027917 -0.306679 -0.371054 
0.684292 0.300886 -0.796820 0.020935 -0.354916 -0.421748 
0.676282 0.313272 -0.634412 0.014331 -0.392707 -0.486296 
0.666090 0.316201 -0.436877 0.010001 -0.422416 -0.552576 
0.652984 0.317112 -0.309028 0.006343 -0.444271 -0.612246 
0.635457 0.314704 -0.231580 0.005776 -0.457457 -0.654073 
0.612813 0.312081 -0.189474 0.014688 -0.469117 -0.697298 
0.583894 0.306885 -0.168767 0.058325 -0.476916 -0.734236 
0.547710 0.300115 -0.159869 0.182595 -0.484367 -0.767986 
0.503791 0.292149 -0.156832 0.388107 -0.489417 -0.789474 
0.452588 0.278982 -0.156787 0.531015 -0.493172 -0.806261 
0.395752 0.257308 -0.157854 0.617146 -0.496262 -0.820026 
0.336088 0.240230 -0.160422 0.664054 -0.484606 -0.829287 
0.277081 0.219167 -0.164334 0.686771 -0.456787 -0.836756 
0.222137 0.179333 -0.169542 0.697699 -0.327238 -0.843077 
0.173826 0.146521 -0.175811 0.700374 -0.081689 -0.847669 
0.133459 0.083584 -0.185833 0.701711 0.096605 -0.850982 
0.101109 0.014905 -0.196500 0.700346 0.208464 -0.853781 
0.075973 -0.035126 -0.212961 0.697144 0.268911 -0.847265 
0.056828 -0.102691 -0.236248 0.693620 0.298536 -0.817781 
0.042391 -0.162327 -0.266258 0.687901 0.312550 -0.696208 
0.031529 -0.236052 -0.300998 0.679815 0.318105 -0.531244 
0.023325 -0.298883 -0.345276 0.668690 0.319065 -0.361115 
0.017082 -0.347088 -0.405740 0.659786 0.317237 -0.262093 
0.012283 -0.382742 -0.457622 0.643886 0.314019 -0.204456 
0.008553 -0.410208 -0.514527 0.621237 0.310539 -0.176223 
0.005619 -0.431967 -0.577215 0.589706 0.304527 -0.163180 
0.003286 -0.450485 -0.635144 0.547881 0.293429 -0.157998 
0.001409 -0.464117 -0.681074 0.508078 0.282820 -0.156670 
0.017023 -0.473285 -0.722674 0.458902 0.264609 -0.158571 
0.075450 -0.480631 -0.757027 0.398580 0.248127 -0.160855 
0.274677 -0.486223 -0.774201 0.345581 0.229552 -0.164538 
0.544929 -0.489020 -0.792580 0.308180 0.213801 -0.167607 
0.665145 -0.493193 -0.805856 0.273662 0.191171 -0.170466 
0.699679 -0.495279 -0.815976 0.235513 0.162260 -0.175700 
0.711209 -0.497304 -0.825444 0.197931 0.116128 -0.182290 
0.709675 -0.482253 -0.832512 0.159329 0.062083 -0.190440 
0.707842 -0.432187 -0.839169 0.126287 -0.004697 -0.202080 
0.705633 -0.292611 -0.844485 0.093620 -0.073436 -0.225206 
0.702951 -0.059648 -0.848814 0.067578 -0.150393 -0.256433 
0.699690 0.119865 -0.851972 0.049363 -0.205019 -0.285624 
0.695666 0.220474 -0.852382 0.036775 -0.265494 -0.327352 
0.690659 0.274458 -0.837684 0.027919 -0.306679 -0.371054 
0.684386 0.300887 -0.796820 0.020936 -0.354916 -0.421748 
0.676481 0.313272 -0.634412 0.014332 -0.392707 -0.486296 
0.666495 0.316201 -0.436877 0.010001 -0.422416 -0.552576 
0.652987 0.317112 -0.309028 0.006344 -0.444271 -0.612246 
0.635464 0.314704 -0.231580 0.005776 -0.457457 -0.654073 
0.612826 0.312081 -0.189474 0.014688 -0.469117 -0.697298 
0.583915 0.306885 -0.168767 0.058325 -0.476916 -0.734236 
0.547740 0.300115 -0.159869 0.182595 -0.484367 -0.767986 
0.503830 0.292149 -0.156832 0.388107 -0.489417 -0.789474 
0.452636 0.278982 -0.156787 0.531015 -0.493172 -0.806261 
0.395808 0.257308 -0.157854 0.617146 -0.496262 -0.820026 
0.336148 0.240230 -0.160422 0.664054 -0.484606 -0.829287 
0.277141 0.219167 -0.164334 0.686771 -0.456787 -0.836756 
0.222192 0.179333 -0.169542 0.697699 -0.327238 -0.843077 
0.173875 0.146521 -0.175811 0.700374 -0.081689 -0.847669 
0.133500 0.083584 -0.185833 0.701711 0.096605 -0.850982 
0.101142 0.014905 -0.196500 0.700346 0.208464 -0.853781 
0.075999 -0.035126 -0.212961 0.697144 0.268911 -0.847265 
0.056847 -0.102691 -0.236248 0.693620 0.298536 -0.817781 
0.042406 -0.162327 -0.266258 0.687901 0.312550 -0.696208 
0.031540 -0.236052 -0.300998 0.679815 0.318105 -0.531244 
0.023334 -0.298883 -0.345276 0.668690 0.319065 -0.361115 
0.017089 -0.347088 -0.405740 0.659786 0.317237 -0.262093 
0.012288 -0.382742 -0.457622 0.643886 0.314019 -0.204456 
0.008557 -0.410208 -0.514527 0.621237 0.310539 -0.176223 
0.005622 -0.431967 -0.577215 0.589706 0.304527 -0.163180 
0.003288 -0.450485 -0.635144 0.547881 0.293429 -0.157998 
0.001411 -0.464117 -0.681074 0.508078 0.282820 -0.156670 
0.017029 -0.473285 -0.722674 0.458902 0.264609 -0.158571 
0.075473 -0.480631 -0.757027 0.398580 0.248127 -0.160855 
0.274737 -0.486223 -0.774201 0.345581 0.229552 -0.164538 
0.544974 -0.489020 -0.792580 0.308180 0.213801 -0.167607 
0.665159 -0.493193 -0.805856 0.273662 0.191171 -0.170466 
0.699684 -0.495279 -0.815976 0.235513 0.162260 -0.175700 
0.711212 -0.497304 -0.825444 0.197931 0.116128 -0.182290 
0.709677 -0.482253 -0.832512 0.159329 0.062083 -0.190440 
0.707844 -0.432187 -0.839169 0.126287 -0.004697 -0.202080 
0.705636 -0.292611 -0.844485 0.093620 -0.073436 -0.225206 
0.702951 -0.059648 -0.848814 0.067578 -0.150393 -0.256433 
0.699690 0.119865 -0.851972 0.049363 -0.205019 -0.285624 
0.695666 0.220474 -0.852382 0.036775 -0.265494 -0.327352 
0.690659 0.274458 -0.837684 0.027919 -0.306679 -0.371054 
0.684386 0.300887 -0.796820 0.020936 -0.354916 -0.421748 
0.676481 0.313272 -0.634412 0.014332 -0.392707 -0.486296 
0.666495 0.316201 -0.436877 0.010001 -0.422416 -0.552576 
0.652987 0.317112 -0.309028 0.006344 -0.444271 -0.612246 
0.635464 0.314704 -0.231580 0.005776 -0.457457 -0.654073 
0.612826 0.312081 -0.189474 0.014688 -0.469117 -0.697298 
0.583915 0.306885 -0.168767 0.058325 -0.476916 -0.734236 
0.547740 0.300115 -0.159869 0.182595 -0.484367 -0.767986 
0.503830 0.292149 -0.156832 0.388107 -0.489417 -0.789474 
0.452636 0.278982 -0.156787 0.531015 -0.493172 -0.806261 
0.395808 0.257308 -0.157854 0.617146 -0.496262 -0.820026 
0.336148 0.240230 -0.160422 0.664054 -0.484606 -0.829287 
0.277141 0.219167 -0.164334 0.686771 -0.456787 -0.836756 
0.222192 0.179333 -0.169542 0.697699 -0.327238 -0.843077 
0.173875 0.146521 -0.175811 0.700374 -0.081689 -0.847669 
0.133500 0.083584 -0.185833 0.701711 0.096605 -0.850982 
0.101142 0.014905 -0.196500 0.700346 0.208464 -0.853781 
0.075999 -0.035126 -0.212961 0.697144 0.268911 -0.847265 
0.056847 -0.102691 -0.236248 0.693620 0.298536 -0.817781 
0.042406 -0.162327 -0.266258 0.687901 0.312550 -0.696208 
0.031540 -0.236052 -0.300998 0.679815 0.318105 -0.531244 
0.023334 -0.298883 -0.345276 0.668690 0.319065 -0.361115 
0.017089 -0.347088 -0.405740 0.659786 0.317237 -0.262093 
0.012288 -0.382742 -0.457622 0.643886 0.314019 -0.204456 
0.008557 -0.410208 -0.514527 0.621237 0.310539 -0.176223 
0.005622 -0.431967 -0.577215 0.589706 0.304527 -0.163180 
0.003288 -0.450485 -0.635144 0.547881 0.293429 -0.157998 
0.001411 -0.464117 -0.681074 0.508078 0.282820 -0.156670 
0.017029 -0.473285 -0.722674 0.458902 0.264609 -0.158571 
0.075473 -0.480631 -0.757027 0.398580 0.248127 -0.160855 
0.274737 -0.486223 -0.774201 0.345581 0.229552 -0.164538 
0.544974 -0.489020 -0.792580 0.308180 0.213801 -0.167607 
0.665159 -0.493193 -0.805856 0.273662 0.191171 -0.170466 
0.699684 -0.495279 -0.815976 0.235513 0.162260 -0.175700 
0.711212 -0.497304 -0.825444 0.197931 0.116128 -0.182290 
0.709677 -0.482253 -0.832512 0.159329 0.062083 -0.190440 
0.707844 -0.432187 -0.839169 0.126287 -0.004697 -0.202080 
0.705636 -0.292611 -0.844485 0.093620 -0.073436 -0.225206 
0.702978 -0.059648 -0.848814 0.067578 -0.150393 -0.256433 
0.699734 0.119865 -0.851972 0.049363 -0.205019 -0.285624 
0.695740 0.220474 -0.852382 0.036775 -0.265494 -0.327352 
0.690784 0.274458 -0.837684 0.027919 -0.306679 -0.371054 
0.684599 0.300887 -0.796820 0.020936 -0.354916 -0.421748 
0.676849 0.313272 -0.634412 0.014332 -0.392707 -0.486296 
0.666495 0.316201 -0.436877 0.010001 -0.422416 -0.552576 
0.652984 0.317112 -0.309028 0.006344 -0.444271 -0.612246 
0.635457 0.314704 -0.231580 0.005776 -0.457457 -0.654073 
0.612813 0.312081 -0.189474 0.014688 -0.469117 -0.697298 
0.583894 0.306885 -0.168767 0.058325 -0.476916 -0.734236 
0.547710 0.300115 -0.159869 0.182595 -0.484367 -0.767986 
0.503791 0.292149 -0.156832 0.388107 -0.489417 -0.789474 
0.452588 0.278982 -0.156787 0.531015 -0.493172 -0.806261 
0.395752 0.257308 -0.157854 0.617146 -0.496262 -0.820026 
0.336088 0.240230 -0.160422 0.664054 -0.484606 -0.829287 
0.277081 0.219167 -0.164334 0.686771 -0.456787 -0.836756 
0.222137 0.179333 -0.169542 0.697699 -0.327238 -0.843077 
0.173826 0.146521 -0.175811 0.700374 -0.081689 -0.847669 
0.133459 0.083584 -0.185833 0.701711 0.096605 -0.850982 
0.101109 0.014905 -0.196500 0.700346 0.208464 -0.853781 
0.075973 -0.035126 -0.212961 0.697144 0.268911 -0.847265 
0.056828 -0.102691 -0.236248 0.693620 0.298536 -0.817781 
0.042391 -0.162327 -0.266258 0.687901 0.312550 -0.696208 
0.031529 -0.236052 -0.300998 0.679815 0.318105 -0.531244 
0.023325 -0.298883 -0.345276 0.668690 0.319065 -0.361115 
0.017082 -0.347088 -0.405740 0.659786 0.317237 -0.262093 
0.012283 -0.382742 -0.457622 0.643886 0.314019 -0.204456 
0.008553 -0.410208 -0.514527 0.621237 0.310539 -0.176223 
0.005619 -0.431967 -0.577215 0.589706 0.304527 -0.163180 
0.003286 -0.450485 -0.635144 0.547881 0.293429 -0.157998 
0.001409 -0.464117 -0.681074 0.508078 0.282820 -0.156670 
0.017023 -0.473285 -0.722674 0.458902 0.264609 -0.158571 
0.075450 -0.480631 -0.757027 0.398580 0.248127 -0.160855 
0.274677 -0.486223 -0.774201 0.345581 0.229552 -0.164538 
0.544929 -0.489020 -0.792580 0.308180 0.213801 -0.167607 
0.665145 -0.493193 -0.805856 0.273662 0.191171 -0.170466 
0.699679 -0.495279 -0.815976 0.235513 0.162260 -0.175700 
0.709677 -0.497304 -0.825444 0.197931 0.116128 -0.182290 
0.707845 -0.482253 -0.832512 0.159329 0.062083 -0.190440 
0.705636 -0.432187 -0.839169 0.126287 -0.004697 -0.202080 
0.702951 -0.292611 -0.844485 0.093620 -0.073436 -0.225206 
0.699685 -0.059648 -0.848814 0.067578 -0.150393 -0.256433 
0.695649 0.119865 -0.851972 0.049363 -0.205019 -0.285624 
0.690617 0.220474 -0.852382 0.036775 -0.265494 -0.327352 
0.684292 0.274458 -0.837684 0.027919 -0.306679 -0.371054 
0.676282 0.300887 -0.796820 0.020936 -0.354916 -0.421748 
0.666090 0.313272 -0.634412 0.014332 -0.392707 -0.486296 
0.653098 0.316201 -0.436877 0.010001 -0.422416 -0.552576 
0.635593 0.317112 -0.309028 0.006344 -0.444271 -0.612246 
0.612975 0.314704 -0.231580 0.005776 -0.457457 -0.654073 
0.584084 0.312081 -0.189474 0.014688 -0.469117 -0.697298 
0.547928 0.306885 -0.168767 0.058325 -0.476916 -0.734236 
0.504032 0.300115 -0.159869 0.159022 -0.484367 -0.767986 
0.452843 0.292149 -0.156832 0.386180 -0.489417 -0.792075 
0.396010 0.278982 -0.156787 0.530051 -0.493172 -0.807562 
0.336334 0.257308 -0.158486 0.616962 -0.494041 -0.820676 
0.277302 0.240230 -0.160738 0.663962 -0.483496 -0.829612 
0.222323 0.214518 -0.164904 0.686725 -0.432666 -0.836918 
0.173976 0.177008 -0.173491 0.697676 -0.269368 -0.843158 
0.133575 0.135349 -0.182335 0.700363 -0.052754 -0.847710 
0.101195 0.077998 -0.191773 0.700541 0.111073 -0.851003 
0.076035 0.012112 -0.204156 0.699761 0.215697 -0.853791 
0.056872 -0.064973 -0.223147 0.696851 0.272528 -0.847270 
0.042423 -0.117614 -0.241341 0.692002 0.300345 -0.807804 
0.031552 -0.181976 -0.274134 0.685232 0.312998 -0.675253 
0.023342 -0.245877 -0.304935 0.678480 0.317758 -0.485311 
0.017094 -0.303795 -0.359678 0.668023 0.318892 -0.338148 
0.012292 -0.349544 -0.412941 0.652977 0.317151 -0.250609 
0.008559 -0.386440 -0.473265 0.631952 0.313283 -0.198846 
0.005624 -0.416120 -0.534954 0.615270 0.308367 -0.173418 
0.003290 -0.438376 -0.587428 0.586722 0.300929 -0.161777 
0.001412 -0.456890 -0.647058 0.546389 0.291630 -0.157296 
0.001409 -0.467319 -0.687031 0.496492 0.278756 -0.156320 
0.022079 -0.477034 -0.725653 0.444016 0.262577 -0.158395 
0.120848 -0.483800 -0.758517 0.391138 0.247111 -0.160767 
0.421683 -0.487808 -0.780669 0.341860 0.229044 -0.164494 
0.640063 -0.490494 -0.795814 0.306320 0.206519 -0.167585 
0.696350 -0.493930 -0.807473 0.260998 0.173861 -0.171922 
0.711212 -0.496396 -0.819426 0.210673 0.141351 -0.180402 
0.709724 -0.492251 -0.828749 0.170866 0.086637 -0.189496 
0.707955 -0.459837 -0.835443 0.132406 0.034641 -0.201608 
0.705837 -0.391878 -0.842138 0.103006 -0.026152 -0.219940 
0.703276 -0.170862 -0.847273 0.077489 -0.097977 -0.242393 
0.700184 0.044038 -0.850342 0.057351 -0.178811 -0.270777 
0.696391 0.175471 -0.853108 0.041706 -0.240199 -0.302552 
0.691701 0.248277 -0.850716 0.030385 -0.294031 -0.335816 
0.685854 0.287837 -0.825113 0.022814 -0.339907 -0.395989 
0.678516 0.306979 -0.756818 0.017020 -0.376799 -0.449673 
0.669261 0.316318 -0.571203 0.011742 -0.408046 -0.515513 
0.657566 0.317724 -0.382987 0.007885 -0.433249 -0.577713 
0.641896 0.315674 -0.273556 0.004648 -0.451910 -0.636806 
0.621750 0.312764 -0.211146 0.008148 -0.464517 -0.678017 
0.596065 0.310006 -0.179603 0.028896 -0.474316 -0.721047 
0.563836 0.304412 -0.164881 0.123615 -0.481938 -0.752137 
0.524389 0.294298 -0.158429 0.297752 -0.487772 -0.778654 
0.477729 0.283463 -0.156112 0.468906 -0.492105 -0.798424 
0.424850 0.269738 -0.156983 0.582516 -0.495123 -0.813938 
0.367843 0.251405 -0.159115 0.643194 -0.494871 -0.825760 
0.309671 0.228007 -0.162595 0.676901 -0.483911 -0.833934 
0.253605 0.205706 -0.167093 0.693120 -0.421810 -0.839868 
0.202525 0.169527 -0.174586 0.700874 -0.167893 -0.845361 
0.158354 0.119772 -0.182883 0.701961 0.039211 -0.849336 
0.121846 0.070479 -0.191971 0.701340 0.162588 -0.852198 
0.092739 -0.001242 -0.206536 0.698714 0.241455 -0.854389 
0.070125 -0.058059 -0.227558 0.696327 0.285514 -0.838617 
0.052835 -0.133192 -0.251545 0.691740 0.306299 -0.803477 
0.039711 -0.207018 -0.281744 0.685101 0.315304 -0.584879 
0.029754 -0.274900 -0.335568 0.675818 0.318911 -0.405138 
0.022167 -0.318307 -0.374995 0.663108 0.318749 -0.298062 
0.016341 -0.356800 -0.429396 0.650519 0.316156 -0.226093 
0.011822 -0.390068 -0.481493 0.630723 0.312807 -0.186444 
0.008281 -0.417934 -0.539068 0.602961 0.307248 -0.167555 
0.005476 -0.441253 -0.602554 0.580568 0.297956 -0.159266 
0.003228 -0.458329 -0.664608 0.526631 0.287816 -0.156567 
0.001409 -0.470391 -0.706595 0.486613 0.273451 -0.155955 
0.022079 -0.479184 -0.735434 0.430259 0.255884 -0.158717 
0.120848 -0.484875 -0.763404 0.384259 0.243764 -0.160928 
0.421683 -0.488345 -0.783113 0.338420 0.227370 -0.164575 
0.640063 -0.490763 -0.797036 0.304600 0.205682 -0.167625 
0.696350 -0.494064 -0.808084 0.260138 0.173443 -0.171942 
0.711212 -0.496463 -0.818357 0.216590 0.141142 -0.176438 
0.709724 -0.492285 -0.828214 0.173825 0.105569 -0.187514 
0.707955 -0.459854 -0.835175 0.138005 0.044107 -0.200617 
0.705837 -0.391886 -0.841557 0.105805 -0.021419 -0.219445 
0.703276 -0.170866 -0.846709 0.078889 -0.095611 -0.242146 
0.700184 0.044036 -0.850060 0.058051 -0.161481 -0.270653 
0.696391 0.175470 -0.852967 0.044600 -0.231534 -0.302490 
0.691701 0.248277 -0.850646 0.032515 -0.289698 -0.335785 
0.685854 0.288359 -0.836816 0.023879 -0.337741 -0.384488 
0.678516 0.307240 -0.762669 0.017553 -0.375716 -0.443923 
0.669261 0.316449 -0.574129 0.012008 -0.407504 -0.512637 
0.657566 0.317789 -0.396117 0.008018 -0.432978 -0.576275 
0.641896 0.316805 -0.280121 0.004996 -0.449838 -0.636088 
0.621750 0.315197 -0.214428 0.008322 -0.463480 -0.677658 
0.596065 0.311222 -0.180902 0.028983 -0.473798 -0.715277 
0.563836 0.305021 -0.165530 0.123659 -0.480623 -0.749252 
0.524389 0.294602 -0.158754 0.297774 -0.487114 -0.777211 
0.477729 0.283615 -0.156274 0.468917 -0.491776 -0.797703 
0.424850 0.269814 -0.157064 0.582521 -0.494959 -0.813578 
0.367843 0.252725 -0.159156 0.643197 -0.494788 -0.825579 
0.309671 0.228667 -0.162615 0.676902 -0.483869 -0.833843 
0.253605 0.206036 -0.167103 0.693121 -0.421790 -0.839823 
0.202525 0.169692 -0.174591 0.700874 -0.167883 -0.845338 
0.158354 0.119855 -0.182885 0.701961 0.039216 -0.849325 
0.121846 0.070520 -0.191972 0.701340 0.162591 -0.852193 
0.092739 -0.001221 -0.206537 0.698714 0.241456 -0.854386 
0.070125 -0.058048 -0.227558 0.696327 0.285515 -0.838616 
0.052835 -0.133187 -0.251546 0.691740 0.306299 -0.803476 
0.039711 -0.207015 -0.281744 0.685101 0.315304 -0.584878 
0.029754 -0.274899 -0.335568 0.675818 0.318911 -0.405138 
0.022167 -0.318306 -0.374995 0.663108 0.318749 -0.298062 
0.016341 -0.356800 -0.429396 0.650519 0.316156 -0.226093 
0.011822 -0.390067 -0.481493 0.630723 0.312807 -0.186444 
0.008281 -0.417934 -0.539068 0.602961 0.307248 -0.167555 
0.005476 -0.441253 -0.602554 0.580568 0.297956 -0.159266 
0.003228 -0.458329 -0.664608 0.526631 0.287816 -0.156567 
0.022089 -0.470391 -0.706595 0.486613 0.273451 -0.155955 
0.120895 -0.479184 -0.741142 0.430259 0.255884 -0.158717 
0.421763 -0.484875 -0.766258 0.384259 0.237830 -0.160928 
0.640090 -0.489028 -0.788608 0.327519 0.217940 -0.165802 
0.696358 -0.493197 -0.803870 0.283306 0.193241 -0.171030 
0.711215 -0.495867 -0.816250 0.228174 0.151041 -0.175982 
0.711212 -0.493185 -0.825578 0.179617 0.110518 -0.182432 
0.709677 -0.480194 -0.833857 0.142392 0.059278 -0.190511 
0.707845 -0.402056 -0.839838 0.111086 -0.006099 -0.202115 
0.705636 -0.175951 -0.844997 0.083553 -0.087951 -0.226615 
0.702951 0.041494 -0.849204 0.062544 -0.157651 -0.257137 
0.699685 0.174198 -0.852445 0.046847 -0.229618 -0.295732 
0.695649 0.247641 -0.850384 0.035517 -0.277794 -0.332406 
0.690617 0.288041 -0.836685 0.025704 -0.331789 -0.382798 
0.684292 0.307081 -0.787240 0.018465 -0.372740 -0.437110 
0.676282 0.316369 -0.586414 0.013135 -0.406016 -0.493789 
0.666090 0.317750 -0.402260 0.008582 -0.429041 -0.556323 
0.653098 0.316862 -0.283192 0.005278 -0.447583 -0.614119 
0.635593 0.315226 -0.216613 0.005373 -0.460808 -0.666673 
0.612975 0.311236 -0.181994 0.022439 -0.471623 -0.709785 
0.584084 0.306463 -0.166076 0.087770 -0.479536 -0.746506 
0.547928 0.295323 -0.158520 0.241163 -0.485679 -0.774121 
0.504032 0.283976 -0.156157 0.440612 -0.491058 -0.796158 
0.452843 0.269995 -0.157005 0.563100 -0.494600 -0.810531 
0.396010 0.252815 -0.159127 0.633486 -0.494609 -0.822161 
0.336334 0.237743 -0.162601 0.672047 -0.483780 -0.832134 
0.277302 0.210574 -0.167096 0.690693 -0.421745 -0.838969 
0.222323 0.171961 -0.174587 0.699660 -0.263907 -0.844183 
0.173976 0.120989 -0.182883 0.701355 -0.008796 -0.848747 
0.133575 0.071087 -0.191971 0.701037 0.133052 -0.851904 
0.101195 0.008657 -0.206536 0.700009 0.226687 -0.854241 
0.076035 -0.053110 -0.227558 0.696975 0.278130 -0.847495 
0.056872 -0.130718 -0.243547 0.692064 0.303146 -0.817897 
0.042423 -0.188528 -0.277745 0.685263 0.314398 -0.680300 
0.031552 -0.265655 -0.333568 0.675899 0.318458 -0.452849 
0.023342 -0.313684 -0.361562 0.663148 0.318523 -0.321917 
0.017094 -0.354489 -0.422680 0.650540 0.316966 -0.238021 
0.012292 -0.388912 -0.478135 0.630733 0.313212 -0.192408 
0.008559 -0.417356 -0.537388 0.614660 0.307450 -0.170537 
0.005624 -0.440964 -0.601714 0.586417 0.298057 -0.160757 
0.003290 -0.458184 -0.654201 0.546237 0.287867 -0.156786 
0.001412 -0.470319 -0.690603 0.496416 0.276874 -0.156065 
0.017031 -0.479148 -0.727438 0.435160 0.261636 -0.158772 
0.075481 -0.484857 -0.759406 0.386710 0.246640 -0.160956 
0.274755 -0.488336 -0.775390 0.339646 0.228808 -0.164588 
0.544985 -0.490758 -0.793174 0.305212 0.213430 -0.167632 
0.665162 -0.494062 -0.806153 0.272178 0.190986 -0.170478 
0.699685 -0.495714 -0.816125 0.234771 0.162167 -0.175706 
0.711212 -0.497521 -0.825518 0.197560 0.116081 -0.182294 
0.709677 -0.482362 -0.832549 0.159144 0.062059 -0.190442 
0.707845 -0.432242 -0.839187 0.126194 -0.004708 -0.202081 
0.705636 -0.292638 -0.844495 0.093573 -0.073442 -0.225206 
0.702951 -0.059662 -0.848819 0.067555 -0.150396 -0.256433 
0.699685 0.119858 -0.851974 0.049352 -0.205021 -0.285625 
0.695649 0.220471 -0.852383 0.036770 -0.265495 -0.327353 
0.690617 0.274456 -0.837684 0.027917 -0.306679 -0.371054 
0.684292 0.300886 -0.796820 0.020935 -0.354916 -0.421748 
0.676282 0.313272 -0.634412 0.014331 -0.392707 -0.486296 
0.666090 0.316201 -0.436877 0.010001 -0.422416 -0.552576 
0.652984 0.317112 -0.309028 0.006343 -0.444271 -0.612246 
0.635457 0.314704 -0.231580 0.005776 -0.457457 -0.654073 
0.612813 0.312081 -0.189474 0.014688 -0.469117 -0.697298 
0.583894 0.306885 -0.168767 0.058325 -0.476916 -0.734236 
0.547710 0.300115 -0.159869 0.182595 -0.484367 -0.767986 
0.503791 0.292149 -0.156832 0.388107 -0.489417 -0.789474 
0.452588 0.278982 -0.156787 0.531015 -0.493172 -0.806261 
0.395752 0.257308 -0.157854 0.617146 -0.496262 -0.820026 
0.336088 0.240230 -0.160422 0.664054 -0.484606 -0.829287 
0.277081 0.219167 -0.164334 0.686771 -0.456787 -0.836756 
0.222137 0.179333 -0.169542 0.697699 -0.327238 -0.843077 
0.173826 0.146521 -0.175811 0.700374 -0.081689 -0.847669 
0.133459 0.083584 -0.185833 0.701711 0.096605 -0.850982 
0.101109 0.014905 -0.196500 0.700346 0.208464 -0.853781 
0.075973 -0.035126 -0.212961 0.697144 0.268911 -0.847265 
0.056828 -0.102691 -0.236248 0.693620 0.298536 -0.817781 
0.042391 -0.162327 -0.266258 0.687901 0.312550 -0.696208 
0.031529 -0.236052 -0.300998 0.679815 0.318105 -0.531244 
0.023325 -0.298883 -0.345276 0.668690 0.319065 -0.361115 
0.017082 -0.347088 -0.405740 0.659786 0.317237 -0.262093 
0.012283 -0.382742 -0.457622 0.643886 0.314019 -0.204456 
0.008553 -0.410208 -0.514527 0.621237 0.310539 -0.176223 
0.005619 -0.431967 -0.577215 0.589706 0.304527 -0.163180 
0.003286 -0.450485 -0.635144 0.547881 0.293429 -0.157998 
0.001409 -0.464117 -0.681074 0.508078 0.282820 -0.156670 
0.017023 -0.473285 -0.722674 0.458902 0.264609 -0.158571 
0.075450 -0.480631 -0.757027 0.398580 0.248127 -0.160855 
0.274677 -0.486223 -0.774201 0.345581 0.229552 -0.164538 
0.544929 -0.489020 -0.792580 0.308180 0.213801 -0.167607 
0.665145 -0.493193 -0.805856 0.273662 0.191171 -0.170466 
0.699679 -0.495279 -0.815976 0.235513 0.162260 -0.175700 
0.711209 -0.497304 -0.825444 0.197931 0.116128 -0.182290 
0.709675 -0.482253 -0.832512 0.159329 0.062083 -0.190440 
0.707842 -0.432187 -0.839169 0.126287 -0.004697 -0.202080 
0.705633 -0.292611 -0.844485 0.093620 -0.073436 -0.225206 
0.702951 -0.059648 -0.848814 0.067578 -0.150393 -0.256433 
0.699690 0.119865 -0.851972 0.049363 -0.205019 -0.285624 
0.695666 0.220474 -0.852382 0.036775 -0.265494 -0.327352 
0.690659 0.274458 -0.837684 0.027919 -0.306679 -0.371054 
0.684386 0.300887 -0.796820 0.020936 -0.354916 -0.421748 
0.676481 0.313272 -0.634412 0.014332 -0.392707 -0.486296 
0.666495 0.316201 -0.436877 0.010001 -0.422416 -0.552576 
0.652987 0.317112 -0.309028 0.006344 -0.444271 -0.612246 
0.635464 0.314704 -0.231580 0.005776 -0.457457 -0.654073 
0.612826 0.312081 -0.189474 0.014688 -0.469117 -0.697298 
0.583915 0.306885 -0.168767 0.058325 -0.476916 -0.734236 
0.547740 0.300115 -0.159869 0.182595 -0.484367 -0.767986 
0.503830 0.292149 -0.156832 0.388107 -0.489417 -0.789474 
0.452636 0.278982 -0.156787 0.531015 -0.493172 -0.806261 
0.395808 0.257308 -0.157854 0.617146 -0.496262 -0.820026 
0.336148 0.240230 -0.160422 0.664054 -0.484606 -0.829287 
0.277141 0.219167 -0.164334 0.686771 -0.456787 -0.836756 
0.222192 0.179333 -0.169542 0.697699 -0.327238 -0.843077 
0.173875 0.146521 -0.175811 0.700374 -0.081689 -0.847669 
0.133500 0.083584 -0.185833 0.701711 0.096605 -0.850982 
0.101142 0.014905 -0.196500 0.700346 0.208464 -0.853781 
0.075999 -0.035126 -0.212961 0.697144 0.268911 -0.847265 
0.056847 -0.102691 -0.236248 0.693620 0.298536 -0.817781 
0.042406 -0.162327 -0.266258 0.687901 0.312550 -0.696208 
0.031540 -0.236052 -0.300998 0.679815 0.318105 -0.531244 
0.023334 -0.298883 -0.345276 0.668690 0.319065 -0.361115 
0.017089 -0.347088 -0.405740 0.659786 0.317237 -0.262093 
0.012288 -0.382742 -0.457622 0.643886 0.314019 -0.204456 
0.008557 -0.410208 -0.514527 0.621237 0.310539 -0.176223 
0.005622 -0.431967 -0.577215 0.589706 0.304527 -0.163180 
0.003288 -0.450485 -0.635144 0.547881 0.293429 -0.157998 
0.001411 -0.464117 -0.681074 0.508078 0.282820 -0.156670 
0.017029 -0.473285 -0.722674 0.458902 0.264609 -0.158571 
0.075473 -0.480631 -0.757027 0.398580 0.248127 -0.160855 
0.274737 -0.486223 -0.774201 0.345581 0.229552 -0.164538 
0.544974 -0.489020 -0.792580 0.308180 0.213801 -0.167607 
0.665159 -0.493193 -0.805856 0.273662 0.191171 -0.170466 
0.699684 -0.495279 -0.815976 0.235513 0.162260 -0.175700 
0.711212 -0.497304 -0.825444 0.197931 0.116128 -0.182290 
0.709677 -0.482253 -0.832512 0.159329 0.062083 -0.190440 
0.707844 -0.432187 -0.839169 0.126287 -0.004697 -0.202080 
0.705636 -0.292611 -0.844485 0.093620 -0.073436 -0.225206 
0.702951 -0.059648 -0.848814 0.067578 -0.150393 -0.256433 
0.699690 0.119865 -0.851972 0.049363 -0.205019 -0.285624 
0.695666 0.220474 -0.852382 0.036775 -0.265494 -0.327352 
0.690659 0.274458 -0.837684 0.027919 -0.306679 -0.371054 
0.684386 0.300887 -0.796820 0.020936 -0.354916 -0.421748 
0.676481 0.313272 -0.634412 0.014332 -0.392707 -0.486296 
0.666495 0.316201 -0.436877 0.010001 -0.422416 -0.552576 
0.652987 0.317112 -0.309028 0.006344 -0.444271 -0.612246 
0.635464 0.314704 -0.231580 0.005776 -0.457457 -0.654073 
0.612826 0.312081 -0.189474 0.014688 -0.469117 -0.697298 
0.583915 0.306885 -0.168767 0.058325 -0.476916 -0.734236 
0.547740 0.300115 -0.159869 0.182595 -0.484367 -0.767986 
0.503830 0.292149 -0.156832 0.388107 -0.489417 -0.789474 
0.452636 0.278982 -0.156787 0.531015 -0.493172 -0.806261 
0.395808 0.257308 -0.157854 0.617146 -0.496262 -0.820026 
0.336148 0.240230 -0.160422 0.664054 -0.484606 -0.829287 
0.277141 0.219167 -0.164334 0.686771 -0.456787 -0.836756 
0.222192 0.179333 -0.169542 0.697699 -0.327238 -0.843077 
0.173875 0.146521 -0.175811 0.700374 -0.081689 -0.847669 
0.133500 0.083584 -0.185833 0.701711 0.096605 -0.850982 
0.101142 0.014905 -0.196500 0.700346 0.208464 -0.853781 
0.075999 -0.035126 -0.212961 0.697144 0.268911 -0.847265 
0.056847 -0.102691 -0.236248 0.693620 0.298536 -0.817781 
0.042406 -0.162327 -0.266258 0.687901 0.312550 -0.696208 
0.031540 -0.236052 -0.300998 0.679815 0.318105 -0.531244 
0.023334 -0.298883 -0.345276 0.668690 0.319065 -0.361115 
0.017089 -0.347088 -0.405740 0.659786 0.317237 -0.262093 
0.012288 -0.382742 -0.457622 0.643886 0.314019 -0.204456 
0.008557 -0.410208 -0.514527 0.621237 0.310539 -0.176223 
0.005622 -0.431967 -0.577215 0.589706 0.304527 -0.163180 
0.003288 -0.450485 -0.635144 0.547881 0.293429 -0.157998 
0.001411 -0.464117 -0.681074 0.508078 0.282820 -0.156670 
0.017029 -0.473285 -0.722674 0.458902 0.264609 -0.158571 
0.075473 -0.480631 -0.757027 0.398580 0.248127 -0.160855 
0.274737 -0.486223 -0.774201 0.345581 0.229552 -0.164538 
0.544974 -0.489020 -0.792580 0.308180 0.213801 -0.167607 
0.665159 -0.493193 -0.805856 0.273662 0.191171 -0.170466 
0.699684 -0.495279 -0.815976 0.235513 0.162260 -0.175700 
0.711212 -0.497304 -0.825444 0.197931 0.116128 -0.182290 
0.709677 -0.482253 -0.832512 0.159329 0.062083 -0.190440 
0.707844 -0.432187 -0.839169 0.126287 -0.004697 -0.202080 
0.705636 -0.292611 -0.844485 0.093620 -0.073436 -0.225206 
0.702978 -0.059648 -0.848814 0.067578 -0.150393 -0.256433 
0.699734 0.119865 -0.851972 0.049363 -0.205019 -0.285624 
0.695740 0.220474 -0.852382 0.036775 -0.265494 -0.327352 
0.690784 0.274458 -0.837684 0.027919 -0.306679 -0.371054 
0.684599 0.300887 -0.796820 0.020936 -0.354916 -0.421748 
0.676849 0.313272 -0.634412 0.014332 -0.392707 -0.486296 
0.666495 0.316201 -0.436877 0.010001 -0.422416 -0.552576 
0.652984 0.317112 -0.309028 0.006344 -0.444271 -0.612246 
0.635457 0.314704 -0.231580 0.005776 -0.457457 -0.654073 
0.612813 0.312081 -0.189474 0.014688 -0.469117 -0.697298 
0.583894 0.306885 -0.168767 0.058325 -0.476916 -0.734236 
0.547710 0.300115 -0.159869 0.182595 -0.484367 -0.767986 
0.503791 0.292149 -0.156832 0.388107 -0.489417 -0.789474 
0.452588 0.278982 -0.156787 0.531015 -0.493172 -0.806261 
0.395752 0.257308 -0.157854 0.617146 -0.496262 -0.820026 
0.336088 0.240230 -0.160422 0.664054 -0.484606 -0.829287 
0.277081 0.219167 -0.164334 0.686771 -0.456787 -0.836756 
0.222137 0.179333 -0.169542 0.697699 -0.327238 -0.843077 
0.173826 0.146521 -0.175811 0.700374 -0.081689 -0.847669 
0.133459 0.083584 -0.185833 0.701711 0.096605 -0.850982 
0.101109 0.014905 -0.196500 0.700346 0.208464 -0.853781 
0.075973 -0.035126 -0.212961 0.697144 0.268911 -0.847265 
0.056828 -0.102691 -0.236248 0.693620 0.298536 -0.817781 
0.042391 -0.162327 -0.266258 0.687901 0.312550 -0.696208 
0.031529 -0.236052 -0.300998 0.679815 0.318105 -0.531244 
0.023325 -0.298883 -0.345276 0.668690 0.319065 -0.361115 
0.017082 -0.347088 -0.405740 0.659786 0.317237 -0.262093 
0.012283 -0.382742 -0.457622 0.643886 0.314019 -0.204456 
0.008553 -0.410208 -0.514527 0.621237 0.310539 -0.176223 
0.005619 -0.431967 -0.577215 0.589706 0.304527 -0.163180 
0.003286 -0.450485 -0.635144 0.547881 0.293429 -0.157998 
0.001409 -0.464117 -0.681074 0.508078 0.282820 -0.156670 
0.017023 -0.473285 -0.722674 0.458902 0.264609 -0.158571 
0.075450 -0.480631 -0.757027 0.398580 0.248127 -0.160855 
0.274677 -0.486223 -0.774201 0.345581 0.229552 -0.164538 
0.544929 -0.489020 -0.792580 0.308180 0.213801 -0.167607 
0.665145 -0.493193 -0.805856 0.273662 0.191171 -0.170466 
0.699679 -0.495279 -0.815976 0.235513 0.162260 -0.175700 
0.709677 -0.497304 -0.825444 0.197931 0.116128 -0.182290 
0.707845 -0.482253 -0.832512 0.159329 0.062083 -0.190440 
0.705636 -0.432187 -0.839169 0.126287 -0.004697 -0.202080 
0.702951 -0.292611 -0.844485 0.093620 -0.073436 -0.225206 
0.699685 -0.059648 -0.848814 0.067578 -0.150393 -0.256433 
0.695649 0.119865 -0.851972 0.049363 -0.205019 -0.285624 
0.690617 0.220474 -0.852382 0.036775 -0.265494 -0.327352 
0.684292 0.274458 -0.837684 0.027919 -0.306679 -0.371054 
0.676282 0.300887 -0.796820 0.020936 -0.354916 -0.421748 
0.666090 0.313272 -0.634412 0.014332 -0.392707 -0.486296 
0.653098 0.316201 -0.436877 0.010001 -0.422416 -0.552576 
0.635593 0.317112 -0.309028 0.006344 -0.444271 -0.612246 
0.612975 0.314704 -0.231580 0.005776 -0.457457 -0.654073 
0.584084 0.312081 -0.189474 0.014688 -0.469117 -0.697298 
0.547928 0.306885 -0.168767 0.058325 -0.476916 -0.734236 
0.504032 0.300115 -0.159869 0.159022 -0.484367 -0.767986 
0.452843 0.292149 -0.156832 0.386180 -0.489417 -0.792075 
0.396010 0.278982 -0.156787 0.530051 -0.493172 -0.807562 
0.336334 0.257308 -0.158486 0.616962 -0.494041 -0.820676 
0.277302 0.240230 -0.160738 0.663962 -0.483496 -0.829612 
0.222323 0.214518 -0.164904 0.686725 -0.432666 -0.836918 
0.173976 0.177008 -0.173491 0.697676 -0.269368 -0.843158 
0.133575 0.135349 -0.182335 0.700363 -0.052754 -0.847710 
0.101195 0.077998 -0.191773 0.700541 0.111073 -0.851003 
0.076035 0.012112 -0.204156 0.699761 0.215697 -0.853791 
0.056872 -0.064973 -0.223147 0.696851 0.272528 -0.847270 
0.042423 -0.117614 -0.241341 0.692002 0.300345 -0.807804 
0.031552 -0.181976 -0.274134 0.685232 0.312998 -0.675253 
0.023342 -0.245877 -0.304935 0.678480 0.317758 -0.485311 
0.017094 -0.303795 -0.359678 0.668023 0.318892 -0.338148 
0.012292 -0.349544 -0.412941 0.652977 0.317151 -0.250609 
0.008559 -0.386440 -0.473265 0.631952 0.313283 -0.198846 
0.005624 -0.416120 -0.534954 0.615270 0.308367 -0.173418 
0.003290 -0.438376 -0.587428 0.586722 0.300929 -0.161777 
0.001412 -0.456890 -0.647058 0.546389 0.291630 -0.157296 
0.001409 -0.467319 -0.687031 0.496492 0.278756 -0.156320 
0.022079 -0.477034 -0.725653 0.444016 0.262577 -0.158395 
0.120848 -0.483800 -0.758517 0.391138 0.247111 -0.160767 
0.421683 -0.487808 -0.780669 0.341860 0.229044 -0.164494 
0.640063 -0.490494 -0.795814 0.306320 0.206519 -0.167585 
0.696350 -0.493930 -0.807473 0.260998 0.173861 -0.171922 
0.711212 -0.496396 -0.819426 0.210673 0.141351 -0.180402 
0.709724 -0.492251 -0.828749 0.170866 0.086637 -0.189496 
0.707955 -0.459837 -0.835443 0.132406 0.034641 -0.201608 
0.705837 -0.391878 -0.842138 0.103006 -0.026152 -0.219940 
0.703276 -0.170862 -0.847273 0.077489 -0.097977 -0.242393 
0.700184 0.044038 -0.850342 0.057351 -0.178811 -0.270777 
0.696391 0.175471 -0.853108 0.041706 -0.240199 -0.302552 
0.691701 0.248277 -0.850716 0.030385 -0.294031 -0.335816 
0.685854 0.287837 -0.825113 0.022814 -0.339907 -0.395989 
0.678516 0.306979 -0.756818 0.017020 -0.376799 -0.449673 
0.669261 0.316318 -0.571203 0.011742 -0.408046 -0.515513 
0.657566 0.317724 -0.382987 0.007885 -0.433249 -0.577713 
0.641896 0.315674 -0.273556 0.004648 -0.451910 -0.636806 
0.621750 0.312764 -0.211146 0.008148 -0.464517 -0.678017 
0.596065 0.310006 -0.179603 0.028896 -0.474316 -0.721047 
0.563836 0.304412 -0.164881 0.123615 -0.481938 -0.752137 
0.524389 0.294298 -0.158429 0.297752 -0.487772 -0.778654 
0.477729 0.283463 -0.156112 0.468906 -0.492105 -0.798424 
0.424850 0.269738 -0.156983 0.582516 -0.495123 -0.813938 
0.367843 0.251405 -0.159115 0.643194 -0.494871 -0.825760 
0.309671 0.228007 -0.162595 0.676901 -0.483911 -0.833934 
0.253605 0.205706 -0.167093 0.693120 -0.421810 -0.839868 
0.202525 0.169527 -0.174586 0.700874 -0.167893 -0.845361 
0.158354 0.119772 -0.182883 0.701961 0.039211 -0.849336 
0.121846 0.070479 -0.191971 0.701340 0.162588 -0.852198 
0.092739 -0.001242 -0.206536 0.698714 0.241455 -0.854389 
0.070125 -0.058059 -0.227558 0.696327 0.285514 -0.838617 
0.052835 -0.133192 -0.251545 0.691740 0.306299 -0.803477 
0.039711 -0.207018 -0.281744 0.685101 0.315304 -0.584879 
0.029754 -0.274900 -0.335568 0.675818 0.318911 -0.405138 
0.022167 -0.318307 -0.374995 0.663108 0.318749 -0.298062 
0.016341 -0.356800 -0.429396 0.650519 0.316156 -0.226093 
0.011822 -0.390068 -0.481493 0.630723 0.312807 -0.186444 
0.008281 -0.417934 -0.539068 0.602961 0.307248 -0.167555 
0.005476 -0.441253 -0.602554 0.580568 0.297956 -0.159266 
0.003228 -0.458329 -0.664608 0.526631 0.287816 -0.156567 
0.001409 -0.470391 -0.706595 0.486613 0.273451 -0.155955 
0.022079 -0.479184 -0.735434 0.430259 0.255884 -0.158717 
0.120848 -0.484875 -0.763404 0.384259 0.243764 -0.160928 
0.421683 -0.488345 -0.783113 0.338420 0.227370 -0.164575 
0.640063 -0.490763 -0.797036 0.304600 0.205682 -0.167625 
0.696350 -0.494064 -0.808084 0.260138 0.173443 -0.171942 
0.711212 -0.496463 -0.818357 0.216590 0.141142 -0.176438 
0.709724 -0.492285 -0.828214 0.173825 0.105569 -0.187514 
0.707955 -0.459854 -0.835175 0.138005 0.044107 -0.200617 
0.705837 -0.391886 -0.841557 0.105805 -0.021419 -0.219445 
0.703276 -0.170866 -0.846709 0.078889 -0.095611 -0.242146 
0.700184 0.044036 -0.850060 0.058051 -0.161481 -0.270653 
0.696391 0.175470 -0.852967 0.044600 -0.231534 -0.302490 
0.691701 0.248277 -0.850646 0.032515 -0.289698 -0.335785 
0.685854 0.288359 -0.836816 0.023879 -0.337741 -0.384488 
0.678516 0.307240 -0.762669 0.017553 -0.375716 -0.443923 
0.669261 0.316449 -0.574129 0.012008 -0.407504 -0.512637 
0.657566 0.317789 -0.396117 0.008018 -0.432978 -0.576275 
0.641896 0.316805 -0.280121 0.004996 -0.449838 -0.636088 
0.621750 0.315197 -0.214428 0.008322 -0.463480 -0.677658 
0.596065 0.311222 -0.180902 0.028983 -0.473798 -0.715277 
0.563836 0.305021 -0.165530 0.123659 -0.480623 -0.749252 
0.524389 0.294602 -0.158754 0.297774 -0.487114 -0.777211 
0.477729 0.283615 -0.156274 0.468917 -0.491776 -0.797703 
0.424850 0.269814 -0.157064 0.582521 -0.494959 -0.813578 
0.367843 0.252725 -0.159156 0.643197 -0.494788 -0.825579 
0.309671 0.228667 -0.162615 0.676902 -0.483869 -0.833843 
0.253605 0.206036 -0.167103 0.693121 -0.421790 -0.839823 
0.202525 0.169692 -0.174591 0.700874 -0.167883 -0.845338 
0.158354 0.119855 -0.182885 0.701961 0.039216 -0.849325 
0.121846 0.070520 -0.191972 0.701340 0.162591 -0.852193 
0.092739 -0.001221 -0.206537 0.698714 0.241456 -0.854386 
0.070125 -0.058048 -0.227558 0.696327 0.285515 -0.838616 
0.052835 -0.133187 -0.251546 0.691740 0.306299 -0.803476 
0.039711 -0.207015 -0.281744 0.685101 0.315304 -0.584878 
0.029754 -0.274899 -0.335568 0.675818 0.318911 -0.405138 
0.022167 -0.318306 -0.374995 0.663108 0.318749 -0.298062 
0.016341 -0.356800 -0.429396 0.650519 0.316156 -0.226093 
0.011822 -0.390067 -0.481493 0.630723 0.312807 -0.186444 
0.008281 -0.417934 -0.539068 0.602961 0.307248 -0.167555 
0.005476 -0.441253 -0.602554 0.580568 0.297956 -0.159266 
0.003228 -0.458329 -0.664608 0.526631 0.287816 -0.156567 
0.001409 -0.470391 -0.706595 0.486613 0.273451 -0.155955 
0.022079 -0.479184 -0.735434 0.430259 0.255884 -0.158717 
0.120848 -0.484875 -0.763404 0.384259 0.243764 -0.160928 
0.421683 -0.488345 -0.783113 0.338420 0.227370 -0.164575 
0.640063 -0.490763 -0.797036 0.304600 0.205682 -0.167625 
0.696350 -0.494064 -0.808084 0.260138 0.173443 -0.171942 
0.711212 -0.496463 -0.818357 0.216590 0.141142 -0.176438 
0.709724 -0.492285 -0.828214 0.173825 0.105569 -0.187514 
0.707955 -0.459854 -0.835175 0.138005 0.044107 -0.200617 
0.705837 -0.391886 -0.841557 0.105805 -0.021419 -0.219445 
0.703276 -0.170866 -0.846709 0.078889 -0.095611 -0.242146 
0.700184 0.044036 -0.850060 0.058051 -0.161481 -0.270653 
0.696391 0.175470 -0.852967 0.044600 -0.231534 -0.302490 
0.691701 0.248277 -0.850646 0.032515 -0.289698 -0.335785 
0.685854 0.288359 -0.836816 0.023879 -0.337741 -0.384488 
0.678516 0.307240 -0.762669 0.017553 -0.375716 -0.443923 
0.669261 0.316449 -0.574129 0.012008 -0.407504 -0.512637 
0.657566 0.317789 -0.396117 0.008018 -0.432978 -0.576275 
0.641896 0.316805 -0.280121 0.004996 -0.449838 -0.636088 
0.621750 0.315197 -0.214428 0.008322 -0.463480 -0.677658 
0.596065 0.311222 -0.180902 0.028983 -0.473798 -0.715277 
0.563836 0.305021 -0.165530 0.123659 -0.480623 -0.749252 
0.524389 0.294602 -0.158754 0.297774 -0.487114 -0.777211 
0.477729 0.283615 -0.156274 0.468917 -0.491776 -0.797703 
0.424850 0.269814 -0.157064 0.582521 -0.494959 -0.813578 
0.367843 0.252725 -0.159156 0.643197 -0.494788 -0.825579 
0.309671 0.228667 -0.162615 0.676902 -0.483869 -0.833843 
0.253605 0.206036 -0.167103 0.693121 -0.421790 -0.839823 
0.202525 0.169692 -0.174591 0.700874 -0.167883 -0.845338 
0.158354 0.119855 -0.182885 0.701961 0.039216 -0.849325 
0.121846 0.070520 -0.191972 0.701340 0.162591 -0.852193 
0.092739 -0.001221 -0.206537 0.698714 0.241456 -0.854386 
0.070125 -0.058048 -0.227558 0.696327 0.285515 -0.838616 
0.052835 -0.133187 -0.251546 0.691740 0.306299 -0.803476 
0.039711 -0.207015 -0.281744 0.685101 0.315304 -0.584878 
0.029754 -0.274899 -0.335568 0.675818 0.318911 -0.405138 
0.022167 -0.318306 -0.374995 0.663108 0.318749 -0.298062 
0.016341 -0.356800 -0.429396 0.650519 0.316156 -0.226093 
0.011822 -0.390067 -0.481493 0.630723 0.312807 -0.186444 
0.008281 -0.417934 -0.539068 0.602961 0.307248 -0.167555 
0.005476 -0.441253 -0.602554 0.580568 0.297956 -0.159266 
0.003228 -0.458329 -0.664608 0.526631 0.287816 -0.156567 
0.022089 -0.470391 -0.706595 0.486613 0.273451 -0.155955 
0.120895 -0.479184 -0.741142 0.430259 0.255884 -0.158717 
0.421763 -0.484875 -0.766258 0.384259 0.237830 -0.160928 
0.640090 -0.489028 -0.788608 0.327519 0.217940 -0.165802 
0.696358 -0.493197 -0.803870 0.283306 0.193241 -0.171030 
0.711215 -0.495867 -0.816250 0.228174 0.151041 -0.175982 
0.711212 -0.493185 -0.825578 0.179617 0.110518 -0.182432 
0.709677 -0.480194 -0.833857 0.142392 0.059278 -0.190511 
0.707845 -0.402056 -0.839838 0.111086 -0.006099 -0.202115 
0.705636 -0.175951 -0.844997 0.083553 -0.087951 -0.226615 
0.702951 0.041494 -0.849204 0.062544 -0.157651 -0.257137 
0.699685 0.174198 -0.852445 0.046847 -0.229618 -0.295732 
0.695649 0.247641 -0.850384 0.035517 -0.277794 -0.332406 
0.690617 0.288041 -0.836685 0.025704 -0.331789 -0.382798 
0.684292 0.307081 -0.787240 0.018465 -0.372740 -0.437110 
0.676282 0.316369 -0.586414 0.013135 -0.406016 -0.493789 
0.666090 0.317750 -0.402260 0.008582 -0.429041 -0.556323 
0.652984 0.316862 -0.283192 0.005278 -0.447583 -0.614119 
0.635457 0.315226 -0.216613 0.005373 -0.460808 -0.666673 
0.612813 0.311236 -0.181994 0.022439 -0.471623 -0.709785 
0.583894 0.306463 -0.166076 0.087770 -0.479536 -0.746506 
0.547710 0.295323 -0.158520 0.241163 -0.485679 -0.774121 
0.503791 0.283976 -0.156157 0.440612 -0.491058 -0.796158 
0.452588 0.269995 -0.157005 0.563100 -0.494600 -0.810531 
0.395752 0.252815 -0.159127 0.633486 -0.494609 -0.822161 
0.336088 0.237743 -0.162601 0.672047 -0.483780 -0.832134 
0.277081 0.210574 -0.167096 0.690693 -0.421745 -0.838969 
0.222137 0.171961 -0.174587 0.699660 -0.263907 -0.844183 
0.173826 0.120989 -0.182883 0.701355 -0.008796 -0.848747 
0.133459 0.071087 -0.191971 0.701037 0.133052 -0.851904 
0.101109 0.008657 -0.206536 0.700009 0.226687 -0.854241 
0.075973 -0.053110 -0.227558 0.696975 0.278130 -0.847495 
0.056828 -0.130718 -0.243547 0.692064 0.303146 -0.817897 
0.042391 -0.188528 -0.277745 0.685263 0.314398 -0.680300 
0.031529 -0.265655 -0.333568 0.675899 0.318458 -0.452849 
0.023325 -0.313684 -0.361562 0.663148 0.318523 -0.321917 
0.017082 -0.354489 -0.422680 0.650540 0.316966 -0.238021 
0.012283 -0.388912 -0.478135 0.630733 0.313212 -0.192408 
0.008553 -0.417356 -0.537388 0.614660 0.307450 -0.170537 
0.005619 -0.440964 -0.601714 0.586417 0.298057 -0.160757 
0.003286 -0.458184 -0.654201 0.546237 0.287867 -0.156786 
0.001409 -0.470319 -0.690603 0.496416 0.276874 -0.156065 
0.017023 -0.479148 -0.727438 0.435160 0.261636 -0.158772 
0.075450 -0.484857 -0.759406 0.386710 0.246640 -0.160956 
0.274677 -0.488336 -0.775390 0.339646 0.228808 -0.164588 
0.544929 -0.490758 -0.793174 0.305212 0.213430 -0.167632 
0.665145 -0.494062 -0.806153 0.272178 0.190986 -0.170478 
0.699679 -0.495714 -0.816125 0.234771 0.162167 -0.175706 
0.711209 -0.497521 -0.825518 0.197560 0.116081 -0.182294 
0.709675 -0.482362 -0.832549 0.159144 0.062059 -0.190442 
0.707842 -0.432242 -0.839187 0.126194 -0.004708 -0.202081 
0.705633 -0.292638 -0.844495 0.093573 -0.073442 -0.225206 
0.702951 -0.059662 -0.848819 0.067555 -0.150396 -0.256433 
0.699690 0.119858 -0.851974 0.049352 -0.205021 -0.285625 
0.695666 0.220471 -0.852383 0.036770 -0.265495 -0.327353 
0.690659 0.274456 -0.837684 0.027917 -0.306679 -0.371054 
0.684386 0.300886 -0.796820 0.020935 -0.354916 -0.421748 
0.676481 0.313272 -0.634412 0.014331 -0.392707 -0.486296 
0.666495 0.316201 -0.436877 0.010001 -0.422416 -0.552576 
0.652987 0.317112 -0.309028 0.006343 -0.444271 -0.612246 
0.635464 0.314704 -0.231580 0.005776 -0.457457 -0.654073 
0.612826 0.312081 -0.189474 0.014688 -0.469117 -0.697298 
0.583915 0.306885 -0.168767 0.058325 -0.476916 -0.734236 
0.547740 0.300115 -0.159869 0.182595 -0.484367 -0.767986 
0.503830 0.292149 -0.156832 0.388107 -0.489417 -0.789474 
0.452636 0.278982 -0.156787 0.531015 -0.493172 -0.806261 
0.395808 0.257308 -0.157854 0.617146 -0.496262 -0.820026 
0.336148 0.240230 -0.160422 0.664054 -0.484606 -0.829287 
0.277141 0.219167 -0.164334 0.686771 -0.456787 -0.836756 
0.222192 0.179333 -0.169542 0.697699 -0.327238 -0.843077 
0.173875 0.146521 -0.175811 0.700374 -0.081689 -0.847669 
0.133500 0.083584 -0.185833 0.701711 0.096605 -0.850982 
0.101142 0.014905 -0.196500 0.700346 0.208464 -0.853781 
0.075999 -0.035126 -0.212961 0.697144 0.268911 -0.847265 
0.056847 -0.102691 -0.236248 0.693620 0.298536 -0.817781 
0.042406 -0.162327 -0.266258 0.687901 0.312550 -0.696208 
0.031540 -0.236052 -0.300998 0.679815 0.318105 -0.531244 
0.023334 -0.298883 -0.345276 0.668690 0.319065 -0.361115 
0.017089 -0.347088 -0.405740 0.659786 0.317237 -0.262093 
0.012288 -0.382742 -0.457622 0.643886 0.314019 -0.204456 
0.008557 -0.410208 -0.514527 0.621237 0.310539 -0.176223 
0.005622 -0.431967 -0.577215 0.589706 0.304527 -0.163180 
0.003288 -0.450485 -0.635144 0.547881 0.293429 -0.157998 
0.001411 -0.464117 -0.681074 0.508078 0.282820 -0.156670 
0.017029 -0.473285 -0.722674 0.458902 0.264609 -0.158571 
0.075473 -0.480631 -0.757027 0.398580 0.248127 -0.160855 
0.274737 -0.486223 -0.774201 0.345581 0.229552 -0.164538 
0.544974 -0.489020 -0.792580 0.308180 0.213801 -0.167607 
0.665159 -0.493193 -0.805856 0.273662 0.191171 -0.170466 
0.699684 -0.495279 -0.815976 0.235513 0.162260 -0.175700 
0.711212 -0.497304 -0.825444 0.197931 0.116128 -0.182290 
0.709677 -0.482253 -0.832512 0.159329 0.062083 -0.190440 
0.707844 -0.432187 -0.839169 0.126287 -0.004697 -0.202080 
0.705636 -0.292611 -0.844485 0.093620 -0.073436 -0.225206 
0.702951 -0.059648 -0.848814 0.067578 -0.150393 -0.256433 
0.699690 0.119865 -0.851972 0.049363 -0.205019 -0.285624 
0.695666 0.220474 -0.852382 0.036775 -0.265494 -0.327352 
0.690659 0.274458 -0.837684 0.027919 -0.306679 -0.371054 
0.684386 0.300887 -0.796820 0.020936 -0.354916 -0.421748 
0.676481 0.313272 -0.634412 0.014332 -0.392707 -0.486296 
0.666495 0.316201 -0.436877 0.010001 -0.422416 -0.552576 
0.652987 0.317112 -0.309028 0.006344 -0.444271 -0.612246 
0.635464 0.314704 -0.231580 0.005776 -0.457457 -0.654073 
0.612826 0.312081 -0.189474 0.014688 -0.469117 -0.697298 
0.583915 0.306885 -0.168767 0.058325 -0.476916 -0.734236 
0.547740 0.300115 -0.159869 0.182595 -0.484367 -0.767986 
0.503830 0.292149 -0.156832 0.388107 -0.489417 -0.789474 
0.452636 0.278982 -0.156787 0.531015 -0.493172 -0.806261 
0.395808 0.257308 -0.157854 0.617146 -0.496262 -0.820026 
0.336148 0.240230 -0.160422 0.664054 -0.484606 -0.829287 
0.277141 0.219167 -0.164334 0.686771 -0.456787 -0.836756 
0.222192 0.179333 -0.169542 0.697699 -0.327238 -0.843077 
0.173875 0.146521 -0.175811 0.700374 -0.081689 -0.847669 
0.133500 0.083584 -0.185833 0.701711 0.096605 -0.850982 
0.101142 0.014905 -0.196500 0.700346 0.208464 -0.853781 
0.075999 -0.035126 -0.212961 0.697144 0.268911 -0.847265 
0.056847 -0.102691 -0.236248 0.693620 0.298536 -0.817781 
0.042406 -0.162327 -0.266258 0.687901 0.312550 -0.696208 
0.031540 -0.236052 -0.300998 0.679815 0.318105 -0.531244 
0.023334 -0.298883 -0.345276 0.668690 0.319065 -0.361115 
0.017089 -0.347088 -0.405740 0.659786 0.317237 -0.262093 
0.012288 -0.382742 -0.457622 0.643886 0.314019 -0.204456 
0.008557 -0.410208 -0.514527 0.621237 0.310539 -0.176223 
0.005622 -0.431967 -0.577215 0.589706 0.304527 -0.163180 
0.003288 -0.450485 -0.635144 0.547881 0.293429 -0.157998 
0.001411 -0.464117 -0.681074 0.508078 0.282820 -0.156670 
0.017029 -0.473285 -0.722674 0.458902 0.264609 -0.158571 
0.075473 -0.480631 -0.757027 0.398580 0.248127 -0.160855 
0.274737 -0.486223 -0.774201 0.345581 0.229552 -0.164538 
0.544974 -0.489020 -0.792580 0.308180 0.213801 -0.167607 
0.665159 -0.493193 -0.805856 0.273662 0.191171 -0.170466 
0.699684 -0.495279 -0.815976 0.235513 0.162260 -0.175700 
0.711212 -0.497304 -0.825444 0.197931 0.116128 -0.182290 
0.709677 -0.482253 -0.832512 0.159329 0.062083 -0.190440 
0.707844 -0.432187 -0.839169 0.126287 -0.004697 -0.202080 
0.705636 -0.292611 -0.844485 0.093620 -0.073436 -0.225206 
0.702978 -0.059648 -0.848814 0.067578 -0.150393 -0.256433 
0.699734 0.119865 -0.851972 0.049363 -0.205019 -0.285624 
0.695740 0.220474 -0.852382 0.036775 -0.265494 -0.327352 
0.690784 0.274458 -0.837684 0.027919 -0.306679 -0.371054 
0.684599 0.300887 -0.796820 0.020936 -0.354916 -0.421748 
0.676849 0.313272 -0.634412 0.014332 -0.392707 -0.486296 
0.666495 0.316201 -0.436877 0.010001 -0.422416 -0.552576 
0.652984 0.317112 -0.309028 0.006344 -0.444271 -0.612246 
0.635457 0.314704 -0.231580 0.005776 -0.457457 -0.654073 
0.612813 0.312081 -0.189474 0.014688 -0.469117 -0.697298 
0.583894 0.306885 -0.168767 0.058325 -0.476916 -0.734236 
0.547710 0.300115 -0.159869 0.182595 -0.484367 -0.767986 
0.503791 0.292149 -0.156832 0.388107 -0.489417 -0.789474 
0.452588 0.278982 -0.156787 0.531015 -0.493172 -0.806261 
0.395752 0.257308 -0.157854 0.617146 -0.496262 -0.820026 
0.336088 0.240230 -0.160422 0.664054 -0.484606 -0.829287 
0.277081 0.219167 -0.164334 0.686771 -0.456787 -0.836756 
0.222137 0.179333 -0.169542 0.697699 -0.327238 -0.843077 
0.173826 0.146521 -0.175811 0.700374 -0.081689 -0.847669 
