-0.401139648
-0.162207898
-0.289408944
0.168109757
-0.338196831
-0.453494507
-0.14123826
-0.545053958
0.690557393
0.180296194
0.163696942
0.260346622
0.920511031
1
0.655909814
0.341341527
0.590271014
0.039390516
0.140583323
0.115084692
0.74196495
0.086593172
0.254337139
0.292210763
-0.37754044
-0.294816215
-0.285993485
-0.056232904
-0.84730537
-0.216674754
-0.229644403
0.212783849
0.118309525
0.631842406
0.105833918
0.162557305
0.656104879
0.077419428
-0.115947091
-0.124123864
-0.078123561
0.065689317
-0.26705609
-0.38588404
0.0085891
0.124054198
-0.168346106
-0.055128566
0.088703875
0.355402762
0.82148637
0.778671134
0.258083183
0.509356813
0.554960263
0.479491496
-0.138105723
-0.174796643
-0.312606409
0.036808725
-0.42511805
-0.365772429
-0.709551143
0.478200877
-1
-0.852290913
0.604615178
0.220736757
-0.420739267
-0.431529787
0.550242665
0.165692658
-0.253076331
-0.075689363
0.464087634
0.064956342
-0.437089934
0.222037816
-0.283199692
-0.644834331
-0.102358426
0.085483819
-0.173122399
-0.031997911
-0.190576489
0.227873451
0.438086729
-0.540366392
0.227676089
-0.117382876
-0.800426768
-0.385350645
-0.156830631
-0.259440388
-0.382295239
-0.41893845
-0.45960524
-0.108480656
0.1103974
-0.326240294
0.243661649
-0.04870006
-0.31883113
0.105833918
0.288720289
0.545162201
0.00717207
0.028979086
0.377264063
-0.401139648
-0.162207898
-0.289408944
0.168109757
-0.338196831
-0.453494507
-0.14123826
-0.545053958
0.690557393
0.180296194
0.163696942
0.260346622
0.920511031
1
0.655909814
0.341341527
0.590271014
0.039390516
0.140583323
0.115084692
0.74196495
0.086593172
0.254337139
0.292210763
-0.37754044
-0.294816215
-0.285993485
-0.056232904
-0.84730537
-0.216674754
-0.229644403
0.212783849
0.118309525
0.631842406
0.105833918
0.162557305
0.656104879
0.077419428
-0.115947091
-0.124123864
-0.078123561
0.065689317
-0.26705609
-0.38588404
0.0085891
0.124054198
-0.168346106
-0.055128566
0.088703875
0.355402762
0.82148637
0.778671134
0.258083183
0.509356813
0.554960263
0.479491496
-0.138105723
-0.174796643
-0.312606409
0.036808725
-0.42511805
-0.365772429
-0.709551143
0.478200877
-1
-0.852290913
0.604615178
0.220736757
-0.420739267
-0.431529787
0.550242665
0.165692658
-0.253076331
-0.075689363
0.464087634
0.064956342
-0.437089934
0.222037816
-0.283199692
-0.644834331
-0.102358426
0.085483819
-0.173122399
-0.031997911
-0.190576489
0.227873451
0.438086729
-0.540366392
0.227676089
-0.117382876
-0.800426768
-0.385350645
-0.156830631
-0.259440388
-0.382295239
-0.41893845
-0.45960524
-0.108480656
0.1103974
-0.326240294
0.243661649
-0.04870006
-0.31883113
0.105833918
0.288720289
0.545162201
0.00717207
0.028979086
0.377264063
-0.401139648
-0.162207898
-0.289408944
0.168109757
-0.338196831
-0.453494507
-0.14123826
-0.545053958
0.690557393
0.180296194
0.163696942
0.260346622
0.920511031
1
0.655909814
0.341341527
0.590271014
0.039390516
0.140583323
0.115084692
0.74196495
0.086593172
0.254337139
0.292210763
-0.37754044
-0.294816215
-0.285993485
-0.056232904
-0.84730537
-0.216674754
-0.229644403
0.212783849
0.118309525
0.631842406
0.105833918
0.162557305
0.656104879
0.077419428
-0.115947091
-0.124123864
-0.078123561
0.065689317
-0.26705609
-0.38588404
0.0085891
0.124054198
-0.168346106
-0.055128566
0.088703875
0.355402762
0.82148637
0.778671134
0.258083183
0.509356813
0.554960263
0.479491496
-0.138105723
-0.174796643
-0.312606409
0.036808725
-0.42511805
-0.365772429
-0.709551143
0.478200877
-1
-0.852290913
0.604615178
0.220736757
-0.420739267
-0.431529787
0.550242665
0.165692658
-0.253076331
-0.075689363
0.464087634
0.064956342
-0.437089934
0.222037816
-0.283199692
-0.644834331
-0.102358426
0.085483819
-0.173122399
-0.031997911
-0.190576489
0.227873451
0.438086729
-0.540366392
0.227676089
-0.117382876
-0.800426768
-0.385350645
-0.156830631
-0.259440388
-0.382295239
-0.41893845
-0.45960524
-0.108480656
0.1103974
-0.326240294
0.243661649
-0.04870006
-0.31883113
0.105833918
0.288720289
0.545162201
0.00717207
0.028979086
0.377264063
-0.401139648
-0.162207898
-0.289408944
0.168109757
-0.338196831
-0.453494507
-0.14123826
-0.545053958
0.690557393
0.180296194
0.163696942
0.260346622
0.920511031
1
0.655909814
0.341341527
0.590271014
0.039390516
0.140583323
0.115084692
0.74196495
0.086593172
0.254337139
0.292210763
-0.37754044
-0.294816215
-0.285993485
-0.056232904
-0.84730537
-0.216674754
-0.229644403
0.212783849
0.118309525
0.631842406
0.105833918
0.162557305
0.656104879
0.077419428
-0.115947091
-0.124123864
-0.078123561
0.065689317
-0.26705609
-0.38588404
0.0085891
0.124054198
-0.168346106
-0.055128566
0.088703875
0.355402762
0.82148637
0.778671134
0.258083183
0.509356813
0.554960263
0.479491496
-0.138105723
-0.174796643
-0.312606409
0.036808725
-0.42511805
-0.365772429
-0.709551143
0.478200877
-1
-0.852290913
0.604615178
0.220736757
-0.420739267
-0.431529787
0.550242665
0.165692658
-0.253076331
-0.075689363
0.464087634
0.064956342
-0.437089934
0.222037816
-0.283199692
-0.644834331
-0.102358426
0.085483819
-0.173122399
-0.031997911
-0.190576489
0.227873451
0.438086729
-0.540366392
0.227676089
-0.117382876
-0.800426768
-0.385350645
-0.156830631
-0.259440388
-0.382295239
-0.41893845
-0.45960524
-0.108480656
0.1103974
-0.326240294
0.243661649
-0.04870006
-0.31883113
0.105833918
0.288720289
0.545162201
0.00717207
0.028979086
0.377264063
-0.401139648
-0.162207898
-0.289408944
0.168109757
-0.338196831
-0.453494507
-0.14123826
-0.545053958
0.690557393
0.180296194
0.163696942
0.260346622
0.920511031
1
0.655909814
0.341341527
0.590271014
0.039390516
0.140583323
0.115084692
0.74196495
0.086593172
0.254337139
0.292210763
-0.37754044
-0.294816215
-0.285993485
-0.056232904
-0.84730537
-0.216674754
-0.229644403
0.212783849
0.118309525
0.631842406
0.105833918
0.162557305
0.656104879
0.077419428
-0.115947091
-0.124123864
-0.078123561
0.065689317
-0.26705609
-0.38588404
0.0085891
0.124054198
-0.168346106
-0.055128566
0.088703875
0.355402762
0.82148637
0.778671134
0.258083183
0.509356813
0.554960263
0.479491496
-0.138105723
-0.174796643
-0.312606409
0.036808725
-0.42511805
-0.365772429
-0.709551143
0.478200877
-1
-0.852290913
0.604615178
0.220736757
-0.420739267
-0.431529787
0.550242665
0.165692658
-0.253076331
-0.075689363
0.464087634
0.064956342
-0.437089934
0.222037816
-0.283199692
-0.644834331
-0.102358426
0.085483819
-0.173122399
-0.031997911
-0.190576489
0.227873451
0.438086729
-0.540366392
0.227676089
-0.117382876
-0.800426768
-0.385350645
-0.156830631
-0.259440388
-0.382295239
-0.41893845
-0.45960524
-0.108480656
0.1103974
-0.326240294
0.243661649
-0.04870006
-0.31883113
0.105833918
0.288720289
0.545162201
0.00717207
0.028979086
0.377264063
-0.401139648
-0.162207898
-0.289408944
0.168109757
-0.338196831
-0.453494507
-0.14123826
-0.545053958
0.690557393
0.180296194
0.163696942
0.260346622
0.920511031
1
0.655909814
0.341341527
0.590271014
0.039390516
0.140583323
0.115084692
0.74196495
0.086593172
0.254337139
0.292210763
-0.37754044
-0.294816215
-0.285993485
-0.056232904
-0.84730537
-0.216674754
-0.229644403
0.212783849
0.118309525
0.631842406
0.105833918
0.162557305
0.656104879
0.077419428
-0.115947091
-0.124123864
-0.078123561
0.065689317
-0.26705609
-0.38588404
0.0085891
0.124054198
-0.168346106
-0.055128566
0.088703875
0.355402762
0.82148637
0.778671134
0.258083183
0.509356813
0.554960263
0.479491496
-0.138105723
-0.174796643
-0.312606409
0.036808725
-0.42511805
-0.365772429
-0.709551143
0.478200877
-1
-0.852290913
0.604615178
0.220736757
-0.420739267
-0.431529787
0.550242665
0.165692658
-0.253076331
-0.075689363
0.464087634
0.064956342
-0.437089934
0.222037816
-0.283199692
-0.644834331
-0.102358426
0.085483819
-0.173122399
-0.031997911
-0.190576489
0.227873451
0.438086729
-0.540366392
0.227676089
-0.117382876
-0.800426768
-0.385350645
-0.156830631
-0.259440388
-0.382295239
-0.41893845
-0.45960524
-0.108480656
0.1103974
-0.326240294
0.243661649
-0.04870006
-0.31883113
0.105833918
0.288720289
0.545162201
0.00717207
0.028979086
0.377264063
-0.401139648
-0.162207898
-0.289408944
0.168109757
-0.338196831
-0.453494507
-0.14123826
-0.545053958
0.690557393
0.180296194
0.163696942
0.260346622
0.920511031
1
0.655909814
0.341341527
0.590271014
0.039390516
0.140583323
0.115084692
0.74196495
0.086593172
0.254337139
0.292210763
-0.37754044
-0.294816215
-0.285993485
-0.056232904
-0.84730537
-0.216674754
-0.229644403
0.212783849
0.118309525
0.631842406
0.105833918
0.162557305
0.656104879
0.077419428
-0.115947091
-0.124123864
-0.078123561
0.065689317
-0.26705609
-0.38588404
0.0085891
0.124054198
-0.168346106
-0.055128566
0.088703875
0.355402762
0.82148637
0.778671134
0.258083183
0.509356813
0.554960263
0.479491496
-0.138105723
-0.174796643
-0.312606409
0.036808725
-0.42511805
-0.365772429
-0.709551143
0.478200877
-1
-0.852290913
0.604615178
0.220736757
-0.420739267
-0.431529787
0.550242665
0.165692658
-0.253076331
-0.075689363
0.464087634
0.064956342
-0.437089934
0.222037816
-0.283199692
-0.644834331
-0.102358426
0.085483819
-0.173122399
-0.031997911
-0.190576489
0.227873451
0.438086729
-0.540366392
0.227676089
-0.117382876
-0.800426768
-0.385350645
-0.156830631
-0.259440388
-0.382295239
-0.41893845
-0.45960524
-0.108480656
0.1103974
-0.326240294
0.243661649
-0.04870006
-0.31883113
0.105833918
0.288720289
0.545162201
0.00717207
0.028979086
0.377264063
-0.401139648
-0.162207898
-0.289408944
0.168109757
-0.338196831
-0.453494507
-0.14123826
-0.545053958
0.690557393
0.180296194
0.163696942
0.260346622
0.920511031
1
0.655909814
0.341341527
0.590271014
0.039390516
0.140583323
0.115084692
0.74196495
0.086593172
0.254337139
0.292210763
-0.37754044
-0.294816215
-0.285993485
-0.056232904
-0.84730537
-0.216674754
-0.229644403
0.212783849
0.118309525
0.631842406
0.105833918
0.162557305
0.656104879
0.077419428
-0.115947091
-0.124123864
-0.078123561
0.065689317
-0.26705609
-0.38588404
0.0085891
0.124054198
-0.168346106
-0.055128566
0.088703875
0.355402762
0.82148637
0.778671134
0.258083183
0.509356813
0.554960263
0.479491496
-0.138105723
-0.174796643
-0.312606409
0.036808725
-0.42511805
-0.365772429
-0.709551143
0.478200877
-1
-0.852290913
0.604615178
0.220736757
-0.420739267
-0.431529787
0.550242665
0.165692658
-0.253076331
-0.075689363
0.464087634
0.064956342
-0.437089934
0.222037816
-0.283199692
-0.644834331
-0.102358426
0.085483819
-0.173122399
-0.031997911
-0.190576489
0.227873451
0.438086729
-0.540366392
0.227676089
-0.117382876
-0.800426768
-0.385350645
-0.156830631
-0.259440388
-0.382295239
-0.41893845
-0.45960524
-0.108480656
0.1103974
-0.326240294
0.243661649
-0.04870006
-0.31883113
0.105833918
0.288720289
0.545162201
0.00717207
0.028979086
0.377264063
-0.401139648
-0.162207898
-0.289408944
0.168109757
-0.338196831
-0.453494507
-0.14123826
-0.545053958
0.690557393
0.180296194
0.163696942
0.260346622
0.920511031
1
0.655909814
0.341341527
0.590271014
0.039390516
0.140583323
0.115084692
0.74196495
0.086593172
0.254337139
0.292210763
-0.37754044
-0.294816215
-0.285993485
-0.056232904
-0.84730537
-0.216674754
-0.229644403
0.212783849
0.118309525
0.631842406
0.105833918
0.162557305
0.656104879
0.077419428
-0.115947091
-0.124123864
-0.078123561
0.065689317
-0.26705609
-0.38588404
0.0085891
0.124054198
-0.168346106
-0.055128566
0.088703875
0.355402762
0.82148637
0.778671134
0.258083183
0.509356813
0.554960263
0.479491496
-0.138105723
-0.174796643
-0.312606409
0.036808725
-0.42511805
-0.365772429
-0.709551143
0.478200877
-1
-0.852290913
0.604615178
0.220736757
-0.420739267
-0.431529787
0.550242665
0.165692658
-0.253076331
-0.075689363
0.464087634
0.064956342
-0.437089934
0.222037816
-0.283199692
-0.644834331
-0.102358426
0.085483819
-0.173122399
-0.031997911
-0.190576489
0.227873451
0.438086729
-0.540366392
0.227676089
-0.117382876
-0.800426768
-0.385350645
-0.156830631
-0.259440388
-0.382295239
-0.41893845
-0.45960524
-0.108480656
0.1103974
-0.326240294
0.243661649
-0.04870006
-0.31883113
0.105833918
0.288720289
0.545162201
0.00717207
0.028979086
0.377264063
-0.401139648
-0.162207898
-0.289408944
0.168109757
-0.338196831
-0.453494507
-0.14123826
-0.545053958
0.690557393
0.180296194
0.163696942
0.260346622
0.920511031
1
0.655909814
0.341341527
0.590271014
0.039390516
0.140583323
0.115084692
0.74196495
0.086593172
0.254337139
0.292210763
-0.37754044
-0.294816215
-0.285993485
-0.056232904
-0.84730537
-0.216674754
-0.229644403
0.212783849
0.118309525
0.631842406
0.105833918
0.162557305
0.656104879
0.077419428
-0.115947091
-0.124123864
-0.078123561
0.065689317
-0.26705609
-0.38588404
0.0085891
0.124054198
-0.168346106
-0.055128566
0.088703875
0.355402762
0.82148637
0.778671134
0.258083183
0.509356813
0.554960263
0.479491496
-0.138105723
-0.174796643
-0.312606409
0.036808725
-0.42511805
-0.365772429
-0.709551143
0.478200877
-1
-0.852290913
0.604615178
0.220736757
-0.420739267
-0.431529787
0.550242665
0.165692658
-0.253076331
-0.075689363
0.464087634
0.064956342
-0.437089934
0.222037816
-0.283199692
-0.644834331
-0.102358426
0.085483819
-0.173122399
-0.031997911
-0.190576489
0.227873451
0.438086729
-0.540366392
0.227676089
-0.117382876
-0.800426768
-0.385350645
-0.156830631
-0.259440388
-0.382295239
-0.41893845
-0.45960524
-0.108480656
0.1103974
-0.326240294
0.243661649
-0.04870006
-0.31883113
0.105833918
0.288720289
0.545162201
0.00717207
0.028979086
0.377264063
-0.401139648
-0.162207898
-0.289408944
0.168109757
-0.338196831
-0.453494507
-0.14123826
-0.545053958
0.690557393
0.180296194
0.163696942
0.260346622
0.920511031
1
0.655909814
0.341341527
0.590271014
0.039390516
0.140583323
0.115084692
0.74196495
0.086593172
0.254337139
0.292210763
-0.37754044
-0.294816215
-0.285993485
-0.056232904
-0.84730537
-0.216674754
-0.229644403
0.212783849
0.118309525
0.631842406
0.105833918
0.162557305
0.656104879
0.077419428
-0.115947091
-0.124123864
-0.078123561
0.065689317
-0.26705609
-0.38588404
0.0085891
0.124054198
-0.168346106
-0.055128566
0.088703875
0.355402762
0.82148637
0.778671134
0.258083183
0.509356813
0.554960263
0.479491496
-0.138105723
-0.174796643
-0.312606409
0.036808725
-0.42511805
-0.365772429
-0.709551143
0.478200877
-1
-0.852290913
0.604615178
0.220736757
-0.420739267
-0.431529787
0.550242665
0.165692658
-0.253076331
-0.075689363
0.464087634
0.064956342
-0.437089934
0.222037816
-0.283199692
-0.644834331
-0.102358426
0.085483819
-0.173122399
-0.031997911
-0.190576489
0.227873451
0.438086729
-0.540366392
0.227676089
-0.117382876
-0.800426768
-0.385350645
-0.156830631
-0.259440388
-0.382295239
-0.41893845
-0.45960524
-0.108480656
0.1103974
-0.326240294
0.243661649
-0.04870006
-0.31883113
0.105833918
0.288720289
0.545162201
0.00717207
0.028979086
0.377264063
-0.401139648
-0.162207898
-0.289408944
0.168109757
-0.338196831
-0.453494507
-0.14123826
-0.545053958
0.690557393
0.180296194
0.163696942
0.260346622
0.920511031
1
0.655909814
0.341341527
0.590271014
0.039390516
0.140583323
0.115084692
0.74196495
0.086593172
0.254337139
0.292210763
-0.37754044
-0.294816215
-0.285993485
-0.056232904
-0.84730537
-0.216674754
-0.229644403
0.212783849
0.118309525
0.631842406
0.105833918
0.162557305
0.656104879
0.077419428
-0.115947091
-0.124123864
-0.078123561
0.065689317
-0.26705609
-0.38588404
0.0085891
0.124054198
-0.168346106
-0.055128566
0.088703875
0.355402762
0.82148637
0.778671134
0.258083183
0.509356813
0.554960263
0.479491496
-0.138105723
-0.174796643
-0.312606409
0.036808725
-0.42511805
-0.365772429
-0.709551143
0.478200877
-1
-0.852290913
0.604615178
0.220736757
-0.420739267
-0.431529787
0.550242665
0.165692658
-0.253076331
-0.075689363
0.464087634
0.064956342
-0.437089934
0.222037816
-0.283199692
-0.644834331
-0.102358426
0.085483819
-0.173122399
-0.031997911
-0.190576489
0.227873451
0.438086729
-0.540366392
0.227676089
-0.117382876
-0.800426768
-0.385350645
-0.156830631
-0.259440388
-0.382295239
-0.41893845
-0.45960524
-0.108480656
0.1103974
-0.326240294
0.243661649
-0.04870006
-0.31883113
0.105833918
0.288720289
0.545162201
0.00717207
0.028979086
0.377264063
-0.401139648
-0.162207898
-0.289408944
0.168109757
-0.338196831
-0.453494507
-0.14123826
-0.545053958
0.690557393
0.180296194
0.163696942
0.260346622
0.920511031
1
0.655909814
0.341341527
0.590271014
0.039390516
0.140583323
0.115084692
0.74196495
0.086593172
0.254337139
0.292210763
-0.37754044
-0.294816215
-0.285993485
-0.056232904
-0.84730537
-0.216674754
-0.229644403
0.212783849
0.118309525
0.631842406
0.105833918
0.162557305
0.656104879
0.077419428
-0.115947091
-0.124123864
-0.078123561
0.065689317
-0.26705609
-0.38588404
0.0085891
0.124054198
-0.168346106
-0.055128566
0.088703875
0.355402762
0.82148637
0.778671134
0.258083183
0.509356813
0.554960263
0.479491496
-0.138105723
-0.174796643
-0.312606409
0.036808725
-0.42511805
-0.365772429
-0.709551143
0.478200877
-1
-0.852290913
0.604615178
0.220736757
-0.420739267
-0.431529787
0.550242665
0.165692658
-0.253076331
-0.075689363
0.464087634
0.064956342
-0.437089934
0.222037816
-0.283199692
-0.644834331
-0.102358426
0.085483819
-0.173122399
-0.031997911
-0.190576489
0.227873451
0.438086729
-0.540366392
0.227676089
-0.117382876
-0.800426768
-0.385350645
-0.156830631
-0.259440388
-0.382295239
-0.41893845
-0.45960524
-0.108480656
0.1103974
-0.326240294
0.243661649
-0.04870006
-0.31883113
0.105833918
0.288720289
0.545162201
0.00717207
0.028979086
0.377264063
-0.401139648
-0.162207898
-0.289408944
0.168109757
-0.338196831
-0.453494507
-0.14123826
-0.545053958
0.690557393
0.180296194
0.163696942
0.260346622
0.920511031
1
0.655909814
0.341341527
0.590271014
0.039390516
0.140583323
0.115084692
0.74196495
0.086593172
0.254337139
0.292210763
-0.37754044
-0.294816215
-0.285993485
-0.056232904
-0.84730537
-0.216674754
-0.229644403
0.212783849
0.118309525
0.631842406
0.105833918
0.162557305
0.656104879
0.077419428
-0.115947091
-0.124123864
-0.078123561
0.065689317
-0.26705609
-0.38588404
0.0085891
0.124054198
-0.168346106
-0.055128566
0.088703875
0.355402762
0.82148637
0.778671134
0.258083183
0.509356813
0.554960263
0.479491496
-0.138105723
-0.174796643
-0.312606409
0.036808725
-0.42511805
-0.365772429
-0.709551143
0.478200877
-1
-0.852290913
0.604615178
0.220736757
-0.420739267
-0.431529787
0.550242665
0.165692658
-0.253076331
-0.075689363
0.464087634
0.064956342
-0.437089934
0.222037816
-0.283199692
-0.644834331
-0.102358426
0.085483819
-0.173122399
-0.031997911
-0.190576489
0.227873451
0.438086729
-0.540366392
0.227676089
-0.117382876
-0.800426768
-0.385350645
-0.156830631
-0.259440388
-0.382295239
-0.41893845
-0.45960524
-0.108480656
0.1103974
-0.326240294
0.243661649
-0.04870006
-0.31883113
0.105833918
0.288720289
0.545162201
0.00717207
0.028979086
0.377264063
-0.401139648
-0.162207898
-0.289408944
0.168109757
-0.338196831
-0.453494507
-0.14123826
-0.545053958
0.690557393
0.180296194
0.163696942
0.260346622
0.920511031
1
0.655909814
0.341341527
0.590271014
0.039390516
0.140583323
0.115084692
0.74196495
0.086593172
0.254337139
0.292210763
-0.37754044
-0.294816215
-0.285993485
-0.056232904
-0.84730537
-0.216674754
-0.229644403
0.212783849
0.118309525
0.631842406
0.105833918
0.162557305
0.656104879
0.077419428
-0.115947091
-0.124123864
-0.078123561
0.065689317
-0.26705609
-0.38588404
0.0085891
0.124054198
-0.168346106
-0.055128566
0.088703875
0.355402762
0.82148637
0.778671134
0.258083183
0.509356813
0.554960263
0.479491496
-0.138105723
-0.174796643
-0.312606409
0.036808725
-0.42511805
-0.365772429
-0.709551143
0.478200877
-1
-0.852290913
0.604615178
0.220736757
-0.420739267
-0.431529787
0.550242665
0.165692658
-0.253076331
-0.075689363
0.464087634
0.064956342
-0.437089934
0.222037816
-0.283199692
-0.644834331
-0.102358426
0.085483819
-0.173122399
-0.031997911
-0.190576489
0.227873451
0.438086729
-0.540366392
0.227676089
-0.117382876
-0.800426768
-0.385350645
-0.156830631
-0.259440388
-0.382295239
-0.41893845
-0.45960524
-0.108480656
0.1103974
-0.326240294
0.243661649
-0.04870006
-0.31883113
0.105833918
0.288720289
0.545162201
0.00717207
0.028979086
0.377264063
-0.401139648
-0.162207898
-0.289408944
0.168109757
-0.338196831
-0.453494507
-0.14123826
-0.545053958
0.690557393
0.180296194
0.163696942
0.260346622
0.920511031
1
0.655909814
0.341341527
0.590271014
0.039390516
0.140583323
0.115084692
0.74196495
0.086593172
0.254337139
0.292210763
-0.37754044
-0.294816215
-0.285993485
-0.056232904
-0.84730537
-0.216674754
-0.229644403
0.212783849
0.118309525
0.631842406
0.105833918
0.162557305
0.656104879
0.077419428
-0.115947091
-0.124123864
-0.078123561
0.065689317
-0.26705609
-0.38588404
0.0085891
0.124054198
-0.168346106
-0.055128566
0.088703875
0.355402762
0.82148637
0.778671134
0.258083183
0.509356813
0.554960263
0.479491496
-0.138105723
-0.174796643
-0.312606409
0.036808725
-0.42511805
-0.365772429
-0.709551143
0.478200877
-1
-0.852290913
0.604615178
0.220736757
-0.420739267
-0.431529787
0.550242665
0.165692658
-0.253076331
-0.075689363
0.464087634
0.064956342
-0.437089934
0.222037816
-0.283199692
-0.644834331
-0.102358426
0.085483819
-0.173122399
-0.031997911
-0.190576489
0.227873451
0.438086729
-0.540366392
0.227676089
-0.117382876
-0.800426768
-0.385350645
-0.156830631
-0.259440388
-0.382295239
-0.41893845
-0.45960524
-0.108480656
0.1103974
-0.326240294
0.243661649
-0.04870006
-0.31883113
0.105833918
0.288720289
0.545162201
0.00717207
0.028979086
0.377264063
-0.401139648
-0.162207898
-0.289408944
0.168109757
-0.338196831
-0.453494507
-0.14123826
-0.545053958
0.690557393
0.180296194
0.163696942
0.260346622
0.920511031
1
0.655909814
0.341341527
0.590271014
0.039390516
0.140583323
0.115084692
0.74196495
0.086593172
0.254337139
0.292210763
-0.37754044
-0.294816215
-0.285993485
-0.056232904
-0.84730537
-0.216674754
-0.229644403
0.212783849
0.118309525
0.631842406
0.105833918
0.162557305
0.656104879
0.077419428
-0.115947091
-0.124123864
-0.078123561
0.065689317
-0.26705609
-0.38588404
0.0085891
0.124054198
-0.168346106
-0.055128566
0.088703875
0.355402762
0.82148637
0.778671134
0.258083183
0.509356813
0.554960263
0.479491496
-0.138105723
-0.174796643
-0.312606409
0.036808725
-0.42511805
-0.365772429
-0.709551143
0.478200877
-1
-0.852290913
0.604615178
0.220736757
-0.420739267
-0.431529787
0.550242665
0.165692658
-0.253076331
-0.075689363
0.464087634
0.064956342
-0.437089934
0.222037816
-0.283199692
-0.644834331
-0.102358426
0.085483819
-0.173122399
-0.031997911
-0.190576489
0.227873451
0.438086729
-0.540366392
0.227676089
-0.117382876
-0.800426768
-0.385350645
-0.156830631
-0.259440388
-0.382295239
-0.41893845
-0.45960524
-0.108480656
0.1103974
-0.326240294
0.243661649
-0.04870006
-0.31883113
0.105833918
0.288720289
0.545162201
0.00717207
0.028979086
0.377264063
-0.401139648
-0.162207898
-0.289408944
0.168109757
-0.338196831
-0.453494507
-0.14123826
-0.545053958
0.690557393
0.180296194
0.163696942
0.260346622
0.920511031
1
0.655909814
0.341341527
0.590271014
0.039390516
0.140583323
0.115084692
0.74196495
0.086593172
0.254337139
0.292210763
-0.37754044
-0.294816215
-0.285993485
-0.056232904
-0.84730537
-0.216674754
-0.229644403
0.212783849
0.118309525
0.631842406
0.105833918
0.162557305
0.656104879
0.077419428
-0.115947091
-0.124123864
-0.078123561
0.065689317
-0.26705609
-0.38588404
0.0085891
0.124054198
-0.168346106
-0.055128566
0.088703875
0.355402762
0.82148637
0.778671134
0.258083183
0.509356813
0.554960263
0.479491496
-0.138105723
-0.174796643
-0.312606409
0.036808725
-0.42511805
-0.365772429
-0.709551143
0.478200877
-1
-0.852290913
0.604615178
0.220736757
-0.420739267
-0.431529787
0.550242665
0.165692658
-0.253076331
-0.075689363
0.464087634
0.064956342
-0.437089934
0.222037816
-0.283199692
-0.644834331
-0.102358426
0.085483819
-0.173122399
-0.031997911
-0.190576489
0.227873451
0.438086729
-0.540366392
0.227676089
-0.117382876
-0.800426768
-0.385350645
-0.156830631
-0.259440388
-0.382295239
-0.41893845
-0.45960524
-0.108480656
0.1103974
-0.326240294
0.243661649
-0.04870006
-0.31883113
0.105833918
0.288720289
0.545162201
0.00717207
0.028979086
0.377264063
-0.401139648
-0.162207898
-0.289408944
0.168109757
-0.338196831
-0.453494507
-0.14123826
-0.545053958
0.690557393
0.180296194
0.163696942
0.260346622
0.920511031
1
0.655909814
0.341341527
0.590271014
0.039390516
0.140583323
0.115084692
0.74196495
0.086593172
0.254337139
0.292210763
-0.37754044
-0.294816215
-0.285993485
-0.056232904
-0.84730537
-0.216674754
-0.229644403
0.212783849
0.118309525
0.631842406
0.105833918
0.162557305
0.656104879
0.077419428
