-0.352432035
-0.198561693
0.408427009
0.209369611
-0.167274939
0.163921311
-0.006796889
0.48879889
0.236338372
-0.559868416
0.354044853
0.309469234
0.522379722
0.36852209
0.326818863
0.125967793
0.305717877
0.433435433
1
0.163418767
0.531683302
0.495860886
-0.111509268
0.416944985
0.16356604
0.139986642
0.815155814
0.248479729
0.316091897
-0.405188708
-0.263582828
-0.175075148
-0.096490634
0.583171692
-0.651184487
0.607595105
0.48353984
0.721801668
0.491175409
-0.216470591
0.023359399
-0.505839892
-0.020053352
0.602368349
0.517234226
0.485622785
0.283321618
0.190485987
0.331743664
0.563041644
0.582796276
-0.044299104
-0.007021744
0.677025605
0.209156169
0.311901094
0.322680465
0.196175366
-0.032955376
0.251973205
-0.050541806
0.153116731
-0.626679074
-0.088307373
-0.98444469
-1
0.13364054
-0.119400539
-0.205632007
-0.507023634
-0.032631527
0.201160156
0.243182678
0.432569422
0.074155502
0.140415672
-0.238386306
0.401967846
-0.003515033
-0.105990816
-0.099631069
0.474198879
0.339388087
-0.158524591
0.165356038
0.436120507
0.039162556
-0.734403886
0.095124883
-0.006257385
-0.060997774
-0.281436149
-0.406837864
-0.061283787
0.381328528
-0.058077599
0.35956812
0.50482169
-0.022103723
-0.124216096
0.399079781
-0.260124153
0.127927346
-0.037710947
0.072534913
0.23739076
-0.466157372
-0.201466902
0.478485788
-0.352432035
-0.198561693
0.408427009
0.209369611
-0.167274939
0.163921311
-0.006796889
0.48879889
0.236338372
-0.559868416
0.354044853
0.309469234
0.522379722
0.36852209
0.326818863
0.125967793
0.305717877
0.433435433
1
0.163418767
0.531683302
0.495860886
-0.111509268
0.416944985
0.16356604
0.139986642
0.815155814
0.248479729
0.316091897
-0.405188708
-0.263582828
-0.175075148
-0.096490634
0.583171692
-0.651184487
0.607595105
0.48353984
0.721801668
0.491175409
-0.216470591
0.023359399
-0.505839892
-0.020053352
0.602368349
0.517234226
0.485622785
0.283321618
0.190485987
0.331743664
0.563041644
0.582796276
-0.044299104
-0.007021744
0.677025605
0.209156169
0.311901094
0.322680465
0.196175366
-0.032955376
0.251973205
-0.050541806
0.153116731
-0.626679074
-0.088307373
-0.98444469
-1
0.13364054
-0.119400539
-0.205632007
-0.507023634
-0.032631527
0.201160156
0.243182678
0.432569422
0.074155502
0.140415672
-0.238386306
0.401967846
-0.003515033
-0.105990816
-0.099631069
0.474198879
0.339388087
-0.158524591
0.165356038
0.436120507
0.039162556
-0.734403886
0.095124883
-0.006257385
-0.060997774
-0.281436149
-0.406837864
-0.061283787
0.381328528
-0.058077599
0.35956812
0.50482169
-0.022103723
-0.124216096
0.399079781
-0.260124153
0.127927346
-0.037710947
0.072534913
0.23739076
-0.466157372
-0.201466902
0.478485788
-0.352432035
-0.198561693
0.408427009
0.209369611
-0.167274939
0.163921311
-0.006796889
0.48879889
0.236338372
-0.559868416
0.354044853
0.309469234
0.522379722
0.36852209
0.326818863
0.125967793
0.305717877
0.433435433
1
0.163418767
0.531683302
0.495860886
-0.111509268
0.416944985
0.16356604
0.139986642
0.815155814
0.248479729
0.316091897
-0.405188708
-0.263582828
-0.175075148
-0.096490634
0.583171692
-0.651184487
0.607595105
0.48353984
0.721801668
0.491175409
-0.216470591
0.023359399
-0.505839892
-0.020053352
0.602368349
0.517234226
0.485622785
0.283321618
0.190485987
0.331743664
0.563041644
0.582796276
-0.044299104
-0.007021744
0.677025605
0.209156169
0.311901094
0.322680465
0.196175366
-0.032955376
0.251973205
-0.050541806
0.153116731
-0.626679074
-0.088307373
-0.98444469
-1
0.13364054
-0.119400539
-0.205632007
-0.507023634
-0.032631527
0.201160156
0.243182678
0.432569422
0.074155502
0.140415672
-0.238386306
0.401967846
-0.003515033
-0.105990816
-0.099631069
0.474198879
0.339388087
-0.158524591
0.165356038
0.436120507
0.039162556
-0.734403886
0.095124883
-0.006257385
-0.060997774
-0.281436149
-0.406837864
-0.061283787
0.381328528
-0.058077599
0.35956812
0.50482169
-0.022103723
-0.124216096
0.399079781
-0.260124153
0.127927346
-0.037710947
0.072534913
0.23739076
-0.466157372
-0.201466902
0.478485788
-0.352432035
-0.198561693
0.408427009
0.209369611
-0.167274939
0.163921311
-0.006796889
0.48879889
0.236338372
-0.559868416
0.354044853
0.309469234
0.522379722
0.36852209
0.326818863
0.125967793
0.305717877
0.433435433
1
0.163418767
0.531683302
0.495860886
-0.111509268
0.416944985
0.16356604
0.139986642
0.815155814
0.248479729
0.316091897
-0.405188708
-0.263582828
-0.175075148
-0.096490634
0.583171692
-0.651184487
0.607595105
0.48353984
0.721801668
0.491175409
-0.216470591
0.023359399
-0.505839892
-0.020053352
0.602368349
0.517234226
0.485622785
0.283321618
0.190485987
0.331743664
0.563041644
0.582796276
-0.044299104
-0.007021744
0.677025605
0.209156169
0.311901094
0.322680465
0.196175366
-0.032955376
0.251973205
-0.050541806
0.153116731
-0.626679074
-0.088307373
-0.98444469
-1
0.13364054
-0.119400539
-0.205632007
-0.507023634
-0.032631527
0.201160156
0.243182678
0.432569422
0.074155502
0.140415672
-0.238386306
0.401967846
-0.003515033
-0.105990816
-0.099631069
0.474198879
0.339388087
-0.158524591
0.165356038
0.436120507
0.039162556
-0.734403886
0.095124883
-0.006257385
-0.060997774
-0.281436149
-0.406837864
-0.061283787
0.381328528
-0.058077599
0.35956812
0.50482169
-0.022103723
-0.124216096
0.399079781
-0.260124153
0.127927346
-0.037710947
0.072534913
0.23739076
-0.466157372
-0.201466902
0.478485788
-0.352432035
-0.198561693
0.408427009
0.209369611
-0.167274939
0.163921311
-0.006796889
0.48879889
0.236338372
-0.559868416
0.354044853
0.309469234
0.522379722
0.36852209
0.326818863
0.125967793
0.305717877
0.433435433
1
0.163418767
0.531683302
0.495860886
-0.111509268
0.416944985
0.16356604
0.139986642
0.815155814
0.248479729
0.316091897
-0.405188708
-0.263582828
-0.175075148
-0.096490634
0.583171692
-0.651184487
0.607595105
0.48353984
0.721801668
0.491175409
-0.216470591
0.023359399
-0.505839892
-0.020053352
0.602368349
0.517234226
0.485622785
0.283321618
0.190485987
0.331743664
0.563041644
0.582796276
-0.044299104
-0.007021744
0.677025605
0.209156169
0.311901094
0.322680465
0.196175366
-0.032955376
0.251973205
-0.050541806
0.153116731
-0.626679074
-0.088307373
-0.98444469
-1
0.13364054
-0.119400539
-0.205632007
-0.507023634
-0.032631527
0.201160156
0.243182678
0.432569422
0.074155502
0.140415672
-0.238386306
0.401967846
-0.003515033
-0.105990816
-0.099631069
0.474198879
0.339388087
-0.158524591
0.165356038
0.436120507
0.039162556
-0.734403886
0.095124883
-0.006257385
-0.060997774
-0.281436149
-0.406837864
-0.061283787
0.381328528
-0.058077599
0.35956812
0.50482169
-0.022103723
-0.124216096
0.399079781
-0.260124153
0.127927346
-0.037710947
0.072534913
0.23739076
-0.466157372
-0.201466902
0.478485788
-0.352432035
-0.198561693
0.408427009
0.209369611
-0.167274939
0.163921311
-0.006796889
0.48879889
0.236338372
-0.559868416
0.354044853
0.309469234
0.522379722
0.36852209
0.326818863
0.125967793
0.305717877
0.433435433
1
0.163418767
0.531683302
0.495860886
-0.111509268
0.416944985
0.16356604
0.139986642
0.815155814
0.248479729
0.316091897
-0.405188708
-0.263582828
-0.175075148
-0.096490634
0.583171692
-0.651184487
0.607595105
0.48353984
0.721801668
0.491175409
-0.216470591
0.023359399
-0.505839892
-0.020053352
0.602368349
0.517234226
0.485622785
0.283321618
0.190485987
0.331743664
0.563041644
0.582796276
-0.044299104
-0.007021744
0.677025605
0.209156169
0.311901094
0.322680465
0.196175366
-0.032955376
0.251973205
-0.050541806
0.153116731
-0.626679074
-0.088307373
-0.98444469
-1
0.13364054
-0.119400539
-0.205632007
-0.507023634
-0.032631527
0.201160156
0.243182678
0.432569422
0.074155502
0.140415672
-0.238386306
0.401967846
-0.003515033
-0.105990816
-0.099631069
0.474198879
0.339388087
-0.158524591
0.165356038
0.436120507
0.039162556
-0.734403886
0.095124883
-0.006257385
-0.060997774
-0.281436149
-0.406837864
-0.061283787
0.381328528
-0.058077599
0.35956812
0.50482169
-0.022103723
-0.124216096
0.399079781
-0.260124153
0.127927346
-0.037710947
0.072534913
0.23739076
-0.466157372
-0.201466902
0.478485788
-0.352432035
-0.198561693
0.408427009
0.209369611
-0.167274939
0.163921311
-0.006796889
0.48879889
0.236338372
-0.559868416
0.354044853
0.309469234
0.522379722
0.36852209
0.326818863
0.125967793
0.305717877
0.433435433
1
0.163418767
0.531683302
0.495860886
-0.111509268
0.416944985
0.16356604
0.139986642
0.815155814
0.248479729
0.316091897
-0.405188708
-0.263582828
-0.175075148
-0.096490634
0.583171692
-0.651184487
0.607595105
0.48353984
0.721801668
0.491175409
-0.216470591
0.023359399
-0.505839892
-0.020053352
0.602368349
0.517234226
0.485622785
0.283321618
0.190485987
0.331743664
0.563041644
0.582796276
-0.044299104
-0.007021744
0.677025605
0.209156169
0.311901094
0.322680465
0.196175366
-0.032955376
0.251973205
-0.050541806
0.153116731
-0.626679074
-0.088307373
-0.98444469
-1
0.13364054
-0.119400539
-0.205632007
-0.507023634
-0.032631527
0.201160156
0.243182678
0.432569422
0.074155502
0.140415672
-0.238386306
0.401967846
-0.003515033
-0.105990816
-0.099631069
0.474198879
0.339388087
-0.158524591
0.165356038
0.436120507
0.039162556
-0.734403886
0.095124883
-0.006257385
-0.060997774
-0.281436149
-0.406837864
-0.061283787
0.381328528
-0.058077599
0.35956812
0.50482169
-0.022103723
-0.124216096
0.399079781
-0.260124153
0.127927346
-0.037710947
0.072534913
0.23739076
-0.466157372
-0.201466902
0.478485788
-0.352432035
-0.198561693
0.408427009
0.209369611
-0.167274939
0.163921311
-0.006796889
0.48879889
0.236338372
-0.559868416
0.354044853
0.309469234
0.522379722
0.36852209
0.326818863
0.125967793
0.305717877
0.433435433
1
0.163418767
0.531683302
0.495860886
-0.111509268
0.416944985
0.16356604
0.139986642
0.815155814
0.248479729
0.316091897
-0.405188708
-0.263582828
-0.175075148
-0.096490634
0.583171692
-0.651184487
0.607595105
0.48353984
0.721801668
0.491175409
-0.216470591
0.023359399
-0.505839892
-0.020053352
0.602368349
0.517234226
0.485622785
0.283321618
0.190485987
0.331743664
0.563041644
0.582796276
-0.044299104
-0.007021744
0.677025605
0.209156169
0.311901094
0.322680465
0.196175366
-0.032955376
0.251973205
-0.050541806
0.153116731
-0.626679074
-0.088307373
-0.98444469
-1
0.13364054
-0.119400539
-0.205632007
-0.507023634
-0.032631527
0.201160156
0.243182678
0.432569422
0.074155502
0.140415672
-0.238386306
0.401967846
-0.003515033
-0.105990816
-0.099631069
0.474198879
0.339388087
-0.158524591
0.165356038
0.436120507
0.039162556
-0.734403886
0.095124883
-0.006257385
-0.060997774
-0.281436149
-0.406837864
-0.061283787
0.381328528
-0.058077599
0.35956812
0.50482169
-0.022103723
-0.124216096
0.399079781
-0.260124153
0.127927346
-0.037710947
0.072534913
0.23739076
-0.466157372
-0.201466902
0.478485788
-0.352432035
-0.198561693
0.408427009
0.209369611
-0.167274939
0.163921311
-0.006796889
0.48879889
0.236338372
-0.559868416
0.354044853
0.309469234
0.522379722
0.36852209
0.326818863
0.125967793
0.305717877
0.433435433
1
0.163418767
0.531683302
0.495860886
-0.111509268
0.416944985
0.16356604
0.139986642
0.815155814
0.248479729
0.316091897
-0.405188708
-0.263582828
-0.175075148
-0.096490634
0.583171692
-0.651184487
0.607595105
0.48353984
0.721801668
0.491175409
-0.216470591
0.023359399
-0.505839892
-0.020053352
0.602368349
0.517234226
0.485622785
0.283321618
0.190485987
0.331743664
0.563041644
0.582796276
-0.044299104
-0.007021744
0.677025605
0.209156169
0.311901094
0.322680465
0.196175366
-0.032955376
0.251973205
-0.050541806
0.153116731
-0.626679074
-0.088307373
-0.98444469
-1
0.13364054
-0.119400539
-0.205632007
-0.507023634
-0.032631527
0.201160156
0.243182678
0.432569422
0.074155502
0.140415672
-0.238386306
0.401967846
-0.003515033
-0.105990816
-0.099631069
0.474198879
0.339388087
-0.158524591
0.165356038
0.436120507
0.039162556
-0.734403886
0.095124883
-0.006257385
-0.060997774
-0.281436149
-0.406837864
-0.061283787
0.381328528
-0.058077599
0.35956812
0.50482169
-0.022103723
-0.124216096
0.399079781
-0.260124153
0.127927346
-0.037710947
0.072534913
0.23739076
-0.466157372
-0.201466902
0.478485788
-0.352432035
-0.198561693
0.408427009
0.209369611
-0.167274939
0.163921311
-0.006796889
0.48879889
0.236338372
-0.559868416
0.354044853
0.309469234
0.522379722
0.36852209
0.326818863
0.125967793
0.305717877
0.433435433
1
0.163418767
0.531683302
0.495860886
-0.111509268
0.416944985
0.16356604
0.139986642
0.815155814
0.248479729
0.316091897
-0.405188708
-0.263582828
-0.175075148
-0.096490634
0.583171692
-0.651184487
0.607595105
0.48353984
0.721801668
0.491175409
-0.216470591
0.023359399
-0.505839892
-0.020053352
0.602368349
0.517234226
0.485622785
0.283321618
0.190485987
0.331743664
0.563041644
0.582796276
-0.044299104
-0.007021744
0.677025605
0.209156169
0.311901094
0.322680465
0.196175366
-0.032955376
0.251973205
-0.050541806
0.153116731
-0.626679074
-0.088307373
-0.98444469
-1
0.13364054
-0.119400539
-0.205632007
-0.507023634
-0.032631527
0.201160156
0.243182678
0.432569422
0.074155502
0.140415672
-0.238386306
0.401967846
-0.003515033
-0.105990816
-0.099631069
0.474198879
0.339388087
-0.158524591
0.165356038
0.436120507
0.039162556
-0.734403886
0.095124883
-0.006257385
-0.060997774
-0.281436149
-0.406837864
-0.061283787
0.381328528
-0.058077599
0.35956812
0.50482169
-0.022103723
-0.124216096
0.399079781
-0.260124153
0.127927346
-0.037710947
0.072534913
0.23739076
-0.466157372
-0.201466902
0.478485788
-0.352432035
-0.198561693
0.408427009
0.209369611
-0.167274939
0.163921311
-0.006796889
0.48879889
0.236338372
-0.559868416
0.354044853
0.309469234
0.522379722
0.36852209
0.326818863
0.125967793
0.305717877
0.433435433
1
0.163418767
0.531683302
0.495860886
-0.111509268
0.416944985
0.16356604
0.139986642
0.815155814
0.248479729
0.316091897
-0.405188708
-0.263582828
-0.175075148
-0.096490634
0.583171692
-0.651184487
0.607595105
0.48353984
0.721801668
0.491175409
-0.216470591
0.023359399
-0.505839892
-0.020053352
0.602368349
0.517234226
0.485622785
0.283321618
0.190485987
0.331743664
0.563041644
0.582796276
-0.044299104
-0.007021744
0.677025605
0.209156169
0.311901094
0.322680465
0.196175366
-0.032955376
0.251973205
-0.050541806
0.153116731
-0.626679074
-0.088307373
-0.98444469
-1
0.13364054
-0.119400539
-0.205632007
-0.507023634
-0.032631527
0.201160156
0.243182678
0.432569422
0.074155502
0.140415672
-0.238386306
0.401967846
-0.003515033
-0.105990816
-0.099631069
0.474198879
0.339388087
-0.158524591
0.165356038
0.436120507
0.039162556
-0.734403886
0.095124883
-0.006257385
-0.060997774
-0.281436149
-0.406837864
-0.061283787
0.381328528
-0.058077599
0.35956812
0.50482169
-0.022103723
-0.124216096
0.399079781
-0.260124153
0.127927346
-0.037710947
0.072534913
0.23739076
-0.466157372
-0.201466902
0.478485788
-0.352432035
-0.198561693
0.408427009
0.209369611
-0.167274939
0.163921311
-0.006796889
0.48879889
0.236338372
-0.559868416
0.354044853
0.309469234
0.522379722
0.36852209
0.326818863
0.125967793
0.305717877
0.433435433
1
0.163418767
0.531683302
0.495860886
-0.111509268
0.416944985
0.16356604
0.139986642
0.815155814
0.248479729
0.316091897
-0.405188708
-0.263582828
-0.175075148
-0.096490634
0.583171692
-0.651184487
0.607595105
0.48353984
0.721801668
0.491175409
-0.216470591
0.023359399
-0.505839892
-0.020053352
0.602368349
0.517234226
0.485622785
0.283321618
0.190485987
0.331743664
0.563041644
0.582796276
-0.044299104
-0.007021744
0.677025605
0.209156169
0.311901094
0.322680465
0.196175366
-0.032955376
0.251973205
-0.050541806
0.153116731
-0.626679074
-0.088307373
-0.98444469
-1
0.13364054
-0.119400539
-0.205632007
-0.507023634
-0.032631527
0.201160156
0.243182678
0.432569422
0.074155502
0.140415672
-0.238386306
0.401967846
-0.003515033
-0.105990816
-0.099631069
0.474198879
0.339388087
-0.158524591
0.165356038
0.436120507
0.039162556
-0.734403886
0.095124883
-0.006257385
-0.060997774
-0.281436149
-0.406837864
-0.061283787
0.381328528
-0.058077599
0.35956812
0.50482169
-0.022103723
-0.124216096
0.399079781
-0.260124153
0.127927346
-0.037710947
0.072534913
0.23739076
-0.466157372
-0.201466902
0.478485788
-0.352432035
-0.198561693
0.408427009
0.209369611
-0.167274939
0.163921311
-0.006796889
0.48879889
0.236338372
-0.559868416
0.354044853
0.309469234
0.522379722
0.36852209
0.326818863
0.125967793
0.305717877
0.433435433
1
0.163418767
0.531683302
0.495860886
-0.111509268
0.416944985
0.16356604
0.139986642
0.815155814
0.248479729
0.316091897
-0.405188708
-0.263582828
-0.175075148
-0.096490634
0.583171692
-0.651184487
0.607595105
0.48353984
0.721801668
0.491175409
-0.216470591
0.023359399
-0.505839892
-0.020053352
0.602368349
0.517234226
0.485622785
0.283321618
0.190485987
0.331743664
0.563041644
0.582796276
-0.044299104
-0.007021744
0.677025605
0.209156169
0.311901094
0.322680465
0.196175366
-0.032955376
0.251973205
-0.050541806
0.153116731
-0.626679074
-0.088307373
-0.98444469
-1
0.13364054
-0.119400539
-0.205632007
-0.507023634
-0.032631527
0.201160156
0.243182678
0.432569422
0.074155502
0.140415672
-0.238386306
0.401967846
-0.003515033
-0.105990816
-0.099631069
0.474198879
0.339388087
-0.158524591
0.165356038
0.436120507
0.039162556
-0.734403886
0.095124883
-0.006257385
-0.060997774
-0.281436149
-0.406837864
-0.061283787
0.381328528
-0.058077599
0.35956812
0.50482169
-0.022103723
-0.124216096
0.399079781
-0.260124153
0.127927346
-0.037710947
0.072534913
0.23739076
-0.466157372
-0.201466902
0.478485788
-0.352432035
-0.198561693
0.408427009
0.209369611
-0.167274939
0.163921311
-0.006796889
0.48879889
0.236338372
-0.559868416
0.354044853
0.309469234
0.522379722
0.36852209
0.326818863
0.125967793
0.305717877
0.433435433
1
0.163418767
0.531683302
0.495860886
-0.111509268
0.416944985
0.16356604
0.139986642
0.815155814
0.248479729
0.316091897
-0.405188708
-0.263582828
-0.175075148
-0.096490634
0.583171692
-0.651184487
0.607595105
0.48353984
0.721801668
0.491175409
-0.216470591
0.023359399
-0.505839892
-0.020053352
0.602368349
0.517234226
0.485622785
0.283321618
0.190485987
0.331743664
0.563041644
0.582796276
-0.044299104
-0.007021744
0.677025605
0.209156169
0.311901094
0.322680465
0.196175366
-0.032955376
0.251973205
-0.050541806
0.153116731
-0.626679074
-0.088307373
-0.98444469
-1
0.13364054
-0.119400539
-0.205632007
-0.507023634
-0.032631527
0.201160156
0.243182678
0.432569422
0.074155502
0.140415672
-0.238386306
0.401967846
-0.003515033
-0.105990816
-0.099631069
0.474198879
0.339388087
-0.158524591
0.165356038
0.436120507
0.039162556
-0.734403886
0.095124883
-0.006257385
-0.060997774
-0.281436149
-0.406837864
-0.061283787
0.381328528
-0.058077599
0.35956812
0.50482169
-0.022103723
-0.124216096
0.399079781
-0.260124153
0.127927346
-0.037710947
0.072534913
0.23739076
-0.466157372
-0.201466902
0.478485788
-0.352432035
-0.198561693
0.408427009
0.209369611
-0.167274939
0.163921311
-0.006796889
0.48879889
0.236338372
-0.559868416
0.354044853
0.309469234
0.522379722
0.36852209
0.326818863
0.125967793
0.305717877
0.433435433
1
0.163418767
0.531683302
0.495860886
-0.111509268
0.416944985
0.16356604
0.139986642
0.815155814
0.248479729
0.316091897
-0.405188708
-0.263582828
-0.175075148
-0.096490634
0.583171692
-0.651184487
0.607595105
0.48353984
0.721801668
0.491175409
-0.216470591
0.023359399
-0.505839892
-0.020053352
0.602368349
0.517234226
0.485622785
0.283321618
0.190485987
0.331743664
0.563041644
0.582796276
-0.044299104
-0.007021744
0.677025605
0.209156169
0.311901094
0.322680465
0.196175366
-0.032955376
0.251973205
-0.050541806
0.153116731
-0.626679074
-0.088307373
-0.98444469
-1
0.13364054
-0.119400539
-0.205632007
-0.507023634
-0.032631527
0.201160156
0.243182678
0.432569422
0.074155502
0.140415672
-0.238386306
0.401967846
-0.003515033
-0.105990816
-0.099631069
0.474198879
0.339388087
-0.158524591
0.165356038
0.436120507
0.039162556
-0.734403886
0.095124883
-0.006257385
-0.060997774
-0.281436149
-0.406837864
-0.061283787
0.381328528
-0.058077599
0.35956812
0.50482169
-0.022103723
-0.124216096
0.399079781
-0.260124153
0.127927346
-0.037710947
0.072534913
0.23739076
-0.466157372
-0.201466902
0.478485788
-0.352432035
-0.198561693
0.408427009
0.209369611
-0.167274939
0.163921311
-0.006796889
0.48879889
0.236338372
-0.559868416
0.354044853
0.309469234
0.522379722
0.36852209
0.326818863
0.125967793
0.305717877
0.433435433
1
0.163418767
0.531683302
0.495860886
-0.111509268
0.416944985
0.16356604
0.139986642
0.815155814
0.248479729
0.316091897
-0.405188708
-0.263582828
-0.175075148
-0.096490634
0.583171692
-0.651184487
0.607595105
0.48353984
0.721801668
0.491175409
-0.216470591
0.023359399
-0.505839892
-0.020053352
0.602368349
0.517234226
0.485622785
0.283321618
0.190485987
0.331743664
0.563041644
0.582796276
-0.044299104
-0.007021744
0.677025605
0.209156169
0.311901094
0.322680465
0.196175366
-0.032955376
0.251973205
-0.050541806
0.153116731
-0.626679074
-0.088307373
-0.98444469
-1
0.13364054
-0.119400539
-0.205632007
-0.507023634
-0.032631527
0.201160156
0.243182678
0.432569422
0.074155502
0.140415672
-0.238386306
0.401967846
-0.003515033
-0.105990816
-0.099631069
0.474198879
0.339388087
-0.158524591
0.165356038
0.436120507
0.039162556
-0.734403886
0.095124883
-0.006257385
-0.060997774
-0.281436149
-0.406837864
-0.061283787
0.381328528
-0.058077599
0.35956812
0.50482169
-0.022103723
-0.124216096
0.399079781
-0.260124153
0.127927346
-0.037710947
0.072534913
0.23739076
-0.466157372
-0.201466902
0.478485788
-0.352432035
-0.198561693
0.408427009
0.209369611
-0.167274939
0.163921311
-0.006796889
0.48879889
0.236338372
-0.559868416
0.354044853
0.309469234
0.522379722
0.36852209
0.326818863
0.125967793
0.305717877
0.433435433
1
0.163418767
0.531683302
0.495860886
-0.111509268
0.416944985
0.16356604
0.139986642
0.815155814
0.248479729
0.316091897
-0.405188708
-0.263582828
-0.175075148
-0.096490634
0.583171692
-0.651184487
0.607595105
0.48353984
0.721801668
0.491175409
-0.216470591
0.023359399
-0.505839892
-0.020053352
0.602368349
0.517234226
0.485622785
0.283321618
0.190485987
0.331743664
0.563041644
0.582796276
-0.044299104
-0.007021744
0.677025605
0.209156169
0.311901094
0.322680465
0.196175366
-0.032955376
0.251973205
-0.050541806
0.153116731
-0.626679074
-0.088307373
-0.98444469
-1
0.13364054
-0.119400539
-0.205632007
-0.507023634
-0.032631527
0.201160156
0.243182678
0.432569422
0.074155502
0.140415672
-0.238386306
0.401967846
-0.003515033
-0.105990816
-0.099631069
0.474198879
0.339388087
-0.158524591
0.165356038
0.436120507
0.039162556
-0.734403886
0.095124883
-0.006257385
-0.060997774
-0.281436149
-0.406837864
-0.061283787
0.381328528
-0.058077599
0.35956812
0.50482169
-0.022103723
-0.124216096
0.399079781
-0.260124153
0.127927346
-0.037710947
0.072534913
0.23739076
-0.466157372
-0.201466902
0.478485788
-0.352432035
-0.198561693
0.408427009
0.209369611
-0.167274939
0.163921311
-0.006796889
0.48879889
0.236338372
-0.559868416
0.354044853
0.309469234
0.522379722
0.36852209
0.326818863
0.125967793
0.305717877
0.433435433
1
0.163418767
0.531683302
0.495860886
-0.111509268
0.416944985
0.16356604
0.139986642
0.815155814
0.248479729
0.316091897
-0.405188708
-0.263582828
-0.175075148
-0.096490634
0.583171692
-0.651184487
0.607595105
0.48353984
0.721801668
0.491175409
-0.216470591
0.023359399
-0.505839892
-0.020053352
0.602368349
0.517234226
0.485622785
0.283321618
0.190485987
0.331743664
0.563041644
0.582796276
-0.044299104
-0.007021744
0.677025605
0.209156169
0.311901094
0.322680465
0.196175366
-0.032955376
0.251973205
-0.050541806
0.153116731
-0.626679074
-0.088307373
-0.98444469
-1
0.13364054
-0.119400539
-0.205632007
-0.507023634
-0.032631527
0.201160156
0.243182678
0.432569422
0.074155502
0.140415672
-0.238386306
0.401967846
-0.003515033
-0.105990816
-0.099631069
0.474198879
0.339388087
-0.158524591
0.165356038
0.436120507
0.039162556
-0.734403886
0.095124883
-0.006257385
-0.060997774
-0.281436149
-0.406837864
-0.061283787
0.381328528
-0.058077599
0.35956812
0.50482169
-0.022103723
-0.124216096
0.399079781
-0.260124153
0.127927346
-0.037710947
0.072534913
0.23739076
-0.466157372
-0.201466902
0.478485788
-0.352432035
-0.198561693
0.408427009
0.209369611
-0.167274939
0.163921311
-0.006796889
0.48879889
0.236338372
-0.559868416
0.354044853
0.309469234
0.522379722
0.36852209
0.326818863
0.125967793
0.305717877
0.433435433
1
0.163418767
0.531683302
0.495860886
-0.111509268
0.416944985
0.16356604
0.139986642
0.815155814
0.248479729
0.316091897
-0.405188708
-0.263582828
-0.175075148
-0.096490634
0.583171692
-0.651184487
0.607595105
0.48353984
0.721801668
