0.357500 0.000000 0.000000 0.000000 0.000000 0.000000 
0.357500 0.000000 0.000000 0.000000 0.000000 0.000000 
-0.009420 0.000000 0.000000 0.000000 0.000000 0.000000 
0.724576 0.000000 0.000000 0.000000 0.000000 0.000000 
0.640965 0.000000 0.000000 0.000000 0.000000 0.000000 
0.001386 0.000000 0.000000 0.000000 0.000000 0.000000 
0.001386 0.000000 0.000000 0.000000 0.000000 0.000000 
0.001386 0.000000 0.000000 0.000000 0.000000 0.000000 
0.001386 0.000000 0.000000 0.000000 0.000000 0.000000 
0.001386 0.000000 0.000000 0.000000 0.000000 0.000000 
0.001386 0.000000 0.000000 0.000000 0.000000 0.000000 
0.001386 0.000000 0.000000 0.000000 0.000000 0.000000 
0.001386 0.000000 0.000000 0.000000 0.000000 0.000000 
0.001386 0.000000 0.000000 0.000000 0.000000 0.000000 
0.001386 0.000000 0.000000 0.000000 0.000000 0.000000 
0.001386 0.000000 0.000000 0.000000 0.000000 0.000000 
0.001386 0.000000 0.000000 0.000000 0.000000 0.000000 
0.001386 0.000000 0.000000 0.000000 0.000000 0.000000 
0.001386 0.000000 0.000000 0.000000 0.000000 0.000000 
0.001386 0.000000 0.000000 0.000000 0.000000 0.000000 
0.001386 0.000000 0.000000 0.000000 0.000000 0.000000 
0.001386 0.000000 0.000000 0.000000 0.000000 0.000000 
0.001386 0.000000 0.000000 0.000000 0.000000 0.000000 
0.001386 0.000000 0.000000 0.000000 0.000000 0.000000 
0.001386 0.000000 0.000000 0.000000 0.000000 0.000000 
0.711202 0.000000 0.000000 0.000000 0.000000 0.000000 
0.711202 0.000000 0.000000 0.000000 0.000000 0.000000 
0.711202 0.000000 0.000000 0.000000 0.000000 0.000000 
0.711202 0.000000 0.000000 0.000000 0.000000 0.000000 
0.711202 0.000000 0.000000 0.000000 0.000000 0.000000 
0.708486 0.000000 0.000000 0.000000 0.000000 0.000000 
0.704798 0.000000 0.000000 0.000000 0.000000 0.000000 
0.699658 -0.086302 -0.661493 -0.242379 -0.442892 -0.466596 
0.692988 0.119678 -0.629773 -0.117326 -0.433036 -0.497047 
0.682431 0.219404 -0.507680 -0.055431 -0.439564 -0.547024 
0.666495 0.267689 -0.344429 -0.026373 -0.452845 -0.609470 
0.642029 0.289992 -0.249280 -0.007362 -0.464984 -0.674997 
0.604536 0.298620 -0.198328 0.021141 -0.474849 -0.719537 
0.548604 0.295983 -0.174649 0.140430 -0.483334 -0.751382 
0.471566 0.290083 -0.164222 0.347850 -0.488901 -0.781180 
0.377354 0.277949 -0.160482 0.510886 -0.492914 -0.802114 
0.278371 0.256792 -0.160865 0.607380 -0.493912 -0.817952 
0.190134 0.230700 -0.163470 0.658696 -0.483431 -0.829523 
0.122556 0.194070 -0.169110 0.683662 -0.371146 -0.838153 
0.076455 0.143881 -0.175595 0.693355 -0.142561 -0.844739 
0.047054 0.082264 -0.188403 0.697037 0.071702 -0.849900 
0.028723 0.004651 -0.204752 0.696562 0.197684 -0.848462 
0.017200 -0.082802 -0.226533 0.693329 0.262849 -0.835654 
0.009773 -0.175954 -0.266730 0.684213 0.294250 -0.705144 
0.004835 -0.259368 -0.328060 0.675374 0.307543 -0.474904 
0.001445 -0.327331 -0.389809 0.663128 0.311994 -0.318987 
0.001439 -0.372864 -0.461699 0.637027 0.310705 -0.233034 
0.001434 -0.409332 -0.540269 0.606113 0.306197 -0.190850 
0.001429 -0.439167 -0.603155 0.556085 0.295417 -0.171533 
0.001424 -0.459539 -0.665079 0.512180 0.283814 -0.163438 
0.031455 -0.473144 -0.719614 0.451860 0.265106 -0.161955 
0.220569 -0.482480 -0.755494 0.372221 0.238041 -0.162547 
0.581668 -0.487830 -0.783226 0.321500 0.211018 -0.166611 
0.690545 -0.492598 -0.801179 0.268588 0.176110 -0.171435 
0.711225 -0.495730 -0.818045 0.214468 0.123053 -0.180158 
0.709000 -0.481467 -0.830091 0.158326 0.052849 -0.189374 
0.706131 -0.402692 -0.839462 0.115966 -0.017048 -0.213823 
0.702368 -0.114689 -0.845935 0.081497 -0.099377 -0.239335 
0.697361 0.096107 -0.850533 0.056323 -0.179511 -0.277075 
0.690602 0.208596 -0.849428 0.037693 -0.263687 -0.323078 
0.681285 0.267996 -0.802692 0.025823 -0.333420 -0.389620 
0.668269 0.296827 -0.637348 0.016775 -0.381959 -0.470232 
0.649976 0.307978 -0.438345 0.010402 -0.417042 -0.544544 
0.622742 0.310801 -0.298165 0.005906 -0.443807 -0.620222 
0.584124 0.309024 -0.222767 0.014753 -0.463123 -0.680373 
0.531345 0.303922 -0.186463 0.083927 -0.475286 -0.731800 
0.463656 0.294052 -0.169220 0.277908 -0.484876 -0.768485 
0.384249 0.279933 -0.162981 0.475916 -0.490902 -0.795767 
0.300655 0.257784 -0.162115 0.589894 -0.492906 -0.814779 
0.222362 0.231197 -0.164095 0.649953 -0.460937 -0.827936 
0.156861 0.194318 -0.169423 0.679290 -0.359899 -0.838386 
0.107078 0.144005 -0.180301 0.691170 -0.098020 -0.845324 
0.071777 0.072022 -0.190756 0.695945 0.093973 -0.850192 
0.047722 -0.006568 -0.205928 0.696016 0.210011 -0.848608 
0.031557 -0.088412 -0.232732 0.691584 0.269086 -0.808473 
0.020643 -0.184628 -0.272338 0.683341 0.296698 -0.649224 
0.013158 -0.263705 -0.330864 0.674938 0.308767 -0.446943 
0.007917 -0.329499 -0.391211 0.662909 0.312072 -0.305007 
0.004162 -0.376417 -0.462400 0.636918 0.310743 -0.226044 
0.001412 -0.415072 -0.541966 0.606059 0.306216 -0.187851 
0.001408 -0.442037 -0.617520 0.556058 0.295427 -0.170034 
0.031379 -0.460974 -0.683051 0.501326 0.280654 -0.162688 
0.220167 -0.474476 -0.729370 0.437615 0.259486 -0.162084 
0.581398 -0.483146 -0.766096 0.365099 0.235231 -0.165153 
0.690490 -0.490256 -0.792614 0.302095 0.201887 -0.169239 
0.711209 -0.494559 -0.811996 0.237569 0.155364 -0.179060 
0.709077 -0.480881 -0.825788 0.179149 0.093643 -0.188825 
0.706357 -0.402400 -0.835807 0.126377 0.011084 -0.201273 
0.702870 -0.176123 -0.842981 0.089175 -0.079359 -0.233060 
0.698298 0.041408 -0.849056 0.063194 -0.169502 -0.273938 
0.692211 0.181246 -0.850924 0.043690 -0.247736 -0.321509 
0.683994 0.254321 -0.825217 0.029467 -0.316759 -0.388836 
0.672788 0.289989 -0.711635 0.018924 -0.369970 -0.458167 
0.656355 0.304560 -0.497753 0.012297 -0.411048 -0.538512 
0.633037 0.310267 -0.330939 0.007136 -0.438587 -0.605214 
0.600190 0.310061 -0.239154 0.009392 -0.457855 -0.672868 
0.555106 0.305875 -0.193607 0.055677 -0.472652 -0.722021 
0.496165 0.295029 -0.172289 0.263783 -0.482235 -0.761879 
0.424502 0.283829 -0.164516 0.462975 -0.489336 -0.790037 
0.345091 0.259732 -0.162351 0.583126 -0.494345 -0.811914 
0.265901 0.241202 -0.164213 0.646867 -0.483648 -0.826504 
0.195017 0.199321 -0.169482 0.677747 -0.371254 -0.836644 
0.137575 0.156516 -0.175780 0.690398 -0.142615 -0.844453 
0.094622 0.088581 -0.188495 0.695559 0.066142 -0.849757 
0.064222 0.001712 -0.204798 0.695823 0.194904 -0.849791 
0.043323 -0.084272 -0.232167 0.692959 0.261533 -0.819044 
0.029066 -0.165305 -0.269547 0.685711 0.293592 -0.680874 
0.019270 -0.254044 -0.329469 0.676123 0.307214 -0.453136 
0.012434 -0.324669 -0.390513 0.663502 0.311830 -0.308103 
0.007567 -0.374002 -0.462051 0.637214 0.310622 -0.227449 
0.004029 -0.409901 -0.529347 0.606207 0.306156 -0.188058 
0.031379 -0.439452 -0.597693 0.556132 0.295397 -0.170137 
0.220167 -0.458600 -0.662349 0.512203 0.283803 -0.162740 
0.581398 -0.473289 -0.719019 0.443054 0.261061 -0.162110 
0.690490 -0.483235 -0.766233 0.352104 0.222621 -0.165166 
0.711209 -0.490886 -0.796165 0.274734 0.177985 -0.172314 
0.708980 -0.490695 -0.816868 0.202903 0.104954 -0.185452 
0.706109 -0.459059 -0.830457 0.148422 0.036672 -0.199586 
0.702346 -0.233903 -0.840306 0.104687 -0.052752 -0.225350 
0.697361 0.012517 -0.846859 0.070956 -0.140051 -0.256505 
0.690602 0.166468 -0.850709 0.048509 -0.220819 -0.303115 
0.681285 0.247455 -0.839180 0.032200 -0.303301 -0.358935 
0.668269 0.286788 -0.763851 0.021713 -0.358444 -0.431148 
0.649976 0.306223 -0.523861 0.014759 -0.398892 -0.506250 
0.622751 0.312123 -0.352520 0.008723 -0.428671 -0.583034 
0.584145 0.312856 -0.251277 0.007095 -0.451352 -0.651131 
0.531383 0.307273 -0.199668 0.038376 -0.466943 -0.707598 
0.463713 0.300309 -0.174902 0.216466 -0.479381 -0.754667 
0.384322 0.286469 -0.164348 0.415228 -0.487909 -0.785416 
0.300734 0.271241 -0.162143 0.555676 -0.493632 -0.807434 
0.222436 0.246956 -0.164109 0.633319 -0.483291 -0.824264 
0.156923 0.202198 -0.169430 0.670974 -0.402497 -0.835524 
0.107124 0.147945 -0.175754 0.687011 -0.158236 -0.843893 
0.071810 0.084296 -0.188483 0.693865 0.063865 -0.849477 
0.047745 -0.000431 -0.204792 0.694976 0.193765 -0.848250 
0.031572 -0.085343 -0.232164 0.692536 0.260963 -0.808294 
0.020654 -0.183093 -0.272054 0.683817 0.292636 -0.675498 
0.013166 -0.262938 -0.330722 0.675176 0.306736 -0.460081 
0.007922 -0.329116 -0.391140 0.663028 0.311056 -0.311576 
0.004166 -0.376225 -0.462365 0.636978 0.310236 -0.229329 
0.001415 -0.414976 -0.541948 0.606089 0.305962 -0.189493 
0.001411 -0.441989 -0.617511 0.556072 0.295300 -0.170855 
0.031393 -0.460950 -0.683047 0.501334 0.280591 -0.163099 
0.220243 -0.474464 -0.729368 0.437619 0.259454 -0.162289 
0.581450 -0.483140 -0.766094 0.365100 0.235216 -0.165255 
0.690501 -0.490253 -0.792613 0.302096 0.201879 -0.169290 
0.711212 -0.494557 -0.811996 0.237570 0.155360 -0.179086 
0.709080 -0.480880 -0.825788 0.179149 0.093642 -0.188838 
0.706361 -0.402399 -0.835807 0.126377 0.011083 -0.201279 
0.702870 -0.176122 -0.842981 0.089175 -0.079360 -0.233063 
0.698298 0.041408 -0.849056 0.063194 -0.169502 -0.273939 
0.692211 0.181246 -0.850924 0.043690 -0.247736 -0.321510 
0.683994 0.254321 -0.825217 0.029467 -0.316760 -0.388836 
0.672788 0.289989 -0.711635 0.018924 -0.369970 -0.458167 
0.656355 0.304560 -0.497753 0.012297 -0.411048 -0.538512 
0.633037 0.310267 -0.330939 0.007136 -0.438587 -0.605214 
0.600190 0.310061 -0.239154 0.009392 -0.457855 -0.672868 
0.555106 0.305875 -0.193607 0.055677 -0.472652 -0.722021 
0.496165 0.295029 -0.172289 0.263783 -0.482235 -0.761879 
0.424502 0.283829 -0.164516 0.462975 -0.489336 -0.790037 
0.345091 0.259732 -0.162351 0.583126 -0.494345 -0.811914 
0.265901 0.241202 -0.164213 0.646867 -0.483648 -0.826504 
0.195017 0.199321 -0.169482 0.677747 -0.371254 -0.836644 
0.137575 0.156516 -0.175780 0.690398 -0.142615 -0.844453 
0.094622 0.088581 -0.188495 0.695559 0.066142 -0.849757 
0.064222 0.001712 -0.204798 0.695823 0.194904 -0.849791 
0.043323 -0.084272 -0.232167 0.692959 0.261533 -0.819044 
0.029066 -0.165305 -0.269547 0.685711 0.293592 -0.680874 
0.019270 -0.254044 -0.329469 0.676123 0.307214 -0.453136 
0.012434 -0.324669 -0.390513 0.663502 0.311830 -0.308103 
0.007567 -0.374002 -0.462051 0.637214 0.310622 -0.227449 
0.004029 -0.409901 -0.529347 0.606207 0.306156 -0.188058 
0.031379 -0.439452 -0.597693 0.556132 0.295397 -0.170137 
0.220167 -0.458600 -0.662349 0.512203 0.283803 -0.162740 
0.581398 -0.473289 -0.719019 0.443054 0.261061 -0.162110 
0.690490 -0.483235 -0.766233 0.352104 0.222621 -0.165166 
0.711209 -0.490886 -0.796165 0.274734 0.177985 -0.172314 
0.708980 -0.490695 -0.816868 0.202903 0.104954 -0.185452 
0.706109 -0.459059 -0.830457 0.148422 0.036672 -0.199586 
0.702346 -0.233903 -0.840306 0.104687 -0.052752 -0.225350 
0.697361 0.012517 -0.846859 0.070956 -0.140051 -0.256505 
0.690602 0.166468 -0.850709 0.048509 -0.220819 -0.303115 
0.681285 0.247455 -0.839180 0.032200 -0.303301 -0.358935 
0.668269 0.286788 -0.763851 0.021713 -0.358444 -0.431148 
0.649976 0.306223 -0.523861 0.014759 -0.398892 -0.506250 
0.622751 0.312123 -0.352520 0.008723 -0.428671 -0.583034 
0.584145 0.312856 -0.251277 0.007095 -0.451352 -0.651131 
0.531383 0.307273 -0.199668 0.038376 -0.466943 -0.707598 
0.463713 0.300309 -0.174902 0.216466 -0.479381 -0.754667 
0.384322 0.286469 -0.164348 0.415228 -0.487909 -0.785416 
0.300734 0.271241 -0.162143 0.555676 -0.493632 -0.807434 
0.222436 0.246956 -0.164109 0.633319 -0.483291 -0.824264 
0.156923 0.202198 -0.169430 0.670974 -0.402497 -0.835524 
0.107124 0.147945 -0.175754 0.687011 -0.158236 -0.843893 
0.071810 0.084296 -0.188483 0.693865 0.063865 -0.849477 
0.047745 -0.000431 -0.204792 0.694976 0.193765 -0.848250 
0.031572 -0.085343 -0.232164 0.692536 0.260963 -0.808294 
0.020654 -0.183093 -0.272054 0.683817 0.292636 -0.675498 
0.013166 -0.262938 -0.330722 0.675176 0.306736 -0.460081 
0.007922 -0.329116 -0.391140 0.663028 0.311056 -0.311576 
0.004166 -0.376225 -0.462365 0.636978 0.310236 -0.229329 
0.001415 -0.414976 -0.541948 0.606089 0.305962 -0.189493 
0.001411 -0.441989 -0.617511 0.556072 0.295300 -0.170855 
0.031393 -0.460950 -0.683047 0.501334 0.280591 -0.163099 
0.220243 -0.474464 -0.729368 0.437619 0.259454 -0.162289 
0.581450 -0.483140 -0.766094 0.365100 0.235216 -0.165255 
0.690501 -0.490253 -0.792613 0.302096 0.201879 -0.169290 
0.709084 -0.494557 -0.811996 0.237570 0.155360 -0.179086 
0.706366 -0.480880 -0.825788 0.179149 0.093642 -0.188838 
0.702842 -0.402399 -0.835807 0.126377 0.011083 -0.201279 
0.698235 -0.176122 -0.842981 0.089175 -0.079360 -0.233063 
0.692090 0.041408 -0.849056 0.063194 -0.169502 -0.273939 
0.683758 0.181246 -0.850924 0.043690 -0.247736 -0.321510 
0.672317 0.254321 -0.825217 0.029467 -0.316760 -0.388836 
0.656505 0.289989 -0.711635 0.018924 -0.369970 -0.458167 
0.633226 0.304560 -0.475489 0.012297 -0.411048 -0.538512 
0.600428 0.310267 -0.319807 0.007136 -0.438587 -0.605214 
0.555393 0.310061 -0.233588 0.009392 -0.457855 -0.672868 
0.496494 0.305875 -0.190824 0.055677 -0.472652 -0.722021 
0.424850 0.295029 -0.171401 0.263783 -0.482235 -0.763596 
0.345424 0.283829 -0.164072 0.462975 -0.489581 -0.793322 
0.266187 0.259732 -0.162129 0.583424 -0.492245 -0.813556 
0.195240 0.232170 -0.164102 0.646718 -0.482598 -0.827325 
0.137733 0.194805 -0.169426 0.677673 -0.340143 -0.838081 
0.094727 0.144248 -0.180303 0.690361 -0.088142 -0.845171 
0.064289 0.056520 -0.190757 0.695540 0.098912 -0.850116 
0.043366 -0.014319 -0.210089 0.695813 0.212480 -0.848570 
0.029093 -0.111322 -0.242811 0.691483 0.269782 -0.808453 
0.019288 -0.196083 -0.277377 0.683290 0.297045 -0.649214 
0.012446 -0.269433 -0.333384 0.674912 0.308941 -0.446939 
0.007575 -0.332363 -0.399794 0.656422 0.312159 -0.305005 
0.004035 -0.385018 -0.466692 0.633674 0.310787 -0.226043 
0.001408 -0.419373 -0.544111 0.604437 0.304651 -0.187850 
0.052514 -0.444188 -0.618592 0.555247 0.294644 -0.170033 
0.421683 -0.462049 -0.683587 0.500921 0.280263 -0.162688 
0.678043 -0.475013 -0.737471 0.419590 0.251483 -0.162914 
0.711212 -0.486189 -0.775459 0.329359 0.217832 -0.168132 
0.711209 -0.492759 -0.805185 0.244854 0.146867 -0.177492 
0.709077 -0.479981 -0.823661 0.175011 0.077452 -0.188041 
0.706357 -0.318663 -0.835799 0.124308 -0.018536 -0.213157 
0.702837 -0.072674 -0.843830 0.088478 -0.100120 -0.239002 
0.698235 0.113352 -0.849758 0.059814 -0.200853 -0.276865 
0.692090 0.217218 -0.847879 0.040122 -0.274358 -0.322972 
0.683758 0.272267 -0.801917 0.027038 -0.338755 -0.389566 
0.672317 0.298962 -0.636960 0.017382 -0.384627 -0.470017 
0.656361 0.309046 -0.427533 0.010705 -0.418346 -0.544437 
0.633051 0.312228 -0.292758 0.006058 -0.444494 -0.618720 
0.600217 0.309737 -0.220056 0.014829 -0.462635 -0.679619 
0.555148 0.304278 -0.185107 0.083965 -0.475042 -0.731423 
0.496226 0.294231 -0.168542 0.289528 -0.484324 -0.771200 
0.424580 0.280023 -0.162642 0.487557 -0.490625 -0.798052 
0.345178 0.257829 -0.161945 0.596137 -0.492622 -0.817817 
0.265986 0.227967 -0.165096 0.652825 -0.460795 -0.829962 
0.195092 0.183733 -0.173587 0.680726 -0.283432 -0.839680 
0.137634 0.126875 -0.182383 0.691888 -0.018558 -0.846496 
0.094665 0.063457 -0.194775 0.695434 0.147090 -0.851315 
0.064252 -0.025710 -0.212098 0.694688 0.238332 -0.846032 
0.043344 -0.117018 -0.243816 0.690920 0.282440 -0.807185 
0.029080 -0.198930 -0.289776 0.684691 0.303050 -0.586733 
0.019280 -0.280322 -0.339666 0.671129 0.311538 -0.388859 
0.012441 -0.337808 -0.411732 0.654530 0.313473 -0.271492 
0.007572 -0.387741 -0.491581 0.626104 0.310266 -0.209431 
0.004033 -0.420734 -0.565742 0.592139 0.304391 -0.179783 
0.031393 -0.448069 -0.636215 0.549098 0.293361 -0.166300 
0.220243 -0.465261 -0.692399 0.479412 0.276223 -0.163385 
0.581450 -0.477913 -0.741890 0.408835 0.253934 -0.163262 
0.690501 -0.485547 -0.776424 0.339807 0.218964 -0.166969 
0.711212 -0.492042 -0.801261 0.268586 0.176156 -0.173951 
0.708984 -0.491273 -0.819416 0.199828 0.104040 -0.186270 
0.706113 -0.459348 -0.831731 0.146885 0.036215 -0.199995 
0.702346 -0.234048 -0.840943 0.103918 -0.052980 -0.225555 
0.697375 0.012445 -0.847177 0.070572 -0.140165 -0.256607 
0.690659 0.166432 -0.850868 0.048317 -0.220876 -0.303166 
0.681466 0.247436 -0.839259 0.032104 -0.303330 -0.358961 
0.668783 0.286779 -0.763891 0.021665 -0.358458 -0.431160 
0.649976 0.306218 -0.523881 0.014735 -0.398899 -0.506256 
0.622751 0.312121 -0.352530 0.008711 -0.428675 -0.583038 
0.584145 0.312855 -0.251282 0.007089 -0.451354 -0.651133 
0.531383 0.307272 -0.199671 0.038373 -0.466944 -0.707599 
0.463713 0.300309 -0.174904 0.216465 -0.479381 -0.754668 
0.384322 0.286469 -0.164349 0.415227 -0.487909 -0.785416 
0.300734 0.271241 -0.162144 0.555676 -0.493632 -0.807434 
0.222436 0.246956 -0.164109 0.633319 -0.483291 -0.824264 
0.156923 0.202198 -0.169430 0.670974 -0.402497 -0.835524 
0.107124 0.147945 -0.175754 0.687011 -0.158236 -0.843893 
0.071810 0.084296 -0.188483 0.693865 0.063865 -0.849477 
0.047745 -0.000431 -0.204792 0.694976 0.193765 -0.848250 
0.031572 -0.085343 -0.232164 0.692536 0.260963 -0.808294 
0.020654 -0.183093 -0.272054 0.683817 0.292636 -0.675498 
0.013166 -0.262938 -0.330722 0.675176 0.306736 -0.460081 
0.007922 -0.329116 -0.391140 0.663028 0.311056 -0.311576 
0.004166 -0.376225 -0.462365 0.636978 0.310236 -0.229329 
0.001415 -0.414976 -0.541948 0.606089 0.305962 -0.189493 
0.001411 -0.441989 -0.617511 0.556072 0.295300 -0.170855 
0.031393 -0.460950 -0.683047 0.501334 0.280591 -0.163099 
0.220243 -0.474464 -0.729368 0.437619 0.259454 -0.162289 
0.581450 -0.483140 -0.766094 0.365100 0.235216 -0.165255 
0.690501 -0.490253 -0.792613 0.302096 0.201879 -0.169290 
0.711212 -0.494557 -0.811996 0.237570 0.155360 -0.179086 
0.709080 -0.480880 -0.825788 0.179149 0.093642 -0.188838 
0.706361 -0.402399 -0.835807 0.126377 0.011083 -0.201279 
0.702870 -0.176122 -0.842981 0.089175 -0.079360 -0.233063 
0.698298 0.041408 -0.849056 0.063194 -0.169502 -0.273939 
0.692211 0.181246 -0.850924 0.043690 -0.247736 -0.321510 
0.683994 0.254321 -0.825217 0.029467 -0.316760 -0.388836 
0.672788 0.289989 -0.711635 0.018924 -0.369970 -0.458167 
0.656355 0.304560 -0.497753 0.012297 -0.411048 -0.538512 
0.633037 0.310267 -0.330939 0.007136 -0.438587 -0.605214 
0.600190 0.310061 -0.239154 0.009392 -0.457855 -0.672868 
0.555106 0.305875 -0.193607 0.055677 -0.472652 -0.722021 
0.496165 0.295029 -0.172289 0.263783 -0.482235 -0.761879 
0.424502 0.283829 -0.164516 0.462975 -0.489336 -0.790037 
0.345091 0.259732 -0.162351 0.583126 -0.494345 -0.811914 
0.265901 0.241202 -0.164213 0.646867 -0.483648 -0.826504 
0.195017 0.199321 -0.169482 0.677747 -0.371254 -0.836644 
0.137575 0.156516 -0.175780 0.690398 -0.142615 -0.844453 
0.094622 0.088581 -0.188495 0.695559 0.066142 -0.849757 
0.064222 0.001712 -0.204798 0.695823 0.194904 -0.849791 
0.043323 -0.084272 -0.232167 0.692959 0.261533 -0.819044 
0.029066 -0.165305 -0.269547 0.685711 0.293592 -0.680874 
0.019270 -0.254044 -0.329469 0.676123 0.307214 -0.453136 
0.012434 -0.324669 -0.390513 0.663502 0.311830 -0.308103 
0.007567 -0.374002 -0.462051 0.637214 0.310622 -0.227449 
0.004029 -0.409901 -0.529347 0.606207 0.306156 -0.188058 
0.031379 -0.439452 -0.597693 0.556132 0.295397 -0.170137 
0.220167 -0.458600 -0.662349 0.512203 0.283803 -0.162740 
0.581398 -0.473289 -0.719019 0.443054 0.261061 -0.162110 
0.690490 -0.483235 -0.766233 0.352104 0.222621 -0.165166 
0.711209 -0.490886 -0.796165 0.274734 0.177985 -0.172314 
0.708980 -0.490695 -0.816868 0.202903 0.104954 -0.185452 
0.706109 -0.459059 -0.830457 0.148422 0.036672 -0.199586 
0.702346 -0.233903 -0.840306 0.104687 -0.052752 -0.225350 
0.697361 0.012517 -0.846859 0.070956 -0.140051 -0.256505 
0.690602 0.166468 -0.850709 0.048509 -0.220819 -0.303115 
0.681285 0.247455 -0.839180 0.032200 -0.303301 -0.358935 
0.668269 0.286788 -0.763851 0.021713 -0.358444 -0.431148 
0.649976 0.306223 -0.523861 0.014759 -0.398892 -0.506250 
0.622751 0.312123 -0.352520 0.008723 -0.428671 -0.583034 
0.584145 0.312856 -0.251277 0.007095 -0.451352 -0.651131 
0.531383 0.307273 -0.199668 0.038376 -0.466943 -0.707598 
0.463713 0.300309 -0.174902 0.216466 -0.479381 -0.754667 
0.384322 0.286469 -0.164348 0.415228 -0.487909 -0.785416 
0.300734 0.271241 -0.162143 0.555676 -0.493632 -0.807434 
0.222436 0.246956 -0.164109 0.633319 -0.483291 -0.824264 
0.156923 0.202198 -0.169430 0.670974 -0.402497 -0.835524 
0.107124 0.147945 -0.175754 0.687011 -0.158236 -0.843893 
0.071810 0.084296 -0.188483 0.693865 0.063865 -0.849477 
0.047745 -0.000431 -0.204792 0.694976 0.193765 -0.848250 
0.031572 -0.085343 -0.232164 0.692536 0.260963 -0.808294 
0.020654 -0.183093 -0.272054 0.683817 0.292636 -0.675498 
0.013166 -0.262938 -0.330722 0.675176 0.306736 -0.460081 
0.007922 -0.329116 -0.391140 0.663028 0.311056 -0.311576 
0.004166 -0.376225 -0.462365 0.636978 0.310236 -0.229329 
0.001415 -0.414976 -0.541948 0.606089 0.305962 -0.189493 
0.001411 -0.441989 -0.617511 0.556072 0.295300 -0.170855 
0.031393 -0.460950 -0.683047 0.501334 0.280591 -0.163099 
0.220243 -0.474464 -0.729368 0.437619 0.259454 -0.162289 
0.581450 -0.483140 -0.766094 0.365100 0.235216 -0.165255 
0.690501 -0.490253 -0.792613 0.302096 0.201879 -0.169290 
0.711212 -0.494557 -0.811996 0.237570 0.155360 -0.179086 
0.709080 -0.480880 -0.825788 0.179149 0.093642 -0.188838 
0.706361 -0.402399 -0.835807 0.126377 0.011083 -0.201279 
0.702870 -0.176122 -0.842981 0.089175 -0.079360 -0.233063 
0.698298 0.041408 -0.849056 0.063194 -0.169502 -0.273939 
0.692211 0.181246 -0.850924 0.043690 -0.247736 -0.321510 
0.683994 0.254321 -0.825217 0.029467 -0.316760 -0.388836 
0.672788 0.289989 -0.711635 0.018924 -0.369970 -0.458167 
0.656355 0.304560 -0.497753 0.012297 -0.411048 -0.538512 
0.633037 0.310267 -0.330939 0.007136 -0.438587 -0.605214 
0.600190 0.310061 -0.239154 0.009392 -0.457855 -0.672868 
0.555106 0.305875 -0.193607 0.055677 -0.472652 -0.722021 
0.496165 0.295029 -0.172289 0.263783 -0.482235 -0.761879 
0.424502 0.283829 -0.164516 0.462975 -0.489336 -0.790037 
0.345091 0.259732 -0.162351 0.583126 -0.494345 -0.811914 
0.265901 0.241202 -0.164213 0.646867 -0.483648 -0.826504 
0.195017 0.199321 -0.169482 0.677747 -0.371254 -0.836644 
0.137575 0.156516 -0.175780 0.690398 -0.142615 -0.844453 
0.094622 0.088581 -0.188495 0.695559 0.066142 -0.849757 
0.064222 0.001712 -0.204798 0.695823 0.194904 -0.849791 
0.043323 -0.084272 -0.232167 0.692959 0.261533 -0.819044 
0.029066 -0.165305 -0.269547 0.685711 0.293592 -0.680874 
0.019270 -0.254044 -0.329469 0.676123 0.307214 -0.453136 
0.012434 -0.324669 -0.390513 0.663502 0.311830 -0.308103 
0.007567 -0.374002 -0.462051 0.637214 0.310622 -0.227449 
0.004029 -0.409901 -0.529347 0.606207 0.306156 -0.188058 
0.031379 -0.439452 -0.597693 0.556132 0.295397 -0.170137 
0.220167 -0.458600 -0.662349 0.512203 0.283803 -0.162740 
0.581398 -0.473289 -0.719019 0.443054 0.261061 -0.162110 
0.690490 -0.483235 -0.766233 0.352104 0.222621 -0.165166 
0.711209 -0.490886 -0.796165 0.274734 0.177985 -0.172314 
0.708980 -0.490695 -0.816868 0.202903 0.104954 -0.185452 
0.706109 -0.459059 -0.830457 0.148422 0.036672 -0.199586 
0.702346 -0.233903 -0.840306 0.104687 -0.052752 -0.225350 
0.697361 0.012517 -0.846859 0.070956 -0.140051 -0.256505 
0.690602 0.166468 -0.850709 0.048509 -0.220819 -0.303115 
0.681285 0.247455 -0.839180 0.032200 -0.303301 -0.358935 
0.668269 0.286788 -0.763851 0.021713 -0.358444 -0.431148 
0.649976 0.306223 -0.523861 0.014759 -0.398892 -0.506250 
0.622751 0.312123 -0.352520 0.008723 -0.428671 -0.583034 
0.584145 0.312856 -0.251277 0.007095 -0.451352 -0.651131 
0.531383 0.307273 -0.199668 0.038376 -0.466943 -0.707598 
0.463713 0.300309 -0.174902 0.216466 -0.479381 -0.754667 
0.384322 0.286469 -0.164348 0.415228 -0.487909 -0.785416 
0.300734 0.271241 -0.162143 0.555676 -0.493632 -0.807434 
0.222436 0.246956 -0.164109 0.633319 -0.483291 -0.824264 
0.156923 0.202198 -0.169430 0.670974 -0.402497 -0.835524 
0.107124 0.147945 -0.175754 0.687011 -0.158236 -0.843893 
0.071810 0.084296 -0.188483 0.693865 0.063865 -0.849477 
0.047745 -0.000431 -0.204792 0.694976 0.193765 -0.848250 
0.031572 -0.085343 -0.232164 0.692536 0.260963 -0.808294 
0.020654 -0.183093 -0.272054 0.683817 0.292636 -0.675498 
0.013166 -0.262938 -0.330722 0.675176 0.306736 -0.460081 
0.007922 -0.329116 -0.391140 0.663028 0.311056 -0.311576 
0.004166 -0.376225 -0.462365 0.636978 0.310236 -0.229329 
0.001415 -0.414976 -0.541948 0.606089 0.305962 -0.189493 
0.001411 -0.441989 -0.617511 0.556072 0.295300 -0.170855 
0.031393 -0.460950 -0.683047 0.501334 0.280591 -0.163099 
0.220243 -0.474464 -0.729368 0.437619 0.259454 -0.162289 
0.581450 -0.483140 -0.766094 0.365100 0.235216 -0.165255 
0.690501 -0.490253 -0.792613 0.302096 0.201879 -0.169290 
0.709084 -0.494557 -0.811996 0.237570 0.155360 -0.179086 
0.706366 -0.480880 -0.825788 0.179149 0.093642 -0.188838 
0.702842 -0.402399 -0.835807 0.126377 0.011083 -0.201279 
0.698235 -0.176122 -0.842981 0.089175 -0.079360 -0.233063 
0.692090 0.041408 -0.849056 0.063194 -0.169502 -0.273939 
0.683758 0.181246 -0.850924 0.043690 -0.247736 -0.321510 
0.672317 0.254321 -0.825217 0.029467 -0.316760 -0.388836 
0.656505 0.289989 -0.711635 0.018924 -0.369970 -0.458167 
0.633226 0.304560 -0.475489 0.012297 -0.411048 -0.538512 
0.600428 0.310267 -0.319807 0.007136 -0.438587 -0.605214 
0.555393 0.310061 -0.233588 0.009392 -0.457855 -0.672868 
0.496494 0.305875 -0.190824 0.055677 -0.472652 -0.722021 
0.424850 0.295029 -0.171401 0.263783 -0.482235 -0.763596 
0.345424 0.283829 -0.164072 0.462975 -0.489581 -0.793322 
0.266187 0.259732 -0.162129 0.583424 -0.492245 -0.813556 
0.195240 0.232170 -0.164102 0.646718 -0.482598 -0.827325 
0.137733 0.194805 -0.169426 0.677673 -0.340143 -0.838081 
0.094727 0.144248 -0.180303 0.690361 -0.088142 -0.845171 
0.064289 0.056520 -0.190757 0.695540 0.098912 -0.850116 
0.043366 -0.014319 -0.210089 0.695813 0.212480 -0.848570 
0.029093 -0.111322 -0.242811 0.691483 0.269782 -0.808453 
0.019288 -0.196083 -0.277377 0.683290 0.297045 -0.649214 
0.012446 -0.269433 -0.333384 0.674912 0.308941 -0.446939 
0.007575 -0.332363 -0.399794 0.656422 0.312159 -0.305005 
0.004035 -0.385018 -0.466692 0.633674 0.310787 -0.226043 
0.001408 -0.419373 -0.544111 0.604437 0.304651 -0.187850 
0.052514 -0.444188 -0.618592 0.555247 0.294644 -0.170033 
0.421683 -0.462049 -0.683587 0.500921 0.280263 -0.162688 
0.678043 -0.475013 -0.737471 0.419590 0.251483 -0.162914 
0.711212 -0.486189 -0.775459 0.329359 0.217832 -0.168132 
0.711209 -0.492759 -0.805185 0.244854 0.146867 -0.177492 
0.709077 -0.479981 -0.823661 0.175011 0.077452 -0.188041 
0.706357 -0.318663 -0.835799 0.124308 -0.018536 -0.213157 
0.702837 -0.072674 -0.843830 0.088478 -0.100120 -0.239002 
0.698235 0.113352 -0.849758 0.059814 -0.200853 -0.276865 
0.692090 0.217218 -0.847879 0.040122 -0.274358 -0.322972 
0.683758 0.272267 -0.801917 0.027038 -0.338755 -0.389566 
0.672317 0.298962 -0.636960 0.017382 -0.384627 -0.470017 
0.656361 0.309046 -0.427533 0.010705 -0.418346 -0.544437 
0.633051 0.312228 -0.292758 0.006058 -0.444494 -0.618720 
0.600217 0.309737 -0.220056 0.014829 -0.462635 -0.679619 
0.555148 0.304278 -0.185107 0.083965 -0.475042 -0.731423 
0.496226 0.294231 -0.168542 0.289528 -0.484324 -0.771200 
0.424580 0.280023 -0.162642 0.487557 -0.490625 -0.798052 
0.345178 0.257829 -0.161945 0.596137 -0.492622 -0.817817 
0.265986 0.227967 -0.165096 0.652825 -0.460795 -0.829962 
0.195092 0.183733 -0.173587 0.680726 -0.283432 -0.839680 
0.137634 0.126875 -0.182383 0.691888 -0.018558 -0.846496 
0.094665 0.063457 -0.194775 0.695434 0.147090 -0.851315 
0.064252 -0.025710 -0.212098 0.694688 0.238332 -0.846032 
0.043344 -0.117018 -0.243816 0.690920 0.282440 -0.807185 
0.029080 -0.198930 -0.289776 0.684691 0.303050 -0.586733 
0.019280 -0.280322 -0.339666 0.671129 0.311538 -0.388859 
0.012441 -0.337808 -0.411732 0.654530 0.313473 -0.271492 
0.007572 -0.387741 -0.491581 0.626104 0.310266 -0.209431 
0.004033 -0.420734 -0.565742 0.592139 0.304391 -0.179783 
0.031393 -0.448069 -0.636215 0.549098 0.293361 -0.166300 
0.220243 -0.465261 -0.692399 0.479412 0.276223 -0.163385 
0.581450 -0.477913 -0.741890 0.408835 0.253934 -0.163262 
0.690501 -0.485547 -0.776424 0.339807 0.218964 -0.166969 
0.711212 -0.492042 -0.801261 0.268586 0.176156 -0.173951 
0.708984 -0.491273 -0.819416 0.199828 0.104040 -0.186270 
0.706113 -0.459348 -0.831731 0.146885 0.036215 -0.199995 
0.702346 -0.234048 -0.840943 0.103918 -0.052980 -0.225555 
0.697375 0.012445 -0.847177 0.070572 -0.140165 -0.256607 
0.690659 0.166432 -0.850868 0.048317 -0.220876 -0.303166 
0.681466 0.247436 -0.839259 0.032104 -0.303330 -0.358961 
0.668783 0.286779 -0.763891 0.021665 -0.358458 -0.431160 
0.649976 0.306218 -0.523881 0.014735 -0.398899 -0.506256 
0.622751 0.312121 -0.352530 0.008711 -0.428675 -0.583038 
0.584145 0.312855 -0.251282 0.007089 -0.451354 -0.651133 
0.531383 0.307272 -0.199671 0.038373 -0.466944 -0.707599 
0.463713 0.300309 -0.174904 0.216465 -0.479381 -0.754668 
0.384322 0.286469 -0.164349 0.415227 -0.487909 -0.785416 
0.300734 0.271241 -0.162144 0.555676 -0.493632 -0.807434 
0.222436 0.246956 -0.164109 0.633319 -0.483291 -0.824264 
0.156923 0.202198 -0.169430 0.670974 -0.402497 -0.835524 
0.107124 0.147945 -0.175754 0.687011 -0.158236 -0.843893 
0.071810 0.084296 -0.188483 0.693865 0.063865 -0.849477 
0.047745 -0.000431 -0.204792 0.694976 0.193765 -0.848250 
0.031572 -0.085343 -0.232164 0.692536 0.260963 -0.808294 
0.020654 -0.183093 -0.272054 0.683817 0.292636 -0.675498 
0.013166 -0.262938 -0.330722 0.675176 0.306736 -0.460081 
0.007922 -0.329116 -0.391140 0.663028 0.311056 -0.311576 
0.004166 -0.376225 -0.462365 0.636978 0.310236 -0.229329 
0.001415 -0.414976 -0.541948 0.606089 0.305962 -0.189493 
0.001411 -0.441989 -0.617511 0.556072 0.295300 -0.170855 
0.031393 -0.460950 -0.683047 0.501334 0.280591 -0.163099 
0.220243 -0.474464 -0.729368 0.437619 0.259454 -0.162289 
0.581450 -0.483140 -0.766094 0.365100 0.235216 -0.165255 
0.690501 -0.490253 -0.792613 0.302096 0.201879 -0.169290 
0.711212 -0.494557 -0.811996 0.237570 0.155360 -0.179086 
0.709080 -0.480880 -0.825788 0.179149 0.093642 -0.188838 
0.706361 -0.402399 -0.835807 0.126377 0.011083 -0.201279 
0.702870 -0.176122 -0.842981 0.089175 -0.079360 -0.233063 
0.698298 0.041408 -0.849056 0.063194 -0.169502 -0.273939 
0.692211 0.181246 -0.850924 0.043690 -0.247736 -0.321510 
0.683994 0.254321 -0.825217 0.029467 -0.316760 -0.388836 
0.672788 0.289989 -0.711635 0.018924 -0.369970 -0.458167 
