0.357500 0.000000 0.000000 0.000000 0.000000 0.000000 
0.357500 0.000000 0.000000 0.000000 0.000000 0.000000 
-0.009420 0.000000 0.000000 0.000000 0.000000 0.000000 
0.724576 0.000000 0.000000 0.000000 0.000000 0.000000 
0.640965 0.000000 0.000000 0.000000 0.000000 0.000000 
0.001386 0.000000 0.000000 0.000000 0.000000 0.000000 
0.001386 0.000000 0.000000 0.000000 0.000000 0.000000 
0.001386 0.000000 0.000000 0.000000 0.000000 0.000000 
0.001386 0.000000 0.000000 0.000000 0.000000 0.000000 
0.001386 0.000000 0.000000 0.000000 0.000000 0.000000 
0.001386 0.000000 0.000000 0.000000 0.000000 0.000000 
0.001386 0.000000 0.000000 0.000000 0.000000 0.000000 
0.001386 0.000000 0.000000 0.000000 0.000000 0.000000 
0.001386 0.000000 0.000000 0.000000 0.000000 0.000000 
0.001386 0.000000 0.000000 0.000000 0.000000 0.000000 
0.001386 0.000000 0.000000 0.000000 0.000000 0.000000 
0.001386 0.000000 0.000000 0.000000 0.000000 0.000000 
0.001386 0.000000 0.000000 0.000000 0.000000 0.000000 
0.001386 0.000000 0.000000 0.000000 0.000000 0.000000 
0.001386 0.000000 0.000000 0.000000 0.000000 0.000000 
0.001386 0.000000 0.000000 0.000000 0.000000 0.000000 
0.001386 0.000000 0.000000 0.000000 0.000000 0.000000 
0.001386 0.000000 0.000000 0.000000 0.000000 0.000000 
0.001386 0.000000 0.000000 0.000000 0.000000 0.000000 
0.001386 0.000000 0.000000 0.000000 0.000000 0.000000 
0.001386 0.000000 0.000000 0.000000 0.000000 0.000000 
0.711202 0.000000 0.000000 0.000000 0.000000 0.000000 
0.711202 0.000000 0.000000 0.000000 0.000000 0.000000 
0.711202 0.000000 0.000000 0.000000 0.000000 0.000000 
0.711202 0.000000 0.000000 0.000000 0.000000 0.000000 
0.711202 0.000000 0.000000 0.000000 0.000000 0.000000 
0.708628 0.000000 0.000000 0.000000 0.000000 0.000000 
0.705184 -0.089458 -0.676396 -0.240468 -0.423932 -0.434540 
0.700469 0.118969 -0.749691 -0.112613 -0.404857 -0.445352 
0.694500 0.222313 -0.673872 -0.052443 -0.414019 -0.486425 
0.685216 0.270722 -0.529730 -0.023386 -0.430055 -0.552641 
0.671530 0.293348 -0.341931 -0.010988 -0.450314 -0.624270 
0.650987 0.301601 -0.244650 0.000330 -0.463718 -0.682397 
0.620006 0.304424 -0.196012 0.024987 -0.474216 -0.723237 
0.573872 0.298885 -0.173492 0.142353 -0.483018 -0.753232 
0.509020 0.291534 -0.163643 0.348811 -0.488743 -0.782105 
0.425850 0.278674 -0.160193 0.511367 -0.492835 -0.802577 
0.331834 0.257155 -0.160720 0.607620 -0.493872 -0.818183 
0.240075 0.230882 -0.163398 0.658816 -0.483411 -0.829638 
0.162846 0.194161 -0.169074 0.683722 -0.402557 -0.838211 
0.105658 0.153936 -0.175577 0.693385 -0.158266 -0.844768 
0.066989 0.087291 -0.188394 0.697605 0.058317 -0.849532 
0.042070 0.007165 -0.204747 0.696846 0.190991 -0.849678 
0.026204 -0.081545 -0.226531 0.693471 0.259503 -0.836262 
0.015981 -0.163942 -0.266728 0.687826 0.292577 -0.705448 
0.009232 -0.253362 -0.328060 0.677181 0.307547 -0.500408 
0.004648 -0.324328 -0.389808 0.664031 0.311996 -0.331739 
0.001442 -0.371362 -0.449657 0.646009 0.311398 -0.239280 
0.001436 -0.408581 -0.523150 0.610604 0.306544 -0.193973 
0.001431 -0.436577 -0.594595 0.558330 0.297603 -0.172475 
0.001426 -0.457162 -0.660799 0.513302 0.284907 -0.163909 
0.001422 -0.471956 -0.712537 0.452421 0.265652 -0.162190 
0.031447 -0.481886 -0.751955 0.395340 0.238315 -0.162664 
0.220533 -0.486851 -0.781457 0.333060 0.218183 -0.166670 
0.581647 -0.490016 -0.796208 0.286102 0.201089 -0.168672 
0.690541 -0.493691 -0.807670 0.250889 0.167219 -0.172466 
0.711224 -0.490899 -0.821290 0.205618 0.118607 -0.180674 
0.709095 -0.479051 -0.831713 0.153901 0.050626 -0.189632 
0.706379 -0.316043 -0.840273 0.113754 -0.031949 -0.218982 
0.702857 -0.071364 -0.846341 0.080390 -0.106827 -0.241914 
0.698235 0.117770 -0.851013 0.055770 -0.204207 -0.278365 
0.692090 0.219427 -0.849669 0.037417 -0.276035 -0.346561 
0.683758 0.273412 -0.802812 0.024321 -0.339594 -0.401362 
0.672317 0.299535 -0.637408 0.016024 -0.385046 -0.476103 
0.656505 0.309332 -0.438375 0.010026 -0.418586 -0.558008 
0.633234 0.311478 -0.298180 0.005718 -0.444579 -0.626954 
0.600447 0.309363 -0.222777 0.027681 -0.463514 -0.689926 
0.555428 0.304091 -0.186468 0.123008 -0.476537 -0.736577 
0.496547 0.294137 -0.169223 0.297448 -0.485502 -0.770873 
0.424920 0.279976 -0.162983 0.485686 -0.491215 -0.796961 
0.345505 0.257805 -0.162115 0.594779 -0.493062 -0.815376 
0.266268 0.231207 -0.164095 0.652395 -0.483006 -0.828742 
0.195312 0.194324 -0.169423 0.680512 -0.370933 -0.838789 
0.137791 0.144007 -0.175751 0.691780 -0.103537 -0.845525 
0.094770 0.082327 -0.188481 0.696250 0.085681 -0.850293 
0.064320 -0.001415 -0.204791 0.696168 0.204673 -0.850059 
0.043387 -0.085836 -0.232163 0.693132 0.266417 -0.819178 
0.029107 -0.166087 -0.269545 0.685797 0.296034 -0.680941 
0.019298 -0.254435 -0.329468 0.676166 0.308436 -0.453169 
0.012453 -0.324864 -0.390512 0.663523 0.312440 -0.308120 
0.007580 -0.374100 -0.462051 0.637225 0.310928 -0.227458 
0.004039 -0.409950 -0.529347 0.606212 0.306308 -0.188062 
0.001411 -0.439476 -0.597693 0.556134 0.295473 -0.170139 
0.001407 -0.458612 -0.662349 0.512204 0.283842 -0.162741 
0.031374 -0.473295 -0.719019 0.443054 0.265120 -0.162110 
0.220149 -0.482555 -0.755196 0.390657 0.238048 -0.162625 
0.581389 -0.487185 -0.783077 0.330718 0.218049 -0.166650 
0.690489 -0.492276 -0.801105 0.284905 0.193296 -0.171455 
0.711209 -0.495569 -0.816242 0.222627 0.151069 -0.180168 
0.709165 -0.481386 -0.829189 0.171677 0.079553 -0.189379 
0.706583 -0.402652 -0.837508 0.122642 -0.003696 -0.213826 
0.703276 -0.176249 -0.844958 0.087307 -0.086749 -0.239336 
0.699009 0.041345 -0.850044 0.059228 -0.173197 -0.277076 
0.693387 0.181214 -0.851418 0.041708 -0.249583 -0.323078 
0.685879 0.254306 -0.825464 0.028475 -0.317683 -0.389621 
0.675733 0.289981 -0.711758 0.018428 -0.370432 -0.458559 
0.661933 0.304556 -0.475551 0.012049 -0.411279 -0.538708 
0.641858 0.310265 -0.319838 0.007012 -0.438702 -0.617304 
0.613815 0.310060 -0.233603 0.015306 -0.457913 -0.678913 
0.575314 0.305874 -0.190831 0.058634 -0.472681 -0.725044 
0.524347 0.295029 -0.171404 0.265262 -0.482250 -0.765107 
0.460675 0.283829 -0.164074 0.463714 -0.489344 -0.791651 
0.387105 0.259732 -0.162130 0.583794 -0.494348 -0.812721 
0.309654 0.241202 -0.164102 0.647201 -0.483649 -0.826907 
0.235899 0.199321 -0.169427 0.677914 -0.402676 -0.836846 
0.172240 0.156516 -0.175753 0.690481 -0.158326 -0.843849 
0.121849 0.088581 -0.185804 0.696765 0.058287 -0.849072 
0.084540 0.007810 -0.203452 0.696426 0.190976 -0.849449 
0.058086 -0.081223 -0.225884 0.693261 0.259937 -0.818873 
0.039715 -0.163780 -0.266405 0.687721 0.292794 -0.696754 
0.026999 -0.236779 -0.327898 0.677128 0.307656 -0.461076 
0.018121 -0.316036 -0.389727 0.664005 0.312051 -0.312073 
0.011825 -0.369686 -0.449616 0.645995 0.310733 -0.229447 
0.007276 -0.407743 -0.523129 0.622292 0.306211 -0.189056 
0.003925 -0.436157 -0.594585 0.564174 0.297437 -0.170016 
0.001410 -0.456953 -0.660794 0.516224 0.284824 -0.162680 
0.031388 -0.471851 -0.712534 0.453882 0.265611 -0.162080 
0.220221 -0.481208 -0.751954 0.396071 0.242693 -0.162609 
0.581438 -0.486512 -0.781456 0.333425 0.220372 -0.166642 
0.690499 -0.491939 -0.800294 0.286259 0.194457 -0.169984 
0.711212 -0.495401 -0.815836 0.229651 0.151649 -0.175458 
0.709168 -0.481302 -0.827708 0.175189 0.091786 -0.187024 
0.706587 -0.402610 -0.836767 0.127485 0.010155 -0.200372 
0.703309 -0.176228 -0.843461 0.089729 -0.079824 -0.232609 
0.699069 0.041355 -0.849296 0.063471 -0.169734 -0.273713 
0.693502 0.181220 -0.851044 0.043829 -0.247852 -0.321397 
0.686101 0.254308 -0.837015 0.029536 -0.316818 -0.388780 
0.676169 0.289983 -0.717534 0.018959 -0.369999 -0.458139 
0.661933 0.304556 -0.500702 0.012315 -0.411062 -0.538498 
0.641851 0.310266 -0.332413 0.007144 -0.438594 -0.605207 
0.613799 0.310060 -0.240575 0.009396 -0.457859 -0.672865 
0.575285 0.305874 -0.194317 0.055679 -0.472653 -0.722019 
0.524301 0.299610 -0.172644 0.263798 -0.482236 -0.761878 
0.460613 0.286119 -0.163219 0.451929 -0.489337 -0.790036 
0.387030 0.271067 -0.161070 0.577603 -0.494344 -0.811913 
0.309573 0.246869 -0.163572 0.644282 -0.483648 -0.826503 
0.235822 0.215137 -0.169162 0.676455 -0.402675 -0.836153 
0.172174 0.164423 -0.175620 0.689752 -0.158325 -0.843503 
0.121798 0.092535 -0.185738 0.696400 0.058287 -0.848899 
0.084503 0.009787 -0.203419 0.696244 0.190976 -0.849362 
0.058059 -0.080235 -0.225867 0.693170 0.259937 -0.818830 
0.039697 -0.163286 -0.266397 0.687676 0.292794 -0.696732 
0.026986 -0.236532 -0.327894 0.677105 0.307656 -0.461065 
0.018111 -0.315913 -0.389725 0.663993 0.312051 -0.312068 
0.011818 -0.369624 -0.449615 0.645990 0.310733 -0.229444 
0.007271 -0.407712 -0.523129 0.622289 0.306211 -0.189055 
0.003922 -0.436142 -0.594584 0.564172 0.297437 -0.170016 
0.031393 -0.456945 -0.660794 0.516224 0.284824 -0.162679 
0.220243 -0.471847 -0.712534 0.453882 0.265611 -0.162080 
0.581450 -0.481831 -0.751954 0.373232 0.238294 -0.162609 
0.690501 -0.487506 -0.781456 0.306188 0.203418 -0.167967 
0.711212 -0.493022 -0.805043 0.239615 0.156130 -0.174450 
0.709080 -0.490564 -0.821307 0.185343 0.094026 -0.186520 
0.706361 -0.436343 -0.833567 0.134598 0.031208 -0.200120 
0.702837 -0.222545 -0.841861 0.097775 -0.055483 -0.225617 
0.698227 0.018196 -0.847636 0.067500 -0.141417 -0.262388 
0.692059 0.169307 -0.851098 0.046781 -0.233693 -0.306056 
0.683670 0.248874 -0.839374 0.031336 -0.309738 -0.369624 
0.672090 0.287498 -0.763948 0.020489 -0.361662 -0.436492 
0.655952 0.303314 -0.523910 0.013079 -0.403877 -0.516747 
0.633234 0.310669 -0.352544 0.007883 -0.435002 -0.588283 
0.600447 0.312129 -0.250640 0.009766 -0.456062 -0.653755 
0.555428 0.306909 -0.199350 0.039711 -0.469298 -0.708911 
0.496547 0.300127 -0.175160 0.217134 -0.480559 -0.755323 
0.424920 0.286378 -0.164477 0.428597 -0.488498 -0.786759 
0.345505 0.271196 -0.162208 0.562361 -0.493926 -0.808106 
0.266268 0.246934 -0.164142 0.636662 -0.483438 -0.824600 
0.195312 0.215169 -0.169446 0.672645 -0.402571 -0.835692 
0.137791 0.164440 -0.175762 0.687847 -0.158273 -0.843509 
0.094770 0.092543 -0.188487 0.694283 0.058313 -0.849285 
0.064320 0.009791 -0.204794 0.695185 0.190989 -0.849555 
0.043387 -0.080232 -0.232165 0.692640 0.259575 -0.818926 
0.029107 -0.163285 -0.269545 0.685551 0.292613 -0.696780 
0.019298 -0.253034 -0.329468 0.676043 0.306725 -0.461089 
0.012453 -0.324164 -0.390513 0.663462 0.311585 -0.312080 
0.007580 -0.373749 -0.462051 0.637194 0.310500 -0.229438 
0.004039 -0.409775 -0.529347 0.606197 0.306095 -0.189052 
0.001411 -0.439389 -0.597693 0.556127 0.295366 -0.170634 
0.001407 -0.458568 -0.662349 0.512201 0.283788 -0.162988 
0.031374 -0.473273 -0.719019 0.443052 0.265093 -0.162234 
0.220149 -0.482544 -0.755196 0.390656 0.238035 -0.162687 
0.581389 -0.487180 -0.783077 0.330718 0.218043 -0.166681 
0.690489 -0.492273 -0.801105 0.284905 0.193292 -0.171470 
0.711209 -0.495568 -0.816242 0.222626 0.151067 -0.180176 
0.709165 -0.481385 -0.829189 0.171677 0.079552 -0.189383 
0.706583 -0.402652 -0.837508 0.122642 -0.003697 -0.213828 
0.703276 -0.176249 -0.844958 0.087307 -0.086749 -0.239337 
0.699009 0.041345 -0.850044 0.059228 -0.173197 -0.277077 
0.693387 0.181214 -0.851418 0.041708 -0.249583 -0.323079 
0.685879 0.254306 -0.825464 0.028475 -0.317683 -0.389621 
0.675733 0.289981 -0.711758 0.018428 -0.370432 -0.458559 
0.661933 0.304556 -0.475551 0.012049 -0.411279 -0.538708 
0.641858 0.310265 -0.319838 0.007012 -0.438702 -0.617304 
0.613815 0.310060 -0.233603 0.015306 -0.457913 -0.678913 
0.575314 0.305874 -0.190831 0.058634 -0.472681 -0.725044 
0.524347 0.295029 -0.171404 0.265262 -0.482250 -0.765107 
0.460675 0.283829 -0.164074 0.463714 -0.489344 -0.791651 
0.387105 0.259732 -0.162130 0.583794 -0.494348 -0.812721 
0.309654 0.241202 -0.164102 0.647201 -0.483649 -0.826907 
0.235899 0.199321 -0.169427 0.677914 -0.402676 -0.836846 
0.172240 0.156516 -0.175753 0.690481 -0.158326 -0.843849 
0.121849 0.088581 -0.185804 0.696765 0.058287 -0.849072 
0.084540 0.007810 -0.203452 0.696426 0.190976 -0.849449 
0.058086 -0.081223 -0.225884 0.693261 0.259937 -0.818873 
0.039715 -0.163780 -0.266405 0.687721 0.292794 -0.696754 
0.026999 -0.236779 -0.327898 0.677128 0.307656 -0.461076 
0.018121 -0.316036 -0.389727 0.664005 0.312051 -0.312073 
0.011825 -0.369686 -0.449616 0.645995 0.310733 -0.229447 
0.007276 -0.407743 -0.523129 0.622292 0.306211 -0.189056 
0.003925 -0.436157 -0.594585 0.564174 0.297437 -0.170016 
0.031407 -0.456953 -0.660794 0.516224 0.284824 -0.162680 
0.220318 -0.471851 -0.712534 0.453882 0.265611 -0.162080 
0.581500 -0.481833 -0.751954 0.373232 0.238294 -0.162609 
0.690511 -0.487507 -0.781456 0.306188 0.203418 -0.167967 
0.711215 -0.493022 -0.805043 0.239616 0.156130 -0.174450 
0.711212 -0.490564 -0.821307 0.185343 0.094026 -0.186520 
0.709080 -0.436343 -0.833567 0.134598 0.031208 -0.200120 
0.706361 -0.222545 -0.841861 0.095308 -0.055483 -0.225617 
0.702870 0.018196 -0.847636 0.066267 -0.141417 -0.262388 
0.698298 0.169307 -0.851098 0.046164 -0.233693 -0.306056 
0.692211 0.248874 -0.839374 0.031028 -0.309738 -0.369624 
0.683994 0.287498 -0.763948 0.020334 -0.361662 -0.436492 
0.672788 0.303314 -0.523910 0.013002 -0.403877 -0.516747 
0.656361 0.310669 -0.352544 0.007844 -0.435002 -0.588283 
0.633051 0.312129 -0.250640 0.009746 -0.456062 -0.653755 
0.600217 0.306909 -0.199350 0.039701 -0.469298 -0.708911 
0.555148 0.300127 -0.175160 0.217129 -0.480559 -0.755323 
0.496226 0.286378 -0.164477 0.428595 -0.488498 -0.786759 
0.424580 0.271196 -0.161699 0.562360 -0.493925 -0.808106 
0.345178 0.246934 -0.162344 0.636661 -0.483438 -0.823327 
0.265986 0.215169 -0.166967 0.673000 -0.421574 -0.834565 
0.195092 0.164440 -0.174523 0.690814 -0.167775 -0.842709 
0.137634 0.117228 -0.185189 0.696931 0.053562 -0.848502 
0.094665 0.031727 -0.203145 0.697956 0.186942 -0.852541 
0.064252 -0.041574 -0.225730 0.694026 0.257920 -0.820419 
0.043344 -0.143956 -0.260999 0.688104 0.292241 -0.697527 
0.029080 -0.226867 -0.298368 0.677319 0.307380 -0.461462 
0.019280 -0.311080 -0.374962 0.664100 0.312983 -0.312266 
0.012441 -0.364738 -0.442234 0.646043 0.313273 -0.229543 
0.007572 -0.405269 -0.519438 0.622315 0.307481 -0.188767 
0.004033 -0.434921 -0.592739 0.590245 0.298072 -0.169872 
0.001407 -0.456334 -0.659871 0.529260 0.285141 -0.161870 
0.022070 -0.469394 -0.712073 0.460400 0.265770 -0.161171 
0.120791 -0.479980 -0.751723 0.399330 0.248707 -0.162155 
0.421562 -0.485898 -0.777272 0.345956 0.223379 -0.165188 
0.640013 -0.489539 -0.794115 0.292550 0.203687 -0.169256 
0.696335 -0.493452 -0.810106 0.244957 0.168518 -0.175095 
0.709076 -0.491978 -0.824089 0.188008 0.119256 -0.181988 
0.706357 -0.459700 -0.834067 0.140977 0.050951 -0.197854 
0.702837 -0.306368 -0.841935 0.100965 -0.031786 -0.223093 
0.698235 -0.066526 -0.847539 0.071250 -0.129569 -0.255376 
0.692090 0.120188 -0.851707 0.051200 -0.215577 -0.294852 
0.683758 0.224315 -0.848853 0.035132 -0.281720 -0.354804 
0.672317 0.275218 -0.802404 0.023179 -0.342729 -0.423113 
0.656505 0.300438 -0.593996 0.014821 -0.391011 -0.502232 
0.633241 0.309784 -0.394384 0.009259 -0.424731 -0.571073 
0.600464 0.311040 -0.274258 0.007233 -0.449381 -0.645150 
0.555460 0.309143 -0.210816 0.028439 -0.466748 -0.699024 
0.496597 0.301245 -0.180487 0.144079 -0.478154 -0.741126 
0.424986 0.292714 -0.167141 0.349674 -0.486311 -0.776052 
0.345581 0.274364 -0.163026 0.511799 -0.492226 -0.802752 
0.266345 0.253718 -0.163282 0.610639 -0.489259 -0.820166 
0.195380 0.211147 -0.167436 0.660063 -0.435548 -0.832195 
0.137846 0.166191 -0.174758 0.684346 -0.270809 -0.841524 
0.094811 0.106175 -0.185020 0.693697 -0.006024 -0.847741 
0.064349 0.026201 -0.200780 0.696339 0.153357 -0.852162 
0.043407 -0.057929 -0.224680 0.694159 0.241121 -0.837504 
0.029121 -0.146033 -0.260474 0.688170 0.283834 -0.763893 
0.019308 -0.227905 -0.298105 0.679949 0.303747 -0.565087 
0.012460 -0.294809 -0.356263 0.668758 0.311167 -0.378036 
0.007585 -0.356603 -0.420031 0.648372 0.310983 -0.266080 
0.004042 -0.397138 -0.495731 0.623025 0.307217 -0.207041 
0.001414 -0.428885 -0.577117 0.590600 0.300354 -0.178588 
0.001410 -0.452145 -0.651889 0.531646 0.289016 -0.166229 
0.031388 -0.467902 -0.713019 0.470686 0.274050 -0.163350 
0.220221 -0.479234 -0.752200 0.404473 0.252847 -0.163244 
0.581438 -0.485525 -0.777511 0.348527 0.225449 -0.165733 
0.690499 -0.491445 -0.798321 0.293810 0.196995 -0.169529 
0.711212 -0.495154 -0.814850 0.227079 0.152919 -0.179205 
0.709168 -0.481178 -0.828493 0.173903 0.080478 -0.188898 
0.706587 -0.402548 -0.837160 0.123755 -0.003234 -0.213585 
0.703276 -0.176197 -0.844784 0.087863 -0.086518 -0.239216 
0.699009 0.041371 -0.849957 0.059506 -0.173082 -0.277016 
0.693387 0.181227 -0.851375 0.041847 -0.249525 -0.323048 
0.685879 0.254312 -0.825443 0.028545 -0.317654 -0.389606 
0.675733 0.289985 -0.711748 0.018463 -0.370418 -0.458552 
0.661933 0.304557 -0.475545 0.012067 -0.411271 -0.538704 
0.641858 0.310266 -0.319835 0.007020 -0.438699 -0.617302 
0.613815 0.310060 -0.233602 0.015310 -0.457911 -0.678913 
0.575314 0.305875 -0.190831 0.058636 -0.472680 -0.725043 
0.524347 0.295029 -0.171404 0.265263 -0.482249 -0.765107 
0.460675 0.283829 -0.164073 0.463715 -0.489343 -0.791651 
0.387105 0.259732 -0.162129 0.583794 -0.494348 -0.812721 
0.309654 0.241202 -0.164102 0.647201 -0.483649 -0.826907 
0.235899 0.199321 -0.169426 0.677914 -0.402676 -0.836846 
0.172240 0.156516 -0.175753 0.690481 -0.158326 -0.843849 
0.121849 0.088581 -0.185804 0.696765 0.058287 -0.849072 
0.084540 0.007810 -0.203452 0.696426 0.190976 -0.849449 
0.058086 -0.081223 -0.225884 0.693261 0.259937 -0.818873 
0.039715 -0.163780 -0.266405 0.687721 0.292794 -0.696754 
0.026999 -0.236779 -0.327898 0.677128 0.307656 -0.461076 
0.018121 -0.316036 -0.389727 0.664005 0.312051 -0.312073 
0.011825 -0.369686 -0.449616 0.645995 0.310733 -0.229447 
0.007276 -0.407743 -0.523129 0.622292 0.306211 -0.189056 
0.003925 -0.436157 -0.594585 0.564174 0.297437 -0.170016 
0.031407 -0.456953 -0.660794 0.516224 0.284824 -0.162680 
0.220318 -0.471851 -0.712534 0.453882 0.265611 -0.162080 
0.581500 -0.481833 -0.751954 0.373232 0.238294 -0.162609 
0.690511 -0.487507 -0.781456 0.306188 0.203418 -0.167967 
0.711215 -0.493022 -0.805043 0.239616 0.156130 -0.174450 
0.709084 -0.490564 -0.821307 0.185343 0.094026 -0.186520 
0.706366 -0.436343 -0.833567 0.134598 0.031208 -0.200120 
0.702842 -0.222545 -0.841861 0.095308 -0.055483 -0.225617 
0.698235 0.018196 -0.847636 0.066267 -0.141417 -0.262388 
0.692090 0.169307 -0.851098 0.046164 -0.233693 -0.306056 
0.683758 0.248874 -0.839374 0.031028 -0.309738 -0.369624 
0.672317 0.287498 -0.763948 0.020334 -0.361662 -0.436492 
0.656505 0.303314 -0.523910 0.013002 -0.403877 -0.516747 
0.633234 0.310669 -0.352544 0.007844 -0.435002 -0.588283 
0.600447 0.312129 -0.250640 0.009746 -0.456062 -0.653755 
0.555428 0.306909 -0.199350 0.039701 -0.469298 -0.708911 
0.496547 0.300127 -0.175160 0.217129 -0.480559 -0.755323 
0.424920 0.286378 -0.164477 0.428595 -0.488498 -0.786759 
0.345505 0.271196 -0.162208 0.562360 -0.493925 -0.808106 
0.266268 0.246934 -0.164142 0.636661 -0.483438 -0.824600 
0.195312 0.215169 -0.169446 0.672645 -0.402570 -0.835692 
0.137791 0.164440 -0.175762 0.687847 -0.158273 -0.843509 
0.094770 0.092543 -0.188487 0.694283 0.058313 -0.849285 
0.064320 0.009791 -0.204794 0.695185 0.190989 -0.849555 
0.043387 -0.080232 -0.232165 0.692640 0.259575 -0.818926 
0.029107 -0.163285 -0.269545 0.685551 0.292613 -0.696780 
0.019298 -0.253034 -0.329468 0.676043 0.306725 -0.461089 
0.012453 -0.324164 -0.390513 0.663462 0.311585 -0.312080 
0.007580 -0.373749 -0.462051 0.637194 0.310500 -0.229438 
0.004039 -0.409775 -0.529347 0.606197 0.306095 -0.189052 
0.001411 -0.439389 -0.597693 0.556127 0.295366 -0.170634 
0.001407 -0.458568 -0.662349 0.512201 0.283788 -0.162988 
0.031374 -0.473273 -0.719019 0.443052 0.265093 -0.162234 
0.220149 -0.482544 -0.755196 0.390656 0.238035 -0.162687 
0.581389 -0.487180 -0.783077 0.330718 0.218043 -0.166681 
0.690489 -0.492273 -0.801105 0.284905 0.193292 -0.171470 
0.711209 -0.495568 -0.816242 0.222626 0.151067 -0.180176 
0.709165 -0.481385 -0.829189 0.171677 0.079552 -0.189383 
0.706583 -0.402652 -0.837508 0.122642 -0.003697 -0.213828 
0.703276 -0.176249 -0.844958 0.087307 -0.086749 -0.239337 
0.699009 0.041345 -0.850044 0.059228 -0.173197 -0.277077 
0.693387 0.181214 -0.851418 0.041708 -0.249583 -0.323079 
0.685879 0.254306 -0.825464 0.028475 -0.317683 -0.389621 
0.675733 0.289981 -0.711758 0.018428 -0.370432 -0.458559 
0.661933 0.304556 -0.475551 0.012049 -0.411279 -0.538708 
0.641858 0.310265 -0.319838 0.007012 -0.438702 -0.617304 
0.613815 0.310060 -0.233603 0.015306 -0.457913 -0.678913 
0.575314 0.305874 -0.190831 0.058634 -0.472681 -0.725044 
0.524347 0.295029 -0.171404 0.265262 -0.482250 -0.765107 
0.460675 0.283829 -0.164074 0.463714 -0.489344 -0.791651 
0.387105 0.259732 -0.162130 0.583794 -0.494348 -0.812721 
0.309654 0.241202 -0.164102 0.647201 -0.483649 -0.826907 
0.235899 0.199321 -0.169427 0.677914 -0.402676 -0.836846 
0.172240 0.156516 -0.175753 0.690481 -0.158326 -0.843849 
0.121849 0.088581 -0.185804 0.696765 0.058287 -0.849072 
0.084540 0.007810 -0.203452 0.696426 0.190976 -0.849449 
0.058086 -0.081223 -0.225884 0.693261 0.259937 -0.818873 
0.039715 -0.163780 -0.266405 0.687721 0.292794 -0.696754 
0.026999 -0.236779 -0.327898 0.677128 0.307656 -0.461076 
0.018121 -0.316036 -0.389727 0.664005 0.312051 -0.312073 
0.011825 -0.369686 -0.449616 0.645995 0.310733 -0.229447 
0.007276 -0.407743 -0.523129 0.622292 0.306211 -0.189056 
0.003925 -0.436157 -0.594585 0.564174 0.297437 -0.170016 
0.031407 -0.456953 -0.660794 0.516224 0.284824 -0.162680 
0.220318 -0.471851 -0.712534 0.453882 0.265611 -0.162080 
0.581500 -0.481833 -0.751954 0.373232 0.238294 -0.162609 
0.690511 -0.487507 -0.781456 0.306188 0.203418 -0.167967 
0.711215 -0.493022 -0.805043 0.239616 0.156130 -0.174450 
0.711212 -0.490564 -0.821307 0.185343 0.094026 -0.186520 
0.709080 -0.436343 -0.833567 0.134598 0.031208 -0.200120 
0.706361 -0.222545 -0.841861 0.095308 -0.055483 -0.225617 
0.702870 0.018196 -0.847636 0.066267 -0.141417 -0.262388 
0.698298 0.169307 -0.851098 0.046164 -0.233693 -0.306056 
0.692211 0.248874 -0.839374 0.031028 -0.309738 -0.369624 
0.683994 0.287498 -0.763948 0.020334 -0.361662 -0.436492 
0.672788 0.303314 -0.523910 0.013002 -0.403877 -0.516747 
0.656361 0.310669 -0.352544 0.007844 -0.435002 -0.588283 
0.633051 0.312129 -0.250640 0.009746 -0.456062 -0.653755 
0.600217 0.306909 -0.199350 0.039701 -0.469298 -0.708911 
0.555148 0.300127 -0.175160 0.217129 -0.480559 -0.755323 
0.496226 0.286378 -0.164477 0.428595 -0.488498 -0.786759 
0.424580 0.271196 -0.161699 0.562360 -0.493925 -0.808106 
0.345178 0.246934 -0.162344 0.636661 -0.483438 -0.823327 
0.265986 0.215169 -0.166967 0.673000 -0.421574 -0.834565 
0.195092 0.164440 -0.174523 0.690814 -0.167775 -0.842709 
0.137634 0.117228 -0.185189 0.696931 0.053562 -0.848502 
0.094665 0.031727 -0.203145 0.697956 0.186942 -0.852541 
0.064252 -0.041574 -0.225730 0.694026 0.257920 -0.820419 
0.043344 -0.143956 -0.260999 0.688104 0.292241 -0.697527 
0.029080 -0.226867 -0.298368 0.677319 0.307380 -0.461462 
0.019280 -0.311080 -0.374962 0.664100 0.312983 -0.312266 
0.012441 -0.364738 -0.442234 0.646043 0.313273 -0.229543 
0.007572 -0.405269 -0.519438 0.622315 0.307481 -0.188767 
0.004033 -0.434921 -0.592739 0.590245 0.298072 -0.169872 
0.001407 -0.456334 -0.659871 0.529260 0.285141 -0.161870 
0.022070 -0.469394 -0.712073 0.460400 0.265770 -0.161171 
0.120791 -0.479980 -0.751723 0.399330 0.248707 -0.162155 
0.421562 -0.485898 -0.777272 0.345956 0.223379 -0.165188 
0.640013 -0.489539 -0.794115 0.292550 0.203687 -0.169256 
0.696335 -0.493452 -0.810106 0.244957 0.168518 -0.175095 
0.709076 -0.491978 -0.824089 0.188008 0.119256 -0.181988 
0.706357 -0.459700 -0.834067 0.140977 0.050951 -0.197854 
0.702837 -0.306368 -0.841935 0.100965 -0.031786 -0.223093 
0.698235 -0.066526 -0.847539 0.071250 -0.129569 -0.255376 
0.692090 0.120188 -0.851707 0.051200 -0.215577 -0.294852 
0.683758 0.224315 -0.848853 0.035132 -0.281720 -0.354804 
0.672317 0.275218 -0.802404 0.023179 -0.342729 -0.423113 
0.656505 0.300438 -0.593996 0.014821 -0.391011 -0.502232 
0.633241 0.309784 -0.394384 0.009259 -0.424731 -0.571073 
0.600464 0.311040 -0.274258 0.007233 -0.449381 -0.645150 
0.555460 0.309143 -0.210816 0.028439 -0.466748 -0.699024 
0.496597 0.301245 -0.180487 0.144079 -0.478154 -0.741126 
0.424986 0.292714 -0.167141 0.349674 -0.486311 -0.776052 
0.345581 0.274364 -0.163026 0.511799 -0.492226 -0.802752 
0.266345 0.253718 -0.163282 0.610639 -0.489259 -0.820166 
0.195380 0.211147 -0.167436 0.660063 -0.435548 -0.832195 
0.137846 0.166191 -0.174758 0.684346 -0.270809 -0.841524 
0.094811 0.106175 -0.185020 0.693697 -0.006024 -0.847741 
0.064349 0.026201 -0.200780 0.696339 0.153357 -0.852162 
0.043407 -0.057929 -0.224680 0.694159 0.241121 -0.837504 
0.029121 -0.146033 -0.260474 0.688170 0.283834 -0.763893 
0.019308 -0.227905 -0.298105 0.679949 0.303747 -0.565087 
0.012460 -0.294809 -0.356263 0.668758 0.311167 -0.378036 
0.007585 -0.356603 -0.420031 0.648372 0.310983 -0.266080 
0.004042 -0.397138 -0.495731 0.623025 0.307217 -0.207041 
0.001414 -0.428885 -0.577117 0.590600 0.300354 -0.178588 
0.001410 -0.452145 -0.651889 0.531646 0.289016 -0.166229 
0.031388 -0.467902 -0.713019 0.470686 0.274050 -0.163350 
0.220221 -0.479234 -0.752200 0.404473 0.252847 -0.163244 
0.581438 -0.485525 -0.777511 0.348527 0.225449 -0.165733 
0.690499 -0.491445 -0.798321 0.293810 0.196995 -0.169529 
0.711212 -0.495154 -0.814850 0.227079 0.152919 -0.179205 
0.709168 -0.481178 -0.828493 0.173903 0.080478 -0.188898 
0.706587 -0.402548 -0.837160 0.123755 -0.003234 -0.213585 
0.703276 -0.176197 -0.844784 0.087863 -0.086518 -0.239216 
0.699009 0.041371 -0.849957 0.059506 -0.173082 -0.277016 
0.693387 0.181227 -0.851375 0.041847 -0.249525 -0.323048 
0.685879 0.254312 -0.825443 0.028545 -0.317654 -0.389606 
0.675733 0.289985 -0.711748 0.018463 -0.370418 -0.458552 
0.661933 0.304557 -0.475545 0.012067 -0.411271 -0.538704 
0.641858 0.310266 -0.319835 0.007020 -0.438699 -0.617302 
0.613815 0.310060 -0.233602 0.015310 -0.457911 -0.678913 
0.575314 0.305875 -0.190831 0.058636 -0.472680 -0.725043 
0.524347 0.295029 -0.171404 0.265263 -0.482249 -0.765107 
0.460675 0.283829 -0.164073 0.463715 -0.489343 -0.791651 
0.387105 0.259732 -0.162129 0.583794 -0.494348 -0.812721 
0.309654 0.241202 -0.164102 0.647201 -0.483649 -0.826907 
0.235899 0.199321 -0.169426 0.677914 -0.402676 -0.836846 
0.172240 0.156516 -0.175753 0.690481 -0.158326 -0.843849 
0.121849 0.088581 -0.185804 0.696765 0.058287 -0.849072 
0.084540 0.007810 -0.203452 0.696426 0.190976 -0.849449 
0.058086 -0.081223 -0.225884 0.693261 0.259937 -0.818873 
0.039715 -0.163780 -0.266405 0.687721 0.292794 -0.696754 
0.026999 -0.236779 -0.327898 0.677128 0.307656 -0.461076 
0.018121 -0.316036 -0.389727 0.664005 0.312051 -0.312073 
0.011825 -0.369686 -0.449616 0.645995 0.310733 -0.229447 
0.007276 -0.407743 -0.523129 0.622292 0.306211 -0.189056 
0.003925 -0.436157 -0.594585 0.564174 0.297437 -0.170016 
0.031407 -0.456953 -0.660794 0.516224 0.284824 -0.162680 
0.220318 -0.471851 -0.712534 0.453882 0.265611 -0.162080 
0.581500 -0.481833 -0.751954 0.373232 0.238294 -0.162609 
0.690511 -0.487507 -0.781456 0.306188 0.203418 -0.167967 
0.711215 -0.493022 -0.805043 0.239616 0.156130 -0.174450 
0.709084 -0.490564 -0.821307 0.185343 0.094026 -0.186520 
0.706366 -0.436343 -0.833567 0.134598 0.031208 -0.200120 
0.702842 -0.222545 -0.841861 0.095308 -0.055483 -0.225617 
0.698235 0.018196 -0.847636 0.066267 -0.141417 -0.262388 
0.692090 0.169307 -0.851098 0.046164 -0.233693 -0.306056 
0.683758 0.248874 -0.839374 0.031028 -0.309738 -0.369624 
0.672317 0.287498 -0.763948 0.020334 -0.361662 -0.436492 
0.656505 0.303314 -0.523910 0.013002 -0.403877 -0.516747 
0.633234 0.310669 -0.352544 0.007844 -0.435002 -0.588283 
0.600447 0.312129 -0.250640 0.009746 -0.456062 -0.653755 
0.555428 0.306909 -0.199350 0.039701 -0.469298 -0.708911 
0.496547 0.300127 -0.175160 0.217129 -0.480559 -0.755323 
0.424920 0.286378 -0.164477 0.428595 -0.488498 -0.786759 
0.345505 0.271196 -0.162208 0.562360 -0.493925 -0.808106 
0.266268 0.246934 -0.164142 0.636661 -0.483438 -0.824600 
0.195312 0.215169 -0.169446 0.672645 -0.402570 -0.835692 
0.137791 0.164440 -0.175762 0.687847 -0.158273 -0.843509 
0.094770 0.092543 -0.188487 0.694283 0.058313 -0.849285 
0.064320 0.009791 -0.204794 0.695185 0.190989 -0.849555 
0.043387 -0.080232 -0.232165 0.692640 0.259575 -0.818926 
0.029107 -0.163285 -0.269545 0.685551 0.292613 -0.696780 
0.019298 -0.253034 -0.329468 0.676043 0.306725 -0.461089 
0.012453 -0.324164 -0.390513 0.663462 0.311585 -0.312080 
0.007580 -0.373749 -0.462051 0.637194 0.310500 -0.229438 
0.004039 -0.409775 -0.529347 0.606197 0.306095 -0.189052 
0.001411 -0.439389 -0.597693 0.556127 0.295366 -0.170634 
0.001407 -0.458568 -0.662349 0.512201 0.283788 -0.162988 
0.031374 -0.473273 -0.719019 0.443052 0.265093 -0.162234 
0.220149 -0.482544 -0.755196 0.390656 0.238035 -0.162687 
0.581389 -0.487180 -0.783077 0.330718 0.218043 -0.166681 
0.690489 -0.492273 -0.801105 0.284905 0.193292 -0.171470 
0.711209 -0.495568 -0.816242 0.222626 0.151067 -0.180176 
0.709165 -0.481385 -0.829189 0.171677 0.079552 -0.189383 
0.706583 -0.402652 -0.837508 0.122642 -0.003697 -0.213828 
0.703276 -0.176249 -0.844958 0.087307 -0.086749 -0.239337 
0.699009 0.041345 -0.850044 0.059228 -0.173197 -0.277077 
0.693387 0.181214 -0.851418 0.041708 -0.249583 -0.323079 
0.685879 0.254306 -0.825464 0.028475 -0.317683 -0.389621 
0.675733 0.289981 -0.711758 0.018428 -0.370432 -0.458559 
0.661933 0.304556 -0.475551 0.012049 -0.411279 -0.538708 
0.641858 0.310265 -0.319838 0.007012 -0.438702 -0.617304 
0.613815 0.310060 -0.233603 0.015306 -0.457913 -0.678913 
0.575314 0.305874 -0.190831 0.058634 -0.472681 -0.725044 
0.524347 0.295029 -0.171404 0.265262 -0.482250 -0.765107 
0.460675 0.283829 -0.164074 0.463714 -0.489344 -0.791651 
0.387105 0.259732 -0.162130 0.583794 -0.494348 -0.812721 
0.309654 0.241202 -0.164102 0.647201 -0.483649 -0.826907 
0.235899 0.199321 -0.169427 0.677914 -0.402676 -0.836846 
0.172240 0.156516 -0.175753 0.690481 -0.158326 -0.843849 
0.121849 0.088581 -0.185804 0.696765 0.058287 -0.849072 
0.084540 0.007810 -0.203452 0.696426 0.190976 -0.849449 
0.058086 -0.081223 -0.225884 0.693261 0.259937 -0.818873 
0.039715 -0.163780 -0.266405 0.687721 0.292794 -0.696754 
0.026999 -0.236779 -0.327898 0.677128 0.307656 -0.461076 
0.018121 -0.316036 -0.389727 0.664005 0.312051 -0.312073 
0.011825 -0.369686 -0.449616 0.645995 0.310733 -0.229447 
0.007276 -0.407743 -0.523129 0.622292 0.306211 -0.189056 
0.003925 -0.436157 -0.594585 0.564174 0.297437 -0.170016 
0.001410 -0.456953 -0.660794 0.516224 0.284824 -0.162680 
0.031388 -0.471851 -0.712534 0.453882 0.265611 -0.162080 
0.220221 -0.481208 -0.751954 0.396071 0.242693 -0.162609 
0.581438 -0.486512 -0.781456 0.333425 0.220372 -0.166642 
0.690499 -0.491939 -0.800294 0.286259 0.194457 -0.169984 
0.711212 -0.495401 -0.815836 0.229651 0.151649 -0.175458 
0.709168 -0.481302 -0.827708 0.175189 0.091786 -0.187024 
0.706587 -0.402610 -0.836767 0.127485 0.010155 -0.200372 
0.703309 -0.176228 -0.843461 0.089729 -0.079824 -0.232609 
0.699069 0.041355 -0.849296 0.063471 -0.169734 -0.273713 
0.693502 0.181220 -0.851044 0.043829 -0.247852 -0.321397 
0.686101 0.254308 -0.837015 0.029536 -0.316818 -0.388780 
0.676169 0.289983 -0.717534 0.018959 -0.369999 -0.458139 
0.661933 0.304556 -0.500702 0.012315 -0.411062 -0.538498 
0.641851 0.310266 -0.332413 0.007144 -0.438594 -0.605207 
0.613799 0.310060 -0.240575 0.009396 -0.457859 -0.672865 
0.575285 0.305874 -0.194317 0.055679 -0.472653 -0.722019 
0.524301 0.299610 -0.172644 0.263798 -0.482236 -0.761878 
0.460613 0.286119 -0.163219 0.451929 -0.489337 -0.790036 
0.387030 0.271067 -0.161070 0.577603 -0.494344 -0.811913 
0.309573 0.246869 -0.163572 0.644282 -0.483648 -0.826503 
0.235822 0.215137 -0.169162 0.676455 -0.402675 -0.836153 
0.172174 0.164423 -0.175620 0.689752 -0.158325 -0.843503 
0.121798 0.092535 -0.185738 0.696400 0.058287 -0.848899 
0.084503 0.009787 -0.203419 0.696244 0.190976 -0.849362 
0.058059 -0.080235 -0.225867 0.693170 0.259937 -0.818830 
0.039697 -0.163286 -0.266397 0.687676 0.292794 -0.696732 
0.026986 -0.236532 -0.327894 0.677105 0.307656 -0.461065 
0.018111 -0.315913 -0.389725 0.663993 0.312051 -0.312068 
0.011818 -0.369624 -0.449615 0.645990 0.310733 -0.229444 
0.007271 -0.407712 -0.523129 0.622289 0.306211 -0.189055 
0.003922 -0.436142 -0.594584 0.564172 0.297437 -0.170016 
0.031393 -0.456945 -0.660794 0.516224 0.284824 -0.162679 
0.220243 -0.471847 -0.712534 0.453882 0.265611 -0.162080 
0.581450 -0.481831 -0.751954 0.373232 0.238294 -0.162609 
0.690501 -0.487506 -0.781456 0.306188 0.203418 -0.167967 
0.711212 -0.493022 -0.805043 0.239615 0.156130 -0.174450 
0.709080 -0.490564 -0.821307 0.185343 0.094026 -0.186520 
0.706361 -0.436343 -0.833567 0.134598 0.031208 -0.200120 
0.702837 -0.222545 -0.841861 0.097775 -0.055483 -0.225617 
0.698227 0.018196 -0.847636 0.067500 -0.141417 -0.262388 
0.692059 0.169307 -0.851098 0.046781 -0.233693 -0.306056 
0.683670 0.248874 -0.839374 0.031336 -0.309738 -0.369624 
0.672090 0.287498 -0.763948 0.020489 -0.361662 -0.436492 
0.655952 0.303314 -0.523910 0.013079 -0.403877 -0.516747 
0.633234 0.310669 -0.352544 0.007883 -0.435002 -0.588283 
0.600447 0.312129 -0.250640 0.009766 -0.456062 -0.653755 
0.555428 0.306909 -0.199350 0.039711 -0.469298 -0.708911 
0.496547 0.300127 -0.175160 0.217134 -0.480559 -0.755323 
0.424920 0.286378 -0.164477 0.428597 -0.488498 -0.786759 
0.345505 0.271196 -0.162208 0.562361 -0.493926 -0.808106 
0.266268 0.246934 -0.164142 0.636662 -0.483438 -0.824600 
0.195312 0.215169 -0.169446 0.672645 -0.402571 -0.835692 
0.137791 0.164440 -0.175762 0.687847 -0.158273 -0.843509 
0.094770 0.092543 -0.188487 0.694283 0.058313 -0.849285 
0.064320 0.009791 -0.204794 0.695185 0.190989 -0.849555 
0.043387 -0.080232 -0.232165 0.692640 0.259575 -0.818926 
0.029107 -0.163285 -0.269545 0.685551 0.292613 -0.696780 
0.019298 -0.253034 -0.329468 0.676043 0.306725 -0.461089 
0.012453 -0.324164 -0.390513 0.663462 0.311585 -0.312080 
0.007580 -0.373749 -0.462051 0.637194 0.310500 -0.229438 
0.004039 -0.409775 -0.529347 0.606197 0.306095 -0.189052 
0.001411 -0.439389 -0.597693 0.556127 0.295366 -0.170634 
0.001407 -0.458568 -0.662349 0.512201 0.283788 -0.162988 
0.031374 -0.473273 -0.719019 0.443052 0.265093 -0.162234 
0.220149 -0.482544 -0.755196 0.390656 0.238035 -0.162687 
0.581389 -0.487180 -0.783077 0.330718 0.218043 -0.166681 
0.690489 -0.492273 -0.801105 0.284905 0.193292 -0.171470 
0.711209 -0.495568 -0.816242 0.222626 0.151067 -0.180176 
0.709165 -0.481385 -0.829189 0.171677 0.079552 -0.189383 
0.706583 -0.402652 -0.837508 0.122642 -0.003697 -0.213828 
0.703276 -0.176249 -0.844958 0.087307 -0.086749 -0.239337 
0.699009 0.041345 -0.850044 0.059228 -0.173197 -0.277077 
0.693387 0.181214 -0.851418 0.041708 -0.249583 -0.323079 
0.685879 0.254306 -0.825464 0.028475 -0.317683 -0.389621 
0.675733 0.289981 -0.711758 0.018428 -0.370432 -0.458559 
0.661933 0.304556 -0.475551 0.012049 -0.411279 -0.538708 
0.641858 0.310265 -0.319838 0.007012 -0.438702 -0.617304 
0.613815 0.310060 -0.233603 0.015306 -0.457913 -0.678913 
0.575314 0.305874 -0.190831 0.058634 -0.472681 -0.725044 
0.524347 0.295029 -0.171404 0.265262 -0.482250 -0.765107 
0.460675 0.283829 -0.164074 0.463714 -0.489344 -0.791651 
0.387105 0.259732 -0.162130 0.583794 -0.494348 -0.812721 
0.309654 0.241202 -0.164102 0.647201 -0.483649 -0.826907 
0.235899 0.199321 -0.169427 0.677914 -0.402676 -0.836846 
0.172240 0.156516 -0.175753 0.690481 -0.158326 -0.843849 
0.121849 0.088581 -0.185804 0.696765 0.058287 -0.849072 
0.084540 0.007810 -0.203452 0.696426 0.190976 -0.849449 
0.058086 -0.081223 -0.225884 0.693261 0.259937 -0.818873 
0.039715 -0.163780 -0.266405 0.687721 0.292794 -0.696754 
0.026999 -0.236779 -0.327898 0.677128 0.307656 -0.461076 
0.018121 -0.316036 -0.389727 0.664005 0.312051 -0.312073 
0.011825 -0.369686 -0.449616 0.645995 0.310733 -0.229447 
0.007276 -0.407743 -0.523129 0.622292 0.306211 -0.189056 
0.003925 -0.436157 -0.594585 0.564174 0.297437 -0.170016 
0.031407 -0.456953 -0.660794 0.516224 0.284824 -0.162680 
0.220318 -0.471851 -0.712534 0.453882 0.265611 -0.162080 
0.581500 -0.481833 -0.751954 0.373232 0.238294 -0.162609 
0.690511 -0.487507 -0.781456 0.306188 0.203418 -0.167967 
0.711215 -0.493022 -0.805043 0.239616 0.156130 -0.174450 
0.709084 -0.490564 -0.821307 0.185343 0.094026 -0.186520 
0.706366 -0.436343 -0.833567 0.134598 0.031208 -0.200120 
0.702842 -0.222545 -0.841861 0.095308 -0.055483 -0.225617 
0.698235 0.018196 -0.847636 0.066267 -0.141417 -0.262388 
0.692090 0.169307 -0.851098 0.046164 -0.233693 -0.306056 
0.683758 0.248874 -0.839374 0.031028 -0.309738 -0.369624 
0.672317 0.287498 -0.763948 0.020334 -0.361662 -0.436492 
0.656505 0.303314 -0.523910 0.013002 -0.403877 -0.516747 
0.633234 0.310669 -0.352544 0.007844 -0.435002 -0.588283 
0.600447 0.312129 -0.250640 0.009746 -0.456062 -0.653755 
0.555428 0.306909 -0.199350 0.039701 -0.469298 -0.708911 
0.496547 0.300127 -0.175160 0.217129 -0.480559 -0.755323 
0.424920 0.286378 -0.164477 0.428595 -0.488498 -0.786759 
0.345505 0.271196 -0.162208 0.562360 -0.493925 -0.808106 
0.266268 0.246934 -0.164142 0.636661 -0.483438 -0.824600 
0.195312 0.215169 -0.169446 0.672645 -0.402570 -0.835692 
0.137791 0.164440 -0.175762 0.687847 -0.158273 -0.843509 
0.094770 0.092543 -0.188487 0.694283 0.058313 -0.849285 
0.064320 0.009791 -0.204794 0.695185 0.190989 -0.849555 
0.043387 -0.080232 -0.232165 0.692640 0.259575 -0.818926 
0.029107 -0.163285 -0.269545 0.685551 0.292613 -0.696780 
0.019298 -0.253034 -0.329468 0.676043 0.306725 -0.461089 
0.012453 -0.324164 -0.390513 0.663462 0.311585 -0.312080 
0.007580 -0.373749 -0.462051 0.637194 0.310500 -0.229438 
0.004039 -0.409775 -0.529347 0.606197 0.306095 -0.189052 
0.001411 -0.439389 -0.597693 0.556127 0.295366 -0.170634 
0.001407 -0.458568 -0.662349 0.512201 0.283788 -0.162988 
0.031374 -0.473273 -0.719019 0.443052 0.265093 -0.162234 
0.220149 -0.482544 -0.755196 0.390656 0.238035 -0.162687 
0.581389 -0.487180 -0.783077 0.330718 0.218043 -0.166681 
0.690489 -0.492273 -0.801105 0.284905 0.193292 -0.171470 
0.711209 -0.495568 -0.816242 0.222626 0.151067 -0.180176 
0.709165 -0.481385 -0.829189 0.171677 0.079552 -0.189383 
0.706583 -0.402652 -0.837508 0.122642 -0.003697 -0.213828 
0.703276 -0.176249 -0.844958 0.087307 -0.086749 -0.239337 
0.699009 0.041345 -0.850044 0.059228 -0.173197 -0.277077 
0.693387 0.181214 -0.851418 0.041708 -0.249583 -0.323079 
0.685879 0.254306 -0.825464 0.028475 -0.317683 -0.389621 
0.675733 0.289981 -0.711758 0.018428 -0.370432 -0.458559 
0.661933 0.304556 -0.475551 0.012049 -0.411279 -0.538708 
0.641858 0.310265 -0.319838 0.007012 -0.438702 -0.617304 
0.613815 0.310060 -0.233603 0.015306 -0.457913 -0.678913 
0.575314 0.305874 -0.190831 0.058634 -0.472681 -0.725044 
0.524347 0.295029 -0.171404 0.265262 -0.482250 -0.765107 
0.460675 0.283829 -0.164074 0.463714 -0.489344 -0.791651 
0.387105 0.259732 -0.162130 0.583794 -0.494348 -0.812721 
0.309654 0.241202 -0.164102 0.647201 -0.483649 -0.826907 
0.235899 0.199321 -0.169427 0.677914 -0.402676 -0.836846 
0.172240 0.156516 -0.175753 0.690481 -0.158326 -0.843849 
0.121849 0.088581 -0.185804 0.696765 0.058287 -0.849072 
0.084540 0.007810 -0.203452 0.696426 0.190976 -0.849449 
0.058086 -0.081223 -0.225884 0.693261 0.259937 -0.818873 
0.039715 -0.163780 -0.266405 0.687721 0.292794 -0.696754 
0.026999 -0.236779 -0.327898 0.677128 0.307656 -0.461076 
0.018121 -0.316036 -0.389727 0.664005 0.312051 -0.312073 
0.011825 -0.369686 -0.449616 0.645995 0.310733 -0.229447 
0.007276 -0.407743 -0.523129 0.622292 0.306211 -0.189056 
0.003925 -0.436157 -0.594585 0.564174 0.297437 -0.170016 
0.001410 -0.456953 -0.660794 0.516224 0.284824 -0.162680 
0.031388 -0.471851 -0.712534 0.453882 0.265611 -0.162080 
0.220221 -0.481208 -0.751954 0.396071 0.242693 -0.162609 
0.581438 -0.486512 -0.781456 0.333425 0.220372 -0.166642 
0.690499 -0.491939 -0.800294 0.286259 0.194457 -0.169984 
0.711212 -0.495401 -0.815836 0.229651 0.151649 -0.175458 
0.709168 -0.481302 -0.827708 0.175189 0.091786 -0.187024 
0.706587 -0.402610 -0.836767 0.127485 0.010155 -0.200372 
0.703309 -0.176228 -0.843461 0.089729 -0.079824 -0.232609 
0.699069 0.041355 -0.849296 0.063471 -0.169734 -0.273713 
0.693502 0.181220 -0.851044 0.043829 -0.247852 -0.321397 
0.686101 0.254308 -0.837015 0.029536 -0.316818 -0.388780 
0.676169 0.289983 -0.717534 0.018959 -0.369999 -0.458139 
0.661933 0.304556 -0.500702 0.012315 -0.411062 -0.538498 
0.641851 0.310266 -0.332413 0.007144 -0.438594 -0.605207 
0.613799 0.310060 -0.240575 0.009396 -0.457859 -0.672865 
0.575285 0.305874 -0.194317 0.055679 -0.472653 -0.722019 
0.524301 0.299610 -0.172644 0.263798 -0.482236 -0.761878 
0.460613 0.286119 -0.163219 0.451929 -0.489337 -0.790036 
0.387030 0.271067 -0.161070 0.577603 -0.494344 -0.811913 
0.309573 0.246869 -0.163572 0.644282 -0.483648 -0.826503 
0.235822 0.215137 -0.169162 0.676455 -0.402675 -0.836153 
0.172174 0.164423 -0.175620 0.689752 -0.158325 -0.843503 
0.121798 0.092535 -0.185738 0.696400 0.058287 -0.848899 
0.084503 0.009787 -0.203419 0.696244 0.190976 -0.849362 
0.058059 -0.080235 -0.225867 0.693170 0.259937 -0.818830 
0.039697 -0.163286 -0.266397 0.687676 0.292794 -0.696732 
0.026986 -0.236532 -0.327894 0.677105 0.307656 -0.461065 
0.018111 -0.315913 -0.389725 0.663993 0.312051 -0.312068 
0.011818 -0.369624 -0.449615 0.645990 0.310733 -0.229444 
0.007271 -0.407712 -0.523129 0.622289 0.306211 -0.189055 
0.003922 -0.436142 -0.594584 0.564172 0.297437 -0.170016 
0.031393 -0.456945 -0.660794 0.516224 0.284824 -0.162679 
0.220243 -0.471847 -0.712534 0.453882 0.265611 -0.162080 
0.581450 -0.481831 -0.751954 0.373232 0.238294 -0.162609 
0.690501 -0.487506 -0.781456 0.306188 0.203418 -0.167967 
0.711212 -0.493022 -0.805043 0.239615 0.156130 -0.174450 
0.709080 -0.490564 -0.821307 0.185343 0.094026 -0.186520 
0.706361 -0.436343 -0.833567 0.134598 0.031208 -0.200120 
0.702837 -0.222545 -0.841861 0.097775 -0.055483 -0.225617 
0.698227 0.018196 -0.847636 0.067500 -0.141417 -0.262388 
0.692059 0.169307 -0.851098 0.046781 -0.233693 -0.306056 
0.683670 0.248874 -0.839374 0.031336 -0.309738 -0.369624 
0.672090 0.287498 -0.763948 0.020489 -0.361662 -0.436492 
0.655952 0.303314 -0.523910 0.013079 -0.403877 -0.516747 
0.633234 0.310669 -0.352544 0.007883 -0.435002 -0.588283 
0.600447 0.312129 -0.250640 0.009766 -0.456062 -0.653755 
0.555428 0.306909 -0.199350 0.039711 -0.469298 -0.708911 
0.496547 0.300127 -0.175160 0.217134 -0.480559 -0.755323 
0.424920 0.286378 -0.164477 0.428597 -0.488498 -0.786759 
0.345505 0.271196 -0.162208 0.562361 -0.493926 -0.808106 
0.266268 0.246934 -0.164142 0.636662 -0.483438 -0.824600 
0.195312 0.215169 -0.169446 0.672645 -0.402571 -0.835692 
0.137791 0.164440 -0.175762 0.687847 -0.158273 -0.843509 
0.094770 0.092543 -0.188487 0.694283 0.058313 -0.849285 
0.064320 0.009791 -0.204794 0.695185 0.190989 -0.849555 
0.043387 -0.080232 -0.232165 0.692640 0.259575 -0.818926 
0.029107 -0.163285 -0.269545 0.685551 0.292613 -0.696780 
0.019298 -0.253034 -0.329468 0.676043 0.306725 -0.461089 
0.012453 -0.324164 -0.390513 0.663462 0.311585 -0.312080 
0.007580 -0.373749 -0.462051 0.637194 0.310500 -0.229438 
0.004039 -0.409775 -0.529347 0.606197 0.306095 -0.189052 
0.001411 -0.439389 -0.597693 0.556127 0.295366 -0.170634 
0.001407 -0.458568 -0.662349 0.512201 0.283788 -0.162988 
0.031374 -0.473273 -0.719019 0.443052 0.265093 -0.162234 
0.220149 -0.482544 -0.755196 0.390656 0.238035 -0.162687 
0.581389 -0.487180 -0.783077 0.330718 0.218043 -0.166681 
0.690489 -0.492273 -0.801105 0.284905 0.193292 -0.171470 
0.711209 -0.495568 -0.816242 0.222626 0.151067 -0.180176 
0.709165 -0.481385 -0.829189 0.171677 0.079552 -0.189383 
0.706583 -0.402652 -0.837508 0.122642 -0.003697 -0.213828 
0.703276 -0.176249 -0.844958 0.087307 -0.086749 -0.239337 
0.699009 0.041345 -0.850044 0.059228 -0.173197 -0.277077 
0.693387 0.181214 -0.851418 0.041708 -0.249583 -0.323079 
0.685879 0.254306 -0.825464 0.028475 -0.317683 -0.389621 
0.675733 0.289981 -0.711758 0.018428 -0.370432 -0.458559 
0.661933 0.304556 -0.475551 0.012049 -0.411279 -0.538708 
0.641858 0.310265 -0.319838 0.007012 -0.438702 -0.617304 
0.613815 0.310060 -0.233603 0.015306 -0.457913 -0.678913 
0.575314 0.305874 -0.190831 0.058634 -0.472681 -0.725044 
0.524347 0.295029 -0.171404 0.265262 -0.482250 -0.765107 
0.460675 0.283829 -0.164074 0.463714 -0.489344 -0.791651 
0.387105 0.259732 -0.162130 0.583794 -0.494348 -0.812721 
0.309654 0.241202 -0.164102 0.647201 -0.483649 -0.826907 
0.235899 0.199321 -0.169427 0.677914 -0.402676 -0.836846 
0.172240 0.156516 -0.175753 0.690481 -0.158326 -0.843849 
0.121849 0.088581 -0.185804 0.696765 0.058287 -0.849072 
0.084540 0.007810 -0.203452 0.696426 0.190976 -0.849449 
0.058086 -0.081223 -0.225884 0.693261 0.259937 -0.818873 
0.039715 -0.163780 -0.266405 0.687721 0.292794 -0.696754 
0.026999 -0.236779 -0.327898 0.677128 0.307656 -0.461076 
0.018121 -0.316036 -0.389727 0.664005 0.312051 -0.312073 
0.011825 -0.369686 -0.449616 0.645995 0.310733 -0.229447 
0.007276 -0.407743 -0.523129 0.622292 0.306211 -0.189056 
0.003925 -0.436157 -0.594585 0.564174 0.297437 -0.170016 
0.031407 -0.456953 -0.660794 0.516224 0.284824 -0.162680 
0.220318 -0.471851 -0.712534 0.453882 0.265611 -0.162080 
0.581500 -0.481833 -0.751954 0.373232 0.238294 -0.162609 
0.690511 -0.487507 -0.781456 0.306188 0.203418 -0.167967 
0.711215 -0.493022 -0.805043 0.239616 0.156130 -0.174450 
0.709084 -0.490564 -0.821307 0.185343 0.094026 -0.186520 
0.706366 -0.436343 -0.833567 0.134598 0.031208 -0.200120 
0.702842 -0.222545 -0.841861 0.095308 -0.055483 -0.225617 
0.698235 0.018196 -0.847636 0.066267 -0.141417 -0.262388 
0.692090 0.169307 -0.851098 0.046164 -0.233693 -0.306056 
0.683758 0.248874 -0.839374 0.031028 -0.309738 -0.369624 
0.672317 0.287498 -0.763948 0.020334 -0.361662 -0.436492 
0.656505 0.303314 -0.523910 0.013002 -0.403877 -0.516747 
0.633234 0.310669 -0.352544 0.007844 -0.435002 -0.588283 
0.600447 0.312129 -0.250640 0.009746 -0.456062 -0.653755 
0.555428 0.306909 -0.199350 0.039701 -0.469298 -0.708911 
0.496547 0.300127 -0.175160 0.217129 -0.480559 -0.755323 
0.424920 0.286378 -0.164477 0.428595 -0.488498 -0.786759 
0.345505 0.271196 -0.162208 0.562360 -0.493925 -0.808106 
0.266268 0.246934 -0.164142 0.636661 -0.483438 -0.824600 
0.195312 0.215169 -0.169446 0.672645 -0.402570 -0.835692 
0.137791 0.164440 -0.175762 0.687847 -0.158273 -0.843509 
0.094770 0.092543 -0.188487 0.694283 0.058313 -0.849285 
0.064320 0.009791 -0.204794 0.695185 0.190989 -0.849555 
0.043387 -0.080232 -0.232165 0.692640 0.259575 -0.818926 
0.029107 -0.163285 -0.269545 0.685551 0.292613 -0.696780 
0.019298 -0.253034 -0.329468 0.676043 0.306725 -0.461089 
0.012453 -0.324164 -0.390513 0.663462 0.311585 -0.312080 
0.007580 -0.373749 -0.462051 0.637194 0.310500 -0.229438 
0.004039 -0.409775 -0.529347 0.606197 0.306095 -0.189052 
0.001411 -0.439389 -0.597693 0.556127 0.295366 -0.170634 
0.001407 -0.458568 -0.662349 0.512201 0.283788 -0.162988 
0.031374 -0.473273 -0.719019 0.443052 0.265093 -0.162234 
0.220149 -0.482544 -0.755196 0.390656 0.238035 -0.162687 
0.581389 -0.487180 -0.783077 0.330718 0.218043 -0.166681 
0.690489 -0.492273 -0.801105 0.284905 0.193292 -0.171470 
0.711209 -0.495568 -0.816242 0.222626 0.151067 -0.180176 
0.709165 -0.481385 -0.829189 0.171677 0.079552 -0.189383 
0.706583 -0.402652 -0.837508 0.122642 -0.003697 -0.213828 
0.703276 -0.176249 -0.844958 0.087307 -0.086749 -0.239337 
0.699009 0.041345 -0.850044 0.059228 -0.173197 -0.277077 
0.693387 0.181214 -0.851418 0.041708 -0.249583 -0.323079 
0.685879 0.254306 -0.825464 0.028475 -0.317683 -0.389621 
0.675733 0.289981 -0.711758 0.018428 -0.370432 -0.458559 
0.661933 0.304556 -0.475551 0.012049 -0.411279 -0.538708 
0.641858 0.310265 -0.319838 0.007012 -0.438702 -0.617304 
0.613815 0.310060 -0.233603 0.015306 -0.457913 -0.678913 
0.575314 0.305874 -0.190831 0.058634 -0.472681 -0.725044 
0.524347 0.295029 -0.171404 0.265262 -0.482250 -0.765107 
0.460675 0.283829 -0.164074 0.463714 -0.489344 -0.791651 
0.387105 0.259732 -0.162130 0.583794 -0.494348 -0.812721 
0.309654 0.241202 -0.164102 0.647201 -0.483649 -0.826907 
0.235899 0.199321 -0.169427 0.677914 -0.402676 -0.836846 
0.172240 0.156516 -0.175753 0.690481 -0.158326 -0.843849 
0.121849 0.088581 -0.185804 0.696765 0.058287 -0.849072 
0.084540 0.007810 -0.203452 0.696426 0.190976 -0.849449 
0.058086 -0.081223 -0.225884 0.693261 0.259937 -0.818873 
0.039715 -0.163780 -0.266405 0.687721 0.292794 -0.696754 
0.026999 -0.236779 -0.327898 0.677128 0.307656 -0.461076 
0.018121 -0.316036 -0.389727 0.664005 0.312051 -0.312073 
0.011825 -0.369686 -0.449616 0.645995 0.310733 -0.229447 
0.007276 -0.407743 -0.523129 0.622292 0.306211 -0.189056 
0.003925 -0.436157 -0.594585 0.564174 0.297437 -0.170016 
0.001410 -0.456953 -0.660794 0.516224 0.284824 -0.162680 
0.031388 -0.471851 -0.712534 0.453882 0.265611 -0.162080 
0.220221 -0.481208 -0.751954 0.396071 0.242693 -0.162609 
0.581438 -0.486512 -0.781456 0.333425 0.220372 -0.166642 
0.690499 -0.491939 -0.800294 0.286259 0.194457 -0.169984 
0.711212 -0.495401 -0.815836 0.229651 0.151649 -0.175458 
0.709168 -0.481302 -0.827708 0.175189 0.091786 -0.187024 
0.706587 -0.402610 -0.836767 0.127485 0.010155 -0.200372 
0.703309 -0.176228 -0.843461 0.089729 -0.079824 -0.232609 
0.699069 0.041355 -0.849296 0.063471 -0.169734 -0.273713 
0.693502 0.181220 -0.851044 0.043829 -0.247852 -0.321397 
0.686101 0.254308 -0.837015 0.029536 -0.316818 -0.388780 
0.676169 0.289983 -0.717534 0.018959 -0.369999 -0.458139 
0.661933 0.304556 -0.500702 0.012315 -0.411062 -0.538498 
0.641851 0.310266 -0.332413 0.007144 -0.438594 -0.605207 
0.613799 0.310060 -0.240575 0.009396 -0.457859 -0.672865 
0.575285 0.305874 -0.194317 0.055679 -0.472653 -0.722019 
0.524301 0.299610 -0.172644 0.263798 -0.482236 -0.761878 
0.460613 0.286119 -0.163219 0.451929 -0.489337 -0.790036 
0.387030 0.271067 -0.161070 0.577603 -0.494344 -0.811913 
0.309573 0.246869 -0.163572 0.644282 -0.483648 -0.826503 
0.235822 0.215137 -0.169162 0.676455 -0.402675 -0.836153 
0.172174 0.164423 -0.175620 0.689752 -0.158325 -0.843503 
0.121798 0.092535 -0.185738 0.696400 0.058287 -0.848899 
0.084503 0.009787 -0.203419 0.696244 0.190976 -0.849362 
0.058059 -0.080235 -0.225867 0.693170 0.259937 -0.818830 
0.039697 -0.163286 -0.266397 0.687676 0.292794 -0.696732 
0.026986 -0.236532 -0.327894 0.677105 0.307656 -0.461065 
0.018111 -0.315913 -0.389725 0.663993 0.312051 -0.312068 
0.011818 -0.369624 -0.449615 0.645990 0.310733 -0.229444 
0.007271 -0.407712 -0.523129 0.622289 0.306211 -0.189055 
0.003922 -0.436142 -0.594584 0.564172 0.297437 -0.170016 
0.031393 -0.456945 -0.660794 0.516224 0.284824 -0.162679 
0.220243 -0.471847 -0.712534 0.453882 0.265611 -0.162080 
0.581450 -0.481831 -0.751954 0.373232 0.238294 -0.162609 
0.690501 -0.487506 -0.781456 0.306188 0.203418 -0.167967 
0.711212 -0.493022 -0.805043 0.239615 0.156130 -0.174450 
