0.357500 0.000000 0.000000 0.000000 0.000000 0.000000 
0.357500 0.000000 0.000000 0.000000 0.000000 0.000000 
-0.009420 0.000000 0.000000 0.000000 0.000000 0.000000 
0.724576 0.000000 0.000000 0.000000 0.000000 0.000000 
0.640965 0.000000 0.000000 0.000000 0.000000 0.000000 
0.001386 0.000000 0.000000 0.000000 0.000000 0.000000 
0.001386 0.000000 0.000000 0.000000 0.000000 0.000000 
0.001386 0.000000 0.000000 0.000000 0.000000 0.000000 
0.001386 0.000000 0.000000 0.000000 0.000000 0.000000 
0.001386 0.000000 0.000000 0.000000 0.000000 0.000000 
0.001386 0.000000 0.000000 0.000000 0.000000 0.000000 
0.001386 0.000000 0.000000 0.000000 0.000000 0.000000 
0.001386 0.000000 0.000000 0.000000 0.000000 0.000000 
0.001386 0.000000 0.000000 0.000000 0.000000 0.000000 
0.001386 0.000000 0.000000 0.000000 0.000000 0.000000 
0.001386 0.000000 0.000000 0.000000 0.000000 0.000000 
0.001386 0.000000 0.000000 0.000000 0.000000 0.000000 
0.001386 0.000000 0.000000 0.000000 0.000000 0.000000 
0.001386 0.000000 0.000000 0.000000 0.000000 0.000000 
0.001386 0.000000 0.000000 0.000000 0.000000 0.000000 
0.001386 0.000000 0.000000 0.000000 0.000000 0.000000 
0.001386 0.000000 0.000000 0.000000 0.000000 0.000000 
0.001386 0.000000 0.000000 0.000000 0.000000 0.000000 
0.001386 0.000000 0.000000 0.000000 0.000000 0.000000 
0.711202 0.000000 0.000000 0.000000 0.000000 0.000000 
0.711202 0.000000 0.000000 0.000000 0.000000 0.000000 
0.711202 0.000000 0.000000 0.000000 0.000000 0.000000 
0.711202 0.000000 0.000000 0.000000 0.000000 0.000000 
0.711202 0.000000 0.000000 0.000000 0.000000 0.000000 
0.708328 0.000000 0.000000 0.000000 0.000000 0.000000 
0.704359 -0.089458 -0.674162 -0.240468 -0.423932 -0.434540 
0.698720 0.118969 -0.715059 -0.112613 -0.413542 -0.445352 
0.691198 0.222313 -0.550324 -0.052443 -0.426417 -0.498097 
0.679052 0.270722 -0.372547 -0.024207 -0.439271 -0.569005 
0.660230 0.292173 -0.263339 -0.009500 -0.454922 -0.632453 
0.630653 0.299710 -0.205357 0.020072 -0.468685 -0.692675 
0.584443 0.299264 -0.177758 0.119203 -0.479122 -0.737951 
0.516308 0.291724 -0.164868 0.295546 -0.486795 -0.771561 
0.425772 0.278769 -0.160805 0.484735 -0.491861 -0.797305 
0.322257 0.257202 -0.160372 0.594304 -0.493385 -0.815547 
0.223128 0.230905 -0.163224 0.652158 -0.483168 -0.828320 
0.143521 0.194173 -0.168987 0.680393 -0.371014 -0.838578 
0.088196 0.143932 -0.175533 0.691721 -0.103577 -0.845420 
0.053125 0.082558 -0.188296 0.696220 0.091194 -0.850240 
0.031712 -0.001300 -0.208859 0.696153 0.208621 -0.848632 
0.018604 -0.104813 -0.242196 0.691653 0.267852 -0.808485 
0.010376 -0.192828 -0.277070 0.683375 0.296081 -0.649230 
0.005034 -0.277271 -0.333312 0.670471 0.308053 -0.428316 
0.001442 -0.336282 -0.408555 0.654201 0.310808 -0.291220 
0.001436 -0.386978 -0.489993 0.625939 0.307129 -0.219611 
0.001431 -0.423805 -0.564948 0.592057 0.300310 -0.184873 
0.001426 -0.449605 -0.645804 0.532375 0.287095 -0.169371 
0.001421 -0.468177 -0.705039 0.461958 0.266747 -0.164921 
0.001417 -0.479371 -0.748207 0.400108 0.243261 -0.164030 
0.031420 -0.485593 -0.779583 0.335444 0.220656 -0.167353 
0.220391 -0.488705 -0.795271 0.303112 0.209353 -0.169014 
0.581550 -0.493035 -0.803115 0.271128 0.188947 -0.171169 
0.690521 -0.495200 -0.815872 0.234246 0.161148 -0.176051 
0.708996 -0.491653 -0.826972 0.182653 0.115572 -0.182466 
0.706127 -0.436887 -0.836399 0.138300 0.049108 -0.198093 
0.702363 -0.294961 -0.843101 0.095136 -0.060347 -0.223213 
0.697375 -0.018012 -0.849115 0.066174 -0.159996 -0.261186 
0.690659 0.151536 -0.850954 0.045181 -0.242983 -0.309851 
0.681466 0.239467 -0.836970 0.030212 -0.314383 -0.371521 
0.668783 0.282562 -0.717511 0.018969 -0.368782 -0.449510 
0.649976 0.300846 -0.478427 0.012320 -0.410454 -0.534183 
0.622742 0.307235 -0.318205 0.006865 -0.440513 -0.615042 
0.584124 0.307241 -0.232787 0.028255 -0.461481 -0.677782 
0.531345 0.303030 -0.191473 0.123294 -0.475520 -0.730505 
0.463656 0.293607 -0.171725 0.339282 -0.484994 -0.770741 
0.384249 0.279710 -0.164234 0.506603 -0.490960 -0.796895 
0.300655 0.257673 -0.162741 0.605238 -0.492935 -0.817238 
0.222362 0.227855 -0.165905 0.657375 -0.460952 -0.830647 
0.156861 0.183677 -0.170328 0.683001 -0.329320 -0.839742 
0.107078 0.138684 -0.180754 0.693025 -0.056912 -0.846002 
0.071777 0.053738 -0.193960 0.696872 0.122957 -0.851068 
0.047722 -0.044160 -0.218048 0.694425 0.226158 -0.845909 
0.031557 -0.126243 -0.246791 0.690789 0.276353 -0.768096 
0.020643 -0.218010 -0.291264 0.681259 0.299997 -0.567188 
0.013158 -0.289861 -0.352843 0.669412 0.309292 -0.379087 
0.007917 -0.354129 -0.431174 0.648699 0.310046 -0.264463 
0.004162 -0.399965 -0.513908 0.623644 0.306748 -0.206226 
0.001412 -0.432268 -0.586206 0.590909 0.297706 -0.178601 
0.052546 -0.456089 -0.656434 0.529592 0.285793 -0.166972 
0.421797 -0.471419 -0.716061 0.451748 0.266095 -0.164226 
0.678063 -0.482300 -0.759441 0.372165 0.233540 -0.166224 
0.711216 -0.489833 -0.789287 0.293920 0.187371 -0.171241 
0.711212 -0.490168 -0.812099 0.212490 0.128683 -0.180061 
0.708985 -0.458795 -0.828072 0.153218 0.055664 -0.196891 
0.706113 -0.305915 -0.838937 0.107085 -0.029293 -0.222611 
0.702380 -0.023489 -0.846174 0.074311 -0.128322 -0.255136 
0.697426 0.148465 -0.851024 0.050186 -0.214954 -0.306826 
0.690729 0.238453 -0.837005 0.033038 -0.300369 -0.370009 
0.681539 0.282055 -0.717529 0.021340 -0.361078 -0.448753 
0.668783 0.300593 -0.500700 0.013505 -0.403585 -0.522877 
0.649804 0.308284 -0.332412 0.007740 -0.434855 -0.597397 
0.622513 0.309069 -0.239890 0.015670 -0.455987 -0.668960 
0.583826 0.305379 -0.195024 0.084385 -0.471717 -0.726094 
0.530975 0.294781 -0.173501 0.289738 -0.482661 -0.765632 
0.463230 0.280298 -0.165122 0.481830 -0.489794 -0.795268 
0.383805 0.256685 -0.163185 0.592852 -0.492206 -0.816424 
0.300241 0.227395 -0.165715 0.651170 -0.460587 -0.830324 
0.222018 0.180372 -0.173897 0.679899 -0.283328 -0.839861 
0.156603 0.125194 -0.182538 0.691474 -0.018506 -0.846586 
0.106900 0.035710 -0.194853 0.695227 0.150908 -0.851583 
0.071660 -0.039583 -0.221584 0.694584 0.240240 -0.846166 
0.047647 -0.130773 -0.258926 0.688383 0.283402 -0.761948 
0.031508 -0.220275 -0.297331 0.677459 0.302960 -0.528658 
0.020611 -0.307784 -0.374444 0.664170 0.310773 -0.345864 
0.013137 -0.365560 -0.454017 0.646078 0.310116 -0.246342 
0.007903 -0.405680 -0.525330 0.622333 0.305902 -0.197504 
0.004152 -0.437341 -0.595685 0.564194 0.295270 -0.174240 
0.031383 -0.457545 -0.661344 0.505395 0.283740 -0.164791 
0.220187 -0.472761 -0.718516 0.439650 0.258449 -0.163136 
0.581409 -0.482288 -0.760669 0.366116 0.234713 -0.165679 
0.690492 -0.489827 -0.785814 0.302630 0.201627 -0.169502 
0.711209 -0.494345 -0.807222 0.237836 0.155235 -0.175218 
0.708875 -0.491226 -0.823401 0.179282 0.093579 -0.186904 
0.705833 -0.425676 -0.834609 0.131567 0.011051 -0.200312 
0.701796 -0.158871 -0.843235 0.093793 -0.079275 -0.229816 
0.696365 0.070253 -0.848973 0.063432 -0.169460 -0.272316 
0.688880 0.195669 -0.848649 0.041932 -0.258662 -0.320698 
0.678372 0.261533 -0.824080 0.027942 -0.330907 -0.388429 
0.663418 0.293595 -0.648042 0.017835 -0.380703 -0.469449 
0.641844 0.306363 -0.433074 0.010932 -0.419577 -0.554681 
0.609617 0.310626 -0.293603 0.006172 -0.445110 -0.623842 
0.563795 0.308937 -0.220486 0.022839 -0.463822 -0.689671 
0.501901 0.301141 -0.185311 0.164852 -0.476691 -0.736449 
0.424850 0.286885 -0.169553 0.389420 -0.485579 -0.776307 
0.338722 0.271449 -0.164746 0.542773 -0.492467 -0.802880 
0.253647 0.247060 -0.165410 0.626867 -0.482709 -0.821987 
0.179548 0.202250 -0.170081 0.667748 -0.402206 -0.834385 
0.121888 0.147971 -0.176080 0.685398 -0.119173 -0.843323 
0.080725 0.074005 -0.188570 0.693059 0.083396 -0.849192 
0.052859 -0.005576 -0.208995 0.693500 0.206378 -0.844971 
0.034409 -0.106951 -0.242264 0.690326 0.266730 -0.806654 
0.022180 -0.193897 -0.289001 0.681027 0.295185 -0.586467 
0.013950 -0.277805 -0.339278 0.669297 0.307606 -0.388726 
0.008288 -0.348101 -0.411538 0.648642 0.310584 -0.269283 
0.004296 -0.396951 -0.504090 0.623615 0.307017 -0.208636 
0.001412 -0.430761 -0.581297 0.590894 0.297840 -0.179806 
0.001408 -0.454255 -0.653979 0.531794 0.285860 -0.166838 
0.031379 -0.470502 -0.709126 0.461667 0.266129 -0.163654 
0.220167 -0.480534 -0.750250 0.399963 0.242952 -0.163397 
0.581398 -0.486175 -0.780604 0.335371 0.220501 -0.167036 
0.690490 -0.491770 -0.799868 0.287232 0.194522 -0.171648 
0.708985 -0.495316 -0.815623 0.223790 0.151682 -0.180264 
0.706113 -0.481260 -0.828880 0.162987 0.079860 -0.189427 
0.702346 -0.317147 -0.838856 0.118297 -0.017332 -0.213850 
0.697375 -0.071916 -0.845633 0.082662 -0.099519 -0.239348 
0.690659 0.117493 -0.850659 0.056905 -0.200552 -0.286838 
0.681466 0.219289 -0.848329 0.037984 -0.274208 -0.350797 
0.668783 0.272705 -0.802143 0.024605 -0.343950 -0.427077 
0.649976 0.299181 -0.593865 0.015534 -0.391621 -0.504215 
0.622742 0.308602 -0.387522 0.009110 -0.425036 -0.588065 
0.584124 0.310449 -0.268129 0.010379 -0.451080 -0.653646 
0.531345 0.306069 -0.208094 0.035217 -0.467897 -0.712410 
0.463656 0.299707 -0.179533 0.253553 -0.479858 -0.758790 
0.384249 0.286168 -0.166663 0.457860 -0.488148 -0.788493 
0.300655 0.260901 -0.163425 0.580867 -0.493751 -0.811142 
0.222362 0.232755 -0.164750 0.645439 -0.483351 -0.826118 
0.156861 0.195098 -0.169750 0.677034 -0.340519 -0.837477 
0.107078 0.144394 -0.180465 0.690041 -0.088330 -0.844869 
0.071777 0.056593 -0.193816 0.695380 0.107248 -0.850502 
0.047722 -0.042733 -0.217976 0.693679 0.218303 -0.845626 
0.031557 -0.125529 -0.246755 0.690416 0.272693 -0.767954 
0.020643 -0.217653 -0.291246 0.681072 0.298167 -0.567117 
0.013158 -0.289683 -0.352834 0.669319 0.308377 -0.379051 
0.007917 -0.354040 -0.431169 0.648653 0.309588 -0.264445 
0.004162 -0.399920 -0.513906 0.623620 0.306519 -0.206218 
0.001412 -0.432246 -0.586205 0.590897 0.297591 -0.178597 
0.052546 -0.456078 -0.656433 0.529586 0.285736 -0.166970 
0.421797 -0.471414 -0.716061 0.451745 0.266067 -0.164225 
0.678063 -0.482297 -0.759441 0.372163 0.233525 -0.166223 
0.711216 -0.489831 -0.789287 0.293920 0.187364 -0.171241 
0.711212 -0.490168 -0.812099 0.212489 0.128680 -0.180061 
0.708985 -0.458795 -0.828072 0.153218 0.055662 -0.196891 
0.706113 -0.305915 -0.838937 0.107085 -0.029293 -0.222611 
0.702380 -0.023488 -0.846174 0.074311 -0.128322 -0.255136 
0.697426 0.148465 -0.851024 0.050186 -0.214954 -0.306826 
0.690729 0.238453 -0.837005 0.033038 -0.300369 -0.370009 
0.681539 0.282055 -0.717529 0.021340 -0.361078 -0.448753 
0.668783 0.300593 -0.500700 0.013505 -0.403585 -0.522877 
0.649804 0.308284 -0.332412 0.007740 -0.434856 -0.597397 
0.622513 0.309069 -0.239890 0.015670 -0.455987 -0.668960 
0.583826 0.305379 -0.195024 0.084385 -0.471717 -0.726094 
0.530975 0.294781 -0.173501 0.289738 -0.482661 -0.765632 
0.463230 0.280298 -0.165122 0.481830 -0.489794 -0.795268 
0.383805 0.256685 -0.163185 0.592852 -0.492206 -0.816424 
0.300241 0.227395 -0.165715 0.651170 -0.460587 -0.830324 
0.222018 0.180372 -0.173897 0.679899 -0.283328 -0.839861 
0.156603 0.125194 -0.182538 0.691474 -0.018506 -0.846586 
0.106900 0.035710 -0.194853 0.695227 0.150908 -0.851583 
0.071660 -0.039583 -0.221584 0.694584 0.240240 -0.846166 
0.047647 -0.130773 -0.258926 0.688383 0.283402 -0.761948 
0.031508 -0.220275 -0.297331 0.677459 0.302960 -0.528658 
0.020611 -0.307784 -0.374444 0.664170 0.310773 -0.345864 
0.013137 -0.365560 -0.454017 0.646078 0.310116 -0.246342 
0.007903 -0.405680 -0.525330 0.622333 0.305902 -0.197504 
0.004152 -0.437341 -0.595685 0.564194 0.295270 -0.174240 
0.031383 -0.457545 -0.661344 0.505395 0.283740 -0.164791 
0.220187 -0.472761 -0.718516 0.439650 0.258449 -0.163136 
0.581409 -0.482288 -0.760669 0.366116 0.234713 -0.165679 
0.690492 -0.489827 -0.785814 0.302630 0.201627 -0.169502 
0.711209 -0.494345 -0.807222 0.237836 0.155235 -0.175218 
0.708875 -0.491226 -0.823401 0.179282 0.093579 -0.186904 
0.705833 -0.425676 -0.834609 0.131567 0.011051 -0.200312 
0.701796 -0.158871 -0.843235 0.093793 -0.079275 -0.229816 
0.696365 0.070253 -0.848973 0.063432 -0.169460 -0.272316 
0.688880 0.195669 -0.848649 0.041932 -0.258662 -0.320698 
0.678372 0.261533 -0.824080 0.027942 -0.330907 -0.388429 
0.663418 0.293595 -0.648042 0.017835 -0.380703 -0.469449 
0.641844 0.306363 -0.433074 0.010932 -0.419577 -0.554681 
0.609617 0.310626 -0.293603 0.006172 -0.445110 -0.623842 
0.563795 0.308937 -0.220486 0.022839 -0.463822 -0.689671 
0.501901 0.301141 -0.185311 0.164852 -0.476691 -0.736449 
0.424850 0.286885 -0.169553 0.389420 -0.485579 -0.776307 
0.338722 0.271449 -0.164746 0.542773 -0.492467 -0.802880 
0.253647 0.247060 -0.165410 0.626867 -0.482709 -0.821987 
0.179548 0.202250 -0.170081 0.667748 -0.402206 -0.834385 
0.121888 0.147971 -0.176080 0.685398 -0.119173 -0.843323 
0.080725 0.074005 -0.188570 0.693059 0.083396 -0.849192 
0.052859 -0.005576 -0.208995 0.693500 0.206378 -0.844971 
0.034409 -0.106951 -0.242264 0.690326 0.266730 -0.806654 
0.022180 -0.193897 -0.289001 0.681027 0.295185 -0.586467 
0.013950 -0.277805 -0.339278 0.669297 0.307606 -0.388726 
0.008288 -0.348101 -0.411538 0.648642 0.310584 -0.269283 
0.004296 -0.396951 -0.504090 0.623615 0.307017 -0.208636 
0.001412 -0.430761 -0.581297 0.590894 0.297840 -0.179806 
0.001408 -0.454255 -0.653979 0.531794 0.285860 -0.166838 
0.031379 -0.470502 -0.709126 0.461667 0.266129 -0.163654 
0.220167 -0.480534 -0.750250 0.399963 0.242952 -0.163397 
0.581398 -0.486175 -0.780604 0.335371 0.220501 -0.167036 
0.690490 -0.491770 -0.799868 0.287232 0.194522 -0.171648 
0.708985 -0.495316 -0.815623 0.223790 0.151682 -0.180264 
0.706113 -0.481260 -0.828880 0.162987 0.079860 -0.189427 
0.702346 -0.317147 -0.838856 0.118297 -0.017332 -0.213850 
0.697375 -0.071916 -0.845633 0.082662 -0.099519 -0.239348 
0.690659 0.117493 -0.850659 0.056905 -0.200552 -0.286838 
0.681466 0.219289 -0.848329 0.037984 -0.274208 -0.350797 
0.668783 0.272705 -0.802143 0.024605 -0.343950 -0.427077 
0.649976 0.299181 -0.593865 0.015534 -0.391621 -0.504215 
0.622742 0.308602 -0.387522 0.009110 -0.425036 -0.588065 
0.584124 0.310449 -0.268129 0.010379 -0.451080 -0.653646 
0.531345 0.306069 -0.208094 0.035217 -0.467897 -0.712410 
0.463656 0.299707 -0.179533 0.253553 -0.479858 -0.758790 
0.384249 0.286168 -0.166663 0.457860 -0.488148 -0.788493 
0.300655 0.260901 -0.163425 0.580867 -0.493751 -0.811142 
0.222362 0.232755 -0.164750 0.645439 -0.483351 -0.826118 
0.156861 0.195098 -0.169750 0.677034 -0.340519 -0.837477 
0.107078 0.144394 -0.180465 0.690041 -0.088330 -0.844869 
0.071777 0.056593 -0.193816 0.695380 0.107248 -0.850502 
0.047722 -0.042733 -0.217976 0.693679 0.218303 -0.845626 
0.031557 -0.125529 -0.246755 0.690416 0.272693 -0.767954 
0.020643 -0.217653 -0.291246 0.681072 0.298167 -0.567117 
0.013158 -0.289683 -0.352834 0.669319 0.308377 -0.379051 
0.007917 -0.354040 -0.431169 0.648653 0.309588 -0.264445 
0.004162 -0.399920 -0.513906 0.623620 0.306519 -0.206218 
0.001412 -0.432246 -0.586205 0.590897 0.297591 -0.178597 
0.052546 -0.456078 -0.656433 0.529586 0.285736 -0.166970 
0.421797 -0.471414 -0.716061 0.451745 0.266067 -0.164225 
0.678063 -0.482297 -0.759441 0.372163 0.233525 -0.166223 
0.711216 -0.489831 -0.789287 0.293920 0.187364 -0.171241 
0.711212 -0.490168 -0.812099 0.212489 0.128680 -0.180061 
0.708985 -0.458795 -0.828072 0.153218 0.055662 -0.196891 
0.706113 -0.305915 -0.838937 0.107085 -0.029293 -0.222611 
0.702380 -0.023488 -0.846174 0.074311 -0.128322 -0.255136 
0.697426 0.148465 -0.851024 0.050186 -0.214954 -0.306826 
0.690729 0.238453 -0.837005 0.033038 -0.300369 -0.370009 
0.681539 0.282055 -0.717529 0.021340 -0.361078 -0.448753 
0.668783 0.300593 -0.500700 0.013505 -0.403585 -0.522877 
0.649804 0.308284 -0.332412 0.007740 -0.434856 -0.597397 
0.622513 0.309069 -0.239890 0.015670 -0.455987 -0.668960 
0.583826 0.305379 -0.195024 0.084385 -0.471717 -0.726094 
0.530975 0.294781 -0.173501 0.289738 -0.482661 -0.765632 
0.463230 0.280298 -0.165122 0.481830 -0.489794 -0.795268 
0.383805 0.256685 -0.163185 0.592852 -0.492206 -0.816424 
0.300241 0.227395 -0.165715 0.651170 -0.460587 -0.830324 
0.222018 0.180372 -0.173897 0.679899 -0.283328 -0.839861 
0.156603 0.125194 -0.182538 0.691474 -0.018506 -0.846586 
0.106900 0.035710 -0.194853 0.695227 0.150908 -0.851583 
0.071660 -0.039583 -0.221584 0.694584 0.240240 -0.846166 
0.047647 -0.130773 -0.258926 0.688383 0.283402 -0.761948 
0.031508 -0.220275 -0.297331 0.677459 0.302960 -0.528658 
0.020611 -0.307784 -0.374444 0.664170 0.310773 -0.345864 
0.013137 -0.365560 -0.454017 0.646078 0.310116 -0.246342 
0.007903 -0.405680 -0.525330 0.622333 0.305902 -0.197504 
0.004152 -0.437341 -0.595685 0.564194 0.295270 -0.174240 
0.031383 -0.457545 -0.661344 0.505395 0.283740 -0.164791 
0.220187 -0.472761 -0.718516 0.439650 0.258449 -0.163136 
0.581409 -0.482288 -0.760669 0.366116 0.234713 -0.165679 
0.690492 -0.489827 -0.785814 0.302630 0.201627 -0.169502 
0.711209 -0.494345 -0.807222 0.237836 0.155235 -0.175218 
0.708875 -0.491226 -0.823401 0.179282 0.093579 -0.186904 
0.705833 -0.425676 -0.834609 0.131567 0.011051 -0.200312 
0.701796 -0.158871 -0.843235 0.093793 -0.079275 -0.229816 
0.696365 0.070253 -0.848973 0.063432 -0.169460 -0.272316 
0.688880 0.195669 -0.848649 0.041932 -0.258662 -0.320698 
0.678372 0.261533 -0.824080 0.027942 -0.330907 -0.388429 
0.663418 0.293595 -0.648042 0.017835 -0.380703 -0.469449 
0.641844 0.306363 -0.433074 0.010932 -0.419577 -0.554681 
0.609617 0.310626 -0.293603 0.006172 -0.445110 -0.623842 
0.563795 0.308937 -0.220486 0.022839 -0.463822 -0.689671 
0.501901 0.301141 -0.185311 0.164852 -0.476691 -0.736449 
0.424850 0.286885 -0.169553 0.389420 -0.485579 -0.776307 
0.338722 0.271449 -0.164746 0.542773 -0.492467 -0.802880 
0.253647 0.247060 -0.165410 0.626867 -0.482709 -0.821987 
0.179548 0.202250 -0.170081 0.667748 -0.402206 -0.834385 
0.121888 0.147971 -0.176080 0.685398 -0.119173 -0.843323 
0.080725 0.074005 -0.188570 0.693059 0.083396 -0.849192 
0.052859 -0.005576 -0.208995 0.693500 0.206378 -0.844971 
0.034409 -0.106951 -0.242264 0.690326 0.266730 -0.806654 
0.022180 -0.193897 -0.289001 0.681027 0.295185 -0.586467 
0.013950 -0.277805 -0.339278 0.669297 0.307606 -0.388726 
0.008288 -0.348101 -0.411538 0.648642 0.310584 -0.269283 
0.004296 -0.396951 -0.504090 0.623615 0.307017 -0.208636 
0.001412 -0.430761 -0.581297 0.590894 0.297840 -0.179806 
0.001408 -0.454255 -0.653979 0.531794 0.285860 -0.166838 
0.031379 -0.470502 -0.709126 0.461667 0.266129 -0.163654 
0.220167 -0.480534 -0.750250 0.399963 0.242952 -0.163397 
0.581398 -0.486175 -0.780604 0.335371 0.220501 -0.167036 
0.690490 -0.491770 -0.799868 0.287232 0.194522 -0.171648 
0.708985 -0.495316 -0.815623 0.223790 0.151682 -0.180264 
0.706113 -0.481260 -0.828880 0.162987 0.079860 -0.189427 
0.702346 -0.317147 -0.838856 0.118297 -0.017332 -0.213850 
0.697375 -0.071916 -0.845633 0.082662 -0.099519 -0.239348 
0.690659 0.117493 -0.850659 0.056905 -0.200552 -0.286838 
0.681466 0.219289 -0.848329 0.037984 -0.274208 -0.350797 
0.668783 0.272705 -0.802143 0.024605 -0.343950 -0.427077 
0.649976 0.299181 -0.593865 0.015534 -0.391621 -0.504215 
0.622742 0.308602 -0.387522 0.009110 -0.425036 -0.588065 
0.584124 0.310449 -0.268129 0.010379 -0.451080 -0.653646 
0.531345 0.306069 -0.208094 0.035217 -0.467897 -0.712410 
0.463656 0.299707 -0.179533 0.253553 -0.479858 -0.758790 
0.384249 0.286168 -0.166663 0.457860 -0.488148 -0.788493 
0.300655 0.260901 -0.163425 0.580867 -0.493751 -0.811142 
0.222362 0.232755 -0.164750 0.645439 -0.483351 -0.826118 
0.156861 0.195098 -0.169750 0.677034 -0.340519 -0.837477 
0.107078 0.144394 -0.180465 0.690041 -0.088330 -0.844869 
0.071777 0.056593 -0.193816 0.695380 0.107248 -0.850502 
0.047722 -0.042733 -0.217976 0.693679 0.218303 -0.845626 
0.031557 -0.125529 -0.246755 0.690416 0.272693 -0.767954 
0.020643 -0.217653 -0.291246 0.681072 0.298167 -0.567117 
0.013158 -0.289683 -0.352834 0.669319 0.308377 -0.379051 
0.007917 -0.354040 -0.431169 0.648653 0.309588 -0.264445 
0.004162 -0.399920 -0.513906 0.623620 0.306519 -0.206218 
0.001412 -0.432246 -0.586205 0.590897 0.297591 -0.178597 
0.052546 -0.456078 -0.656433 0.529586 0.285736 -0.166970 
0.421797 -0.471414 -0.716061 0.451745 0.266067 -0.164225 
0.678063 -0.482297 -0.759441 0.372163 0.233525 -0.166223 
0.711216 -0.489831 -0.789287 0.293920 0.187364 -0.171241 
0.711212 -0.490168 -0.812099 0.212489 0.128680 -0.180061 
0.708985 -0.458795 -0.828072 0.153218 0.055662 -0.196891 
0.706113 -0.305915 -0.838937 0.107085 -0.029293 -0.222611 
0.702380 -0.023488 -0.846174 0.074311 -0.128322 -0.255136 
0.697426 0.148465 -0.851024 0.050186 -0.214954 -0.306826 
0.690729 0.238453 -0.837005 0.033038 -0.300369 -0.370009 
0.681539 0.282055 -0.717529 0.021340 -0.361078 -0.448753 
0.668783 0.300593 -0.500700 0.013505 -0.403585 -0.522877 
0.649804 0.308284 -0.332412 0.007740 -0.434856 -0.597397 
0.622513 0.309069 -0.239890 0.015670 -0.455987 -0.668960 
0.583826 0.305379 -0.195024 0.084385 -0.471717 -0.726094 
0.530975 0.294781 -0.173501 0.289738 -0.482661 -0.765632 
0.463230 0.280298 -0.165122 0.481830 -0.489794 -0.795268 
0.383805 0.256685 -0.163185 0.592852 -0.492206 -0.816424 
0.300241 0.227395 -0.165715 0.651170 -0.460587 -0.830324 
0.222018 0.180372 -0.173897 0.679899 -0.283328 -0.839861 
0.156603 0.125194 -0.182538 0.691474 -0.018506 -0.846586 
0.106900 0.035710 -0.194853 0.695227 0.150908 -0.851583 
0.071660 -0.039583 -0.221584 0.694584 0.240240 -0.846166 
0.047647 -0.130773 -0.258926 0.688383 0.283402 -0.761948 
0.031508 -0.220275 -0.297331 0.677459 0.302960 -0.528658 
0.020611 -0.307784 -0.374444 0.664170 0.310773 -0.345864 
0.013137 -0.365560 -0.454017 0.646078 0.310116 -0.246342 
0.007903 -0.405680 -0.525330 0.622333 0.305902 -0.197504 
0.004152 -0.437341 -0.595685 0.564194 0.295270 -0.174240 
0.031383 -0.457545 -0.661344 0.505395 0.283740 -0.164791 
0.220187 -0.472761 -0.718516 0.439650 0.258449 -0.163136 
0.581409 -0.482288 -0.760669 0.366116 0.234713 -0.165679 
0.690492 -0.489827 -0.785814 0.302630 0.201627 -0.169502 
0.711209 -0.494345 -0.807222 0.237836 0.155235 -0.175218 
0.708875 -0.491226 -0.823401 0.179282 0.093579 -0.186904 
0.705833 -0.425676 -0.834609 0.131567 0.011051 -0.200312 
0.701796 -0.158871 -0.843235 0.093793 -0.079275 -0.229816 
0.696365 0.070253 -0.848973 0.063432 -0.169460 -0.272316 
0.688880 0.195669 -0.848649 0.041932 -0.258662 -0.320698 
0.678372 0.261533 -0.824080 0.027942 -0.330907 -0.388429 
0.663418 0.293595 -0.648042 0.017835 -0.380703 -0.469449 
0.641844 0.306363 -0.433074 0.010932 -0.419577 -0.554681 
0.609617 0.310626 -0.293603 0.006172 -0.445110 -0.623842 
0.563795 0.308937 -0.220486 0.022839 -0.463822 -0.689671 
0.501901 0.301141 -0.185311 0.164852 -0.476691 -0.736449 
0.424850 0.286885 -0.169553 0.389420 -0.485579 -0.776307 
0.338722 0.271449 -0.164746 0.542773 -0.492467 -0.802880 
0.253647 0.247060 -0.165410 0.626867 -0.482709 -0.821987 
0.179548 0.202250 -0.170081 0.667748 -0.402206 -0.834385 
0.121888 0.147971 -0.176080 0.685398 -0.119173 -0.843323 
0.080725 0.074005 -0.188570 0.693059 0.083396 -0.849192 
0.052859 -0.005576 -0.208995 0.693500 0.206378 -0.844971 
0.034409 -0.106951 -0.242264 0.690326 0.266730 -0.806654 
0.022180 -0.193897 -0.289001 0.681027 0.295185 -0.586467 
0.013950 -0.277805 -0.339278 0.669297 0.307606 -0.388726 
0.008288 -0.348101 -0.411538 0.648642 0.310584 -0.269283 
0.004296 -0.396951 -0.504090 0.623615 0.307017 -0.208636 
0.001412 -0.430761 -0.581297 0.590894 0.297840 -0.179806 
0.001408 -0.454255 -0.653979 0.531794 0.285860 -0.166838 
0.031379 -0.470502 -0.709126 0.461667 0.266129 -0.163654 
0.220167 -0.480534 -0.750250 0.399963 0.242952 -0.163397 
0.581398 -0.486175 -0.780604 0.335371 0.220501 -0.167036 
0.690490 -0.491770 -0.799868 0.287232 0.194522 -0.171648 
0.708985 -0.495316 -0.815623 0.223790 0.151682 -0.180264 
0.706113 -0.481260 -0.828880 0.162987 0.079860 -0.189427 
0.702346 -0.317147 -0.838856 0.118297 -0.017332 -0.213850 
0.697375 -0.071916 -0.845633 0.082662 -0.099519 -0.239348 
0.690659 0.117493 -0.850659 0.056905 -0.200552 -0.286838 
0.681466 0.219289 -0.848329 0.037984 -0.274208 -0.350797 
0.668783 0.272705 -0.802143 0.024605 -0.343950 -0.427077 
0.649976 0.299181 -0.593865 0.015534 -0.391621 -0.504215 
0.622742 0.308602 -0.387522 0.009110 -0.425036 -0.588065 
0.584124 0.310449 -0.268129 0.010379 -0.451080 -0.653646 
0.531345 0.306069 -0.208094 0.035217 -0.467897 -0.712410 
0.463656 0.299707 -0.179533 0.253553 -0.479858 -0.758790 
0.384249 0.286168 -0.166663 0.457860 -0.488148 -0.788493 
0.300655 0.260901 -0.163425 0.580867 -0.493751 -0.811142 
0.222362 0.232755 -0.164750 0.645439 -0.483351 -0.826118 
0.156861 0.195098 -0.169750 0.677034 -0.340519 -0.837477 
0.107078 0.144394 -0.180465 0.690041 -0.088330 -0.844869 
0.071777 0.056593 -0.193816 0.695380 0.107248 -0.850502 
0.047722 -0.042733 -0.217976 0.693679 0.218303 -0.845626 
0.031557 -0.125529 -0.246755 0.690416 0.272693 -0.767954 
0.020643 -0.217653 -0.291246 0.681072 0.298167 -0.567117 
0.013158 -0.289683 -0.352834 0.669319 0.308377 -0.379051 
0.007917 -0.354040 -0.431169 0.648653 0.309588 -0.264445 
0.004162 -0.399920 -0.513906 0.623620 0.306519 -0.206218 
0.001412 -0.432246 -0.586205 0.590897 0.297591 -0.178597 
0.052546 -0.456078 -0.656433 0.529586 0.285736 -0.166970 
0.421797 -0.471414 -0.716061 0.451745 0.266067 -0.164225 
0.678063 -0.482297 -0.759441 0.372163 0.233525 -0.166223 
0.711216 -0.489831 -0.789287 0.293920 0.187364 -0.171241 
0.711212 -0.490168 -0.812099 0.212489 0.128680 -0.180061 
0.708985 -0.458795 -0.828072 0.153218 0.055662 -0.196891 
0.706113 -0.305915 -0.838937 0.107085 -0.029293 -0.222611 
0.702380 -0.023488 -0.846174 0.074311 -0.128322 -0.255136 
0.697426 0.148465 -0.851024 0.050186 -0.214954 -0.306826 
0.690729 0.238453 -0.837005 0.033038 -0.300369 -0.370009 
0.681539 0.282055 -0.717529 0.021340 -0.361078 -0.448753 
0.668783 0.300593 -0.500700 0.013505 -0.403585 -0.522877 
0.649804 0.308284 -0.332412 0.007740 -0.434856 -0.597397 
0.622513 0.309069 -0.239890 0.015670 -0.455987 -0.668960 
0.583826 0.305379 -0.195024 0.084385 -0.471717 -0.726094 
0.530975 0.294781 -0.173501 0.289738 -0.482661 -0.765632 
0.463230 0.280298 -0.165122 0.481830 -0.489794 -0.795268 
0.383805 0.256685 -0.163185 0.592852 -0.492206 -0.816424 
0.300241 0.227395 -0.165715 0.651170 -0.460587 -0.830324 
0.222018 0.180372 -0.173897 0.679899 -0.283328 -0.839861 
0.156603 0.125194 -0.182538 0.691474 -0.018506 -0.846586 
0.106900 0.035710 -0.194853 0.695227 0.150908 -0.851583 
0.071660 -0.039583 -0.221584 0.694584 0.240240 -0.846166 
0.047647 -0.130773 -0.258926 0.688383 0.283402 -0.761948 
0.031508 -0.220275 -0.297331 0.677459 0.302960 -0.528658 
0.020611 -0.307784 -0.374444 0.664170 0.310773 -0.345864 
0.013137 -0.365560 -0.454017 0.646078 0.310116 -0.246342 
0.007903 -0.405680 -0.525330 0.622333 0.305902 -0.197504 
0.004152 -0.437341 -0.595685 0.564194 0.295270 -0.174240 
0.031383 -0.457545 -0.661344 0.505395 0.283740 -0.164791 
0.220187 -0.472761 -0.718516 0.439650 0.258449 -0.163136 
0.581409 -0.482288 -0.760669 0.366116 0.234713 -0.165679 
0.690492 -0.489827 -0.785814 0.302630 0.201627 -0.169502 
0.711209 -0.494345 -0.807222 0.237836 0.155235 -0.175218 
0.708875 -0.491226 -0.823401 0.179282 0.093579 -0.186904 
0.705833 -0.425676 -0.834609 0.131567 0.011051 -0.200312 
0.701796 -0.158871 -0.843235 0.093793 -0.079275 -0.229816 
0.696365 0.070253 -0.848973 0.063432 -0.169460 -0.272316 
0.688880 0.195669 -0.848649 0.041932 -0.258662 -0.320698 
0.678372 0.261533 -0.824080 0.027942 -0.330907 -0.388429 
0.663418 0.293595 -0.648042 0.017835 -0.380703 -0.469449 
0.641844 0.306363 -0.433074 0.010932 -0.419577 -0.554681 
0.609617 0.310626 -0.293603 0.006172 -0.445110 -0.623842 
0.563795 0.308937 -0.220486 0.022839 -0.463822 -0.689671 
0.501901 0.301141 -0.185311 0.164852 -0.476691 -0.736449 
0.424850 0.286885 -0.169553 0.389420 -0.485579 -0.776307 
0.338722 0.271449 -0.164746 0.542773 -0.492467 -0.802880 
0.253647 0.247060 -0.165410 0.626867 -0.482709 -0.821987 
0.179548 0.202250 -0.170081 0.667748 -0.402206 -0.834385 
0.121888 0.147971 -0.176080 0.685398 -0.119173 -0.843323 
0.080725 0.074005 -0.188570 0.693059 0.083396 -0.849192 
0.052859 -0.005576 -0.208995 0.693500 0.206378 -0.844971 
0.034409 -0.106951 -0.242264 0.690326 0.266730 -0.806654 
0.022180 -0.193897 -0.289001 0.681027 0.295185 -0.586467 
0.013950 -0.277805 -0.339278 0.669297 0.307606 -0.388726 
0.008288 -0.348101 -0.411538 0.648642 0.310584 -0.269283 
0.004296 -0.396951 -0.504090 0.623615 0.307017 -0.208636 
0.001412 -0.430761 -0.581297 0.590894 0.297840 -0.179806 
0.001408 -0.454255 -0.653979 0.531794 0.285860 -0.166838 
0.031379 -0.470502 -0.709126 0.461667 0.266129 -0.163654 
0.220167 -0.480534 -0.750250 0.399963 0.242952 -0.163397 
0.581398 -0.486175 -0.780604 0.335371 0.220501 -0.167036 
0.690490 -0.491770 -0.799868 0.287232 0.194522 -0.171648 
0.708985 -0.495316 -0.815623 0.223790 0.151682 -0.180264 
0.706113 -0.481260 -0.828880 0.162987 0.079860 -0.189427 
0.702346 -0.317147 -0.838856 0.118297 -0.017332 -0.213850 
0.697375 -0.071916 -0.845633 0.082662 -0.099519 -0.239348 
0.690659 0.117493 -0.850659 0.056905 -0.200552 -0.286838 
0.681466 0.219289 -0.848329 0.037984 -0.274208 -0.350797 
0.668783 0.272705 -0.802143 0.024605 -0.343950 -0.427077 
0.649976 0.299181 -0.593865 0.015534 -0.391621 -0.504215 
0.622742 0.308602 -0.387522 0.009110 -0.425036 -0.588065 
0.584124 0.310449 -0.268129 0.010379 -0.451080 -0.653646 
0.531345 0.306069 -0.208094 0.035217 -0.467897 -0.712410 
0.463656 0.299707 -0.179533 0.253553 -0.479858 -0.758790 
0.384249 0.286168 -0.166663 0.457860 -0.488148 -0.788493 
0.300655 0.260901 -0.163425 0.580867 -0.493751 -0.811142 
0.222362 0.232755 -0.164750 0.645439 -0.483351 -0.826118 
0.156861 0.195098 -0.169750 0.677034 -0.340519 -0.837477 
0.107078 0.144394 -0.180465 0.690041 -0.088330 -0.844869 
0.071777 0.056593 -0.193816 0.695380 0.107248 -0.850502 
0.047722 -0.042733 -0.217976 0.693679 0.218303 -0.845626 
0.031557 -0.125529 -0.246755 0.690416 0.272693 -0.767954 
0.020643 -0.217653 -0.291246 0.681072 0.298167 -0.567117 
0.013158 -0.289683 -0.352834 0.669319 0.308377 -0.379051 
0.007917 -0.354040 -0.431169 0.648653 0.309588 -0.264445 
0.004162 -0.399920 -0.513906 0.623620 0.306519 -0.206218 
0.001412 -0.432246 -0.586205 0.590897 0.297591 -0.178597 
0.052546 -0.456078 -0.656433 0.529586 0.285736 -0.166970 
0.421797 -0.471414 -0.716061 0.451745 0.266067 -0.164225 
0.678063 -0.482297 -0.759441 0.372163 0.233525 -0.166223 
0.711216 -0.489831 -0.789287 0.293920 0.187364 -0.171241 
0.711212 -0.490168 -0.812099 0.212489 0.128680 -0.180061 
0.708985 -0.458795 -0.828072 0.153218 0.055662 -0.196891 
0.706113 -0.305915 -0.838937 0.107085 -0.029293 -0.222611 
0.702380 -0.023488 -0.846174 0.074311 -0.128322 -0.255136 
0.697426 0.148465 -0.851024 0.050186 -0.214954 -0.306826 
0.690729 0.238453 -0.837005 0.033038 -0.300369 -0.370009 
0.681539 0.282055 -0.717529 0.021340 -0.361078 -0.448753 
0.668783 0.300593 -0.500700 0.013505 -0.403585 -0.522877 
0.649804 0.308284 -0.332412 0.007740 -0.434856 -0.597397 
0.622513 0.309069 -0.239890 0.015670 -0.455987 -0.668960 
0.583826 0.305379 -0.195024 0.084385 -0.471717 -0.726094 
0.530975 0.294781 -0.173501 0.289738 -0.482661 -0.765632 
0.463230 0.280298 -0.165122 0.481830 -0.489794 -0.795268 
0.383805 0.256685 -0.163185 0.592852 -0.492206 -0.816424 
0.300241 0.227395 -0.165715 0.651170 -0.460587 -0.830324 
0.222018 0.180372 -0.173897 0.679899 -0.283328 -0.839861 
0.156603 0.125194 -0.182538 0.691474 -0.018506 -0.846586 
0.106900 0.035710 -0.194853 0.695227 0.150908 -0.851583 
0.071660 -0.039583 -0.221584 0.694584 0.240240 -0.846166 
0.047647 -0.130773 -0.258926 0.688383 0.283402 -0.761948 
0.031508 -0.220275 -0.297331 0.677459 0.302960 -0.528658 
0.020611 -0.307784 -0.374444 0.664170 0.310773 -0.345864 
0.013137 -0.365560 -0.454017 0.646078 0.310116 -0.246342 
0.007903 -0.405680 -0.525330 0.622333 0.305902 -0.197504 
0.004152 -0.437341 -0.595685 0.564194 0.295270 -0.174240 
0.031383 -0.457545 -0.661344 0.505395 0.283740 -0.164791 
0.220187 -0.472761 -0.718516 0.439650 0.258449 -0.163136 
0.581409 -0.482288 -0.760669 0.366116 0.234713 -0.165679 
0.690492 -0.489827 -0.785814 0.302630 0.201627 -0.169502 
0.711209 -0.494345 -0.807222 0.237836 0.155235 -0.175218 
0.708875 -0.491226 -0.823401 0.179282 0.093579 -0.186904 
0.705833 -0.425676 -0.834609 0.131567 0.011051 -0.200312 
0.701796 -0.158871 -0.843235 0.093793 -0.079275 -0.229816 
0.696365 0.070253 -0.848973 0.063432 -0.169460 -0.272316 
0.688880 0.195669 -0.848649 0.041932 -0.258662 -0.320698 
0.678372 0.261533 -0.824080 0.027942 -0.330907 -0.388429 
0.663418 0.293595 -0.648042 0.017835 -0.380703 -0.469449 
0.641844 0.306363 -0.433074 0.010932 -0.419577 -0.554681 
0.609617 0.310626 -0.293603 0.006172 -0.445110 -0.623842 
0.563795 0.308937 -0.220486 0.022839 -0.463822 -0.689671 
0.501901 0.301141 -0.185311 0.164852 -0.476691 -0.736449 
0.424850 0.286885 -0.169553 0.389420 -0.485579 -0.776307 
0.338722 0.271449 -0.164746 0.542773 -0.492467 -0.802880 
0.253647 0.247060 -0.165410 0.626867 -0.482709 -0.821987 
0.179548 0.202250 -0.170081 0.667748 -0.402206 -0.834385 
0.121888 0.147971 -0.176080 0.685398 -0.119173 -0.843323 
0.080725 0.074005 -0.188570 0.693059 0.083396 -0.849192 
0.052859 -0.005576 -0.208995 0.693500 0.206378 -0.844971 
0.034409 -0.106951 -0.242264 0.690326 0.266730 -0.806654 
0.022180 -0.193897 -0.289001 0.681027 0.295185 -0.586467 
0.013950 -0.277805 -0.339278 0.669297 0.307606 -0.388726 
0.008288 -0.348101 -0.411538 0.648642 0.310584 -0.269283 
0.004296 -0.396951 -0.504090 0.623615 0.307017 -0.208636 
0.001412 -0.430761 -0.581297 0.590894 0.297840 -0.179806 
0.001408 -0.454255 -0.653979 0.531794 0.285860 -0.166838 
0.031379 -0.470502 -0.709126 0.461667 0.266129 -0.163654 
0.220167 -0.480534 -0.750250 0.399963 0.242952 -0.163397 
0.581398 -0.486175 -0.780604 0.335371 0.220501 -0.167036 
0.690490 -0.491770 -0.799868 0.287232 0.194522 -0.171648 
0.708985 -0.495316 -0.815623 0.223790 0.151682 -0.180264 
0.706113 -0.481260 -0.828880 0.162987 0.079860 -0.189427 
0.702346 -0.317147 -0.838856 0.118297 -0.017332 -0.213850 
0.697375 -0.071916 -0.845633 0.082662 -0.099519 -0.239348 
0.690659 0.117493 -0.850659 0.056905 -0.200552 -0.286838 
0.681466 0.219289 -0.848329 0.037984 -0.274208 -0.350797 
0.668783 0.272705 -0.802143 0.024605 -0.343950 -0.427077 
0.649976 0.299181 -0.593865 0.015534 -0.391621 -0.504215 
0.622742 0.308602 -0.387522 0.009110 -0.425036 -0.588065 
0.584124 0.310449 -0.268129 0.010379 -0.451080 -0.653646 
0.531345 0.306069 -0.208094 0.035217 -0.467897 -0.712410 
0.463656 0.299707 -0.179533 0.253553 -0.479858 -0.758790 
0.384249 0.286168 -0.166663 0.457860 -0.488148 -0.788493 
0.300655 0.260901 -0.163425 0.580867 -0.493751 -0.811142 
0.222362 0.232755 -0.164750 0.645439 -0.483351 -0.826118 
0.156861 0.195098 -0.169750 0.677034 -0.340519 -0.837477 
0.107078 0.144394 -0.180465 0.690041 -0.088330 -0.844869 
0.071777 0.056593 -0.193816 0.695380 0.107248 -0.850502 
0.047722 -0.042733 -0.217976 0.693679 0.218303 -0.845626 
0.031557 -0.125529 -0.246755 0.690416 0.272693 -0.767954 
0.020643 -0.217653 -0.291246 0.681072 0.298167 -0.567117 
0.013158 -0.289683 -0.352834 0.669319 0.308377 -0.379051 
0.007917 -0.354040 -0.431169 0.648653 0.309588 -0.264445 
0.004162 -0.399920 -0.513906 0.623620 0.306519 -0.206218 
0.001412 -0.432246 -0.586205 0.590897 0.297591 -0.178597 
0.052546 -0.456078 -0.656433 0.529586 0.285736 -0.166970 
0.421797 -0.471414 -0.716061 0.451745 0.266067 -0.164225 
0.678063 -0.482297 -0.759441 0.372163 0.233525 -0.166223 
0.711216 -0.489831 -0.789287 0.293920 0.187364 -0.171241 
0.711212 -0.490168 -0.812099 0.212489 0.128680 -0.180061 
0.708985 -0.458795 -0.828072 0.153218 0.055662 -0.196891 
0.706113 -0.305915 -0.838937 0.107085 -0.029293 -0.222611 
0.702380 -0.023488 -0.846174 0.074311 -0.128322 -0.255136 
0.697426 0.148465 -0.851024 0.050186 -0.214954 -0.306826 
0.690729 0.238453 -0.837005 0.033038 -0.300369 -0.370009 
0.681539 0.282055 -0.717529 0.021340 -0.361078 -0.448753 
0.668783 0.300593 -0.500700 0.013505 -0.403585 -0.522877 
0.649804 0.308284 -0.332412 0.007740 -0.434856 -0.597397 
0.622513 0.309069 -0.239890 0.015670 -0.455987 -0.668960 
0.583826 0.305379 -0.195024 0.084385 -0.471717 -0.726094 
0.530975 0.294781 -0.173501 0.289738 -0.482661 -0.765632 
0.463230 0.280298 -0.165122 0.481830 -0.489794 -0.795268 
0.383805 0.256685 -0.163185 0.592852 -0.492206 -0.816424 
0.300241 0.227395 -0.165715 0.651170 -0.460587 -0.830324 
0.222018 0.180372 -0.173897 0.679899 -0.283328 -0.839861 
0.156603 0.125194 -0.182538 0.691474 -0.018506 -0.846586 
0.106900 0.035710 -0.194853 0.695227 0.150908 -0.851583 
0.071660 -0.039583 -0.221584 0.694584 0.240240 -0.846166 
0.047647 -0.130773 -0.258926 0.688383 0.283402 -0.761948 
0.031508 -0.220275 -0.297331 0.677459 0.302960 -0.528658 
0.020611 -0.307784 -0.374444 0.664170 0.310773 -0.345864 
0.013137 -0.365560 -0.454017 0.646078 0.310116 -0.246342 
0.007903 -0.405680 -0.525330 0.622333 0.305902 -0.197504 
0.004152 -0.437341 -0.595685 0.564194 0.295270 -0.174240 
0.031383 -0.457545 -0.661344 0.505395 0.283740 -0.164791 
0.220187 -0.472761 -0.718516 0.439650 0.258449 -0.163136 
0.581409 -0.482288 -0.760669 0.366116 0.234713 -0.165679 
0.690492 -0.489827 -0.785814 0.302630 0.201627 -0.169502 
0.711209 -0.494345 -0.807222 0.237836 0.155235 -0.175218 
0.708875 -0.491226 -0.823401 0.179282 0.093579 -0.186904 
0.705833 -0.425676 -0.834609 0.131567 0.011051 -0.200312 
0.701796 -0.158871 -0.843235 0.093793 -0.079275 -0.229816 
0.696365 0.070253 -0.848973 0.063432 -0.169460 -0.272316 
0.688880 0.195669 -0.848649 0.041932 -0.258662 -0.320698 
0.678372 0.261533 -0.824080 0.027942 -0.330907 -0.388429 
0.663418 0.293595 -0.648042 0.017835 -0.380703 -0.469449 
0.641844 0.306363 -0.433074 0.010932 -0.419577 -0.554681 
0.609617 0.310626 -0.293603 0.006172 -0.445110 -0.623842 
0.563795 0.308937 -0.220486 0.022839 -0.463822 -0.689671 
0.501901 0.301141 -0.185311 0.164852 -0.476691 -0.736449 
0.424850 0.286885 -0.169553 0.389420 -0.485579 -0.776307 
0.338722 0.271449 -0.164746 0.542773 -0.492467 -0.802880 
0.253647 0.247060 -0.165410 0.626867 -0.482709 -0.821987 
0.179548 0.202250 -0.170081 0.667748 -0.402206 -0.834385 
0.121888 0.147971 -0.176080 0.685398 -0.119173 -0.843323 
0.080725 0.074005 -0.188570 0.693059 0.083396 -0.849192 
0.052859 -0.005576 -0.208995 0.693500 0.206378 -0.844971 
0.034409 -0.106951 -0.242264 0.690326 0.266730 -0.806654 
0.022180 -0.193897 -0.289001 0.681027 0.295185 -0.586467 
0.013950 -0.277805 -0.339278 0.669297 0.307606 -0.388726 
0.008288 -0.348101 -0.411538 0.648642 0.310584 -0.269283 
0.004296 -0.396951 -0.504090 0.623615 0.307017 -0.208636 
0.001412 -0.430761 -0.581297 0.590894 0.297840 -0.179806 
0.001408 -0.454255 -0.653979 0.531794 0.285860 -0.166838 
0.031379 -0.470502 -0.709126 0.461667 0.266129 -0.163654 
0.220167 -0.480534 -0.750250 0.399963 0.242952 -0.163397 
0.581398 -0.486175 -0.780604 0.335371 0.220501 -0.167036 
0.690490 -0.491770 -0.799868 0.287232 0.194522 -0.171648 
0.708985 -0.495316 -0.815623 0.223790 0.151682 -0.180264 
0.706113 -0.481260 -0.828880 0.162987 0.079860 -0.189427 
0.702346 -0.317147 -0.838856 0.118297 -0.017332 -0.213850 
0.697375 -0.071916 -0.845633 0.082662 -0.099519 -0.239348 
0.690659 0.117493 -0.850659 0.056905 -0.200552 -0.286838 
0.681466 0.219289 -0.848329 0.037984 -0.274208 -0.350797 
0.668783 0.272705 -0.802143 0.024605 -0.343950 -0.427077 
0.649976 0.299181 -0.593865 0.015534 -0.391621 -0.504215 
0.622742 0.308602 -0.387522 0.009110 -0.425036 -0.588065 
0.584124 0.310449 -0.268129 0.010379 -0.451080 -0.653646 
0.531345 0.306069 -0.208094 0.035217 -0.467897 -0.712410 
0.463656 0.299707 -0.179533 0.253553 -0.479858 -0.758790 
0.384249 0.286168 -0.166663 0.457860 -0.488148 -0.788493 
0.300655 0.260901 -0.163425 0.580867 -0.493751 -0.811142 
0.222362 0.232755 -0.164750 0.645439 -0.483351 -0.826118 
0.156861 0.195098 -0.169750 0.677034 -0.340519 -0.837477 
0.107078 0.144394 -0.180465 0.690041 -0.088330 -0.844869 
0.071777 0.056593 -0.193816 0.695380 0.107248 -0.850502 
0.047722 -0.042733 -0.217976 0.693679 0.218303 -0.845626 
0.031557 -0.125529 -0.246755 0.690416 0.272693 -0.767954 
0.020643 -0.217653 -0.291246 0.681072 0.298167 -0.567117 
0.013158 -0.289683 -0.352834 0.669319 0.308377 -0.379051 
0.007917 -0.354040 -0.431169 0.648653 0.309588 -0.264445 
0.004162 -0.399920 -0.513906 0.623620 0.306519 -0.206218 
0.001412 -0.432246 -0.586205 0.590897 0.297591 -0.178597 
0.052546 -0.456078 -0.656433 0.529586 0.285736 -0.166970 
0.421797 -0.471414 -0.716061 0.451745 0.266067 -0.164225 
0.678063 -0.482297 -0.759441 0.372163 0.233525 -0.166223 
0.711216 -0.489831 -0.789287 0.293920 0.187364 -0.171241 
0.711212 -0.490168 -0.812099 0.212489 0.128680 -0.180061 
0.708985 -0.458795 -0.828072 0.153218 0.055662 -0.196891 
0.706113 -0.305915 -0.838937 0.107085 -0.029293 -0.222611 
0.702380 -0.023488 -0.846174 0.074311 -0.128322 -0.255136 
0.697426 0.148465 -0.851024 0.050186 -0.214954 -0.306826 
0.690729 0.238453 -0.837005 0.033038 -0.300369 -0.370009 
0.681539 0.282055 -0.717529 0.021340 -0.361078 -0.448753 
0.668783 0.300593 -0.500700 0.013505 -0.403585 -0.522877 
0.649804 0.308284 -0.332412 0.007740 -0.434856 -0.597397 
0.622513 0.309069 -0.239890 0.015670 -0.455987 -0.668960 
0.583826 0.305379 -0.195024 0.084385 -0.471717 -0.726094 
0.530975 0.294781 -0.173501 0.289738 -0.482661 -0.765632 
0.463230 0.280298 -0.165122 0.481830 -0.489794 -0.795268 
0.383805 0.256685 -0.163185 0.592852 -0.492206 -0.816424 
0.300241 0.227395 -0.165715 0.651170 -0.460587 -0.830324 
0.222018 0.180372 -0.173897 0.679899 -0.283328 -0.839861 
0.156603 0.125194 -0.182538 0.691474 -0.018506 -0.846586 
0.106900 0.035710 -0.194853 0.695227 0.150908 -0.851583 
0.071660 -0.039583 -0.221584 0.694584 0.240240 -0.846166 
0.047647 -0.130773 -0.258926 0.688383 0.283402 -0.761948 
0.031508 -0.220275 -0.297331 0.677459 0.302960 -0.528658 
0.020611 -0.307784 -0.374444 0.664170 0.310773 -0.345864 
0.013137 -0.365560 -0.454017 0.646078 0.310116 -0.246342 
0.007903 -0.405680 -0.525330 0.622333 0.305902 -0.197504 
0.004152 -0.437341 -0.595685 0.564194 0.295270 -0.174240 
0.031383 -0.457545 -0.661344 0.505395 0.283740 -0.164791 
0.220187 -0.472761 -0.718516 0.439650 0.258449 -0.163136 
0.581409 -0.482288 -0.760669 0.366116 0.234713 -0.165679 
0.690492 -0.489827 -0.785814 0.302630 0.201627 -0.169502 
0.711209 -0.494345 -0.807222 0.237836 0.155235 -0.175218 
0.708875 -0.491226 -0.823401 0.179282 0.093579 -0.186904 
0.705833 -0.425676 -0.834609 0.131567 0.011051 -0.200312 
0.701796 -0.158871 -0.843235 0.093793 -0.079275 -0.229816 
0.696365 0.070253 -0.848973 0.063432 -0.169460 -0.272316 
0.688880 0.195669 -0.848649 0.041932 -0.258662 -0.320698 
0.678372 0.261533 -0.824080 0.027942 -0.330907 -0.388429 
0.663418 0.293595 -0.648042 0.017835 -0.380703 -0.469449 
0.641844 0.306363 -0.433074 0.010932 -0.419577 -0.554681 
0.609617 0.310626 -0.293603 0.006172 -0.445110 -0.623842 
0.563795 0.308937 -0.220486 0.022839 -0.463822 -0.689671 
0.501901 0.301141 -0.185311 0.164852 -0.476691 -0.736449 
0.424850 0.286885 -0.169553 0.389420 -0.485579 -0.776307 
0.338722 0.271449 -0.164746 0.542773 -0.492467 -0.802880 
0.253647 0.247060 -0.165410 0.626867 -0.482709 -0.821987 
0.179548 0.202250 -0.170081 0.667748 -0.402206 -0.834385 
0.121888 0.147971 -0.176080 0.685398 -0.119173 -0.843323 
0.080725 0.074005 -0.188570 0.693059 0.083396 -0.849192 
0.052859 -0.005576 -0.208995 0.693500 0.206378 -0.844971 
0.034409 -0.106951 -0.242264 0.690326 0.266730 -0.806654 
0.022180 -0.193897 -0.289001 0.681027 0.295185 -0.586467 
0.013950 -0.277805 -0.339278 0.669297 0.307606 -0.388726 
0.008288 -0.348101 -0.411538 0.648642 0.310584 -0.269283 
0.004296 -0.396951 -0.504090 0.623615 0.307017 -0.208636 
0.001412 -0.430761 -0.581297 0.590894 0.297840 -0.179806 
0.001408 -0.454255 -0.653979 0.531794 0.285860 -0.166838 
0.031379 -0.470502 -0.709126 0.461667 0.266129 -0.163654 
0.220167 -0.480534 -0.750250 0.399963 0.242952 -0.163397 
0.581398 -0.486175 -0.780604 0.335371 0.220501 -0.167036 
0.690490 -0.491770 -0.799868 0.287232 0.194522 -0.171648 
0.708985 -0.495316 -0.815623 0.223790 0.151682 -0.180264 
0.706113 -0.481260 -0.828880 0.162987 0.079860 -0.189427 
0.702346 -0.317147 -0.838856 0.118297 -0.017332 -0.213850 
0.697375 -0.071916 -0.845633 0.082662 -0.099519 -0.239348 
0.690659 0.117493 -0.850659 0.056905 -0.200552 -0.286838 
0.681466 0.219289 -0.848329 0.037984 -0.274208 -0.350797 
0.668783 0.272705 -0.802143 0.024605 -0.343950 -0.427077 
0.649976 0.299181 -0.593865 0.015534 -0.391621 -0.504215 
0.622742 0.308602 -0.387522 0.009110 -0.425036 -0.588065 
0.584124 0.310449 -0.268129 0.010379 -0.451080 -0.653646 
0.531345 0.306069 -0.208094 0.035217 -0.467897 -0.712410 
0.463656 0.299707 -0.179533 0.253553 -0.479858 -0.758790 
0.384249 0.286168 -0.166663 0.457860 -0.488148 -0.788493 
0.300655 0.260901 -0.163425 0.580867 -0.493751 -0.811142 
0.222362 0.232755 -0.164750 0.645439 -0.483351 -0.826118 
0.156861 0.195098 -0.169750 0.677034 -0.340519 -0.837477 
0.107078 0.144394 -0.180465 0.690041 -0.088330 -0.844869 
0.071777 0.056593 -0.193816 0.695380 0.107248 -0.850502 
0.047722 -0.042733 -0.217976 0.693679 0.218303 -0.845626 
0.031557 -0.125529 -0.246755 0.690416 0.272693 -0.767954 
0.020643 -0.217653 -0.291246 0.681072 0.298167 -0.567117 
0.013158 -0.289683 -0.352834 0.669319 0.308377 -0.379051 
