0.357500 0.000000 0.000000 0.000000 0.000000 0.000000 
0.357500 0.000000 0.000000 0.000000 0.000000 0.000000 
-0.009420 0.000000 0.000000 0.000000 0.000000 0.000000 
0.724576 0.000000 0.000000 0.000000 0.000000 0.000000 
0.640965 0.000000 0.000000 0.000000 0.000000 0.000000 
0.001386 0.000000 0.000000 0.000000 0.000000 0.000000 
0.001386 0.000000 0.000000 0.000000 0.000000 0.000000 
0.001386 0.000000 0.000000 0.000000 0.000000 0.000000 
0.001386 0.000000 0.000000 0.000000 0.000000 0.000000 
0.001386 0.000000 0.000000 0.000000 0.000000 0.000000 
0.001386 0.000000 0.000000 0.000000 0.000000 0.000000 
0.001386 0.000000 0.000000 0.000000 0.000000 0.000000 
0.001386 0.000000 0.000000 0.000000 0.000000 0.000000 
0.001386 0.000000 0.000000 0.000000 0.000000 0.000000 
0.001386 0.000000 0.000000 0.000000 0.000000 0.000000 
0.001386 0.000000 0.000000 0.000000 0.000000 0.000000 
0.001386 0.000000 0.000000 0.000000 0.000000 0.000000 
0.001386 0.000000 0.000000 0.000000 0.000000 0.000000 
0.001386 0.000000 0.000000 0.000000 0.000000 0.000000 
0.711202 0.000000 0.000000 0.000000 0.000000 0.000000 
0.711202 0.000000 0.000000 0.000000 0.000000 0.000000 
0.711202 0.000000 0.000000 0.000000 0.000000 0.000000 
0.711202 -0.120531 -0.676204 -0.229232 -0.334901 -0.382423 
0.707149 0.100277 -0.764498 -0.102522 -0.341382 -0.370470 
0.701308 0.213837 -0.760227 -0.043640 -0.372267 -0.413316 
0.691198 0.266483 -0.572908 -0.018588 -0.409180 -0.505159 
0.673687 0.290054 -0.363520 -0.008589 -0.439876 -0.600529 
0.642029 0.298650 -0.255447 0.020528 -0.461162 -0.676713 
0.584337 0.295998 -0.203209 0.140123 -0.476491 -0.740942 
0.488214 0.284313 -0.178502 0.376730 -0.486464 -0.778553 
0.357002 0.258693 -0.169875 0.540302 -0.490687 -0.806172 
0.222953 0.221048 -0.170733 0.624820 -0.425198 -0.825988 
0.122346 0.167379 -0.176406 0.663934 -0.169587 -0.839125 
0.062917 0.083709 -0.191786 0.681458 0.071576 -0.847630 
0.031680 -0.035386 -0.220051 0.685777 0.200236 -0.835238 
0.015424 -0.158115 -0.265997 0.682119 0.262273 -0.688970 
0.006568 -0.276704 -0.358777 0.666500 0.290430 -0.426020 
0.001436 -0.350020 -0.465104 0.638713 0.298744 -0.286695 
0.001429 -0.407296 -0.565572 0.598444 0.293704 -0.218836 
0.001422 -0.444874 -0.646288 0.522520 0.279793 -0.187089 
0.052609 -0.467720 -0.718831 0.430389 0.255719 -0.175114 
0.421986 -0.479768 -0.764895 0.350584 0.226885 -0.172895 
0.678089 -0.488567 -0.792013 0.294838 0.197713 -0.174577 
0.711221 -0.488337 -0.813462 0.212949 0.133854 -0.181729 
0.707737 -0.435229 -0.829644 0.143277 0.031189 -0.197725 
0.702614 -0.130957 -0.841027 0.095152 -0.075258 -0.231286 
0.694820 0.095063 -0.846910 0.059670 -0.188422 -0.294901 
0.682479 0.211230 -0.801433 0.035448 -0.295787 -0.375532 
0.662220 0.265180 -0.542652 0.020559 -0.370940 -0.486267 
0.628168 0.289402 -0.350318 0.010985 -0.420756 -0.591083 
0.570022 0.298325 -0.249189 0.030315 -0.452735 -0.677580 
0.480688 0.291254 -0.200583 0.251102 -0.473170 -0.741375 
0.364493 0.273634 -0.179218 0.473613 -0.485656 -0.785414 
0.244252 0.239121 -0.172647 0.592111 -0.479303 -0.813761 
0.146896 0.180178 -0.177363 0.650369 -0.292686 -0.831579 
0.082761 0.100413 -0.189287 0.676709 -0.008893 -0.842937 
0.045470 0.007627 -0.209354 0.685325 0.160233 -0.841843 
0.024636 -0.107168 -0.252811 0.683753 0.243398 -0.759786 
0.012799 -0.234440 -0.321183 0.670660 0.281712 -0.475386 
0.005782 -0.326419 -0.415344 0.649323 0.295564 -0.311103 
0.001414 -0.390073 -0.520681 0.603749 0.297039 -0.230627 
0.001408 -0.432739 -0.623671 0.538221 0.285460 -0.192248 
0.052501 -0.460358 -0.699680 0.456063 0.261889 -0.176864 
0.421595 -0.476087 -0.751251 0.374322 0.236433 -0.172543 
0.678021 -0.486726 -0.785191 0.306707 0.202487 -0.172934 
0.707955 -0.488615 -0.810051 0.233528 0.136241 -0.180908 
0.703276 -0.435368 -0.827939 0.156654 0.032382 -0.197314 
0.696408 -0.131027 -0.840174 0.101841 -0.074661 -0.231080 
0.685944 0.095029 -0.846483 0.063014 -0.188124 -0.294798 
0.669641 0.211213 -0.801220 0.037120 -0.295638 -0.375481 
0.642029 0.265172 -0.542545 0.021395 -0.370865 -0.486241 
0.596261 0.289398 -0.350265 0.011403 -0.420718 -0.591070 
0.524655 0.298322 -0.249162 0.030524 -0.452716 -0.677574 
0.425161 0.291253 -0.200570 0.251206 -0.473161 -0.741372 
0.309968 0.273633 -0.179741 0.473666 -0.485651 -0.785412 
0.202752 0.239121 -0.172908 0.591839 -0.457310 -0.813253 
0.121990 0.180178 -0.177493 0.650233 -0.281690 -0.832053 
0.070207 0.100413 -0.189352 0.675476 0.002138 -0.843557 
0.039755 -0.020823 -0.215744 0.683727 0.165749 -0.842153 
0.022191 -0.144964 -0.261335 0.682955 0.245700 -0.708394 
0.011836 -0.253339 -0.337878 0.670260 0.282850 -0.449690 
0.005484 -0.338337 -0.435734 0.640594 0.296133 -0.298386 
0.001414 -0.399484 -0.537911 0.599384 0.294812 -0.224268 
0.120932 -0.439697 -0.632286 0.536039 0.284346 -0.189805 
0.640113 -0.463837 -0.711820 0.437149 0.258752 -0.176472 
0.711217 -0.480602 -0.765476 0.338139 0.205433 -0.174911 
0.711212 -0.484354 -0.801774 0.234599 0.118678 -0.186751 
0.707955 -0.404136 -0.824856 0.154102 0.015866 -0.212511 
0.703319 -0.115411 -0.839000 0.097819 -0.105742 -0.250086 
0.696479 0.102837 -0.845896 0.061003 -0.215856 -0.309583 
0.686037 0.214479 -0.767209 0.036115 -0.314773 -0.406470 
0.669641 0.266804 -0.503276 0.020839 -0.383449 -0.512663 
0.641762 0.289550 -0.328704 0.013023 -0.428741 -0.615945 
0.595870 0.295619 -0.238382 0.057493 -0.458094 -0.693560 
0.524125 0.289901 -0.196088 0.325556 -0.475850 -0.752269 
0.424541 0.272958 -0.177504 0.514425 -0.487601 -0.793029 
0.309378 0.235531 -0.172875 0.611956 -0.458285 -0.818627 
0.202302 0.174621 -0.177477 0.660292 -0.186130 -0.834740 
0.121705 0.097903 -0.192322 0.680506 0.063304 -0.844900 
0.070046 -0.008487 -0.220318 0.687223 0.196101 -0.816599 
0.039668 -0.127412 -0.266131 0.682843 0.260876 -0.679651 
0.022144 -0.244563 -0.327843 0.666862 0.289731 -0.421361 
0.011809 -0.333949 -0.430716 0.638894 0.299595 -0.284078 
0.005468 -0.397290 -0.535309 0.598534 0.294129 -0.217107 
0.052511 -0.437519 -0.631157 0.533405 0.283170 -0.186225 
0.421620 -0.464042 -0.711265 0.435832 0.257407 -0.174682 
0.678024 -0.478611 -0.761112 0.353306 0.220701 -0.172678 
0.711207 -0.488737 -0.794871 0.263174 0.164771 -0.176806 
0.707720 -0.458080 -0.818504 0.182679 0.073708 -0.195263 
0.702598 -0.233414 -0.834330 0.119349 -0.034233 -0.223188 
0.694820 0.032982 -0.845008 0.075249 -0.146939 -0.268958 
0.682479 0.180712 -0.836329 0.045570 -0.266361 -0.351075 
0.662220 0.253185 -0.654166 0.026688 -0.348430 -0.450772 
0.628464 0.285604 -0.417672 0.014687 -0.407278 -0.555295 
0.570436 0.297531 -0.282513 0.019144 -0.444027 -0.647907 
0.481204 0.295438 -0.216325 0.163004 -0.466794 -0.715567 
0.365021 0.280626 -0.186534 0.412585 -0.481860 -0.769308 
0.244675 0.251649 -0.174761 0.561774 -0.477405 -0.803928 
0.147166 0.195574 -0.174756 0.635201 -0.291737 -0.826663 
0.082907 0.108110 -0.185306 0.669125 -0.008419 -0.840479 
0.045544 0.011476 -0.207363 0.681533 0.160470 -0.840614 
0.024674 -0.105243 -0.251816 0.681857 0.243517 -0.759172 
0.012819 -0.233478 -0.320685 0.669712 0.281771 -0.475079 
0.005793 -0.325938 -0.415095 0.648849 0.295593 -0.310949 
0.001421 -0.389832 -0.520556 0.603512 0.297054 -0.230550 
0.001414 -0.432618 -0.623609 0.538103 0.285467 -0.192209 
0.052545 -0.460298 -0.699649 0.456003 0.261892 -0.176845 
0.421745 -0.476057 -0.751235 0.374293 0.236435 -0.172533 
0.678046 -0.486711 -0.785184 0.306692 0.202488 -0.172929 
0.711212 -0.488607 -0.810047 0.233520 0.136242 -0.180905 
0.707955 -0.435364 -0.827937 0.156650 0.032383 -0.197313 
0.703319 -0.131025 -0.840173 0.101839 -0.074661 -0.231080 
0.696479 0.095030 -0.846483 0.063013 -0.188124 -0.294798 
0.686037 0.211213 -0.801219 0.037120 -0.295638 -0.375481 
0.669641 0.265172 -0.542545 0.021395 -0.370865 -0.486241 
0.641762 0.289398 -0.350264 0.011403 -0.420718 -0.591070 
0.595870 0.298323 -0.249162 0.030524 -0.452716 -0.677574 
0.524125 0.291253 -0.200570 0.251206 -0.472268 -0.741372 
0.424541 0.273633 -0.179212 0.462565 -0.485205 -0.785412 
0.309378 0.248152 -0.172643 0.586586 -0.479078 -0.813253 
0.202302 0.193825 -0.177361 0.647607 -0.292574 -0.831325 
0.121705 0.131921 -0.186608 0.675328 -0.008837 -0.842810 
0.070046 0.023382 -0.208015 0.685707 0.158606 -0.846318 
0.039668 -0.099291 -0.252141 0.683945 0.242584 -0.762023 
0.022144 -0.221037 -0.320848 0.675240 0.281305 -0.493710 
0.011809 -0.319717 -0.415177 0.651613 0.297434 -0.320265 
0.005468 -0.386722 -0.520597 0.613406 0.297975 -0.234466 
0.052511 -0.431063 -0.623629 0.543050 0.287826 -0.194167 
0.421620 -0.459520 -0.699659 0.458477 0.267112 -0.177824 
0.678024 -0.476350 -0.755309 0.364628 0.232581 -0.174249 
0.711207 -0.487444 -0.791969 0.268836 0.170712 -0.177591 
0.707720 -0.457433 -0.817053 0.185510 0.076678 -0.195656 
0.702598 -0.233090 -0.833604 0.120764 -0.032748 -0.223385 
0.694820 0.033144 -0.844645 0.075957 -0.146197 -0.269056 
0.682479 0.180793 -0.836147 0.045924 -0.265990 -0.351124 
0.662220 0.253225 -0.654076 0.026865 -0.348244 -0.450796 
0.628168 0.285624 -0.417627 0.014775 -0.407185 -0.555308 
0.570022 0.297541 -0.282490 0.019188 -0.443981 -0.647913 
0.480688 0.295444 -0.216313 0.163026 -0.466770 -0.715570 
0.364493 0.280629 -0.186528 0.412597 -0.481849 -0.769309 
0.244252 0.251650 -0.174759 0.561779 -0.477400 -0.803928 
0.146896 0.195574 -0.174755 0.635204 -0.291735 -0.826663 
0.082761 0.108111 -0.185305 0.669126 -0.008418 -0.840479 
0.045470 0.011476 -0.207363 0.681534 0.160471 -0.840614 
0.024636 -0.105243 -0.251815 0.681858 0.243517 -0.759172 
0.012799 -0.233478 -0.320685 0.669712 0.281771 -0.475079 
0.005782 -0.325938 -0.415095 0.648849 0.295593 -0.310949 
0.001414 -0.389832 -0.520556 0.603512 0.297054 -0.230550 
0.001408 -0.432618 -0.623609 0.538103 0.285467 -0.192209 
0.052501 -0.460298 -0.699649 0.456003 0.261892 -0.176845 
0.421595 -0.476057 -0.751235 0.374293 0.236435 -0.172533 
0.678021 -0.486711 -0.785183 0.306692 0.202488 -0.172929 
0.707955 -0.488607 -0.810047 0.233520 0.136242 -0.180905 
0.703276 -0.435364 -0.827937 0.156650 0.032383 -0.197313 
0.696408 -0.131025 -0.840173 0.101839 -0.074661 -0.231080 
0.685944 0.095030 -0.846483 0.063013 -0.188124 -0.294798 
0.669641 0.211213 -0.801219 0.037120 -0.295638 -0.375481 
0.642029 0.265172 -0.542545 0.021395 -0.370865 -0.486241 
0.596261 0.289398 -0.350264 0.011403 -0.420718 -0.591070 
0.524655 0.298323 -0.249162 0.030524 -0.452716 -0.677574 
0.425161 0.291253 -0.200570 0.251206 -0.473161 -0.741372 
0.309968 0.273633 -0.179741 0.473666 -0.485651 -0.785412 
0.202752 0.239121 -0.172908 0.591839 -0.457310 -0.813253 
0.121990 0.180178 -0.177493 0.650233 -0.281690 -0.832053 
0.070207 0.100413 -0.189352 0.675476 0.002138 -0.843557 
0.039755 -0.020823 -0.215744 0.683727 0.165749 -0.842153 
0.022191 -0.144964 -0.261335 0.682955 0.245700 -0.708394 
0.011836 -0.253339 -0.337878 0.670260 0.282850 -0.449690 
0.005484 -0.338337 -0.435734 0.640594 0.296133 -0.298386 
0.001414 -0.399484 -0.537911 0.599384 0.294812 -0.224268 
0.120932 -0.439697 -0.632286 0.536039 0.284346 -0.189805 
0.640113 -0.463837 -0.711820 0.437149 0.258752 -0.176472 
0.711217 -0.480602 -0.765476 0.338139 0.205433 -0.174911 
0.711212 -0.484354 -0.801774 0.234599 0.118678 -0.186751 
0.707955 -0.404136 -0.824856 0.154102 0.015866 -0.212511 
0.703319 -0.115411 -0.839000 0.097819 -0.105742 -0.250086 
0.696479 0.102837 -0.845896 0.061003 -0.215856 -0.309583 
0.686037 0.214479 -0.767209 0.036115 -0.314773 -0.406470 
0.669641 0.266804 -0.503276 0.020839 -0.383449 -0.512663 
0.641762 0.289550 -0.328704 0.013023 -0.428741 -0.615945 
0.595870 0.295619 -0.238382 0.057493 -0.458094 -0.693560 
0.524125 0.289901 -0.196088 0.325556 -0.475850 -0.752269 
0.424541 0.272958 -0.177504 0.514425 -0.487601 -0.793029 
0.309378 0.235531 -0.172875 0.611956 -0.458285 -0.818627 
0.202302 0.174621 -0.177477 0.660292 -0.186130 -0.834740 
0.121705 0.097903 -0.192322 0.680506 0.063304 -0.844900 
0.070046 -0.008487 -0.220318 0.687223 0.196101 -0.816599 
0.039668 -0.127412 -0.266131 0.682843 0.260876 -0.679651 
0.022144 -0.244563 -0.327843 0.666862 0.289731 -0.421361 
0.011809 -0.333949 -0.430716 0.638894 0.299595 -0.284078 
0.005468 -0.397290 -0.535309 0.598534 0.294129 -0.217107 
0.052511 -0.437519 -0.631157 0.533405 0.283170 -0.186225 
0.421620 -0.464042 -0.711265 0.435832 0.257407 -0.174682 
0.678024 -0.478611 -0.761112 0.353306 0.220701 -0.172678 
0.711207 -0.488737 -0.794871 0.263174 0.164771 -0.176806 
0.707720 -0.458080 -0.818504 0.182679 0.073708 -0.195263 
0.702598 -0.233414 -0.834330 0.119349 -0.034233 -0.223188 
0.694820 0.032982 -0.845008 0.075249 -0.146939 -0.268958 
0.682479 0.180712 -0.836329 0.045570 -0.266361 -0.351075 
0.662220 0.253185 -0.654166 0.026688 -0.348430 -0.450772 
0.628464 0.285604 -0.417672 0.014687 -0.407278 -0.555295 
0.570436 0.297531 -0.282513 0.019144 -0.444027 -0.647907 
0.481204 0.295438 -0.216325 0.163004 -0.466794 -0.715567 
0.365021 0.280626 -0.186534 0.412585 -0.481860 -0.769308 
0.244675 0.251649 -0.174761 0.561774 -0.477405 -0.803928 
0.147166 0.195574 -0.174756 0.635201 -0.291737 -0.826663 
0.082907 0.108110 -0.185306 0.669125 -0.008419 -0.840479 
0.045544 0.011476 -0.207363 0.681533 0.160470 -0.840614 
0.024674 -0.105243 -0.251816 0.681857 0.243517 -0.759172 
0.012819 -0.233478 -0.320685 0.669712 0.281771 -0.475079 
0.005793 -0.325938 -0.415095 0.648849 0.295593 -0.310949 
0.001421 -0.389832 -0.520556 0.603512 0.297054 -0.230550 
0.001414 -0.432618 -0.623609 0.538103 0.285467 -0.192209 
0.052545 -0.460298 -0.699649 0.456003 0.261892 -0.176845 
0.421745 -0.476057 -0.751235 0.374293 0.236435 -0.172533 
0.678046 -0.486711 -0.785184 0.306692 0.202488 -0.172929 
0.711212 -0.488607 -0.810047 0.233520 0.136242 -0.180905 
0.707955 -0.435364 -0.827937 0.156650 0.032383 -0.197313 
0.703319 -0.131025 -0.840173 0.101839 -0.074661 -0.231080 
0.696479 0.095030 -0.846483 0.063013 -0.188124 -0.294798 
0.686037 0.211213 -0.801219 0.037120 -0.295638 -0.375481 
0.669641 0.265172 -0.542545 0.021395 -0.370865 -0.486241 
0.641762 0.289398 -0.350264 0.011403 -0.420718 -0.591070 
0.595870 0.298323 -0.249162 0.030524 -0.452716 -0.677574 
0.524125 0.291253 -0.200570 0.251206 -0.472268 -0.741372 
0.424541 0.273633 -0.179212 0.462565 -0.485205 -0.785412 
0.309378 0.248152 -0.172643 0.586586 -0.479078 -0.813253 
0.202302 0.193825 -0.177361 0.647607 -0.292574 -0.831325 
0.121705 0.131921 -0.186608 0.675328 -0.008837 -0.842810 
0.070046 0.023382 -0.208015 0.685707 0.158606 -0.846318 
0.039668 -0.099291 -0.252141 0.683945 0.242584 -0.762023 
0.022144 -0.221037 -0.320848 0.675240 0.281305 -0.493710 
0.011809 -0.319717 -0.415177 0.651613 0.297434 -0.320265 
0.005468 -0.386722 -0.520597 0.613406 0.297975 -0.234466 
0.052511 -0.431063 -0.623629 0.543050 0.287826 -0.194167 
0.421620 -0.459520 -0.699659 0.458477 0.267112 -0.177824 
0.678024 -0.476350 -0.755309 0.364628 0.232581 -0.174249 
0.711207 -0.487444 -0.791969 0.268836 0.170712 -0.177591 
0.707720 -0.457433 -0.817053 0.185510 0.076678 -0.195656 
0.702598 -0.233090 -0.833604 0.120764 -0.032748 -0.223385 
0.694820 0.033144 -0.844645 0.075957 -0.146197 -0.269056 
0.682479 0.180793 -0.836147 0.045924 -0.265990 -0.351124 
0.662220 0.253225 -0.654076 0.026865 -0.348244 -0.450796 
0.628168 0.285624 -0.417627 0.014775 -0.407185 -0.555308 
0.570022 0.297541 -0.282490 0.019188 -0.443981 -0.647913 
0.480688 0.295444 -0.216313 0.163026 -0.466770 -0.715570 
0.364493 0.280629 -0.186528 0.412597 -0.481849 -0.769309 
0.244252 0.251650 -0.174759 0.561779 -0.477400 -0.803928 
0.146896 0.195574 -0.174755 0.635204 -0.291735 -0.826663 
0.082761 0.108111 -0.185305 0.669126 -0.008418 -0.840479 
0.045470 0.011476 -0.207363 0.681534 0.160471 -0.840614 
0.024636 -0.105243 -0.251815 0.681858 0.243517 -0.759172 
0.012799 -0.233478 -0.320685 0.669712 0.281771 -0.475079 
0.005782 -0.325938 -0.415095 0.648849 0.295593 -0.310949 
0.001414 -0.389832 -0.520556 0.603512 0.297054 -0.230550 
0.001408 -0.432618 -0.623609 0.538103 0.285467 -0.192209 
0.052501 -0.460298 -0.699649 0.456003 0.261892 -0.176845 
0.421595 -0.476057 -0.751235 0.374293 0.236435 -0.172533 
0.678021 -0.486711 -0.785183 0.306692 0.202488 -0.172929 
0.707955 -0.488607 -0.810047 0.233520 0.136242 -0.180905 
0.703276 -0.435364 -0.827937 0.156650 0.032383 -0.197313 
0.696408 -0.131025 -0.840173 0.101839 -0.074661 -0.231080 
0.685944 0.095030 -0.846483 0.063013 -0.188124 -0.294798 
0.669641 0.211213 -0.801219 0.037120 -0.295638 -0.375481 
0.642029 0.265172 -0.542545 0.021395 -0.370865 -0.486241 
0.596261 0.289398 -0.350264 0.011403 -0.420718 -0.591070 
0.524655 0.298323 -0.249162 0.030524 -0.452716 -0.677574 
0.425161 0.291253 -0.200570 0.251206 -0.473161 -0.741372 
0.309968 0.273633 -0.179741 0.473666 -0.485651 -0.785412 
0.202752 0.239121 -0.172908 0.591839 -0.457310 -0.813253 
0.121990 0.180178 -0.177493 0.650233 -0.281690 -0.832053 
0.070207 0.100413 -0.189352 0.675476 0.002138 -0.843557 
0.039755 -0.020823 -0.215744 0.683727 0.165749 -0.842153 
0.022191 -0.144964 -0.261335 0.682955 0.245700 -0.708394 
0.011836 -0.253339 -0.337878 0.670260 0.282850 -0.449690 
0.005484 -0.338337 -0.435734 0.640594 0.296133 -0.298386 
0.001414 -0.399484 -0.537911 0.599384 0.294812 -0.224268 
0.120932 -0.439697 -0.632286 0.536039 0.284346 -0.189805 
0.640113 -0.463837 -0.711820 0.437149 0.258752 -0.176472 
0.711217 -0.480602 -0.765476 0.338139 0.205433 -0.174911 
0.711212 -0.484354 -0.801774 0.234599 0.118678 -0.186751 
0.707955 -0.404136 -0.824856 0.154102 0.015866 -0.212511 
0.703319 -0.115411 -0.839000 0.097819 -0.105742 -0.250086 
0.696479 0.102837 -0.845896 0.061003 -0.215856 -0.309583 
0.686037 0.214479 -0.767209 0.036115 -0.314773 -0.406470 
0.669641 0.266804 -0.503276 0.020839 -0.383449 -0.512663 
0.641762 0.289550 -0.328704 0.013023 -0.428741 -0.615945 
0.595870 0.295619 -0.238382 0.057493 -0.458094 -0.693560 
0.524125 0.289901 -0.196088 0.325556 -0.475850 -0.752269 
0.424541 0.272958 -0.177504 0.514425 -0.487601 -0.793029 
0.309378 0.235531 -0.172875 0.611956 -0.458285 -0.818627 
0.202302 0.174621 -0.177477 0.660292 -0.186130 -0.834740 
0.121705 0.097903 -0.192322 0.680506 0.063304 -0.844900 
0.070046 -0.008487 -0.220318 0.687223 0.196101 -0.816599 
0.039668 -0.127412 -0.266131 0.682843 0.260876 -0.679651 
0.022144 -0.244563 -0.327843 0.666862 0.289731 -0.421361 
0.011809 -0.333949 -0.430716 0.638894 0.299595 -0.284078 
0.005468 -0.397290 -0.535309 0.598534 0.294129 -0.217107 
0.052511 -0.437519 -0.631157 0.533405 0.283170 -0.186225 
0.421620 -0.464042 -0.711265 0.435832 0.257407 -0.174682 
0.678024 -0.478611 -0.761112 0.353306 0.220701 -0.172678 
0.711207 -0.488737 -0.794871 0.263174 0.164771 -0.176806 
0.707720 -0.458080 -0.818504 0.182679 0.073708 -0.195263 
0.702598 -0.233414 -0.834330 0.119349 -0.034233 -0.223188 
0.694820 0.032982 -0.845008 0.075249 -0.146939 -0.268958 
0.682479 0.180712 -0.836329 0.045570 -0.266361 -0.351075 
0.662220 0.253185 -0.654166 0.026688 -0.348430 -0.450772 
0.628168 0.285604 -0.417672 0.014687 -0.407278 -0.555295 
0.570022 0.297531 -0.282513 0.019144 -0.444027 -0.647907 
0.480688 0.295438 -0.216325 0.163004 -0.466794 -0.715567 
0.364493 0.280626 -0.186534 0.412585 -0.481860 -0.769308 
0.244252 0.251649 -0.174761 0.561774 -0.477405 -0.803928 
0.146896 0.195574 -0.174756 0.635201 -0.291737 -0.826663 
0.082761 0.108110 -0.185306 0.669125 -0.008419 -0.840479 
0.045470 0.011476 -0.207363 0.681533 0.160470 -0.840614 
0.024636 -0.105243 -0.251816 0.681857 0.243517 -0.759172 
0.012799 -0.233478 -0.320685 0.669712 0.281771 -0.475079 
0.005782 -0.325938 -0.415095 0.648849 0.295593 -0.310949 
0.001414 -0.389832 -0.520556 0.603512 0.297054 -0.230550 
0.001408 -0.432618 -0.623609 0.538103 0.285467 -0.192209 
0.052501 -0.460298 -0.699649 0.456003 0.261892 -0.176845 
0.421595 -0.476057 -0.751235 0.374293 0.236435 -0.172533 
0.678021 -0.486711 -0.785184 0.306692 0.202488 -0.172929 
0.707955 -0.488607 -0.810047 0.233520 0.136242 -0.180905 
0.703276 -0.435364 -0.827937 0.156650 0.032383 -0.197313 
0.696408 -0.131025 -0.840173 0.101839 -0.074661 -0.231080 
0.685944 0.095030 -0.846483 0.063013 -0.188124 -0.294798 
0.669641 0.211213 -0.801219 0.037120 -0.295638 -0.375481 
0.642029 0.265172 -0.542545 0.021395 -0.370865 -0.486241 
0.596261 0.289398 -0.350264 0.011403 -0.420718 -0.591070 
0.524655 0.298323 -0.249162 0.030524 -0.452716 -0.677574 
0.425161 0.291253 -0.200570 0.251206 -0.473161 -0.741372 
0.309968 0.273633 -0.179741 0.473666 -0.485651 -0.785412 
0.202752 0.239121 -0.172908 0.591839 -0.457310 -0.813253 
0.121990 0.180178 -0.177493 0.650233 -0.281690 -0.832053 
0.070207 0.100413 -0.189352 0.675476 0.002138 -0.843557 
0.039755 -0.020823 -0.215744 0.683727 0.165749 -0.842153 
0.022191 -0.144964 -0.261335 0.682955 0.245700 -0.708394 
0.011836 -0.253339 -0.337878 0.670260 0.282850 -0.449690 
0.005484 -0.338337 -0.435734 0.640594 0.296133 -0.298386 
0.001414 -0.399484 -0.537911 0.599384 0.294812 -0.224268 
0.120932 -0.439697 -0.632286 0.536039 0.284346 -0.189805 
0.640113 -0.463837 -0.711820 0.437149 0.258752 -0.176472 
0.711217 -0.480602 -0.765476 0.338139 0.205433 -0.174911 
0.711212 -0.484354 -0.801774 0.234599 0.118678 -0.186751 
0.707955 -0.404136 -0.824856 0.154102 0.015866 -0.212511 
0.703319 -0.115411 -0.839000 0.097819 -0.105742 -0.250086 
0.696479 0.102837 -0.845896 0.061003 -0.215856 -0.309583 
0.686037 0.214479 -0.767209 0.036115 -0.314773 -0.406470 
0.669641 0.266804 -0.503276 0.020839 -0.383449 -0.512663 
0.641762 0.289550 -0.328704 0.013023 -0.428741 -0.615945 
0.595870 0.295619 -0.238382 0.057493 -0.458094 -0.693560 
0.524125 0.289901 -0.196088 0.325556 -0.475850 -0.752269 
0.424541 0.272958 -0.177504 0.514425 -0.487601 -0.793029 
0.309378 0.235531 -0.172875 0.611956 -0.458285 -0.818627 
0.202302 0.174621 -0.177477 0.660292 -0.186130 -0.834740 
0.121705 0.097903 -0.192322 0.680506 0.063304 -0.844900 
0.070046 -0.008487 -0.220318 0.687223 0.196101 -0.816599 
0.039668 -0.127412 -0.266131 0.682843 0.260876 -0.679651 
0.022144 -0.244563 -0.327843 0.666862 0.289731 -0.421361 
0.011809 -0.333949 -0.430716 0.638894 0.299595 -0.284078 
0.005468 -0.397290 -0.535309 0.598534 0.294129 -0.217107 
0.001404 -0.437519 -0.631157 0.533405 0.283170 -0.186225 
0.052469 -0.464042 -0.711265 0.435832 0.257407 -0.174682 
0.421475 -0.477929 -0.757043 0.364207 0.227729 -0.171452 
0.678000 -0.487647 -0.788088 0.301675 0.198135 -0.172388 
0.707949 -0.493488 -0.809733 0.231012 0.134065 -0.180635 
0.703276 -0.437805 -0.827780 0.162479 0.051227 -0.197177 
0.696380 -0.193825 -0.840094 0.107226 -0.059287 -0.231012 
0.685797 0.056539 -0.847890 0.069187 -0.180437 -0.282670 
0.669038 0.191968 -0.823700 0.042215 -0.283110 -0.369416 
0.642029 0.258813 -0.604644 0.024339 -0.361201 -0.475384 
0.596261 0.287394 -0.384384 0.012875 -0.413664 -0.585642 
0.524655 0.297320 -0.265880 0.031260 -0.448889 -0.669270 
0.425161 0.295333 -0.208425 0.251574 -0.470354 -0.737220 
0.309968 0.275674 -0.183669 0.462749 -0.484248 -0.783336 
0.202752 0.240141 -0.174872 0.586380 -0.478599 -0.812215 
0.121990 0.180688 -0.178475 0.647504 -0.292334 -0.831534 
0.070207 0.100668 -0.189843 0.674112 -0.003184 -0.843297 
0.039755 -0.020695 -0.215990 0.683045 0.163087 -0.842023 
0.022191 -0.144900 -0.261458 0.682613 0.244369 -0.708329 
0.011836 -0.253307 -0.337940 0.670090 0.282185 -0.449657 
0.005484 -0.338321 -0.435765 0.640508 0.295800 -0.298370 
0.001414 -0.399476 -0.537926 0.599341 0.294646 -0.224260 
0.120932 -0.439693 -0.632294 0.536017 0.284263 -0.189801 
0.640113 -0.463835 -0.711824 0.437138 0.258710 -0.176470 
0.711217 -0.480601 -0.765478 0.338134 0.205413 -0.174910 
0.711212 -0.484353 -0.801775 0.234596 0.118668 -0.186750 
0.707955 -0.404136 -0.824857 0.154101 0.015861 -0.212511 
0.703319 -0.115411 -0.839000 0.097819 -0.105745 -0.250085 
0.696479 0.102837 -0.845896 0.061003 -0.215857 -0.309583 
0.686037 0.214479 -0.767210 0.036115 -0.314774 -0.406470 
0.669641 0.266805 -0.503276 0.020839 -0.383450 -0.512663 
0.641762 0.289550 -0.328704 0.013023 -0.428741 -0.615945 
0.595870 0.295620 -0.238382 0.057493 -0.458095 -0.693560 
0.524125 0.289901 -0.196088 0.325556 -0.475850 -0.752269 
0.424541 0.272958 -0.177504 0.514425 -0.487601 -0.793029 
0.309378 0.235531 -0.172875 0.611956 -0.458285 -0.818627 
0.202302 0.174621 -0.177477 0.660292 -0.186130 -0.834740 
0.121705 0.097903 -0.192322 0.680506 0.063304 -0.844900 
0.070046 -0.008487 -0.220318 0.687223 0.196101 -0.816599 
0.039668 -0.127412 -0.266131 0.682843 0.260876 -0.679651 
0.022144 -0.244563 -0.327843 0.666862 0.289731 -0.421361 
0.011809 -0.333949 -0.430716 0.638894 0.299595 -0.284078 
0.005468 -0.397290 -0.535309 0.598534 0.294129 -0.217107 
0.052511 -0.437519 -0.631157 0.533405 0.283170 -0.186225 
0.421620 -0.464042 -0.711265 0.435832 0.257407 -0.174682 
0.678024 -0.478611 -0.761112 0.353306 0.220701 -0.172678 
0.711207 -0.488737 -0.794871 0.263174 0.164771 -0.176806 
0.707720 -0.458080 -0.818504 0.182679 0.073708 -0.195263 
0.702598 -0.233414 -0.834330 0.119349 -0.034233 -0.223188 
0.694820 0.032982 -0.845008 0.075249 -0.146939 -0.268958 
0.682479 0.180712 -0.836329 0.045570 -0.266361 -0.351075 
0.662220 0.253185 -0.654166 0.026688 -0.348430 -0.450772 
0.628168 0.285604 -0.417672 0.014687 -0.407278 -0.555295 
0.570022 0.297531 -0.282513 0.019144 -0.444027 -0.647907 
0.480688 0.295438 -0.216325 0.163004 -0.466794 -0.715567 
0.364493 0.280626 -0.186534 0.412585 -0.481860 -0.769308 
0.244252 0.251649 -0.174761 0.561774 -0.477405 -0.803928 
0.146896 0.195574 -0.174756 0.635201 -0.291737 -0.826663 
0.082761 0.108110 -0.185306 0.669125 -0.008419 -0.840479 
0.045470 0.011476 -0.207363 0.681533 0.160470 -0.840614 
0.024636 -0.105243 -0.251816 0.681857 0.243517 -0.759172 
0.012799 -0.233478 -0.320685 0.669712 0.281771 -0.475079 
0.005782 -0.325938 -0.415095 0.648849 0.295593 -0.310949 
0.001414 -0.389832 -0.520556 0.603512 0.297054 -0.230550 
0.001408 -0.432618 -0.623609 0.538103 0.285467 -0.192209 
0.052501 -0.460298 -0.699649 0.456003 0.261892 -0.176845 
0.421595 -0.476057 -0.751235 0.374293 0.236435 -0.172533 
0.678021 -0.486711 -0.785184 0.306692 0.202488 -0.172929 
0.707955 -0.488607 -0.810047 0.233520 0.136242 -0.180905 
0.703276 -0.435364 -0.827937 0.156650 0.032383 -0.197313 
0.696408 -0.131025 -0.840173 0.101839 -0.074661 -0.231080 
0.685944 0.095030 -0.846483 0.063013 -0.188124 -0.294798 
0.669641 0.211213 -0.801219 0.037120 -0.295638 -0.375481 
0.642029 0.265172 -0.542545 0.021395 -0.370865 -0.486241 
0.596261 0.289398 -0.350264 0.011403 -0.420718 -0.591070 
0.524655 0.298323 -0.249162 0.030524 -0.452716 -0.677574 
0.425161 0.291253 -0.200570 0.251206 -0.473161 -0.741372 
0.309968 0.273633 -0.179741 0.473666 -0.485651 -0.785412 
0.202752 0.239121 -0.172908 0.591839 -0.457310 -0.813253 
0.121990 0.180178 -0.177493 0.650233 -0.281690 -0.832053 
0.070207 0.100413 -0.189352 0.675476 0.002138 -0.843557 
0.039755 -0.020823 -0.215744 0.683727 0.165749 -0.842153 
0.022191 -0.144964 -0.261335 0.682955 0.245700 -0.708394 
0.011836 -0.253339 -0.337878 0.670260 0.282850 -0.449690 
0.005484 -0.338337 -0.435734 0.640594 0.296133 -0.298386 
0.001414 -0.399484 -0.537911 0.599384 0.294812 -0.224268 
0.120932 -0.439697 -0.632286 0.536039 0.284346 -0.189805 
0.640113 -0.463837 -0.711820 0.437149 0.258752 -0.176472 
0.711217 -0.480602 -0.765476 0.338139 0.205433 -0.174911 
0.711212 -0.484354 -0.801774 0.234599 0.118678 -0.186751 
0.707955 -0.404136 -0.824856 0.154102 0.015866 -0.212511 
0.703319 -0.115411 -0.839000 0.097819 -0.105742 -0.250086 
0.696479 0.102837 -0.845896 0.061003 -0.215856 -0.309583 
0.686037 0.214479 -0.767209 0.036115 -0.314773 -0.406470 
0.669641 0.266804 -0.503276 0.020839 -0.383449 -0.512663 
0.641762 0.289550 -0.328704 0.013023 -0.428741 -0.615945 
0.595870 0.295619 -0.238382 0.057493 -0.458094 -0.693560 
0.524125 0.289901 -0.196088 0.325556 -0.475850 -0.752269 
0.424541 0.272958 -0.177504 0.514425 -0.487601 -0.793029 
0.309378 0.235531 -0.172875 0.611956 -0.458285 -0.818627 
0.202302 0.174621 -0.177477 0.660292 -0.186130 -0.834740 
0.121705 0.097903 -0.192322 0.680506 0.063304 -0.844900 
0.070046 -0.008487 -0.220318 0.687223 0.196101 -0.816599 
0.039668 -0.127412 -0.266131 0.682843 0.260876 -0.679651 
0.022144 -0.244563 -0.327843 0.666862 0.289731 -0.421361 
0.011809 -0.333949 -0.430716 0.638894 0.299595 -0.284078 
0.005468 -0.397290 -0.535309 0.598534 0.294129 -0.217107 
0.052511 -0.437519 -0.631157 0.533405 0.283170 -0.186225 
0.421620 -0.464042 -0.711265 0.435832 0.257407 -0.174682 
0.678024 -0.478611 -0.761112 0.353306 0.220701 -0.172678 
0.711207 -0.488737 -0.794871 0.263174 0.164771 -0.176806 
0.707720 -0.458080 -0.818504 0.182679 0.073708 -0.195263 
0.702598 -0.233414 -0.834330 0.119349 -0.034233 -0.223188 
0.694820 0.032982 -0.845008 0.075249 -0.146939 -0.268958 
0.682479 0.180712 -0.836329 0.045570 -0.266361 -0.351075 
0.662220 0.253185 -0.654166 0.026688 -0.348430 -0.450772 
0.628464 0.285604 -0.417672 0.014687 -0.407278 -0.555295 
0.570436 0.297531 -0.282513 0.019144 -0.444027 -0.647907 
0.481204 0.295438 -0.216325 0.163004 -0.466794 -0.715567 
0.365021 0.280626 -0.186534 0.412585 -0.481860 -0.769308 
0.244675 0.251649 -0.174761 0.561774 -0.477405 -0.803928 
0.147166 0.195574 -0.174756 0.635201 -0.291737 -0.826663 
0.082907 0.108110 -0.185306 0.669125 -0.008419 -0.840479 
0.045544 0.011476 -0.207363 0.681533 0.160470 -0.840614 
0.024674 -0.105243 -0.251816 0.681857 0.243517 -0.759172 
0.012819 -0.233478 -0.320685 0.669712 0.281771 -0.475079 
0.005793 -0.325938 -0.415095 0.648849 0.295593 -0.310949 
0.001421 -0.389832 -0.520556 0.603512 0.297054 -0.230550 
0.001414 -0.432618 -0.623609 0.538103 0.285467 -0.192209 
0.052545 -0.460298 -0.699649 0.456003 0.261892 -0.176845 
0.421745 -0.476057 -0.751235 0.374293 0.236435 -0.172533 
0.678046 -0.486711 -0.785184 0.306692 0.202488 -0.172929 
0.711212 -0.488607 -0.810047 0.233520 0.136242 -0.180905 
0.707955 -0.435364 -0.827937 0.156650 0.032383 -0.197313 
0.703319 -0.131025 -0.840173 0.101839 -0.074661 -0.231080 
0.696479 0.095030 -0.846483 0.063013 -0.188124 -0.294798 
0.686037 0.211213 -0.801219 0.037120 -0.295638 -0.375481 
0.669641 0.265172 -0.542545 0.021395 -0.370865 -0.486241 
0.641762 0.289398 -0.350264 0.011403 -0.420718 -0.591070 
0.595870 0.298323 -0.249162 0.030524 -0.452716 -0.677574 
0.524125 0.291253 -0.200570 0.251206 -0.472268 -0.741372 
0.424541 0.273633 -0.179212 0.462565 -0.485205 -0.785412 
0.309378 0.248152 -0.172643 0.586586 -0.479078 -0.813253 
0.202302 0.193825 -0.177361 0.647607 -0.292574 -0.831325 
0.121705 0.131921 -0.186608 0.675328 -0.008837 -0.842810 
0.070046 0.023382 -0.208015 0.685707 0.158606 -0.846318 
0.039668 -0.099291 -0.252141 0.683945 0.242584 -0.762023 
0.022144 -0.221037 -0.320848 0.675240 0.281305 -0.493710 
0.011809 -0.319717 -0.415177 0.651613 0.297434 -0.320265 
0.005468 -0.386722 -0.520597 0.613406 0.297975 -0.234466 
0.052511 -0.431063 -0.623629 0.543050 0.287826 -0.194167 
0.421620 -0.459520 -0.699659 0.458477 0.267112 -0.177824 
0.678024 -0.476350 -0.755309 0.364628 0.232581 -0.174249 
0.711207 -0.487444 -0.791969 0.268836 0.170712 -0.177591 
0.707720 -0.457433 -0.817053 0.185510 0.076678 -0.195656 
0.702598 -0.233090 -0.833604 0.120764 -0.032748 -0.223385 
0.694820 0.033144 -0.844645 0.075957 -0.146197 -0.269056 
0.682479 0.180793 -0.836147 0.045924 -0.265990 -0.351124 
0.662220 0.253225 -0.654076 0.026865 -0.348244 -0.450796 
0.628168 0.285624 -0.417627 0.014775 -0.407185 -0.555308 
0.570022 0.297541 -0.282490 0.019188 -0.443981 -0.647913 
0.480688 0.295444 -0.216313 0.163026 -0.466770 -0.715570 
0.364493 0.280629 -0.186528 0.412597 -0.481849 -0.769309 
0.244252 0.251650 -0.174759 0.561779 -0.477400 -0.803928 
0.146896 0.195574 -0.174755 0.635204 -0.291735 -0.826663 
0.082761 0.108111 -0.185305 0.669126 -0.008418 -0.840479 
0.045470 0.011476 -0.207363 0.681534 0.160471 -0.840614 
0.024636 -0.105243 -0.251815 0.681858 0.243517 -0.759172 
0.012799 -0.233478 -0.320685 0.669712 0.281771 -0.475079 
0.005782 -0.325938 -0.415095 0.648849 0.295593 -0.310949 
0.001414 -0.389832 -0.520556 0.603512 0.297054 -0.230550 
0.001408 -0.432618 -0.623609 0.538103 0.285467 -0.192209 
0.052501 -0.460298 -0.699649 0.456003 0.261892 -0.176845 
0.421595 -0.476057 -0.751235 0.374293 0.236435 -0.172533 
0.678021 -0.486711 -0.785183 0.306692 0.202488 -0.172929 
0.707955 -0.488607 -0.810047 0.233520 0.136242 -0.180905 
0.703276 -0.435364 -0.827937 0.156650 0.032383 -0.197313 
0.696408 -0.131025 -0.840173 0.101839 -0.074661 -0.231080 
0.685944 0.095030 -0.846483 0.063013 -0.188124 -0.294798 
0.669641 0.211213 -0.801219 0.037120 -0.295638 -0.375481 
0.642029 0.265172 -0.542545 0.021395 -0.370865 -0.486241 
0.596261 0.289398 -0.350264 0.011403 -0.420718 -0.591070 
0.524655 0.298323 -0.249162 0.030524 -0.452716 -0.677574 
0.425161 0.291253 -0.200570 0.251206 -0.473161 -0.741372 
0.309968 0.273633 -0.179741 0.473666 -0.485651 -0.785412 
0.202752 0.239121 -0.172908 0.591839 -0.457310 -0.813253 
0.121990 0.180178 -0.177493 0.650233 -0.281690 -0.832053 
0.070207 0.100413 -0.189352 0.675476 0.002138 -0.843557 
0.039755 -0.020823 -0.215744 0.683727 0.165749 -0.842153 
0.022191 -0.144964 -0.261335 0.682955 0.245700 -0.708394 
0.011836 -0.253339 -0.337878 0.670260 0.282850 -0.449690 
0.005484 -0.338337 -0.435734 0.640594 0.296133 -0.298386 
0.001414 -0.399484 -0.537911 0.599384 0.294812 -0.224268 
0.120932 -0.439697 -0.632286 0.536039 0.284346 -0.189805 
0.640113 -0.463837 -0.711820 0.437149 0.258752 -0.176472 
0.711217 -0.480602 -0.765476 0.338139 0.205433 -0.174911 
0.711212 -0.484354 -0.801774 0.234599 0.118678 -0.186751 
0.707955 -0.404136 -0.824856 0.154102 0.015866 -0.212511 
0.703319 -0.115411 -0.839000 0.097819 -0.105742 -0.250086 
0.696479 0.102837 -0.845896 0.061003 -0.215856 -0.309583 
0.686037 0.214479 -0.767209 0.036115 -0.314773 -0.406470 
0.669641 0.266804 -0.503276 0.020839 -0.383449 -0.512663 
0.641762 0.289550 -0.328704 0.013023 -0.428741 -0.615945 
0.595870 0.295619 -0.238382 0.057493 -0.458094 -0.693560 
0.524125 0.289901 -0.196088 0.325556 -0.475850 -0.752269 
0.424541 0.272958 -0.177504 0.514425 -0.487601 -0.793029 
0.309378 0.235531 -0.172875 0.611956 -0.458285 -0.818627 
0.202302 0.174621 -0.177477 0.660292 -0.186130 -0.834740 
0.121705 0.097903 -0.192322 0.680506 0.063304 -0.844900 
0.070046 -0.008487 -0.220318 0.687223 0.196101 -0.816599 
0.039668 -0.127412 -0.266131 0.682843 0.260876 -0.679651 
0.022144 -0.244563 -0.327843 0.666862 0.289731 -0.421361 
0.011809 -0.333949 -0.430716 0.638894 0.299595 -0.284078 
0.005468 -0.397290 -0.535309 0.598534 0.294129 -0.217107 
0.052511 -0.437519 -0.631157 0.533405 0.283170 -0.186225 
0.421620 -0.464042 -0.711265 0.435832 0.257407 -0.174682 
0.678024 -0.478611 -0.761112 0.353306 0.220701 -0.172678 
0.711207 -0.488737 -0.794871 0.263174 0.164771 -0.176806 
0.707720 -0.458080 -0.818504 0.182679 0.073708 -0.195263 
0.702598 -0.233414 -0.834330 0.119349 -0.034233 -0.223188 
0.694820 0.032982 -0.845008 0.075249 -0.146939 -0.268958 
0.682479 0.180712 -0.836329 0.045570 -0.266361 -0.351075 
0.662220 0.253185 -0.654166 0.026688 -0.348430 -0.450772 
0.628464 0.285604 -0.417672 0.014687 -0.407278 -0.555295 
0.570436 0.297531 -0.282513 0.019144 -0.444027 -0.647907 
0.481204 0.295438 -0.216325 0.163004 -0.466794 -0.715567 
0.365021 0.280626 -0.186534 0.412585 -0.481860 -0.769308 
0.244675 0.251649 -0.174761 0.561774 -0.477405 -0.803928 
0.147166 0.195574 -0.174756 0.635201 -0.291737 -0.826663 
0.082907 0.108110 -0.185306 0.669125 -0.008419 -0.840479 
0.045544 0.011476 -0.207363 0.681533 0.160470 -0.840614 
0.024674 -0.105243 -0.251816 0.681857 0.243517 -0.759172 
0.012819 -0.233478 -0.320685 0.669712 0.281771 -0.475079 
0.005793 -0.325938 -0.415095 0.648849 0.295593 -0.310949 
0.001421 -0.389832 -0.520556 0.603512 0.297054 -0.230550 
0.001414 -0.432618 -0.623609 0.538103 0.285467 -0.192209 
0.052545 -0.460298 -0.699649 0.456003 0.261892 -0.176845 
0.421745 -0.476057 -0.751235 0.374293 0.236435 -0.172533 
0.678046 -0.486711 -0.785184 0.306692 0.202488 -0.172929 
0.711212 -0.488607 -0.810047 0.233520 0.136242 -0.180905 
0.707955 -0.435364 -0.827937 0.156650 0.032383 -0.197313 
0.703319 -0.131025 -0.840173 0.101839 -0.074661 -0.231080 
0.696479 0.095030 -0.846483 0.063013 -0.188124 -0.294798 
0.686037 0.211213 -0.801219 0.037120 -0.295638 -0.375481 
0.669641 0.265172 -0.542545 0.021395 -0.370865 -0.486241 
0.641762 0.289398 -0.350264 0.011403 -0.420718 -0.591070 
0.595870 0.298323 -0.249162 0.030524 -0.452716 -0.677574 
0.524125 0.291253 -0.200570 0.251206 -0.472268 -0.741372 
0.424541 0.273633 -0.179212 0.462565 -0.485205 -0.785412 
0.309378 0.248152 -0.172643 0.586586 -0.479078 -0.813253 
0.202302 0.193825 -0.177361 0.647607 -0.292574 -0.831325 
0.121705 0.131921 -0.186608 0.675328 -0.008837 -0.842810 
0.070046 0.023382 -0.208015 0.685707 0.158606 -0.846318 
0.039668 -0.099291 -0.252141 0.683945 0.242584 -0.762023 
0.022144 -0.221037 -0.320848 0.675240 0.281305 -0.493710 
0.011809 -0.319717 -0.415177 0.651613 0.297434 -0.320265 
0.005468 -0.386722 -0.520597 0.613406 0.297975 -0.234466 
0.052511 -0.431063 -0.623629 0.543050 0.287826 -0.194167 
0.421620 -0.459520 -0.699659 0.458477 0.267112 -0.177824 
0.678024 -0.476350 -0.755309 0.364628 0.232581 -0.174249 
0.711207 -0.487444 -0.791969 0.268836 0.170712 -0.177591 
0.707720 -0.457433 -0.817053 0.185510 0.076678 -0.195656 
0.702598 -0.233090 -0.833604 0.120764 -0.032748 -0.223385 
0.694820 0.033144 -0.844645 0.075957 -0.146197 -0.269056 
0.682479 0.180793 -0.836147 0.045924 -0.265990 -0.351124 
0.662220 0.253225 -0.654076 0.026865 -0.348244 -0.450796 
0.628168 0.285624 -0.417627 0.014775 -0.407185 -0.555308 
0.570022 0.297541 -0.282490 0.019188 -0.443981 -0.647913 
0.480688 0.295444 -0.216313 0.163026 -0.466770 -0.715570 
0.364493 0.280629 -0.186528 0.412597 -0.481849 -0.769309 
0.244252 0.251650 -0.174759 0.561779 -0.477400 -0.803928 
0.146896 0.195574 -0.174755 0.635204 -0.291735 -0.826663 
0.082761 0.108111 -0.185305 0.669126 -0.008418 -0.840479 
0.045470 0.011476 -0.207363 0.681534 0.160471 -0.840614 
0.024636 -0.105243 -0.251815 0.681858 0.243517 -0.759172 
0.012799 -0.233478 -0.320685 0.669712 0.281771 -0.475079 
0.005782 -0.325938 -0.415095 0.648849 0.295593 -0.310949 
0.001414 -0.389832 -0.520556 0.603512 0.297054 -0.230550 
0.001408 -0.432618 -0.623609 0.538103 0.285467 -0.192209 
0.052501 -0.460298 -0.699649 0.456003 0.261892 -0.176845 
0.421595 -0.476057 -0.751235 0.374293 0.236435 -0.172533 
0.678021 -0.486711 -0.785183 0.306692 0.202488 -0.172929 
0.707955 -0.488607 -0.810047 0.233520 0.136242 -0.180905 
0.703276 -0.435364 -0.827937 0.156650 0.032383 -0.197313 
0.696408 -0.131025 -0.840173 0.101839 -0.074661 -0.231080 
0.685944 0.095030 -0.846483 0.063013 -0.188124 -0.294798 
0.669641 0.211213 -0.801219 0.037120 -0.295638 -0.375481 
0.642029 0.265172 -0.542545 0.021395 -0.370865 -0.486241 
0.596261 0.289398 -0.350264 0.011403 -0.420718 -0.591070 
0.524655 0.298323 -0.249162 0.030524 -0.452716 -0.677574 
0.425161 0.291253 -0.200570 0.251206 -0.473161 -0.741372 
0.309968 0.273633 -0.179741 0.473666 -0.485651 -0.785412 
0.202752 0.239121 -0.172908 0.591839 -0.457310 -0.813253 
0.121990 0.180178 -0.177493 0.650233 -0.281690 -0.832053 
0.070207 0.100413 -0.189352 0.675476 0.002138 -0.843557 
0.039755 -0.020823 -0.215744 0.683727 0.165749 -0.842153 
0.022191 -0.144964 -0.261335 0.682955 0.245700 -0.708394 
0.011836 -0.253339 -0.337878 0.670260 0.282850 -0.449690 
0.005484 -0.338337 -0.435734 0.640594 0.296133 -0.298386 
0.001414 -0.399484 -0.537911 0.599384 0.294812 -0.224268 
0.120932 -0.439697 -0.632286 0.536039 0.284346 -0.189805 
0.640113 -0.463837 -0.711820 0.437149 0.258752 -0.176472 
0.711217 -0.480602 -0.765476 0.338139 0.205433 -0.174911 
0.711212 -0.484354 -0.801774 0.234599 0.118678 -0.186751 
0.707955 -0.404136 -0.824856 0.154102 0.015866 -0.212511 
0.703319 -0.115411 -0.839000 0.097819 -0.105742 -0.250086 
0.696479 0.102837 -0.845896 0.061003 -0.215856 -0.309583 
0.686037 0.214479 -0.767209 0.036115 -0.314773 -0.406470 
0.669641 0.266804 -0.503276 0.020839 -0.383449 -0.512663 
0.641762 0.289550 -0.328704 0.013023 -0.428741 -0.615945 
0.595870 0.295619 -0.238382 0.057493 -0.458094 -0.693560 
0.524125 0.289901 -0.196088 0.325556 -0.475850 -0.752269 
0.424541 0.272958 -0.177504 0.514425 -0.487601 -0.793029 
0.309378 0.235531 -0.172875 0.611956 -0.458285 -0.818627 
0.202302 0.174621 -0.177477 0.660292 -0.186130 -0.834740 
0.121705 0.097903 -0.192322 0.680506 0.063304 -0.844900 
0.070046 -0.008487 -0.220318 0.687223 0.196101 -0.816599 
0.039668 -0.127412 -0.266131 0.682843 0.260876 -0.679651 
0.022144 -0.244563 -0.327843 0.666862 0.289731 -0.421361 
0.011809 -0.333949 -0.430716 0.638894 0.299595 -0.284078 
0.005468 -0.397290 -0.535309 0.598534 0.294129 -0.217107 
0.052511 -0.437519 -0.631157 0.533405 0.283170 -0.186225 
0.421620 -0.464042 -0.711265 0.435832 0.257407 -0.174682 
0.678024 -0.478611 -0.761112 0.353306 0.220701 -0.172678 
0.711207 -0.488737 -0.794871 0.263174 0.164771 -0.176806 
0.707720 -0.458080 -0.818504 0.182679 0.073708 -0.195263 
0.702598 -0.233414 -0.834330 0.119349 -0.034233 -0.223188 
0.694820 0.032982 -0.845008 0.075249 -0.146939 -0.268958 
0.682479 0.180712 -0.836329 0.045570 -0.266361 -0.351075 
0.662220 0.253185 -0.654166 0.026688 -0.348430 -0.450772 
0.628168 0.285604 -0.417672 0.014687 -0.407278 -0.555295 
0.570022 0.297531 -0.282513 0.019144 -0.444027 -0.647907 
0.480688 0.295438 -0.216325 0.163004 -0.466794 -0.715567 
0.364493 0.280626 -0.186534 0.412585 -0.481860 -0.769308 
0.244252 0.251649 -0.174761 0.561774 -0.477405 -0.803928 
0.146896 0.195574 -0.174756 0.635201 -0.291737 -0.826663 
0.082761 0.108110 -0.185306 0.669125 -0.008419 -0.840479 
0.045470 0.011476 -0.207363 0.681533 0.160470 -0.840614 
0.024636 -0.105243 -0.251816 0.681857 0.243517 -0.759172 
0.012799 -0.233478 -0.320685 0.669712 0.281771 -0.475079 
0.005782 -0.325938 -0.415095 0.648849 0.295593 -0.310949 
0.001414 -0.389832 -0.520556 0.603512 0.297054 -0.230550 
0.001408 -0.432618 -0.623609 0.538103 0.285467 -0.192209 
0.052501 -0.460298 -0.699649 0.456003 0.261892 -0.176845 
0.421595 -0.476057 -0.751235 0.374293 0.236435 -0.172533 
0.678021 -0.486711 -0.785184 0.306692 0.202488 -0.172929 
0.707955 -0.488607 -0.810047 0.233520 0.136242 -0.180905 
0.703276 -0.435364 -0.827937 0.156650 0.032383 -0.197313 
0.696408 -0.131025 -0.840173 0.101839 -0.074661 -0.231080 
0.685944 0.095030 -0.846483 0.063013 -0.188124 -0.294798 
0.669641 0.211213 -0.801219 0.037120 -0.295638 -0.375481 
0.642029 0.265172 -0.542545 0.021395 -0.370865 -0.486241 
0.596261 0.289398 -0.350264 0.011403 -0.420718 -0.591070 
0.524655 0.298323 -0.249162 0.030524 -0.452716 -0.677574 
0.425161 0.291253 -0.200570 0.251206 -0.473161 -0.741372 
0.309968 0.273633 -0.179741 0.473666 -0.485651 -0.785412 
0.202752 0.239121 -0.172908 0.591839 -0.457310 -0.813253 
0.121990 0.180178 -0.177493 0.650233 -0.281690 -0.832053 
0.070207 0.100413 -0.189352 0.675476 0.002138 -0.843557 
0.039755 -0.020823 -0.215744 0.683727 0.165749 -0.842153 
0.022191 -0.144964 -0.261335 0.682955 0.245700 -0.708394 
0.011836 -0.253339 -0.337878 0.670260 0.282850 -0.449690 
0.005484 -0.338337 -0.435734 0.640594 0.296133 -0.298386 
0.001414 -0.399484 -0.537911 0.599384 0.294812 -0.224268 
0.120932 -0.439697 -0.632286 0.536039 0.284346 -0.189805 
0.640113 -0.463837 -0.711820 0.437149 0.258752 -0.176472 
0.711217 -0.480602 -0.765476 0.338139 0.205433 -0.174911 
0.711212 -0.484354 -0.801774 0.234599 0.118678 -0.186751 
0.707955 -0.404136 -0.824856 0.154102 0.015866 -0.212511 
0.703319 -0.115411 -0.839000 0.097819 -0.105742 -0.250086 
0.696479 0.102837 -0.845896 0.061003 -0.215856 -0.309583 
0.686037 0.214479 -0.767209 0.036115 -0.314773 -0.406470 
0.669641 0.266804 -0.503276 0.020839 -0.383449 -0.512663 
0.641762 0.289550 -0.328704 0.013023 -0.428741 -0.615945 
0.595870 0.295619 -0.238382 0.057493 -0.458094 -0.693560 
0.524125 0.289901 -0.196088 0.325556 -0.475850 -0.752269 
0.424541 0.272958 -0.177504 0.514425 -0.487601 -0.793029 
0.309378 0.235531 -0.172875 0.611956 -0.458285 -0.818627 
0.202302 0.174621 -0.177477 0.660292 -0.186130 -0.834740 
0.121705 0.097903 -0.192322 0.680506 0.063304 -0.844900 
0.070046 -0.008487 -0.220318 0.687223 0.196101 -0.816599 
0.039668 -0.127412 -0.266131 0.682843 0.260876 -0.679651 
0.022144 -0.244563 -0.327843 0.666862 0.289731 -0.421361 
0.011809 -0.333949 -0.430716 0.638894 0.299595 -0.284078 
0.005468 -0.397290 -0.535309 0.598534 0.294129 -0.217107 
0.001404 -0.437519 -0.631157 0.533405 0.283170 -0.186225 
0.052469 -0.464042 -0.711265 0.435832 0.257407 -0.174682 
0.421475 -0.477929 -0.757043 0.364207 0.227729 -0.171452 
0.678000 -0.487647 -0.788088 0.301675 0.198135 -0.172388 
0.707949 -0.493488 -0.809733 0.231012 0.134065 -0.180635 
0.703276 -0.437805 -0.827780 0.162479 0.051227 -0.197177 
0.696380 -0.193825 -0.840094 0.107226 -0.059287 -0.231012 
0.685797 0.056539 -0.847890 0.069187 -0.180437 -0.282670 
0.669038 0.191968 -0.823700 0.042215 -0.283110 -0.369416 
0.642029 0.258813 -0.604644 0.024339 -0.361201 -0.475384 
0.596261 0.287394 -0.384384 0.012875 -0.413664 -0.585642 
0.524655 0.297320 -0.265880 0.031260 -0.448889 -0.669270 
0.425161 0.295333 -0.208425 0.251574 -0.470354 -0.737220 
0.309968 0.275674 -0.183669 0.462749 -0.484248 -0.783336 
0.202752 0.240141 -0.174872 0.586380 -0.478599 -0.812215 
0.121990 0.180688 -0.178475 0.647504 -0.292334 -0.831534 
0.070207 0.100668 -0.189843 0.674112 -0.003184 -0.843297 
0.039755 -0.020695 -0.215990 0.683045 0.163087 -0.842023 
0.022191 -0.144900 -0.261458 0.682613 0.244369 -0.708329 
0.011836 -0.253307 -0.337940 0.670090 0.282185 -0.449657 
0.005484 -0.338321 -0.435765 0.640508 0.295800 -0.298370 
0.001414 -0.399476 -0.537926 0.599341 0.294646 -0.224260 
0.120932 -0.439693 -0.632294 0.536017 0.284263 -0.189801 
0.640113 -0.463835 -0.711824 0.437138 0.258710 -0.176470 
0.711217 -0.480601 -0.765478 0.338134 0.205413 -0.174910 
0.711212 -0.484353 -0.801775 0.234596 0.118668 -0.186750 
0.707955 -0.404136 -0.824857 0.154101 0.015861 -0.212511 
0.703319 -0.115411 -0.839000 0.097819 -0.105745 -0.250085 
0.696479 0.102837 -0.845896 0.061003 -0.215857 -0.309583 
0.686037 0.214479 -0.767210 0.036115 -0.314774 -0.406470 
0.669641 0.266805 -0.503276 0.020839 -0.383450 -0.512663 
0.641762 0.289550 -0.328704 0.013023 -0.428741 -0.615945 
0.595870 0.295620 -0.238382 0.057493 -0.458095 -0.693560 
0.524125 0.289901 -0.196088 0.325556 -0.475850 -0.752269 
0.424541 0.272958 -0.177504 0.514425 -0.487601 -0.793029 
0.309378 0.235531 -0.172875 0.611956 -0.458285 -0.818627 
0.202302 0.174621 -0.177477 0.660292 -0.186130 -0.834740 
0.121705 0.097903 -0.192322 0.680506 0.063304 -0.844900 
0.070046 -0.008487 -0.220318 0.687223 0.196101 -0.816599 
0.039668 -0.127412 -0.266131 0.682843 0.260876 -0.679651 
0.022144 -0.244563 -0.327843 0.666862 0.289731 -0.421361 
0.011809 -0.333949 -0.430716 0.638894 0.299595 -0.284078 
0.005468 -0.397290 -0.535309 0.598534 0.294129 -0.217107 
0.052511 -0.437519 -0.631157 0.533405 0.283170 -0.186225 
0.421620 -0.464042 -0.711265 0.435832 0.257407 -0.174682 
0.678024 -0.478611 -0.761112 0.353306 0.220701 -0.172678 
0.711207 -0.488737 -0.794871 0.263174 0.164771 -0.176806 
0.707720 -0.458080 -0.818504 0.182679 0.073708 -0.195263 
0.702598 -0.233414 -0.834330 0.119349 -0.034233 -0.223188 
0.694820 0.032982 -0.845008 0.075249 -0.146939 -0.268958 
0.682479 0.180712 -0.836329 0.045570 -0.266361 -0.351075 
0.662220 0.253185 -0.654166 0.026688 -0.348430 -0.450772 
0.628168 0.285604 -0.417672 0.014687 -0.407278 -0.555295 
0.570022 0.297531 -0.282513 0.019144 -0.444027 -0.647907 
0.480688 0.295438 -0.216325 0.163004 -0.466794 -0.715567 
0.364493 0.280626 -0.186534 0.412585 -0.481860 -0.769308 
0.244252 0.251649 -0.174761 0.561774 -0.477405 -0.803928 
0.146896 0.195574 -0.174756 0.635201 -0.291737 -0.826663 
0.082761 0.108110 -0.185306 0.669125 -0.008419 -0.840479 
0.045470 0.011476 -0.207363 0.681533 0.160470 -0.840614 
0.024636 -0.105243 -0.251816 0.681857 0.243517 -0.759172 
0.012799 -0.233478 -0.320685 0.669712 0.281771 -0.475079 
0.005782 -0.325938 -0.415095 0.648849 0.295593 -0.310949 
0.001414 -0.389832 -0.520556 0.603512 0.297054 -0.230550 
0.001408 -0.432618 -0.623609 0.538103 0.285467 -0.192209 
0.052501 -0.460298 -0.699649 0.456003 0.261892 -0.176845 
0.421595 -0.476057 -0.751235 0.374293 0.236435 -0.172533 
0.678021 -0.486711 -0.785184 0.306692 0.202488 -0.172929 
0.707955 -0.488607 -0.810047 0.233520 0.136242 -0.180905 
0.703276 -0.435364 -0.827937 0.156650 0.032383 -0.197313 
0.696408 -0.131025 -0.840173 0.101839 -0.074661 -0.231080 
0.685944 0.095030 -0.846483 0.063013 -0.188124 -0.294798 
0.669641 0.211213 -0.801219 0.037120 -0.295638 -0.375481 
0.642029 0.265172 -0.542545 0.021395 -0.370865 -0.486241 
0.596261 0.289398 -0.350264 0.011403 -0.420718 -0.591070 
0.524655 0.298323 -0.249162 0.030524 -0.452716 -0.677574 
0.425161 0.291253 -0.200570 0.251206 -0.473161 -0.741372 
0.309968 0.273633 -0.179741 0.473666 -0.485651 -0.785412 
0.202752 0.239121 -0.172908 0.591839 -0.457310 -0.813253 
0.121990 0.180178 -0.177493 0.650233 -0.281690 -0.832053 
0.070207 0.100413 -0.189352 0.675476 0.002138 -0.843557 
0.039755 -0.020823 -0.215744 0.683727 0.165749 -0.842153 
0.022191 -0.144964 -0.261335 0.682955 0.245700 -0.708394 
0.011836 -0.253339 -0.337878 0.670260 0.282850 -0.449690 
0.005484 -0.338337 -0.435734 0.640594 0.296133 -0.298386 
0.001414 -0.399484 -0.537911 0.599384 0.294812 -0.224268 
0.120932 -0.439697 -0.632286 0.536039 0.284346 -0.189805 
0.640113 -0.463837 -0.711820 0.437149 0.258752 -0.176472 
0.711217 -0.480602 -0.765476 0.338139 0.205433 -0.174911 
0.711212 -0.484354 -0.801774 0.234599 0.118678 -0.186751 
0.707955 -0.404136 -0.824856 0.154102 0.015866 -0.212511 
0.703319 -0.115411 -0.839000 0.097819 -0.105742 -0.250086 
0.696479 0.102837 -0.845896 0.061003 -0.215856 -0.309583 
0.686037 0.214479 -0.767209 0.036115 -0.314773 -0.406470 
0.669641 0.266804 -0.503276 0.020839 -0.383449 -0.512663 
0.641762 0.289550 -0.328704 0.013023 -0.428741 -0.615945 
0.595870 0.295619 -0.238382 0.057493 -0.458094 -0.693560 
0.524125 0.289901 -0.196088 0.325556 -0.475850 -0.752269 
0.424541 0.272958 -0.177504 0.514425 -0.487601 -0.793029 
0.309378 0.235531 -0.172875 0.611956 -0.458285 -0.818627 
0.202302 0.174621 -0.177477 0.660292 -0.186130 -0.834740 
0.121705 0.097903 -0.192322 0.680506 0.063304 -0.844900 
0.070046 -0.008487 -0.220318 0.687223 0.196101 -0.816599 
0.039668 -0.127412 -0.266131 0.682843 0.260876 -0.679651 
0.022144 -0.244563 -0.327843 0.666862 0.289731 -0.421361 
0.011809 -0.333949 -0.430716 0.638894 0.299595 -0.284078 
0.005468 -0.397290 -0.535309 0.598534 0.294129 -0.217107 
0.052511 -0.437519 -0.631157 0.533405 0.283170 -0.186225 
0.421620 -0.464042 -0.711265 0.435832 0.257407 -0.174682 
0.678024 -0.478611 -0.761112 0.353306 0.220701 -0.172678 
0.711207 -0.488737 -0.794871 0.263174 0.164771 -0.176806 
0.707720 -0.458080 -0.818504 0.182679 0.073708 -0.195263 
0.702598 -0.233414 -0.834330 0.119349 -0.034233 -0.223188 
0.694820 0.032982 -0.845008 0.075249 -0.146939 -0.268958 
0.682479 0.180712 -0.836329 0.045570 -0.266361 -0.351075 
0.662220 0.253185 -0.654166 0.026688 -0.348430 -0.450772 
0.628464 0.285604 -0.417672 0.014687 -0.407278 -0.555295 
0.570436 0.297531 -0.282513 0.019144 -0.444027 -0.647907 
0.481204 0.295438 -0.216325 0.163004 -0.466794 -0.715567 
0.365021 0.280626 -0.186534 0.412585 -0.481860 -0.769308 
0.244675 0.251649 -0.174761 0.561774 -0.477405 -0.803928 
0.147166 0.195574 -0.174756 0.635201 -0.291737 -0.826663 
0.082907 0.108110 -0.185306 0.669125 -0.008419 -0.840479 
0.045544 0.011476 -0.207363 0.681533 0.160470 -0.840614 
0.024674 -0.105243 -0.251816 0.681857 0.243517 -0.759172 
0.012819 -0.233478 -0.320685 0.669712 0.281771 -0.475079 
0.005793 -0.325938 -0.415095 0.648849 0.295593 -0.310949 
0.001421 -0.389832 -0.520556 0.603512 0.297054 -0.230550 
0.001414 -0.432618 -0.623609 0.538103 0.285467 -0.192209 
0.052545 -0.460298 -0.699649 0.456003 0.261892 -0.176845 
0.421745 -0.476057 -0.751235 0.374293 0.236435 -0.172533 
0.678046 -0.486711 -0.785184 0.306692 0.202488 -0.172929 
0.711212 -0.488607 -0.810047 0.233520 0.136242 -0.180905 
0.707955 -0.435364 -0.827937 0.156650 0.032383 -0.197313 
0.703319 -0.131025 -0.840173 0.101839 -0.074661 -0.231080 
0.696479 0.095030 -0.846483 0.063013 -0.188124 -0.294798 
0.686037 0.211213 -0.801219 0.037120 -0.295638 -0.375481 
0.669641 0.265172 -0.542545 0.021395 -0.370865 -0.486241 
0.641762 0.289398 -0.350264 0.011403 -0.420718 -0.591070 
0.595870 0.298323 -0.249162 0.030524 -0.452716 -0.677574 
0.524125 0.291253 -0.200570 0.251206 -0.472268 -0.741372 
0.424541 0.273633 -0.179212 0.462565 -0.485205 -0.785412 
0.309378 0.248152 -0.172643 0.586586 -0.479078 -0.813253 
0.202302 0.193825 -0.177361 0.647607 -0.292574 -0.831325 
0.121705 0.131921 -0.186608 0.675328 -0.008837 -0.842810 
0.070046 0.023382 -0.208015 0.685707 0.158606 -0.846318 
0.039668 -0.099291 -0.252141 0.683945 0.242584 -0.762023 
0.022144 -0.221037 -0.320848 0.675240 0.281305 -0.493710 
0.011809 -0.319717 -0.415177 0.651613 0.297434 -0.320265 
0.005468 -0.386722 -0.520597 0.613406 0.297975 -0.234466 
0.052511 -0.431063 -0.623629 0.543050 0.287826 -0.194167 
0.421620 -0.459520 -0.699659 0.458477 0.267112 -0.177824 
0.678024 -0.476350 -0.755309 0.364628 0.232581 -0.174249 
0.711207 -0.487444 -0.791969 0.268836 0.170712 -0.177591 
0.707720 -0.457433 -0.817053 0.185510 0.076678 -0.195656 
0.702598 -0.233090 -0.833604 0.120764 -0.032748 -0.223385 
0.694820 0.033144 -0.844645 0.075957 -0.146197 -0.269056 
0.682479 0.180793 -0.836147 0.045924 -0.265990 -0.351124 
0.662220 0.253225 -0.654076 0.026865 -0.348244 -0.450796 
0.628168 0.285624 -0.417627 0.014775 -0.407185 -0.555308 
0.570022 0.297541 -0.282490 0.019188 -0.443981 -0.647913 
0.480688 0.295444 -0.216313 0.163026 -0.466770 -0.715570 
0.364493 0.280629 -0.186528 0.412597 -0.481849 -0.769309 
0.244252 0.251650 -0.174759 0.561779 -0.477400 -0.803928 
0.146896 0.195574 -0.174755 0.635204 -0.291735 -0.826663 
0.082761 0.108111 -0.185305 0.669126 -0.008418 -0.840479 
0.045470 0.011476 -0.207363 0.681534 0.160471 -0.840614 
0.024636 -0.105243 -0.251815 0.681858 0.243517 -0.759172 
0.012799 -0.233478 -0.320685 0.669712 0.281771 -0.475079 
0.005782 -0.325938 -0.415095 0.648849 0.295593 -0.310949 
0.001414 -0.389832 -0.520556 0.603512 0.297054 -0.230550 
0.001408 -0.432618 -0.623609 0.538103 0.285467 -0.192209 
0.052501 -0.460298 -0.699649 0.456003 0.261892 -0.176845 
0.421595 -0.476057 -0.751235 0.374293 0.236435 -0.172533 
0.678021 -0.486711 -0.785183 0.306692 0.202488 -0.172929 
0.707955 -0.488607 -0.810047 0.233520 0.136242 -0.180905 
0.703276 -0.435364 -0.827937 0.156650 0.032383 -0.197313 
0.696408 -0.131025 -0.840173 0.101839 -0.074661 -0.231080 
0.685944 0.095030 -0.846483 0.063013 -0.188124 -0.294798 
0.669641 0.211213 -0.801219 0.037120 -0.295638 -0.375481 
0.642029 0.265172 -0.542545 0.021395 -0.370865 -0.486241 
0.596261 0.289398 -0.350264 0.011403 -0.420718 -0.591070 
0.524655 0.298323 -0.249162 0.030524 -0.452716 -0.677574 
0.425161 0.291253 -0.200570 0.251206 -0.473161 -0.741372 
0.309968 0.273633 -0.179741 0.473666 -0.485651 -0.785412 
0.202752 0.239121 -0.172908 0.591839 -0.457310 -0.813253 
0.121990 0.180178 -0.177493 0.650233 -0.281690 -0.832053 
0.070207 0.100413 -0.189352 0.675476 0.002138 -0.843557 
0.039755 -0.020823 -0.215744 0.683727 0.165749 -0.842153 
0.022191 -0.144964 -0.261335 0.682955 0.245700 -0.708394 
0.011836 -0.253339 -0.337878 0.670260 0.282850 -0.449690 
0.005484 -0.338337 -0.435734 0.640594 0.296133 -0.298386 
0.001414 -0.399484 -0.537911 0.599384 0.294812 -0.224268 
0.120932 -0.439697 -0.632286 0.536039 0.284346 -0.189805 
0.640113 -0.463837 -0.711820 0.437149 0.258752 -0.176472 
0.711217 -0.480602 -0.765476 0.338139 0.205433 -0.174911 
0.711212 -0.484354 -0.801774 0.234599 0.118678 -0.186751 
0.707955 -0.404136 -0.824856 0.154102 0.015866 -0.212511 
0.703319 -0.115411 -0.839000 0.097819 -0.105742 -0.250086 
0.696479 0.102837 -0.845896 0.061003 -0.215856 -0.309583 
0.686037 0.214479 -0.767209 0.036115 -0.314773 -0.406470 
0.669641 0.266804 -0.503276 0.020839 -0.383449 -0.512663 
0.641762 0.289550 -0.328704 0.013023 -0.428741 -0.615945 
0.595870 0.295619 -0.238382 0.057493 -0.458094 -0.693560 
0.524125 0.289901 -0.196088 0.325556 -0.475850 -0.752269 
0.424541 0.272958 -0.177504 0.514425 -0.487601 -0.793029 
0.309378 0.235531 -0.172875 0.611956 -0.458285 -0.818627 
0.202302 0.174621 -0.177477 0.660292 -0.186130 -0.834740 
0.121705 0.097903 -0.192322 0.680506 0.063304 -0.844900 
0.070046 -0.008487 -0.220318 0.687223 0.196101 -0.816599 
0.039668 -0.127412 -0.266131 0.682843 0.260876 -0.679651 
0.022144 -0.244563 -0.327843 0.666862 0.289731 -0.421361 
0.011809 -0.333949 -0.430716 0.638894 0.299595 -0.284078 
0.005468 -0.397290 -0.535309 0.598534 0.294129 -0.217107 
0.052511 -0.437519 -0.631157 0.533405 0.283170 -0.186225 
0.421620 -0.464042 -0.711265 0.435832 0.257407 -0.174682 
0.678024 -0.478611 -0.761112 0.353306 0.220701 -0.172678 
0.711207 -0.488737 -0.794871 0.263174 0.164771 -0.176806 
0.707720 -0.458080 -0.818504 0.182679 0.073708 -0.195263 
0.702598 -0.233414 -0.834330 0.119349 -0.034233 -0.223188 
0.694820 0.032982 -0.845008 0.075249 -0.146939 -0.268958 
0.682479 0.180712 -0.836329 0.045570 -0.266361 -0.351075 
0.662220 0.253185 -0.654166 0.026688 -0.348430 -0.450772 
0.628464 0.285604 -0.417672 0.014687 -0.407278 -0.555295 
0.570436 0.297531 -0.282513 0.019144 -0.444027 -0.647907 
0.481204 0.295438 -0.216325 0.163004 -0.466794 -0.715567 
0.365021 0.280626 -0.186534 0.412585 -0.481860 -0.769308 
0.244675 0.251649 -0.174761 0.561774 -0.477405 -0.803928 
0.147166 0.195574 -0.174756 0.635201 -0.291737 -0.826663 
0.082907 0.108110 -0.185306 0.669125 -0.008419 -0.840479 
0.045544 0.011476 -0.207363 0.681533 0.160470 -0.840614 
0.024674 -0.105243 -0.251816 0.681857 0.243517 -0.759172 
0.012819 -0.233478 -0.320685 0.669712 0.281771 -0.475079 
0.005793 -0.325938 -0.415095 0.648849 0.295593 -0.310949 
0.001421 -0.389832 -0.520556 0.603512 0.297054 -0.230550 
0.001414 -0.432618 -0.623609 0.538103 0.285467 -0.192209 
0.052545 -0.460298 -0.699649 0.456003 0.261892 -0.176845 
0.421745 -0.476057 -0.751235 0.374293 0.236435 -0.172533 
0.678046 -0.486711 -0.785184 0.306692 0.202488 -0.172929 
0.711212 -0.488607 -0.810047 0.233520 0.136242 -0.180905 
0.707955 -0.435364 -0.827937 0.156650 0.032383 -0.197313 
0.703319 -0.131025 -0.840173 0.101839 -0.074661 -0.231080 
0.696479 0.095030 -0.846483 0.063013 -0.188124 -0.294798 
0.686037 0.211213 -0.801219 0.037120 -0.295638 -0.375481 
0.669641 0.265172 -0.542545 0.021395 -0.370865 -0.486241 
0.641762 0.289398 -0.350264 0.011403 -0.420718 -0.591070 
0.595870 0.298323 -0.249162 0.030524 -0.452716 -0.677574 
0.524125 0.291253 -0.200570 0.251206 -0.472268 -0.741372 
0.424541 0.273633 -0.179212 0.462565 -0.485205 -0.785412 
0.309378 0.248152 -0.172643 0.586586 -0.479078 -0.813253 
0.202302 0.193825 -0.177361 0.647607 -0.292574 -0.831325 
0.121705 0.131921 -0.186608 0.675328 -0.008837 -0.842810 
0.070046 0.023382 -0.208015 0.685707 0.158606 -0.846318 
0.039668 -0.099291 -0.252141 0.683945 0.242584 -0.762023 
0.022144 -0.221037 -0.320848 0.675240 0.281305 -0.493710 
0.011809 -0.319717 -0.415177 0.651613 0.297434 -0.320265 
0.005468 -0.386722 -0.520597 0.613406 0.297975 -0.234466 
0.052511 -0.431063 -0.623629 0.543050 0.287826 -0.194167 
0.421620 -0.459520 -0.699659 0.458477 0.267112 -0.177824 
0.678024 -0.476350 -0.755309 0.364628 0.232581 -0.174249 
0.711207 -0.487444 -0.791969 0.268836 0.170712 -0.177591 
0.707720 -0.457433 -0.817053 0.185510 0.076678 -0.195656 
0.702598 -0.233090 -0.833604 0.120764 -0.032748 -0.223385 
0.694820 0.033144 -0.844645 0.075957 -0.146197 -0.269056 
0.682479 0.180793 -0.836147 0.045924 -0.265990 -0.351124 
0.662220 0.253225 -0.654076 0.026865 -0.348244 -0.450796 
0.628168 0.285624 -0.417627 0.014775 -0.407185 -0.555308 
0.570022 0.297541 -0.282490 0.019188 -0.443981 -0.647913 
0.480688 0.295444 -0.216313 0.163026 -0.466770 -0.715570 
0.364493 0.280629 -0.186528 0.412597 -0.481849 -0.769309 
0.244252 0.251650 -0.174759 0.561779 -0.477400 -0.803928 
0.146896 0.195574 -0.174755 0.635204 -0.291735 -0.826663 
0.082761 0.108111 -0.185305 0.669126 -0.008418 -0.840479 
0.045470 0.011476 -0.207363 0.681534 0.160471 -0.840614 
0.024636 -0.105243 -0.251815 0.681858 0.243517 -0.759172 
0.012799 -0.233478 -0.320685 0.669712 0.281771 -0.475079 
0.005782 -0.325938 -0.415095 0.648849 0.295593 -0.310949 
0.001414 -0.389832 -0.520556 0.603512 0.297054 -0.230550 
0.001408 -0.432618 -0.623609 0.538103 0.285467 -0.192209 
0.052501 -0.460298 -0.699649 0.456003 0.261892 -0.176845 
0.421595 -0.476057 -0.751235 0.374293 0.236435 -0.172533 
0.678021 -0.486711 -0.785183 0.306692 0.202488 -0.172929 
0.707955 -0.488607 -0.810047 0.233520 0.136242 -0.180905 
0.703276 -0.435364 -0.827937 0.156650 0.032383 -0.197313 
0.696408 -0.131025 -0.840173 0.101839 -0.074661 -0.231080 
0.685944 0.095030 -0.846483 0.063013 -0.188124 -0.294798 
0.669641 0.211213 -0.801219 0.037120 -0.295638 -0.375481 
0.642029 0.265172 -0.542545 0.021395 -0.370865 -0.486241 
0.596261 0.289398 -0.350264 0.011403 -0.420718 -0.591070 
0.524655 0.298323 -0.249162 0.030524 -0.452716 -0.677574 
0.425161 0.291253 -0.200570 0.251206 -0.473161 -0.741372 
0.309968 0.273633 -0.179741 0.473666 -0.485651 -0.785412 
0.202752 0.239121 -0.172908 0.591839 -0.457310 -0.813253 
0.121990 0.180178 -0.177493 0.650233 -0.281690 -0.832053 
0.070207 0.100413 -0.189352 0.675476 0.002138 -0.843557 
0.039755 -0.020823 -0.215744 0.683727 0.165749 -0.842153 
0.022191 -0.144964 -0.261335 0.682955 0.245700 -0.708394 
0.011836 -0.253339 -0.337878 0.670260 0.282850 -0.449690 
0.005484 -0.338337 -0.435734 0.640594 0.296133 -0.298386 
0.001414 -0.399484 -0.537911 0.599384 0.294812 -0.224268 
0.120932 -0.439697 -0.632286 0.536039 0.284346 -0.189805 
0.640113 -0.463837 -0.711820 0.437149 0.258752 -0.176472 
0.711217 -0.480602 -0.765476 0.338139 0.205433 -0.174911 
0.711212 -0.484354 -0.801774 0.234599 0.118678 -0.186751 
0.707955 -0.404136 -0.824856 0.154102 0.015866 -0.212511 
0.703319 -0.115411 -0.839000 0.097819 -0.105742 -0.250086 
0.696479 0.102837 -0.845896 0.061003 -0.215856 -0.309583 
0.686037 0.214479 -0.767209 0.036115 -0.314773 -0.406470 
0.669641 0.266804 -0.503276 0.020839 -0.383449 -0.512663 
0.641762 0.289550 -0.328704 0.013023 -0.428741 -0.615945 
0.595870 0.295619 -0.238382 0.057493 -0.458094 -0.693560 
0.524125 0.289901 -0.196088 0.325556 -0.475850 -0.752269 
0.424541 0.272958 -0.177504 0.514425 -0.487601 -0.793029 
0.309378 0.235531 -0.172875 0.611956 -0.458285 -0.818627 
0.202302 0.174621 -0.177477 0.660292 -0.186130 -0.834740 
0.121705 0.097903 -0.192322 0.680506 0.063304 -0.844900 
0.070046 -0.008487 -0.220318 0.687223 0.196101 -0.816599 
0.039668 -0.127412 -0.266131 0.682843 0.260876 -0.679651 
0.022144 -0.244563 -0.327843 0.666862 0.289731 -0.421361 
0.011809 -0.333949 -0.430716 0.638894 0.299595 -0.284078 
0.005468 -0.397290 -0.535309 0.598534 0.294129 -0.217107 
0.052511 -0.437519 -0.631157 0.533405 0.283170 -0.186225 
0.421620 -0.464042 -0.711265 0.435832 0.257407 -0.174682 
0.678024 -0.478611 -0.761112 0.353306 0.220701 -0.172678 
0.711207 -0.488737 -0.794871 0.263174 0.164771 -0.176806 
0.707720 -0.458080 -0.818504 0.182679 0.073708 -0.195263 
0.702598 -0.233414 -0.834330 0.119349 -0.034233 -0.223188 
0.694820 0.032982 -0.845008 0.075249 -0.146939 -0.268958 
0.682479 0.180712 -0.836329 0.045570 -0.266361 -0.351075 
0.662220 0.253185 -0.654166 0.026688 -0.348430 -0.450772 
0.628168 0.285604 -0.417672 0.014687 -0.407278 -0.555295 
0.570022 0.297531 -0.282513 0.019144 -0.444027 -0.647907 
0.480688 0.295438 -0.216325 0.163004 -0.466794 -0.715567 
0.364493 0.280626 -0.186534 0.412585 -0.481860 -0.769308 
0.244252 0.251649 -0.174761 0.561774 -0.477405 -0.803928 
0.146896 0.195574 -0.174756 0.635201 -0.291737 -0.826663 
0.082761 0.108110 -0.185306 0.669125 -0.008419 -0.840479 
0.045470 0.011476 -0.207363 0.681533 0.160470 -0.840614 
0.024636 -0.105243 -0.251816 0.681857 0.243517 -0.759172 
0.012799 -0.233478 -0.320685 0.669712 0.281771 -0.475079 
0.005782 -0.325938 -0.415095 0.648849 0.295593 -0.310949 
0.001414 -0.389832 -0.520556 0.603512 0.297054 -0.230550 
0.001408 -0.432618 -0.623609 0.538103 0.285467 -0.192209 
0.052501 -0.460298 -0.699649 0.456003 0.261892 -0.176845 
0.421595 -0.476057 -0.751235 0.374293 0.236435 -0.172533 
0.678021 -0.486711 -0.785184 0.306692 0.202488 -0.172929 
0.707955 -0.488607 -0.810047 0.233520 0.136242 -0.180905 
0.703276 -0.435364 -0.827937 0.156650 0.032383 -0.197313 
0.696408 -0.131025 -0.840173 0.101839 -0.074661 -0.231080 
0.685944 0.095030 -0.846483 0.063013 -0.188124 -0.294798 
0.669641 0.211213 -0.801219 0.037120 -0.295638 -0.375481 
0.642029 0.265172 -0.542545 0.021395 -0.370865 -0.486241 
0.596261 0.289398 -0.350264 0.011403 -0.420718 -0.591070 
0.524655 0.298323 -0.249162 0.030524 -0.452716 -0.677574 
0.425161 0.291253 -0.200570 0.251206 -0.473161 -0.741372 
0.309968 0.273633 -0.179741 0.473666 -0.485651 -0.785412 
0.202752 0.239121 -0.172908 0.591839 -0.457310 -0.813253 
0.121990 0.180178 -0.177493 0.650233 -0.281690 -0.832053 
0.070207 0.100413 -0.189352 0.675476 0.002138 -0.843557 
0.039755 -0.020823 -0.215744 0.683727 0.165749 -0.842153 
0.022191 -0.144964 -0.261335 0.682955 0.245700 -0.708394 
0.011836 -0.253339 -0.337878 0.670260 0.282850 -0.449690 
0.005484 -0.338337 -0.435734 0.640594 0.296133 -0.298386 
0.001414 -0.399484 -0.537911 0.599384 0.294812 -0.224268 
0.120932 -0.439697 -0.632286 0.536039 0.284346 -0.189805 
0.640113 -0.463837 -0.711820 0.437149 0.258752 -0.176472 
0.711217 -0.480602 -0.765476 0.338139 0.205433 -0.174911 
0.711212 -0.484354 -0.801774 0.234599 0.118678 -0.186751 
0.707955 -0.404136 -0.824856 0.154102 0.015866 -0.212511 
0.703319 -0.115411 -0.839000 0.097819 -0.105742 -0.250086 
0.696479 0.102837 -0.845896 0.061003 -0.215856 -0.309583 
0.686037 0.214479 -0.767209 0.036115 -0.314773 -0.406470 
0.669641 0.266804 -0.503276 0.020839 -0.383449 -0.512663 
0.641762 0.289550 -0.328704 0.013023 -0.428741 -0.615945 
0.595870 0.295619 -0.238382 0.057493 -0.458094 -0.693560 
0.524125 0.289901 -0.196088 0.325556 -0.475850 -0.752269 
0.424541 0.272958 -0.177504 0.514425 -0.487601 -0.793029 
0.309378 0.235531 -0.172875 0.611956 -0.458285 -0.818627 
0.202302 0.174621 -0.177477 0.660292 -0.186130 -0.834740 
0.121705 0.097903 -0.192322 0.680506 0.063304 -0.844900 
0.070046 -0.008487 -0.220318 0.687223 0.196101 -0.816599 
0.039668 -0.127412 -0.266131 0.682843 0.260876 -0.679651 
0.022144 -0.244563 -0.327843 0.666862 0.289731 -0.421361 
0.011809 -0.333949 -0.430716 0.638894 0.299595 -0.284078 
0.005468 -0.397290 -0.535309 0.598534 0.294129 -0.217107 
0.001404 -0.437519 -0.631157 0.533405 0.283170 -0.186225 
0.052469 -0.464042 -0.711265 0.435832 0.257407 -0.174682 
0.421475 -0.477929 -0.757043 0.364207 0.227729 -0.171452 
0.678000 -0.487647 -0.788088 0.301675 0.198135 -0.172388 
0.707949 -0.493488 -0.809733 0.231012 0.134065 -0.180635 
0.703276 -0.437805 -0.827780 0.162479 0.051227 -0.197177 
0.696380 -0.193825 -0.840094 0.107226 -0.059287 -0.231012 
0.685797 0.056539 -0.847890 0.069187 -0.180437 -0.282670 
0.669038 0.191968 -0.823700 0.042215 -0.283110 -0.369416 
0.642029 0.258813 -0.604644 0.024339 -0.361201 -0.475384 
0.596261 0.287394 -0.384384 0.012875 -0.413664 -0.585642 
0.524655 0.297320 -0.265880 0.031260 -0.448889 -0.669270 
0.425161 0.295333 -0.208425 0.251574 -0.470354 -0.737220 
0.309968 0.275674 -0.183669 0.462749 -0.484248 -0.783336 
0.202752 0.240141 -0.174872 0.586380 -0.478599 -0.812215 
0.121990 0.180688 -0.178475 0.647504 -0.292334 -0.831534 
0.070207 0.100668 -0.189843 0.674112 -0.003184 -0.843297 
0.039755 -0.020695 -0.215990 0.683045 0.163087 -0.842023 
0.022191 -0.144900 -0.261458 0.682613 0.244369 -0.708329 
0.011836 -0.253307 -0.337940 0.670090 0.282185 -0.449657 
0.005484 -0.338321 -0.435765 0.640508 0.295800 -0.298370 
0.001414 -0.399476 -0.537926 0.599341 0.294646 -0.224260 
0.120932 -0.439693 -0.632294 0.536017 0.284263 -0.189801 
0.640113 -0.463835 -0.711824 0.437138 0.258710 -0.176470 
0.711217 -0.480601 -0.765478 0.338134 0.205413 -0.174910 
0.711212 -0.484353 -0.801775 0.234596 0.118668 -0.186750 
0.707955 -0.404136 -0.824857 0.154101 0.015861 -0.212511 
0.703319 -0.115411 -0.839000 0.097819 -0.105745 -0.250085 
0.696479 0.102837 -0.845896 0.061003 -0.215857 -0.309583 
0.686037 0.214479 -0.767210 0.036115 -0.314774 -0.406470 
0.669641 0.266805 -0.503276 0.020839 -0.383450 -0.512663 
0.641762 0.289550 -0.328704 0.013023 -0.428741 -0.615945 
0.595870 0.295620 -0.238382 0.057493 -0.458095 -0.693560 
0.524125 0.289901 -0.196088 0.325556 -0.475850 -0.752269 
0.424541 0.272958 -0.177504 0.514425 -0.487601 -0.793029 
0.309378 0.235531 -0.172875 0.611956 -0.458285 -0.818627 
0.202302 0.174621 -0.177477 0.660292 -0.186130 -0.834740 
0.121705 0.097903 -0.192322 0.680506 0.063304 -0.844900 
0.070046 -0.008487 -0.220318 0.687223 0.196101 -0.816599 
0.039668 -0.127412 -0.266131 0.682843 0.260876 -0.679651 
0.022144 -0.244563 -0.327843 0.666862 0.289731 -0.421361 
0.011809 -0.333949 -0.430716 0.638894 0.299595 -0.284078 
0.005468 -0.397290 -0.535309 0.598534 0.294129 -0.217107 
0.052511 -0.437519 -0.631157 0.533405 0.283170 -0.186225 
0.421620 -0.464042 -0.711265 0.435832 0.257407 -0.174682 
0.678024 -0.478611 -0.761112 0.353306 0.220701 -0.172678 
0.711207 -0.488737 -0.794871 0.263174 0.164771 -0.176806 
0.707720 -0.458080 -0.818504 0.182679 0.073708 -0.195263 
0.702598 -0.233414 -0.834330 0.119349 -0.034233 -0.223188 
0.694820 0.032982 -0.845008 0.075249 -0.146939 -0.268958 
0.682479 0.180712 -0.836329 0.045570 -0.266361 -0.351075 
0.662220 0.253185 -0.654166 0.026688 -0.348430 -0.450772 
0.628168 0.285604 -0.417672 0.014687 -0.407278 -0.555295 
0.570022 0.297531 -0.282513 0.019144 -0.444027 -0.647907 
0.480688 0.295438 -0.216325 0.163004 -0.466794 -0.715567 
0.364493 0.280626 -0.186534 0.412585 -0.481860 -0.769308 
0.244252 0.251649 -0.174761 0.561774 -0.477405 -0.803928 
0.146896 0.195574 -0.174756 0.635201 -0.291737 -0.826663 
0.082761 0.108110 -0.185306 0.669125 -0.008419 -0.840479 
0.045470 0.011476 -0.207363 0.681533 0.160470 -0.840614 
0.024636 -0.105243 -0.251816 0.681857 0.243517 -0.759172 
0.012799 -0.233478 -0.320685 0.669712 0.281771 -0.475079 
0.005782 -0.325938 -0.415095 0.648849 0.295593 -0.310949 
0.001414 -0.389832 -0.520556 0.603512 0.297054 -0.230550 
0.001408 -0.432618 -0.623609 0.538103 0.285467 -0.192209 
0.052501 -0.460298 -0.699649 0.456003 0.261892 -0.176845 
0.421595 -0.476057 -0.751235 0.374293 0.236435 -0.172533 
0.678021 -0.486711 -0.785184 0.306692 0.202488 -0.172929 
0.707955 -0.488607 -0.810047 0.233520 0.136242 -0.180905 
0.703276 -0.435364 -0.827937 0.156650 0.032383 -0.197313 
0.696408 -0.131025 -0.840173 0.101839 -0.074661 -0.231080 
0.685944 0.095030 -0.846483 0.063013 -0.188124 -0.294798 
0.669641 0.211213 -0.801219 0.037120 -0.295638 -0.375481 
0.642029 0.265172 -0.542545 0.021395 -0.370865 -0.486241 
0.596261 0.289398 -0.350264 0.011403 -0.420718 -0.591070 
0.524655 0.298323 -0.249162 0.030524 -0.452716 -0.677574 
0.425161 0.291253 -0.200570 0.251206 -0.473161 -0.741372 
0.309968 0.273633 -0.179741 0.473666 -0.485651 -0.785412 
0.202752 0.239121 -0.172908 0.591839 -0.457310 -0.813253 
0.121990 0.180178 -0.177493 0.650233 -0.281690 -0.832053 
0.070207 0.100413 -0.189352 0.675476 0.002138 -0.843557 
0.039755 -0.020823 -0.215744 0.683727 0.165749 -0.842153 
0.022191 -0.144964 -0.261335 0.682955 0.245700 -0.708394 
0.011836 -0.253339 -0.337878 0.670260 0.282850 -0.449690 
0.005484 -0.338337 -0.435734 0.640594 0.296133 -0.298386 
0.001414 -0.399484 -0.537911 0.599384 0.294812 -0.224268 
0.120932 -0.439697 -0.632286 0.536039 0.284346 -0.189805 
0.640113 -0.463837 -0.711820 0.437149 0.258752 -0.176472 
0.711217 -0.480602 -0.765476 0.338139 0.205433 -0.174911 
0.711212 -0.484354 -0.801774 0.234599 0.118678 -0.186751 
0.707955 -0.404136 -0.824856 0.154102 0.015866 -0.212511 
0.703319 -0.115411 -0.839000 0.097819 -0.105742 -0.250086 
0.696479 0.102837 -0.845896 0.061003 -0.215856 -0.309583 
0.686037 0.214479 -0.767209 0.036115 -0.314773 -0.406470 
0.669641 0.266804 -0.503276 0.020839 -0.383449 -0.512663 
0.641762 0.289550 -0.328704 0.013023 -0.428741 -0.615945 
0.595870 0.295619 -0.238382 0.057493 -0.458094 -0.693560 
0.524125 0.289901 -0.196088 0.325556 -0.475850 -0.752269 
0.424541 0.272958 -0.177504 0.514425 -0.487601 -0.793029 
0.309378 0.235531 -0.172875 0.611956 -0.458285 -0.818627 
0.202302 0.174621 -0.177477 0.660292 -0.186130 -0.834740 
0.121705 0.097903 -0.192322 0.680506 0.063304 -0.844900 
0.070046 -0.008487 -0.220318 0.687223 0.196101 -0.816599 
0.039668 -0.127412 -0.266131 0.682843 0.260876 -0.679651 
0.022144 -0.244563 -0.327843 0.666862 0.289731 -0.421361 
0.011809 -0.333949 -0.430716 0.638894 0.299595 -0.284078 
0.005468 -0.397290 -0.535309 0.598534 0.294129 -0.217107 
0.052511 -0.437519 -0.631157 0.533405 0.283170 -0.186225 
0.421620 -0.464042 -0.711265 0.435832 0.257407 -0.174682 
0.678024 -0.478611 -0.761112 0.353306 0.220701 -0.172678 
0.711207 -0.488737 -0.794871 0.263174 0.164771 -0.176806 
0.707720 -0.458080 -0.818504 0.182679 0.073708 -0.195263 
0.702598 -0.233414 -0.834330 0.119349 -0.034233 -0.223188 
0.694820 0.032982 -0.845008 0.075249 -0.146939 -0.268958 
0.682479 0.180712 -0.836329 0.045570 -0.266361 -0.351075 
0.662220 0.253185 -0.654166 0.026688 -0.348430 -0.450772 
0.628464 0.285604 -0.417672 0.014687 -0.407278 -0.555295 
0.570436 0.297531 -0.282513 0.019144 -0.444027 -0.647907 
0.481204 0.295438 -0.216325 0.163004 -0.466794 -0.715567 
0.365021 0.280626 -0.186534 0.412585 -0.481860 -0.769308 
0.244675 0.251649 -0.174761 0.561774 -0.477405 -0.803928 
0.147166 0.195574 -0.174756 0.635201 -0.291737 -0.826663 
0.082907 0.108110 -0.185306 0.669125 -0.008419 -0.840479 
0.045544 0.011476 -0.207363 0.681533 0.160470 -0.840614 
0.024674 -0.105243 -0.251816 0.681857 0.243517 -0.759172 
0.012819 -0.233478 -0.320685 0.669712 0.281771 -0.475079 
0.005793 -0.325938 -0.415095 0.648849 0.295593 -0.310949 
0.001421 -0.389832 -0.520556 0.603512 0.297054 -0.230550 
0.001414 -0.432618 -0.623609 0.538103 0.285467 -0.192209 
0.052545 -0.460298 -0.699649 0.456003 0.261892 -0.176845 
0.421745 -0.476057 -0.751235 0.374293 0.236435 -0.172533 
0.678046 -0.486711 -0.785184 0.306692 0.202488 -0.172929 
0.711212 -0.488607 -0.810047 0.233520 0.136242 -0.180905 
0.707955 -0.435364 -0.827937 0.156650 0.032383 -0.197313 
0.703319 -0.131025 -0.840173 0.101839 -0.074661 -0.231080 
0.696479 0.095030 -0.846483 0.063013 -0.188124 -0.294798 
0.686037 0.211213 -0.801219 0.037120 -0.295638 -0.375481 
0.669641 0.265172 -0.542545 0.021395 -0.370865 -0.486241 
0.641762 0.289398 -0.350264 0.011403 -0.420718 -0.591070 
0.595870 0.298323 -0.249162 0.030524 -0.452716 -0.677574 
0.524125 0.291253 -0.200570 0.251206 -0.472268 -0.741372 
0.424541 0.273633 -0.179212 0.462565 -0.485205 -0.785412 
0.309378 0.248152 -0.172643 0.586586 -0.479078 -0.813253 
0.202302 0.193825 -0.177361 0.647607 -0.292574 -0.831325 
0.121705 0.131921 -0.186608 0.675328 -0.008837 -0.842810 
0.070046 0.023382 -0.208015 0.685707 0.158606 -0.846318 
0.039668 -0.099291 -0.252141 0.683945 0.242584 -0.762023 
0.022144 -0.221037 -0.320848 0.675240 0.281305 -0.493710 
0.011809 -0.319717 -0.415177 0.651613 0.297434 -0.320265 
0.005468 -0.386722 -0.520597 0.613406 0.297975 -0.234466 
0.052511 -0.431063 -0.623629 0.543050 0.287826 -0.194167 
0.421620 -0.459520 -0.699659 0.458477 0.267112 -0.177824 
0.678024 -0.476350 -0.755309 0.364628 0.232581 -0.174249 
0.711207 -0.487444 -0.791969 0.268836 0.170712 -0.177591 
0.707720 -0.457433 -0.817053 0.185510 0.076678 -0.195656 
0.702598 -0.233090 -0.833604 0.120764 -0.032748 -0.223385 
0.694820 0.033144 -0.844645 0.075957 -0.146197 -0.269056 
0.682479 0.180793 -0.836147 0.045924 -0.265990 -0.351124 
0.662220 0.253225 -0.654076 0.026865 -0.348244 -0.450796 
0.628168 0.285624 -0.417627 0.014775 -0.407185 -0.555308 
0.570022 0.297541 -0.282490 0.019188 -0.443981 -0.647913 
0.480688 0.295444 -0.216313 0.163026 -0.466770 -0.715570 
0.364493 0.280629 -0.186528 0.412597 -0.481849 -0.769309 
0.244252 0.251650 -0.174759 0.561779 -0.477400 -0.803928 
0.146896 0.195574 -0.174755 0.635204 -0.291735 -0.826663 
0.082761 0.108111 -0.185305 0.669126 -0.008418 -0.840479 
0.045470 0.011476 -0.207363 0.681534 0.160471 -0.840614 
0.024636 -0.105243 -0.251815 0.681858 0.243517 -0.759172 
0.012799 -0.233478 -0.320685 0.669712 0.281771 -0.475079 
0.005782 -0.325938 -0.415095 0.648849 0.295593 -0.310949 
0.001414 -0.389832 -0.520556 0.603512 0.297054 -0.230550 
0.001408 -0.432618 -0.623609 0.538103 0.285467 -0.192209 
0.052501 -0.460298 -0.699649 0.456003 0.261892 -0.176845 
0.421595 -0.476057 -0.751235 0.374293 0.236435 -0.172533 
0.678021 -0.486711 -0.785183 0.306692 0.202488 -0.172929 
0.707955 -0.488607 -0.810047 0.233520 0.136242 -0.180905 
0.703276 -0.435364 -0.827937 0.156650 0.032383 -0.197313 
0.696408 -0.131025 -0.840173 0.101839 -0.074661 -0.231080 
0.685944 0.095030 -0.846483 0.063013 -0.188124 -0.294798 
0.669641 0.211213 -0.801219 0.037120 -0.295638 -0.375481 
0.642029 0.265172 -0.542545 0.021395 -0.370865 -0.486241 
0.596261 0.289398 -0.350264 0.011403 -0.420718 -0.591070 
0.524655 0.298323 -0.249162 0.030524 -0.452716 -0.677574 
0.425161 0.291253 -0.200570 0.251206 -0.473161 -0.741372 
0.309968 0.273633 -0.179741 0.473666 -0.485651 -0.785412 
0.202752 0.239121 -0.172908 0.591839 -0.457310 -0.813253 
0.121990 0.180178 -0.177493 0.650233 -0.281690 -0.832053 
0.070207 0.100413 -0.189352 0.675476 0.002138 -0.843557 
0.039755 -0.020823 -0.215744 0.683727 0.165749 -0.842153 
0.022191 -0.144964 -0.261335 0.682955 0.245700 -0.708394 
0.011836 -0.253339 -0.337878 0.670260 0.282850 -0.449690 
0.005484 -0.338337 -0.435734 0.640594 0.296133 -0.298386 
0.001414 -0.399484 -0.537911 0.599384 0.294812 -0.224268 
0.120932 -0.439697 -0.632286 0.536039 0.284346 -0.189805 
0.640113 -0.463837 -0.711820 0.437149 0.258752 -0.176472 
0.711217 -0.480602 -0.765476 0.338139 0.205433 -0.174911 
0.711212 -0.484354 -0.801774 0.234599 0.118678 -0.186751 
0.707955 -0.404136 -0.824856 0.154102 0.015866 -0.212511 
0.703319 -0.115411 -0.839000 0.097819 -0.105742 -0.250086 
0.696479 0.102837 -0.845896 0.061003 -0.215856 -0.309583 
0.686037 0.214479 -0.767209 0.036115 -0.314773 -0.406470 
0.669641 0.266804 -0.503276 0.020839 -0.383449 -0.512663 
