0.357500 0.000000 0.000000 0.000000 0.000000 0.000000 
0.357500 0.000000 0.000000 0.000000 0.000000 0.000000 
-0.009420 0.000000 0.000000 0.000000 0.000000 0.000000 
0.724576 0.000000 0.000000 0.000000 0.000000 0.000000 
0.640965 0.000000 0.000000 0.000000 0.000000 0.000000 
0.001386 0.000000 0.000000 0.000000 0.000000 0.000000 
0.001386 0.000000 0.000000 0.000000 0.000000 0.000000 
0.001386 0.000000 0.000000 0.000000 0.000000 0.000000 
0.001386 0.000000 0.000000 0.000000 0.000000 0.000000 
0.001386 0.000000 0.000000 0.000000 0.000000 0.000000 
0.001386 0.000000 0.000000 0.000000 0.000000 0.000000 
0.001386 0.000000 0.000000 0.000000 0.000000 0.000000 
0.001386 0.000000 0.000000 0.000000 0.000000 0.000000 
0.001386 0.000000 0.000000 0.000000 0.000000 0.000000 
0.001386 0.000000 0.000000 0.000000 0.000000 0.000000 
0.001386 0.000000 0.000000 0.000000 0.000000 0.000000 
0.001386 0.000000 0.000000 0.000000 0.000000 0.000000 
0.001386 0.000000 0.000000 0.000000 0.000000 0.000000 
0.001386 0.000000 0.000000 0.000000 0.000000 0.000000 
0.001386 0.000000 0.000000 0.000000 0.000000 0.000000 
0.711202 0.000000 0.000000 0.000000 0.000000 0.000000 
0.711202 0.000000 0.000000 0.000000 0.000000 0.000000 
0.711202 0.000000 0.000000 0.000000 0.000000 0.000000 
0.711202 0.000000 0.000000 0.000000 0.000000 0.000000 
0.707456 -0.120531 -0.677565 -0.234426 -0.379823 -0.407408 
0.701796 0.103433 -0.750275 -0.109591 -0.382803 -0.420299 
0.693520 0.214545 -0.674164 -0.050932 -0.402992 -0.473899 
0.679052 0.266838 -0.456753 -0.022631 -0.427559 -0.546378 
0.654041 0.290231 -0.305442 -0.008711 -0.449065 -0.621139 
0.610113 0.298739 -0.226409 0.020467 -0.466890 -0.692608 
0.535724 0.296042 -0.188690 0.140093 -0.479354 -0.748889 
0.425951 0.284335 -0.172716 0.376715 -0.488141 -0.782527 
0.296499 0.258704 -0.166982 0.540294 -0.491525 -0.808159 
0.180420 0.228371 -0.168026 0.624891 -0.436681 -0.826192 
0.099937 0.171040 -0.175052 0.663970 -0.175328 -0.838759 
0.053151 0.096113 -0.188056 0.682345 0.055319 -0.846910 
0.027833 -0.009382 -0.215096 0.688143 0.192339 -0.843829 
0.014037 -0.115672 -0.261011 0.685162 0.259451 -0.709232 
0.006175 -0.229227 -0.325457 0.675849 0.290144 -0.467315 
0.001444 -0.312260 -0.404627 0.656890 0.301853 -0.310720 
0.001436 -0.379030 -0.500635 0.627739 0.301743 -0.229355 
0.001429 -0.424017 -0.596854 0.566897 0.293190 -0.190786 
0.001423 -0.453235 -0.672718 0.484531 0.276138 -0.175628 
0.001417 -0.471900 -0.732046 0.411395 0.247956 -0.169384 
0.052580 -0.481858 -0.771502 0.341087 0.223003 -0.170029 
0.421897 -0.487519 -0.791230 0.290116 0.203499 -0.170352 
0.678077 -0.492442 -0.805181 0.252896 0.168424 -0.173306 
0.711219 -0.490274 -0.821627 0.191977 0.119209 -0.181093 
0.708343 -0.407096 -0.833726 0.132792 0.016132 -0.197407 
0.704371 -0.116891 -0.843068 0.089909 -0.076835 -0.231127 
0.698774 0.102097 -0.847930 0.057048 -0.189211 -0.294822 
0.690659 0.214747 -0.835458 0.036146 -0.287497 -0.375492 
0.678568 0.270202 -0.610523 0.021936 -0.358998 -0.463168 
0.660230 0.294666 -0.395851 0.012311 -0.408725 -0.551541 
0.630391 0.302260 -0.271610 0.011980 -0.442924 -0.646032 
0.583988 0.300539 -0.210884 0.115157 -0.465186 -0.708603 
0.515607 0.292361 -0.182339 0.335213 -0.479827 -0.759790 
0.424850 0.274188 -0.171139 0.515669 -0.489590 -0.794621 
0.321252 0.239398 -0.168607 0.613138 -0.481270 -0.817857 
0.222229 0.189448 -0.171679 0.660883 -0.293670 -0.833628 
0.142845 0.129733 -0.181429 0.681966 -0.023677 -0.843470 
0.087747 0.037979 -0.201265 0.689026 0.148322 -0.850024 
0.052845 -0.066138 -0.230401 0.688089 0.238242 -0.819161 
0.031540 -0.187958 -0.283069 0.679909 0.280951 -0.592721 
0.018496 -0.274835 -0.367313 0.665395 0.299769 -0.377896 
0.010307 -0.349085 -0.450451 0.638161 0.304613 -0.262346 
0.004988 -0.404858 -0.545177 0.598168 0.301564 -0.206241 
0.001410 -0.441303 -0.636090 0.533221 0.286887 -0.180055 
0.052522 -0.464640 -0.705889 0.453563 0.262602 -0.170767 
0.421683 -0.478228 -0.748632 0.373072 0.236790 -0.169494 
0.678038 -0.487797 -0.779795 0.306108 0.202666 -0.171410 
0.711211 -0.493330 -0.805587 0.233228 0.155754 -0.180145 
0.708333 -0.460376 -0.823862 0.167706 0.069199 -0.196933 
0.704359 -0.306706 -0.836832 0.114329 -0.036488 -0.222632 
0.698774 -0.023884 -0.845981 0.072739 -0.148066 -0.268724 
0.690659 0.148600 -0.847153 0.045901 -0.247965 -0.341740 
0.678568 0.237361 -0.767838 0.028564 -0.330828 -0.422549 
0.660230 0.278245 -0.503590 0.017117 -0.391477 -0.520703 
0.630391 0.295935 -0.330787 0.009264 -0.431024 -0.608301 
0.583988 0.301591 -0.239423 0.034659 -0.457869 -0.686189 
0.515607 0.292887 -0.195700 0.253274 -0.474844 -0.745680 
0.424850 0.279351 -0.176222 0.463599 -0.486493 -0.785292 
0.321252 0.251011 -0.171148 0.587281 -0.479722 -0.811920 
0.222229 0.195255 -0.172950 0.647954 -0.369291 -0.830659 
0.142845 0.132636 -0.182065 0.675501 -0.061488 -0.841985 
0.087747 0.039431 -0.201583 0.687241 0.129417 -0.849282 
0.052845 -0.065412 -0.230559 0.687197 0.228789 -0.818790 
0.031540 -0.187595 -0.283148 0.679463 0.276225 -0.592535 
0.018496 -0.274654 -0.367353 0.665172 0.297406 -0.377803 
0.010307 -0.348994 -0.450471 0.638049 0.303432 -0.262299 
0.004988 -0.404813 -0.545187 0.598112 0.300974 -0.206218 
0.052563 -0.441281 -0.636095 0.533193 0.286592 -0.180043 
0.421827 -0.464629 -0.705892 0.453549 0.259875 -0.170762 
0.678063 -0.478905 -0.758425 0.362164 0.228963 -0.170718 
0.711215 -0.488721 -0.793527 0.279764 0.168902 -0.175826 
0.708161 -0.477962 -0.816553 0.200246 0.088470 -0.187208 
0.703863 -0.317654 -0.832692 0.130599 -0.012890 -0.212740 
0.697678 -0.029358 -0.843052 0.083912 -0.120120 -0.255950 
0.688468 0.145863 -0.845688 0.054050 -0.233992 -0.312515 
0.674346 0.236590 -0.791742 0.033121 -0.318865 -0.392478 
0.652292 0.277860 -0.537806 0.019396 -0.382478 -0.494740 
0.615640 0.296841 -0.350965 0.010685 -0.424588 -0.595320 
0.558198 0.302044 -0.249168 0.025095 -0.453513 -0.675410 
0.475222 0.297695 -0.200069 0.209826 -0.472666 -0.738573 
0.371050 0.281755 -0.178406 0.435997 -0.484797 -0.780811 
0.262327 0.252453 -0.170698 0.573479 -0.478874 -0.809679 
0.169347 0.195976 -0.172724 0.641054 -0.368867 -0.829258 
0.102714 0.132996 -0.181952 0.672051 -0.061276 -0.841285 
0.060476 0.030017 -0.201526 0.684069 0.131195 -0.845555 
0.035205 -0.089154 -0.238530 0.685611 0.229139 -0.806946 
0.020174 -0.199466 -0.287133 0.678669 0.276400 -0.586613 
0.011013 -0.297380 -0.369345 0.664775 0.296422 -0.374842 
0.005220 -0.360357 -0.451467 0.637851 0.301740 -0.261123 
0.001412 -0.410494 -0.545685 0.598013 0.297616 -0.205629 
0.001406 -0.444121 -0.636344 0.533144 0.284913 -0.180486 
0.052492 -0.466049 -0.706016 0.453524 0.259035 -0.170983 
0.421572 -0.478933 -0.754419 0.373053 0.235006 -0.169602 
0.678019 -0.488149 -0.786775 0.306098 0.201774 -0.171464 
0.711206 -0.493506 -0.809077 0.233223 0.135884 -0.180172 
0.708328 -0.460464 -0.826561 0.163585 0.059265 -0.196946 
0.704359 -0.205155 -0.838182 0.107779 -0.055269 -0.222639 
0.698774 0.047112 -0.846656 0.069464 -0.157457 -0.268728 
0.690659 0.187776 -0.834821 0.044264 -0.252660 -0.341742 
0.678568 0.256717 -0.716436 0.027745 -0.337921 -0.434620 
0.660230 0.287924 -0.477890 0.015887 -0.395023 -0.526738 
0.630391 0.300110 -0.316010 0.010547 -0.432797 -0.622983 
0.583988 0.300899 -0.232035 0.035301 -0.458756 -0.697078 
0.515607 0.292541 -0.192006 0.253595 -0.476181 -0.751124 
0.424850 0.274278 -0.174930 0.463759 -0.487161 -0.788014 
0.321252 0.248475 -0.170502 0.587361 -0.480056 -0.814554 
0.222229 0.193986 -0.172627 0.647994 -0.369458 -0.831976 
0.142845 0.132002 -0.181903 0.675521 -0.061571 -0.842644 
0.087747 0.039114 -0.201502 0.687251 0.129375 -0.849611 
0.052845 -0.065571 -0.230519 0.687202 0.228768 -0.818955 
0.031540 -0.187674 -0.283128 0.679465 0.276214 -0.592617 
0.018496 -0.274693 -0.367342 0.665173 0.297401 -0.377844 
0.010307 -0.349014 -0.450466 0.638050 0.303429 -0.262320 
0.004988 -0.404823 -0.545184 0.598112 0.300972 -0.206228 
0.001410 -0.441285 -0.636094 0.533193 0.286591 -0.180048 
0.052522 -0.464632 -0.705891 0.453549 0.262454 -0.170764 
0.421683 -0.478224 -0.748633 0.373065 0.236716 -0.169493 
0.678038 -0.487795 -0.779796 0.306105 0.202629 -0.171409 
0.711211 -0.493328 -0.805587 0.233226 0.155735 -0.180145 
0.708333 -0.460376 -0.823862 0.167705 0.069190 -0.196933 
0.704359 -0.306705 -0.836832 0.114329 -0.036492 -0.222632 
0.698774 -0.023884 -0.845981 0.072739 -0.148069 -0.268724 
0.690659 0.148600 -0.847153 0.045901 -0.247966 -0.341740 
0.678568 0.237361 -0.767838 0.028564 -0.330829 -0.422549 
0.660230 0.278245 -0.503590 0.017117 -0.391477 -0.520703 
0.630391 0.295935 -0.330787 0.009264 -0.431024 -0.608301 
0.583988 0.301591 -0.239423 0.034659 -0.457869 -0.686189 
0.515607 0.292887 -0.195700 0.253274 -0.474844 -0.745680 
0.424850 0.279351 -0.176222 0.463599 -0.486493 -0.785292 
0.321252 0.251011 -0.171148 0.587281 -0.479722 -0.811920 
0.222229 0.195255 -0.172950 0.647954 -0.369291 -0.830659 
0.142845 0.132636 -0.182065 0.675501 -0.061488 -0.841985 
0.087747 0.039431 -0.201583 0.687241 0.129417 -0.849282 
0.052845 -0.065412 -0.230559 0.687197 0.228789 -0.818790 
0.031540 -0.187595 -0.283148 0.679463 0.276225 -0.592535 
0.018496 -0.274654 -0.367353 0.665172 0.297406 -0.377803 
0.010307 -0.348994 -0.450471 0.638049 0.303432 -0.262299 
0.004988 -0.404813 -0.545187 0.598112 0.300974 -0.206218 
0.052563 -0.441281 -0.636095 0.533193 0.286592 -0.180043 
0.421827 -0.464629 -0.705892 0.453549 0.259875 -0.170762 
0.678063 -0.478905 -0.758425 0.362164 0.228963 -0.170718 
0.711215 -0.488721 -0.793527 0.279764 0.168902 -0.175826 
0.708161 -0.477962 -0.816553 0.200246 0.088470 -0.187208 
0.703863 -0.317654 -0.832692 0.130599 -0.012890 -0.212740 
0.697678 -0.029358 -0.843052 0.083912 -0.120120 -0.255950 
0.688468 0.145863 -0.845688 0.054050 -0.233992 -0.312515 
0.674346 0.236590 -0.791742 0.033121 -0.318865 -0.392478 
0.652292 0.277860 -0.537806 0.019396 -0.382478 -0.494740 
0.615640 0.296841 -0.350965 0.010685 -0.424588 -0.595320 
0.558198 0.302044 -0.249168 0.025095 -0.453513 -0.675410 
0.475222 0.297695 -0.200069 0.209826 -0.472666 -0.738573 
0.371050 0.281755 -0.178406 0.435997 -0.484797 -0.780811 
0.262327 0.252453 -0.170698 0.573479 -0.478874 -0.809679 
0.169347 0.195976 -0.172724 0.641054 -0.368867 -0.829258 
0.102714 0.132996 -0.181952 0.672051 -0.061276 -0.841285 
0.060476 0.030017 -0.201526 0.684069 0.131195 -0.845555 
0.035205 -0.089154 -0.238530 0.685611 0.229139 -0.806946 
0.020174 -0.199466 -0.287133 0.678669 0.276400 -0.586613 
0.011013 -0.297380 -0.369345 0.664775 0.296422 -0.374842 
0.005220 -0.360357 -0.451467 0.637851 0.301740 -0.261123 
0.001412 -0.410494 -0.545685 0.598013 0.297616 -0.205629 
0.001406 -0.444121 -0.636344 0.533144 0.284913 -0.180486 
0.052492 -0.466049 -0.706016 0.453524 0.259035 -0.170983 
0.421572 -0.478933 -0.754419 0.373053 0.235006 -0.169602 
0.678019 -0.488149 -0.786775 0.306098 0.201774 -0.171464 
0.711206 -0.493506 -0.809077 0.233223 0.135884 -0.180172 
0.708328 -0.460464 -0.826561 0.163585 0.059265 -0.196946 
0.704359 -0.205155 -0.838182 0.107779 -0.055269 -0.222639 
0.698774 0.047112 -0.846656 0.069464 -0.157457 -0.268728 
0.690659 0.187776 -0.834821 0.044264 -0.252660 -0.341742 
0.678568 0.256717 -0.716436 0.027745 -0.337921 -0.434620 
0.660230 0.287924 -0.477890 0.015887 -0.395023 -0.526738 
0.630391 0.300110 -0.316010 0.010547 -0.432797 -0.622983 
0.583988 0.300899 -0.232035 0.035301 -0.458756 -0.697078 
0.515607 0.292541 -0.192006 0.253595 -0.476181 -0.751124 
0.424850 0.274278 -0.174930 0.463759 -0.487161 -0.788014 
0.321252 0.248475 -0.170502 0.587361 -0.480056 -0.814554 
0.222229 0.193986 -0.172627 0.647994 -0.369458 -0.831976 
0.142845 0.132002 -0.181903 0.675521 -0.061571 -0.842644 
0.087747 0.039114 -0.201502 0.687251 0.129375 -0.849611 
0.052845 -0.065571 -0.230519 0.687202 0.228768 -0.818955 
0.031540 -0.187674 -0.283128 0.679465 0.276214 -0.592617 
0.018496 -0.274693 -0.367342 0.665173 0.297401 -0.377844 
0.010307 -0.349014 -0.450466 0.638050 0.303429 -0.262320 
0.004988 -0.404823 -0.545184 0.598112 0.300972 -0.206228 
0.001410 -0.441285 -0.636094 0.533193 0.286591 -0.180048 
0.052522 -0.464632 -0.705891 0.453549 0.262454 -0.170764 
0.421683 -0.478224 -0.748633 0.373065 0.236716 -0.169493 
0.678038 -0.487795 -0.779796 0.306105 0.202629 -0.171409 
0.711211 -0.493328 -0.805587 0.233226 0.155735 -0.180145 
0.708333 -0.460376 -0.823862 0.167705 0.069190 -0.196933 
0.704359 -0.306705 -0.836832 0.114329 -0.036492 -0.222632 
0.698774 -0.023884 -0.845981 0.072739 -0.148069 -0.268724 
0.690659 0.148600 -0.847153 0.045901 -0.247966 -0.341740 
0.678568 0.237361 -0.767838 0.028564 -0.330829 -0.422549 
0.660230 0.278245 -0.503590 0.017117 -0.391477 -0.520703 
0.630391 0.295935 -0.330787 0.009264 -0.431024 -0.608301 
0.583988 0.301591 -0.239423 0.034659 -0.457869 -0.686189 
0.515607 0.292887 -0.195700 0.253274 -0.474844 -0.745680 
0.424850 0.279351 -0.176222 0.463599 -0.486493 -0.785292 
0.321252 0.251011 -0.171148 0.587281 -0.479722 -0.811920 
0.222229 0.195255 -0.172950 0.647954 -0.369291 -0.830659 
0.142845 0.132636 -0.182065 0.675501 -0.061488 -0.841985 
0.087747 0.039431 -0.201583 0.687241 0.129417 -0.849282 
0.052845 -0.065412 -0.230559 0.687197 0.228789 -0.818790 
0.031540 -0.187595 -0.283148 0.679463 0.276225 -0.592535 
0.018496 -0.274654 -0.367353 0.665172 0.297406 -0.377803 
0.010307 -0.348994 -0.450471 0.638049 0.303432 -0.262299 
0.004988 -0.404813 -0.545187 0.598112 0.300974 -0.206218 
0.052563 -0.441281 -0.636095 0.533193 0.286592 -0.180043 
0.421827 -0.464629 -0.705892 0.453549 0.259875 -0.170762 
0.678063 -0.478905 -0.758425 0.362164 0.228963 -0.170718 
0.711215 -0.488721 -0.793527 0.279764 0.168902 -0.175826 
0.708161 -0.477962 -0.816553 0.200246 0.088470 -0.187208 
0.703863 -0.317654 -0.832692 0.130599 -0.012890 -0.212740 
0.697678 -0.029358 -0.843052 0.083912 -0.120120 -0.255950 
0.688468 0.145863 -0.845688 0.054050 -0.233992 -0.312515 
0.674346 0.236590 -0.791742 0.033121 -0.318865 -0.392478 
0.652292 0.277860 -0.537806 0.019396 -0.382478 -0.494740 
0.615640 0.296841 -0.350965 0.010685 -0.424588 -0.595320 
0.558198 0.302044 -0.249168 0.025095 -0.453513 -0.675410 
0.475222 0.297695 -0.200069 0.209826 -0.472666 -0.738573 
0.371050 0.281755 -0.178406 0.435997 -0.484797 -0.780811 
0.262327 0.252453 -0.170698 0.573479 -0.478874 -0.809679 
0.169347 0.195976 -0.172724 0.641054 -0.368867 -0.829258 
0.102714 0.132996 -0.181952 0.672051 -0.061276 -0.841285 
0.060476 0.030017 -0.201526 0.684069 0.131195 -0.845555 
0.035205 -0.089154 -0.238530 0.685611 0.229139 -0.806946 
0.020174 -0.199466 -0.287133 0.678669 0.276400 -0.586613 
0.011013 -0.297380 -0.369345 0.664775 0.296422 -0.374842 
0.005220 -0.360357 -0.451467 0.637851 0.301740 -0.261123 
0.001412 -0.410494 -0.545685 0.598013 0.297616 -0.205629 
0.001406 -0.444121 -0.636344 0.533144 0.284913 -0.180486 
0.052492 -0.466049 -0.706016 0.453524 0.259035 -0.170983 
0.421572 -0.478933 -0.754419 0.373053 0.235006 -0.169602 
0.678019 -0.488149 -0.786775 0.306098 0.201774 -0.171464 
0.711206 -0.493506 -0.809077 0.233223 0.135884 -0.180172 
0.708328 -0.460464 -0.826561 0.163585 0.059265 -0.196946 
0.704359 -0.205155 -0.838182 0.107779 -0.055269 -0.222639 
0.698774 0.047112 -0.846656 0.069464 -0.157457 -0.268728 
0.690659 0.187776 -0.834821 0.044264 -0.252660 -0.341742 
0.678568 0.256717 -0.716436 0.027745 -0.337921 -0.434620 
0.660230 0.287924 -0.477890 0.015887 -0.395023 -0.526738 
0.630391 0.300110 -0.316010 0.010547 -0.432797 -0.622983 
0.583988 0.300899 -0.232035 0.035301 -0.458756 -0.697078 
0.515607 0.292541 -0.192006 0.253595 -0.476181 -0.751124 
0.424850 0.274278 -0.174930 0.463759 -0.487161 -0.788014 
0.321252 0.248475 -0.170502 0.587361 -0.480056 -0.814554 
0.222229 0.193986 -0.172627 0.647994 -0.369458 -0.831976 
0.142845 0.132002 -0.181903 0.675521 -0.061571 -0.842644 
0.087747 0.039114 -0.201502 0.687251 0.129375 -0.849611 
0.052845 -0.065571 -0.230519 0.687202 0.228768 -0.818955 
0.031540 -0.187674 -0.283128 0.679465 0.276214 -0.592617 
0.018496 -0.274693 -0.367342 0.665173 0.297401 -0.377844 
0.010307 -0.349014 -0.450466 0.638050 0.303429 -0.262320 
0.004988 -0.404823 -0.545184 0.598112 0.300972 -0.206228 
0.001410 -0.441285 -0.636094 0.533193 0.286591 -0.180048 
0.052522 -0.464632 -0.705891 0.453549 0.262454 -0.170764 
0.421683 -0.478224 -0.748633 0.373065 0.236716 -0.169493 
0.678038 -0.487795 -0.779796 0.306105 0.202629 -0.171409 
0.711211 -0.493328 -0.805587 0.233226 0.155735 -0.180145 
0.708333 -0.460376 -0.823862 0.167705 0.069190 -0.196933 
0.704359 -0.306705 -0.836832 0.114329 -0.036492 -0.222632 
0.698774 -0.023884 -0.845981 0.072739 -0.148069 -0.268724 
0.690659 0.148600 -0.847153 0.045901 -0.247966 -0.341740 
0.678568 0.237361 -0.767838 0.028564 -0.330829 -0.422549 
0.660230 0.278245 -0.503590 0.017117 -0.391477 -0.520703 
0.630391 0.295935 -0.330787 0.009264 -0.431024 -0.608301 
0.583988 0.301591 -0.239423 0.034659 -0.457869 -0.686189 
0.515607 0.292887 -0.195700 0.253274 -0.474844 -0.745680 
0.424850 0.279351 -0.176222 0.463599 -0.486493 -0.785292 
0.321252 0.251011 -0.171148 0.587281 -0.479722 -0.811920 
0.222229 0.195255 -0.172950 0.647954 -0.369291 -0.830659 
0.142845 0.132636 -0.182065 0.675501 -0.061488 -0.841985 
0.087747 0.039431 -0.201583 0.687241 0.129417 -0.849282 
0.052845 -0.065412 -0.230559 0.687197 0.228789 -0.818790 
0.031540 -0.187595 -0.283148 0.679463 0.276225 -0.592535 
0.018496 -0.274654 -0.367353 0.665172 0.297406 -0.377803 
0.010307 -0.348994 -0.450471 0.638049 0.303432 -0.262299 
0.004988 -0.404813 -0.545187 0.598112 0.300974 -0.206218 
0.052563 -0.441281 -0.636095 0.533193 0.286592 -0.180043 
0.421827 -0.464629 -0.705892 0.453549 0.259875 -0.170762 
0.678063 -0.478905 -0.758425 0.362164 0.228963 -0.170718 
0.711215 -0.488721 -0.793527 0.279764 0.168902 -0.175826 
0.708161 -0.477962 -0.816553 0.200246 0.088470 -0.187208 
0.703863 -0.317654 -0.832692 0.130599 -0.012890 -0.212740 
0.697678 -0.029358 -0.843052 0.083912 -0.120120 -0.255950 
0.688468 0.145863 -0.845688 0.054050 -0.233992 -0.312515 
0.674346 0.236590 -0.791742 0.033121 -0.318865 -0.392478 
0.652292 0.277860 -0.537806 0.019396 -0.382478 -0.494740 
0.615640 0.296841 -0.350965 0.010685 -0.424588 -0.595320 
0.558198 0.302044 -0.249168 0.025095 -0.453513 -0.675410 
0.475222 0.297695 -0.200069 0.209826 -0.472666 -0.738573 
0.371050 0.281755 -0.178406 0.435997 -0.484797 -0.780811 
0.262327 0.252453 -0.170698 0.573479 -0.478874 -0.809679 
0.169347 0.195976 -0.172724 0.641054 -0.368867 -0.829258 
0.102714 0.132996 -0.181952 0.672051 -0.061276 -0.841285 
0.060476 0.030017 -0.201526 0.684069 0.131195 -0.845555 
0.035205 -0.089154 -0.238530 0.685611 0.229139 -0.806946 
0.020174 -0.199466 -0.287133 0.678669 0.276400 -0.586613 
0.011013 -0.297380 -0.369345 0.664775 0.296422 -0.374842 
0.005220 -0.360357 -0.451467 0.637851 0.301740 -0.261123 
0.001412 -0.410494 -0.545685 0.598013 0.297616 -0.205629 
0.001406 -0.444121 -0.636344 0.533144 0.284913 -0.180486 
0.052492 -0.466049 -0.706016 0.453524 0.259035 -0.170983 
0.421572 -0.478933 -0.754419 0.373053 0.235006 -0.169602 
0.678019 -0.488149 -0.786775 0.306098 0.201774 -0.171464 
0.711206 -0.493506 -0.809077 0.233223 0.135884 -0.180172 
0.708328 -0.460464 -0.826561 0.163585 0.059265 -0.196946 
0.704359 -0.205155 -0.838182 0.107779 -0.055269 -0.222639 
0.698774 0.047112 -0.846656 0.069464 -0.157457 -0.268728 
0.690659 0.187776 -0.834821 0.044264 -0.252660 -0.341742 
0.678568 0.256717 -0.716436 0.027745 -0.337921 -0.434620 
0.660230 0.287924 -0.477890 0.015887 -0.395023 -0.526738 
0.630391 0.300110 -0.316010 0.010547 -0.432797 -0.622983 
0.583988 0.300899 -0.232035 0.035301 -0.458756 -0.697078 
0.515607 0.292541 -0.192006 0.253595 -0.476181 -0.751124 
0.424850 0.274278 -0.174930 0.463759 -0.487161 -0.788014 
0.321252 0.248475 -0.170502 0.587361 -0.480056 -0.814554 
0.222229 0.193986 -0.172627 0.647994 -0.369458 -0.831976 
0.142845 0.132002 -0.181903 0.675521 -0.061571 -0.842644 
0.087747 0.039114 -0.201502 0.687251 0.129375 -0.849611 
0.052845 -0.065571 -0.230519 0.687202 0.228768 -0.818955 
0.031540 -0.187674 -0.283128 0.679465 0.276214 -0.592617 
0.018496 -0.274693 -0.367342 0.665173 0.297401 -0.377844 
0.010307 -0.349014 -0.450466 0.638050 0.303429 -0.262320 
0.004988 -0.404823 -0.545184 0.598112 0.300972 -0.206228 
0.001410 -0.441285 -0.636094 0.533193 0.286591 -0.180048 
0.052522 -0.464632 -0.705891 0.453549 0.262454 -0.170764 
0.421683 -0.478224 -0.748633 0.373065 0.236716 -0.169493 
0.678038 -0.487795 -0.779796 0.306105 0.202629 -0.171409 
0.711211 -0.493328 -0.805587 0.233226 0.155735 -0.180145 
0.708333 -0.460376 -0.823862 0.167705 0.069190 -0.196933 
0.704399 -0.306705 -0.836832 0.114329 -0.036492 -0.222632 
0.698863 -0.023884 -0.845981 0.072739 -0.148069 -0.268724 
0.690864 0.148600 -0.847153 0.045901 -0.247966 -0.341740 
0.679052 0.237361 -0.767838 0.028564 -0.330829 -0.422549 
0.660230 0.278245 -0.503590 0.017117 -0.391477 -0.520703 
0.630378 0.295935 -0.330787 0.009264 -0.431024 -0.608301 
0.583953 0.301591 -0.239423 0.034659 -0.457869 -0.686189 
0.515542 0.292887 -0.195700 0.253274 -0.474844 -0.745680 
0.424755 0.279351 -0.176222 0.463599 -0.486493 -0.785292 
0.321143 0.251011 -0.171148 0.587281 -0.479722 -0.811920 
0.222127 0.195255 -0.172950 0.647954 -0.369291 -0.830659 
0.142766 0.132636 -0.182065 0.675501 -0.061488 -0.841985 
0.087694 0.039431 -0.201583 0.687241 0.129417 -0.849282 
0.052812 -0.065412 -0.230559 0.687197 0.228789 -0.818790 
0.031520 -0.187595 -0.283148 0.679463 0.276225 -0.592535 
0.018484 -0.274654 -0.367353 0.665172 0.297406 -0.377803 
0.010299 -0.348994 -0.450471 0.638049 0.303432 -0.262299 
0.004983 -0.404813 -0.545187 0.598112 0.300974 -0.206218 
0.052533 -0.441281 -0.636095 0.533193 0.286592 -0.180043 
0.421712 -0.464629 -0.705892 0.453549 0.259875 -0.170762 
0.678042 -0.478905 -0.758425 0.362164 0.228963 -0.170718 
0.711211 -0.488721 -0.793527 0.279764 0.168902 -0.175826 
0.708156 -0.477962 -0.816553 0.200246 0.088470 -0.187208 
0.703857 -0.317654 -0.832692 0.130599 -0.012890 -0.212740 
0.697665 -0.029358 -0.843052 0.083912 -0.120120 -0.255950 
0.688406 0.145863 -0.845688 0.054050 -0.233992 -0.312515 
0.674129 0.236590 -0.791742 0.033121 -0.318865 -0.392478 
0.651604 0.277860 -0.537806 0.019396 -0.382478 -0.494740 
0.615640 0.296841 -0.350965 0.010685 -0.424588 -0.595320 
0.558198 0.302044 -0.249168 0.025095 -0.453513 -0.675410 
0.475222 0.297695 -0.200069 0.209826 -0.472666 -0.738573 
0.371050 0.281755 -0.178406 0.435997 -0.484797 -0.780811 
0.262327 0.252453 -0.170698 0.573479 -0.478874 -0.809679 
0.169347 0.195976 -0.172724 0.641054 -0.368867 -0.829258 
0.102714 0.132996 -0.181952 0.672051 -0.061276 -0.841285 
0.060476 0.030017 -0.201526 0.684069 0.131195 -0.845555 
0.035205 -0.089154 -0.238530 0.685611 0.229139 -0.806946 
0.020174 -0.199466 -0.287133 0.678669 0.276400 -0.586613 
0.011013 -0.297380 -0.369345 0.664775 0.296422 -0.374842 
0.005220 -0.360357 -0.451467 0.637851 0.301740 -0.261123 
0.001412 -0.410494 -0.545685 0.598013 0.297616 -0.205629 
0.001406 -0.444121 -0.636344 0.533144 0.284913 -0.180486 
0.052492 -0.466049 -0.706016 0.453524 0.259035 -0.170983 
0.421572 -0.478933 -0.754419 0.373053 0.235006 -0.169602 
0.678019 -0.488149 -0.786775 0.306098 0.201774 -0.171464 
0.711206 -0.493506 -0.809077 0.233223 0.135884 -0.180172 
0.708328 -0.460464 -0.826561 0.163585 0.059265 -0.196946 
0.704359 -0.205155 -0.838182 0.107779 -0.055269 -0.222639 
0.698774 0.047112 -0.846656 0.069464 -0.157457 -0.268728 
0.690659 0.187776 -0.834821 0.044264 -0.252660 -0.341742 
0.678568 0.256717 -0.716436 0.027745 -0.337921 -0.434620 
0.660230 0.287924 -0.477890 0.015887 -0.395023 -0.526738 
0.630391 0.300110 -0.316010 0.010547 -0.432797 -0.622983 
0.583988 0.300899 -0.232035 0.035301 -0.458756 -0.697078 
0.515607 0.292541 -0.192006 0.253595 -0.476181 -0.751124 
0.424850 0.274278 -0.174930 0.463759 -0.487161 -0.788014 
0.321252 0.248475 -0.170502 0.587361 -0.480056 -0.814554 
0.222229 0.193986 -0.172627 0.647994 -0.369458 -0.831976 
0.142845 0.132002 -0.181903 0.675521 -0.061571 -0.842644 
0.087747 0.039114 -0.201502 0.687251 0.129375 -0.849611 
0.052845 -0.065571 -0.230519 0.687202 0.228768 -0.818955 
0.031540 -0.187674 -0.283128 0.679465 0.276214 -0.592617 
0.018496 -0.274693 -0.367342 0.665173 0.297401 -0.377844 
0.010307 -0.349014 -0.450466 0.638050 0.303429 -0.262320 
0.004988 -0.404823 -0.545184 0.598112 0.300972 -0.206228 
0.001410 -0.441285 -0.636094 0.533193 0.286591 -0.180048 
0.052522 -0.464632 -0.705891 0.453549 0.262454 -0.170764 
0.421683 -0.478224 -0.748633 0.373065 0.236716 -0.169493 
0.678038 -0.487795 -0.779796 0.306105 0.202629 -0.171409 
0.711211 -0.493328 -0.805587 0.233226 0.155735 -0.180145 
0.708333 -0.460376 -0.823862 0.167705 0.069190 -0.196933 
0.704399 -0.306705 -0.836832 0.114329 -0.036492 -0.222632 
0.698863 -0.023884 -0.845981 0.072739 -0.148069 -0.268724 
0.690864 0.148600 -0.847153 0.045901 -0.247966 -0.341740 
0.679052 0.237361 -0.767838 0.028564 -0.330829 -0.422549 
0.660047 0.278245 -0.503590 0.017117 -0.391477 -0.520703 
0.630130 0.295935 -0.330787 0.009264 -0.431024 -0.608301 
0.583624 0.301591 -0.239423 0.034659 -0.457869 -0.686189 
0.515136 0.292887 -0.195700 0.253274 -0.474844 -0.745680 
0.424313 0.279351 -0.176222 0.463599 -0.486493 -0.785292 
0.320734 0.251011 -0.171148 0.587281 -0.479722 -0.811920 
0.221811 0.195255 -0.172950 0.647954 -0.369291 -0.830659 
0.142558 0.132636 -0.182065 0.675501 -0.061488 -0.841985 
0.087572 0.039431 -0.201583 0.687241 0.129417 -0.849282 
0.052744 -0.065412 -0.230559 0.687197 0.228789 -0.818790 
0.031482 -0.187595 -0.283148 0.679463 0.276225 -0.592535 
0.018462 -0.274654 -0.367353 0.665172 0.297406 -0.377803 
0.010286 -0.348994 -0.450471 0.638049 0.303432 -0.262299 
0.004975 -0.404813 -0.545187 0.598112 0.300974 -0.206218 
0.052492 -0.441281 -0.636095 0.533193 0.286592 -0.180043 
0.421572 -0.464629 -0.705892 0.453549 0.259875 -0.170762 
0.678019 -0.478905 -0.758425 0.362164 0.228963 -0.170718 
0.711206 -0.488721 -0.793527 0.279764 0.168902 -0.175826 
0.708150 -0.477962 -0.816553 0.200246 0.088470 -0.187208 
0.703857 -0.317654 -0.832692 0.130599 -0.012890 -0.212740 
0.697678 -0.029358 -0.843052 0.083912 -0.120120 -0.255950 
0.688468 0.145863 -0.845688 0.054050 -0.233992 -0.312515 
0.674346 0.236590 -0.791742 0.033121 -0.318865 -0.392478 
0.652292 0.277860 -0.537806 0.019396 -0.382478 -0.494740 
0.615655 0.296841 -0.350965 0.010685 -0.424588 -0.595320 
0.558239 0.302044 -0.249168 0.025095 -0.453513 -0.675410 
0.475294 0.297695 -0.200069 0.209826 -0.472666 -0.738573 
0.371148 0.281755 -0.178406 0.435997 -0.484797 -0.780811 
0.262429 0.252453 -0.170698 0.573479 -0.478874 -0.809679 
0.169431 0.195976 -0.172724 0.641054 -0.368867 -0.829258 
0.102773 0.132996 -0.181952 0.672051 -0.061276 -0.841285 
0.060513 0.030017 -0.201526 0.684069 0.131195 -0.845555 
0.035228 -0.089154 -0.238530 0.685611 0.229139 -0.806946 
0.020188 -0.199466 -0.287133 0.678669 0.276400 -0.586613 
0.011022 -0.297380 -0.369345 0.664775 0.296422 -0.374842 
0.005226 -0.360357 -0.451467 0.637851 0.301740 -0.261123 
0.001416 -0.410494 -0.545685 0.598013 0.297616 -0.205629 
0.001410 -0.444121 -0.636344 0.533144 0.284913 -0.180486 
0.052522 -0.466049 -0.706016 0.453524 0.259035 -0.170983 
0.421683 -0.478933 -0.754419 0.373053 0.235006 -0.169602 
0.678038 -0.488149 -0.786775 0.306098 0.201774 -0.171464 
0.711211 -0.493506 -0.809077 0.233223 0.135884 -0.180172 
0.708333 -0.460464 -0.826561 0.163585 0.059265 -0.196946 
0.704359 -0.205155 -0.838182 0.107779 -0.055269 -0.222639 
0.698774 0.047112 -0.846656 0.069464 -0.157457 -0.268728 
0.690659 0.187776 -0.834821 0.044264 -0.252660 -0.341742 
0.678568 0.256717 -0.716436 0.027745 -0.337921 -0.434620 
0.660230 0.287924 -0.477890 0.015887 -0.395023 -0.526738 
0.630391 0.300110 -0.316010 0.010547 -0.432797 -0.622983 
0.583988 0.300899 -0.232035 0.035301 -0.458756 -0.697078 
0.515607 0.292541 -0.192006 0.253595 -0.476181 -0.751124 
0.424850 0.274278 -0.174930 0.463759 -0.487161 -0.788014 
0.321252 0.248475 -0.170502 0.587361 -0.480056 -0.814554 
0.222229 0.193986 -0.172627 0.647994 -0.369458 -0.831976 
0.142845 0.132002 -0.181903 0.675521 -0.061571 -0.842644 
0.087747 0.039114 -0.201502 0.687251 0.129375 -0.849611 
0.052845 -0.065571 -0.230519 0.687202 0.228768 -0.818955 
0.031540 -0.187674 -0.283128 0.679465 0.276214 -0.592617 
0.018496 -0.274693 -0.367342 0.665173 0.297401 -0.377844 
0.010307 -0.349014 -0.450466 0.638050 0.303429 -0.262320 
0.004988 -0.404823 -0.545184 0.598112 0.300972 -0.206228 
0.052563 -0.441285 -0.636094 0.533193 0.286591 -0.180048 
0.421827 -0.464632 -0.705891 0.453549 0.259874 -0.170764 
0.678063 -0.478906 -0.758425 0.362164 0.228963 -0.170720 
0.711215 -0.488722 -0.793527 0.279764 0.168902 -0.175826 
0.708161 -0.477962 -0.816553 0.200246 0.088470 -0.187208 
0.703863 -0.317654 -0.832692 0.130599 -0.012890 -0.212740 
0.697678 -0.029358 -0.843052 0.083912 -0.120120 -0.255950 
0.688468 0.145863 -0.845688 0.054050 -0.233992 -0.312515 
0.674346 0.236590 -0.791742 0.033121 -0.318865 -0.392478 
0.652292 0.277860 -0.537806 0.019396 -0.382478 -0.494740 
0.615640 0.296841 -0.350965 0.010685 -0.424588 -0.595320 
0.558198 0.302044 -0.249168 0.025095 -0.453513 -0.675410 
0.475222 0.297695 -0.200069 0.209826 -0.472666 -0.738573 
0.371050 0.281755 -0.178406 0.435997 -0.484797 -0.780811 
0.262327 0.252453 -0.170698 0.573479 -0.478874 -0.809679 
0.169347 0.195976 -0.172724 0.641054 -0.368867 -0.829258 
0.102714 0.132996 -0.181952 0.672051 -0.061276 -0.841285 
0.060476 0.030017 -0.201526 0.684069 0.131195 -0.845555 
0.035205 -0.089154 -0.238530 0.685611 0.229139 -0.806946 
0.020174 -0.199466 -0.287133 0.678669 0.276400 -0.586613 
0.011013 -0.297380 -0.369345 0.664775 0.296422 -0.374842 
0.005220 -0.360357 -0.451467 0.637851 0.301740 -0.261123 
0.001412 -0.410494 -0.545685 0.598013 0.297616 -0.205629 
0.001406 -0.444121 -0.636344 0.533144 0.284913 -0.180486 
0.052492 -0.466049 -0.706016 0.453524 0.259035 -0.170983 
0.421572 -0.478933 -0.754419 0.373053 0.235006 -0.169602 
0.678019 -0.488149 -0.786775 0.306098 0.201774 -0.171464 
0.711206 -0.493506 -0.809077 0.233223 0.135884 -0.180172 
0.708328 -0.460464 -0.826561 0.163585 0.059265 -0.196946 
0.704359 -0.205155 -0.838182 0.107779 -0.055269 -0.222639 
0.698774 0.047112 -0.846656 0.069464 -0.157457 -0.268728 
0.690659 0.187776 -0.834821 0.044264 -0.252660 -0.341742 
0.678568 0.256717 -0.716436 0.027745 -0.337921 -0.434620 
0.660230 0.287924 -0.477890 0.015887 -0.395023 -0.526738 
0.630391 0.300110 -0.316010 0.010547 -0.432797 -0.622983 
0.583988 0.300899 -0.232035 0.035301 -0.458756 -0.697078 
0.515607 0.292541 -0.192006 0.253595 -0.476181 -0.751124 
0.424850 0.274278 -0.174930 0.463759 -0.487161 -0.788014 
0.321252 0.248475 -0.170502 0.587361 -0.480056 -0.814554 
0.222229 0.193986 -0.172627 0.647994 -0.369458 -0.831976 
0.142845 0.132002 -0.181903 0.675521 -0.061571 -0.842644 
0.087747 0.039114 -0.201502 0.687251 0.129375 -0.849611 
0.052845 -0.065571 -0.230519 0.687202 0.228768 -0.818955 
0.031540 -0.187674 -0.283128 0.679465 0.276214 -0.592617 
0.018496 -0.274693 -0.367342 0.665173 0.297401 -0.377844 
0.010307 -0.349014 -0.450466 0.638050 0.303429 -0.262320 
0.004988 -0.404823 -0.545184 0.598112 0.300972 -0.206228 
0.001410 -0.441285 -0.636094 0.533193 0.286591 -0.180048 
0.052522 -0.464632 -0.705891 0.453549 0.262454 -0.170764 
0.421683 -0.478224 -0.748633 0.373065 0.236716 -0.169493 
0.678038 -0.487795 -0.779796 0.306105 0.202629 -0.171409 
0.711211 -0.493328 -0.805587 0.233226 0.155735 -0.180145 
0.708333 -0.460376 -0.823862 0.167705 0.069190 -0.196933 
0.704359 -0.306705 -0.836832 0.114329 -0.036492 -0.222632 
0.698774 -0.023884 -0.845981 0.072739 -0.148069 -0.268724 
0.690659 0.148600 -0.847153 0.045901 -0.247966 -0.341740 
0.678568 0.237361 -0.767838 0.028564 -0.330829 -0.422549 
0.660230 0.278245 -0.503590 0.017117 -0.391477 -0.520703 
0.630391 0.295935 -0.330787 0.009264 -0.431024 -0.608301 
0.583988 0.301591 -0.239423 0.034659 -0.457869 -0.686189 
0.515607 0.292887 -0.195700 0.253274 -0.474844 -0.745680 
0.424850 0.279351 -0.176222 0.463599 -0.486493 -0.785292 
0.321252 0.251011 -0.171148 0.587281 -0.479722 -0.811920 
0.222229 0.195255 -0.172950 0.647954 -0.369291 -0.830659 
0.142845 0.132636 -0.182065 0.675501 -0.061488 -0.841985 
0.087747 0.039431 -0.201583 0.687241 0.129417 -0.849282 
0.052845 -0.065412 -0.230559 0.687197 0.228789 -0.818790 
0.031540 -0.187595 -0.283148 0.679463 0.276225 -0.592535 
0.018496 -0.274654 -0.367353 0.665172 0.297406 -0.377803 
0.010307 -0.348994 -0.450471 0.638049 0.303432 -0.262299 
0.004988 -0.404813 -0.545187 0.598112 0.300974 -0.206218 
0.052563 -0.441281 -0.636095 0.533193 0.286592 -0.180043 
0.421827 -0.464629 -0.705892 0.453549 0.259875 -0.170762 
0.678063 -0.478905 -0.758425 0.362164 0.228963 -0.170718 
0.711215 -0.488721 -0.793527 0.279764 0.168902 -0.175826 
0.708161 -0.477962 -0.816553 0.200246 0.088470 -0.187208 
0.703863 -0.317654 -0.832692 0.130599 -0.012890 -0.212740 
0.697678 -0.029358 -0.843052 0.083912 -0.120120 -0.255950 
0.688468 0.145863 -0.845688 0.054050 -0.233992 -0.312515 
0.674346 0.236590 -0.791742 0.033121 -0.318865 -0.392478 
0.652292 0.277860 -0.537806 0.019396 -0.382478 -0.494740 
0.615640 0.296841 -0.350965 0.010685 -0.424588 -0.595320 
0.558198 0.302044 -0.249168 0.025095 -0.453513 -0.675410 
0.475222 0.297695 -0.200069 0.209826 -0.472666 -0.738573 
0.371050 0.281755 -0.178406 0.435997 -0.484797 -0.780811 
0.262327 0.252453 -0.170698 0.573479 -0.478874 -0.809679 
0.169347 0.195976 -0.172724 0.641054 -0.368867 -0.829258 
0.102714 0.132996 -0.181952 0.672051 -0.061276 -0.841285 
0.060476 0.030017 -0.201526 0.684069 0.131195 -0.845555 
0.035205 -0.089154 -0.238530 0.685611 0.229139 -0.806946 
0.020174 -0.199466 -0.287133 0.678669 0.276400 -0.586613 
0.011013 -0.297380 -0.369345 0.664775 0.296422 -0.374842 
0.005220 -0.360357 -0.451467 0.637851 0.301740 -0.261123 
0.001412 -0.410494 -0.545685 0.598013 0.297616 -0.205629 
0.001406 -0.444121 -0.636344 0.533144 0.284913 -0.180486 
0.052492 -0.466049 -0.706016 0.453524 0.259035 -0.170983 
0.421572 -0.478933 -0.754419 0.373053 0.235006 -0.169602 
0.678019 -0.488149 -0.786775 0.306098 0.201774 -0.171464 
0.711206 -0.493506 -0.809077 0.233223 0.135884 -0.180172 
0.708328 -0.460464 -0.826561 0.163585 0.059265 -0.196946 
0.704359 -0.205155 -0.838182 0.107779 -0.055269 -0.222639 
0.698774 0.047112 -0.846656 0.069464 -0.157457 -0.268728 
0.690659 0.187776 -0.834821 0.044264 -0.252660 -0.341742 
0.678568 0.256717 -0.716436 0.027745 -0.337921 -0.434620 
0.660230 0.287924 -0.477890 0.015887 -0.395023 -0.526738 
0.630391 0.300110 -0.316010 0.010547 -0.432797 -0.622983 
0.583988 0.300899 -0.232035 0.035301 -0.458756 -0.697078 
0.515607 0.292541 -0.192006 0.253595 -0.476181 -0.751124 
0.424850 0.274278 -0.174930 0.463759 -0.487161 -0.788014 
0.321252 0.248475 -0.170502 0.587361 -0.480056 -0.814554 
0.222229 0.193986 -0.172627 0.647994 -0.369458 -0.831976 
0.142845 0.132002 -0.181903 0.675521 -0.061571 -0.842644 
0.087747 0.039114 -0.201502 0.687251 0.129375 -0.849611 
0.052845 -0.065571 -0.230519 0.687202 0.228768 -0.818955 
0.031540 -0.187674 -0.283128 0.679465 0.276214 -0.592617 
0.018496 -0.274693 -0.367342 0.665173 0.297401 -0.377844 
0.010307 -0.349014 -0.450466 0.638050 0.303429 -0.262320 
0.004988 -0.404823 -0.545184 0.598112 0.300972 -0.206228 
0.001410 -0.441285 -0.636094 0.533193 0.286591 -0.180048 
0.052522 -0.464632 -0.705891 0.453549 0.262454 -0.170764 
0.421683 -0.478224 -0.748633 0.373065 0.236716 -0.169493 
0.678038 -0.487795 -0.779796 0.306105 0.202629 -0.171409 
0.711211 -0.493328 -0.805587 0.233226 0.155735 -0.180145 
0.708333 -0.460376 -0.823862 0.167705 0.069190 -0.196933 
0.704359 -0.306705 -0.836832 0.114329 -0.036492 -0.222632 
0.698774 -0.023884 -0.845981 0.072739 -0.148069 -0.268724 
0.690659 0.148600 -0.847153 0.045901 -0.247966 -0.341740 
0.678568 0.237361 -0.767838 0.028564 -0.330829 -0.422549 
0.660230 0.278245 -0.503590 0.017117 -0.391477 -0.520703 
0.630391 0.295935 -0.330787 0.009264 -0.431024 -0.608301 
0.583988 0.301591 -0.239423 0.034659 -0.457869 -0.686189 
0.515607 0.292887 -0.195700 0.253274 -0.474844 -0.745680 
0.424850 0.279351 -0.176222 0.463599 -0.486493 -0.785292 
0.321252 0.251011 -0.171148 0.587281 -0.479722 -0.811920 
0.222229 0.195255 -0.172950 0.647954 -0.369291 -0.830659 
0.142845 0.132636 -0.182065 0.675501 -0.061488 -0.841985 
0.087747 0.039431 -0.201583 0.687241 0.129417 -0.849282 
0.052845 -0.065412 -0.230559 0.687197 0.228789 -0.818790 
0.031540 -0.187595 -0.283148 0.679463 0.276225 -0.592535 
0.018496 -0.274654 -0.367353 0.665172 0.297406 -0.377803 
0.010307 -0.348994 -0.450471 0.638049 0.303432 -0.262299 
0.004988 -0.404813 -0.545187 0.598112 0.300974 -0.206218 
0.052563 -0.441281 -0.636095 0.533193 0.286592 -0.180043 
0.421827 -0.464629 -0.705892 0.453549 0.259875 -0.170762 
0.678063 -0.478905 -0.758425 0.362164 0.228963 -0.170718 
0.711215 -0.488721 -0.793527 0.279764 0.168902 -0.175826 
0.708161 -0.477962 -0.816553 0.200246 0.088470 -0.187208 
0.703863 -0.317654 -0.832692 0.130599 -0.012890 -0.212740 
0.697678 -0.029358 -0.843052 0.083912 -0.120120 -0.255950 
0.688468 0.145863 -0.845688 0.054050 -0.233992 -0.312515 
0.674346 0.236590 -0.791742 0.033121 -0.318865 -0.392478 
0.652292 0.277860 -0.537806 0.019396 -0.382478 -0.494740 
0.615640 0.296841 -0.350965 0.010685 -0.424588 -0.595320 
0.558198 0.302044 -0.249168 0.025095 -0.453513 -0.675410 
0.475222 0.297695 -0.200069 0.209826 -0.472666 -0.738573 
0.371050 0.281755 -0.178406 0.435997 -0.484797 -0.780811 
0.262327 0.252453 -0.170698 0.573479 -0.478874 -0.809679 
0.169347 0.195976 -0.172724 0.641054 -0.368867 -0.829258 
0.102714 0.132996 -0.181952 0.672051 -0.061276 -0.841285 
0.060476 0.030017 -0.201526 0.684069 0.131195 -0.845555 
0.035205 -0.089154 -0.238530 0.685611 0.229139 -0.806946 
0.020174 -0.199466 -0.287133 0.678669 0.276400 -0.586613 
0.011013 -0.297380 -0.369345 0.664775 0.296422 -0.374842 
0.005220 -0.360357 -0.451467 0.637851 0.301740 -0.261123 
0.001412 -0.410494 -0.545685 0.598013 0.297616 -0.205629 
0.001406 -0.444121 -0.636344 0.533144 0.284913 -0.180486 
0.052492 -0.466049 -0.706016 0.453524 0.259035 -0.170983 
0.421572 -0.478933 -0.754419 0.373053 0.235006 -0.169602 
0.678019 -0.488149 -0.786775 0.306098 0.201774 -0.171464 
0.711206 -0.493506 -0.809077 0.233223 0.135884 -0.180172 
0.708328 -0.460464 -0.826561 0.163585 0.059265 -0.196946 
0.704359 -0.205155 -0.838182 0.107779 -0.055269 -0.222639 
0.698774 0.047112 -0.846656 0.069464 -0.157457 -0.268728 
0.690659 0.187776 -0.834821 0.044264 -0.252660 -0.341742 
0.678568 0.256717 -0.716436 0.027745 -0.337921 -0.434620 
0.660230 0.287924 -0.477890 0.015887 -0.395023 -0.526738 
0.630391 0.300110 -0.316010 0.010547 -0.432797 -0.622983 
0.583988 0.300899 -0.232035 0.035301 -0.458756 -0.697078 
0.515607 0.292541 -0.192006 0.253595 -0.476181 -0.751124 
0.424850 0.274278 -0.174930 0.463759 -0.487161 -0.788014 
0.321252 0.248475 -0.170502 0.587361 -0.480056 -0.814554 
0.222229 0.193986 -0.172627 0.647994 -0.369458 -0.831976 
0.142845 0.132002 -0.181903 0.675521 -0.061571 -0.842644 
0.087747 0.039114 -0.201502 0.687251 0.129375 -0.849611 
0.052845 -0.065571 -0.230519 0.687202 0.228768 -0.818955 
0.031540 -0.187674 -0.283128 0.679465 0.276214 -0.592617 
0.018496 -0.274693 -0.367342 0.665173 0.297401 -0.377844 
0.010307 -0.349014 -0.450466 0.638050 0.303429 -0.262320 
0.004988 -0.404823 -0.545184 0.598112 0.300972 -0.206228 
0.001410 -0.441285 -0.636094 0.533193 0.286591 -0.180048 
0.052522 -0.464632 -0.705891 0.453549 0.262454 -0.170764 
0.421683 -0.478224 -0.748633 0.373065 0.236716 -0.169493 
0.678038 -0.487795 -0.779796 0.306105 0.202629 -0.171409 
0.711211 -0.493328 -0.805587 0.233226 0.155735 -0.180145 
0.708333 -0.460376 -0.823862 0.167705 0.069190 -0.196933 
0.704359 -0.306705 -0.836832 0.114329 -0.036492 -0.222632 
0.698774 -0.023884 -0.845981 0.072739 -0.148069 -0.268724 
0.690659 0.148600 -0.847153 0.045901 -0.247966 -0.341740 
0.678568 0.237361 -0.767838 0.028564 -0.330829 -0.422549 
0.660230 0.278245 -0.503590 0.017117 -0.391477 -0.520703 
0.630391 0.295935 -0.330787 0.009264 -0.431024 -0.608301 
0.583988 0.301591 -0.239423 0.034659 -0.457869 -0.686189 
0.515607 0.292887 -0.195700 0.253274 -0.474844 -0.745680 
0.424850 0.279351 -0.176222 0.463599 -0.486493 -0.785292 
0.321252 0.251011 -0.171148 0.587281 -0.479722 -0.811920 
0.222229 0.195255 -0.172950 0.647954 -0.369291 -0.830659 
0.142845 0.132636 -0.182065 0.675501 -0.061488 -0.841985 
0.087747 0.039431 -0.201583 0.687241 0.129417 -0.849282 
0.052845 -0.065412 -0.230559 0.687197 0.228789 -0.818790 
0.031540 -0.187595 -0.283148 0.679463 0.276225 -0.592535 
0.018496 -0.274654 -0.367353 0.665172 0.297406 -0.377803 
0.010307 -0.348994 -0.450471 0.638049 0.303432 -0.262299 
0.004988 -0.404813 -0.545187 0.598112 0.300974 -0.206218 
0.052563 -0.441281 -0.636095 0.533193 0.286592 -0.180043 
0.421827 -0.464629 -0.705892 0.453549 0.259875 -0.170762 
0.678063 -0.478905 -0.758425 0.362164 0.228963 -0.170718 
0.711215 -0.488721 -0.793527 0.279764 0.168902 -0.175826 
0.708161 -0.477962 -0.816553 0.200246 0.088470 -0.187208 
0.703863 -0.317654 -0.832692 0.130599 -0.012890 -0.212740 
0.697678 -0.029358 -0.843052 0.083912 -0.120120 -0.255950 
0.688468 0.145863 -0.845688 0.054050 -0.233992 -0.312515 
0.674346 0.236590 -0.791742 0.033121 -0.318865 -0.392478 
0.652292 0.277860 -0.537806 0.019396 -0.382478 -0.494740 
0.615640 0.296841 -0.350965 0.010685 -0.424588 -0.595320 
0.558198 0.302044 -0.249168 0.025095 -0.453513 -0.675410 
0.475222 0.297695 -0.200069 0.209826 -0.472666 -0.738573 
0.371050 0.281755 -0.178406 0.435997 -0.484797 -0.780811 
0.262327 0.252453 -0.170698 0.573479 -0.478874 -0.809679 
0.169347 0.195976 -0.172724 0.641054 -0.368867 -0.829258 
0.102714 0.132996 -0.181952 0.672051 -0.061276 -0.841285 
0.060476 0.030017 -0.201526 0.684069 0.131195 -0.845555 
0.035205 -0.089154 -0.238530 0.685611 0.229139 -0.806946 
0.020174 -0.199466 -0.287133 0.678669 0.276400 -0.586613 
0.011013 -0.297380 -0.369345 0.664775 0.296422 -0.374842 
0.005220 -0.360357 -0.451467 0.637851 0.301740 -0.261123 
0.001412 -0.410494 -0.545685 0.598013 0.297616 -0.205629 
0.001406 -0.444121 -0.636344 0.533144 0.284913 -0.180486 
0.052492 -0.466049 -0.706016 0.453524 0.259035 -0.170983 
0.421572 -0.478933 -0.754419 0.373053 0.235006 -0.169602 
0.678019 -0.488149 -0.786775 0.306098 0.201774 -0.171464 
0.711206 -0.493506 -0.809077 0.233223 0.135884 -0.180172 
0.708328 -0.460464 -0.826561 0.163585 0.059265 -0.196946 
0.704359 -0.205155 -0.838182 0.107779 -0.055269 -0.222639 
0.698774 0.047112 -0.846656 0.069464 -0.157457 -0.268728 
0.690659 0.187776 -0.834821 0.044264 -0.252660 -0.341742 
0.678568 0.256717 -0.716436 0.027745 -0.337921 -0.434620 
0.660230 0.287924 -0.477890 0.015887 -0.395023 -0.526738 
0.630391 0.300110 -0.316010 0.010547 -0.432797 -0.622983 
0.583988 0.300899 -0.232035 0.035301 -0.458756 -0.697078 
0.515607 0.292541 -0.192006 0.253595 -0.476181 -0.751124 
0.424850 0.274278 -0.174930 0.463759 -0.487161 -0.788014 
0.321252 0.248475 -0.170502 0.587361 -0.480056 -0.814554 
0.222229 0.193986 -0.172627 0.647994 -0.369458 -0.831976 
0.142845 0.132002 -0.181903 0.675521 -0.061571 -0.842644 
0.087747 0.039114 -0.201502 0.687251 0.129375 -0.849611 
0.052845 -0.065571 -0.230519 0.687202 0.228768 -0.818955 
0.031540 -0.187674 -0.283128 0.679465 0.276214 -0.592617 
0.018496 -0.274693 -0.367342 0.665173 0.297401 -0.377844 
0.010307 -0.349014 -0.450466 0.638050 0.303429 -0.262320 
0.004988 -0.404823 -0.545184 0.598112 0.300972 -0.206228 
0.001410 -0.441285 -0.636094 0.533193 0.286591 -0.180048 
0.052522 -0.464632 -0.705891 0.453549 0.262454 -0.170764 
0.421683 -0.478224 -0.748633 0.373065 0.236716 -0.169493 
0.678038 -0.487795 -0.779796 0.306105 0.202629 -0.171409 
0.711211 -0.493328 -0.805587 0.233226 0.155735 -0.180145 
0.708333 -0.460376 -0.823862 0.167705 0.069190 -0.196933 
0.704359 -0.306705 -0.836832 0.114329 -0.036492 -0.222632 
0.698774 -0.023884 -0.845981 0.072739 -0.148069 -0.268724 
0.690659 0.148600 -0.847153 0.045901 -0.247966 -0.341740 
0.678568 0.237361 -0.767838 0.028564 -0.330829 -0.422549 
0.660230 0.278245 -0.503590 0.017117 -0.391477 -0.520703 
0.630391 0.295935 -0.330787 0.009264 -0.431024 -0.608301 
0.583988 0.301591 -0.239423 0.034659 -0.457869 -0.686189 
0.515607 0.292887 -0.195700 0.253274 -0.474844 -0.745680 
0.424850 0.279351 -0.176222 0.463599 -0.486493 -0.785292 
0.321252 0.251011 -0.171148 0.587281 -0.479722 -0.811920 
0.222229 0.195255 -0.172950 0.647954 -0.369291 -0.830659 
0.142845 0.132636 -0.182065 0.675501 -0.061488 -0.841985 
0.087747 0.039431 -0.201583 0.687241 0.129417 -0.849282 
0.052845 -0.065412 -0.230559 0.687197 0.228789 -0.818790 
0.031540 -0.187595 -0.283148 0.679463 0.276225 -0.592535 
0.018496 -0.274654 -0.367353 0.665172 0.297406 -0.377803 
0.010307 -0.348994 -0.450471 0.638049 0.303432 -0.262299 
0.004988 -0.404813 -0.545187 0.598112 0.300974 -0.206218 
0.052563 -0.441281 -0.636095 0.533193 0.286592 -0.180043 
0.421827 -0.464629 -0.705892 0.453549 0.259875 -0.170762 
0.678063 -0.478905 -0.758425 0.362164 0.228963 -0.170718 
0.711215 -0.488721 -0.793527 0.279764 0.168902 -0.175826 
0.708161 -0.477962 -0.816553 0.200246 0.088470 -0.187208 
0.703863 -0.317654 -0.832692 0.130599 -0.012890 -0.212740 
0.697678 -0.029358 -0.843052 0.083912 -0.120120 -0.255950 
0.688468 0.145863 -0.845688 0.054050 -0.233992 -0.312515 
