0.357500 0.000000 0.000000 0.000000 0.000000 0.000000 
0.357500 0.000000 0.000000 0.000000 0.000000 0.000000 
-0.009420 0.000000 0.000000 0.000000 0.000000 0.000000 
0.724576 0.000000 0.000000 0.000000 0.000000 0.000000 
0.640965 0.000000 0.000000 0.000000 0.000000 0.000000 
0.001386 0.000000 0.000000 0.000000 0.000000 0.000000 
0.001386 0.000000 0.000000 0.000000 0.000000 0.000000 
0.001386 0.000000 0.000000 0.000000 0.000000 0.000000 
0.001386 0.000000 0.000000 0.000000 0.000000 0.000000 
0.001386 0.000000 0.000000 0.000000 0.000000 0.000000 
0.001386 0.000000 0.000000 0.000000 0.000000 0.000000 
0.001386 0.000000 0.000000 0.000000 0.000000 0.000000 
0.001386 0.000000 0.000000 0.000000 0.000000 0.000000 
0.001386 0.000000 0.000000 0.000000 0.000000 0.000000 
0.001386 0.000000 0.000000 0.000000 0.000000 0.000000 
0.001386 0.000000 0.000000 0.000000 0.000000 0.000000 
0.001386 0.000000 0.000000 0.000000 0.000000 0.000000 
0.001386 0.000000 0.000000 0.000000 0.000000 0.000000 
0.001386 0.000000 0.000000 0.000000 0.000000 0.000000 
0.001386 0.000000 0.000000 0.000000 0.000000 0.000000 
0.001386 0.000000 0.000000 0.000000 0.000000 0.000000 
0.001386 0.000000 0.000000 0.000000 0.000000 0.000000 
0.001386 0.000000 0.000000 0.000000 0.000000 0.000000 
0.001386 0.000000 0.000000 0.000000 0.000000 0.000000 
0.001386 0.000000 0.000000 0.000000 0.000000 0.000000 
0.001386 0.000000 0.000000 0.000000 0.000000 0.000000 
0.001386 0.000000 0.000000 0.000000 0.000000 0.000000 
0.001386 0.000000 0.000000 0.000000 0.000000 0.000000 
0.001386 0.000000 0.000000 0.000000 0.000000 0.000000 
0.001386 0.000000 0.000000 0.000000 0.000000 0.000000 
0.001386 0.000000 0.000000 0.000000 0.000000 0.000000 
0.711202 0.000000 0.000000 0.000000 0.000000 0.000000 
0.711202 0.000000 0.000000 0.000000 0.000000 0.000000 
0.711202 0.000000 0.000000 0.000000 0.000000 0.000000 
0.711202 0.000000 0.000000 0.000000 0.000000 0.000000 
0.711202 0.000000 0.000000 0.000000 0.000000 0.000000 
0.711202 0.000000 0.000000 0.000000 0.000000 0.000000 
0.709161 0.000000 0.000000 0.000000 0.000000 0.000000 
0.706583 0.000000 0.000000 0.000000 0.000000 0.000000 
0.703276 0.000000 0.000000 0.000000 0.000000 0.000000 
0.698968 -0.086940 -0.627978 -0.244387 -0.451576 -0.501679 
0.693924 0.119359 -0.613015 -0.118330 -0.437379 -0.526261 
0.686430 0.219245 -0.499302 -0.055933 -0.441735 -0.561631 
0.676169 0.267610 -0.347037 -0.026624 -0.453931 -0.600772 
0.661933 0.290617 -0.250584 -0.012607 -0.462251 -0.648336 
0.642029 0.300235 -0.198976 0.018519 -0.469687 -0.694430 
0.614261 0.303741 -0.173176 0.034082 -0.477201 -0.729253 
0.575940 0.298544 -0.161667 0.146900 -0.483380 -0.756240 
0.525177 0.291363 -0.156822 0.309395 -0.488924 -0.780705 
0.461696 0.281996 -0.155308 0.461366 -0.492681 -0.798435 
0.388248 0.269005 -0.157110 0.567645 -0.495411 -0.813944 
0.310807 0.252320 -0.159179 0.635759 -0.495160 -0.823867 
0.236948 0.237496 -0.162627 0.672885 -0.484056 -0.832480 
0.173105 0.203036 -0.167109 0.691186 -0.432946 -0.838352 
0.122509 0.171267 -0.174594 0.699907 -0.315317 -0.843594 
0.085015 0.132479 -0.182887 0.701478 -0.075729 -0.847928 
0.058417 0.076832 -0.191973 0.701099 0.105118 -0.851494 
0.039944 0.001935 -0.206638 0.698593 0.214392 -0.850660 
0.027158 -0.076273 -0.227609 0.695286 0.271203 -0.836753 
0.018232 -0.142299 -0.251571 0.691219 0.299143 -0.802545 
0.011905 -0.211571 -0.281757 0.683158 0.311726 -0.646260 
0.007335 -0.277177 -0.335574 0.674847 0.316281 -0.445462 
0.003969 -0.319445 -0.374998 0.662622 0.317434 -0.318223 
0.001443 -0.368921 -0.429398 0.645304 0.315499 -0.236174 
0.001439 -0.403297 -0.500414 0.621491 0.309475 -0.192088 
0.001434 -0.428512 -0.563216 0.589833 0.303995 -0.170872 
0.001430 -0.448757 -0.614628 0.547944 0.294316 -0.161544 
0.001426 -0.464334 -0.670645 0.510319 0.284098 -0.158444 
0.001423 -0.473997 -0.722396 0.456242 0.271592 -0.159457 
0.001419 -0.480987 -0.756875 0.415073 0.252375 -0.161298 
0.001416 -0.486401 -0.774125 0.353827 0.231676 -0.164760 
0.022105 -0.489109 -0.792542 0.312303 0.214863 -0.167717 
0.120967 -0.490462 -0.801750 0.291541 0.206457 -0.169196 
0.421889 -0.491821 -0.806354 0.265343 0.195226 -0.171261 
0.640135 -0.494593 -0.812743 0.252218 0.181884 -0.173760 
0.696370 -0.496728 -0.820686 0.206283 0.145363 -0.177347 
0.711219 -0.492417 -0.829379 0.168671 0.107679 -0.187968 
0.709636 -0.459920 -0.835758 0.131309 0.045162 -0.200844 
0.707735 -0.306477 -0.842295 0.102457 -0.020892 -0.224588 
0.705431 -0.128162 -0.847352 0.077215 -0.095347 -0.244717 
0.702625 0.065388 -0.850248 0.057214 -0.177496 -0.271939 
0.699190 0.186146 -0.852967 0.044181 -0.239541 -0.315228 
0.694926 0.253615 -0.837976 0.031622 -0.293702 -0.364992 
0.689589 0.290506 -0.796966 0.021424 -0.348427 -0.410578 
0.682866 0.308082 -0.697509 0.014576 -0.385804 -0.469038 
0.674360 0.313606 -0.490690 0.010123 -0.415948 -0.533020 
0.662908 0.316368 -0.342731 0.006404 -0.437200 -0.586467 
0.647835 0.314996 -0.248431 0.003908 -0.453886 -0.641183 
0.628142 0.312425 -0.197900 0.013754 -0.468167 -0.690853 
0.602592 0.305622 -0.172980 0.057858 -0.476441 -0.731013 
0.569951 0.299484 -0.161975 0.158788 -0.484130 -0.768092 
0.529317 0.291834 -0.157885 0.357029 -0.489299 -0.789535 
0.480557 0.278824 -0.157314 0.515476 -0.493113 -0.806291 
0.424741 0.257230 -0.158626 0.609675 -0.496233 -0.820041 
0.364315 0.245151 -0.160808 0.659577 -0.491262 -0.829294 
0.302806 0.221594 -0.164939 0.684545 -0.460115 -0.836759 
0.244074 0.189517 -0.169845 0.696586 -0.359488 -0.841772 
0.191394 0.151614 -0.175962 0.702607 -0.136732 -0.846312 
0.146762 0.110815 -0.185909 0.702828 0.054792 -0.850304 
0.110724 0.025164 -0.196538 0.700905 0.187557 -0.853219 
0.082676 -0.029997 -0.212979 0.697423 0.258458 -0.846984 
0.061378 -0.100126 -0.236258 0.693759 0.293310 -0.817641 
0.045421 -0.161045 -0.266263 0.687971 0.309936 -0.747685 
0.033516 -0.235411 -0.301000 0.679849 0.316798 -0.556983 
0.024609 -0.298562 -0.345278 0.668708 0.318412 -0.391190 
0.017895 -0.346928 -0.405740 0.659794 0.316911 -0.277130 
0.012783 -0.385131 -0.469665 0.635361 0.313184 -0.211963 
0.008844 -0.415466 -0.533154 0.616974 0.307437 -0.180314 
0.005772 -0.438049 -0.586528 0.587574 0.300464 -0.165225 
0.003346 -0.456727 -0.646608 0.546815 0.291398 -0.159021 
0.022085 -0.467237 -0.686806 0.496705 0.278640 -0.157182 
0.120870 -0.477608 -0.725540 0.444123 0.262519 -0.159331 
0.421716 -0.484087 -0.758457 0.391191 0.241147 -0.161235 
0.640073 -0.488634 -0.784708 0.330985 0.219599 -0.165955 
0.696353 -0.493000 -0.801920 0.273330 0.180401 -0.171107 
0.711213 -0.495931 -0.816649 0.223187 0.144621 -0.178979 
0.709576 -0.492019 -0.827111 0.177129 0.088272 -0.188785 
0.707599 -0.459721 -0.835578 0.135538 0.028331 -0.201252 
0.705188 -0.308533 -0.841758 0.104572 -0.043096 -0.219762 
0.702215 -0.100300 -0.846810 0.080295 -0.106349 -0.239542 
0.698542 0.079319 -0.850110 0.058760 -0.182997 -0.269351 
0.693928 0.199869 -0.852335 0.042411 -0.242292 -0.313934 
0.688073 0.264155 -0.839992 0.030737 -0.295077 -0.364345 
0.680572 0.295736 -0.797974 0.021465 -0.349115 -0.418393 
0.670889 0.310697 -0.634989 0.014923 -0.389807 -0.472696 
0.658327 0.314913 -0.459430 0.010297 -0.417939 -0.534809 
0.641888 0.316468 -0.320304 0.006491 -0.438195 -0.597314 
0.619656 0.315679 -0.237218 0.003951 -0.454419 -0.645159 
0.590718 0.312568 -0.192286 0.013776 -0.467598 -0.692838 
0.553815 0.305694 -0.171222 0.083438 -0.477523 -0.738033 
0.508243 0.294938 -0.161093 0.238998 -0.484673 -0.769885 
0.454386 0.283783 -0.157444 0.439529 -0.490555 -0.793025 
0.394124 0.269899 -0.157649 0.562558 -0.494349 -0.808965 
0.330789 0.252767 -0.159448 0.633638 -0.494483 -0.823273 
0.268548 0.228688 -0.163056 0.672123 -0.461726 -0.832690 
0.211377 0.193064 -0.168903 0.690375 -0.391714 -0.839737 
0.162090 0.163207 -0.175491 0.699502 -0.152845 -0.845295 
0.121874 0.104683 -0.185386 0.701275 0.046735 -0.849795 
0.090454 0.025455 -0.196277 0.700128 0.179737 -0.852965 
0.066639 -0.029852 -0.212849 0.697035 0.254548 -0.846857 
0.048902 -0.100054 -0.236193 0.693565 0.291355 -0.817578 
0.035780 -0.173196 -0.271559 0.687874 0.308503 -0.696106 
0.026060 -0.241486 -0.303648 0.679801 0.316081 -0.531193 
0.018809 -0.301600 -0.346602 0.668684 0.318054 -0.361089 
0.013342 -0.348447 -0.406402 0.653307 0.316731 -0.262080 
0.009169 -0.385891 -0.469996 0.632117 0.313095 -0.204438 
0.005943 -0.415846 -0.533319 0.603658 0.307392 -0.176552 
0.003415 -0.440209 -0.595912 0.580916 0.298028 -0.163344 
0.001411 -0.457807 -0.651300 0.543486 0.287852 -0.158080 
0.001407 -0.470130 -0.699941 0.495041 0.276867 -0.156711 
0.022074 -0.479054 -0.732108 0.434472 0.261633 -0.159096 
0.120821 -0.484810 -0.761741 0.386366 0.240704 -0.161117 
0.421634 -0.488313 -0.782281 0.339474 0.225840 -0.164669 
0.640044 -0.490747 -0.796620 0.289309 0.204917 -0.168997 
0.696345 -0.494056 -0.811358 0.243337 0.169133 -0.172628 
0.711210 -0.496692 -0.821368 0.201842 0.119564 -0.180755 
0.709626 -0.481947 -0.830474 0.161285 0.075743 -0.189672 
0.707723 -0.432034 -0.838150 0.127265 0.022066 -0.201696 
0.705417 -0.292535 -0.843491 0.094109 -0.046228 -0.225014 
0.702598 -0.059610 -0.847950 0.070568 -0.113967 -0.244930 
0.699145 0.099664 -0.851540 0.053890 -0.186806 -0.279873 
0.694849 0.210374 -0.852166 0.039039 -0.256388 -0.324477 
0.689459 0.269408 -0.837576 0.027465 -0.321085 -0.378834 
0.682641 0.297764 -0.763049 0.019345 -0.367388 -0.441096 
0.673969 0.311711 -0.617527 0.013536 -0.398944 -0.495969 
0.662908 0.315421 -0.428435 0.008782 -0.425534 -0.557413 
0.647838 0.315698 -0.304807 0.005734 -0.445830 -0.614665 
0.628151 0.313997 -0.229469 0.005471 -0.461477 -0.666946 
0.602607 0.310622 -0.188422 0.027558 -0.471963 -0.709922 
0.569976 0.304595 -0.169290 0.122946 -0.480761 -0.746575 
0.529352 0.294389 -0.160634 0.297418 -0.487183 -0.775873 
0.480603 0.283509 -0.157214 0.468739 -0.491810 -0.797034 
0.424797 0.269761 -0.157534 0.582432 -0.494976 -0.813243 
0.364377 0.251417 -0.160536 0.645956 -0.490634 -0.825412 
0.302870 0.228013 -0.163599 0.678282 -0.459801 -0.833760 
0.244136 0.192727 -0.169175 0.693455 -0.390752 -0.840272 
0.191449 0.163038 -0.175627 0.701041 -0.152364 -0.845562 
0.146808 0.116527 -0.185454 0.702045 0.046976 -0.849437 
0.110762 0.058283 -0.196311 0.700513 0.183649 -0.852786 
0.082706 -0.013437 -0.212866 0.697227 0.256504 -0.851305 
0.061400 -0.091847 -0.236201 0.693662 0.292333 -0.819802 
0.045438 -0.156905 -0.266234 0.687922 0.309448 -0.748765 
0.033528 -0.233341 -0.300986 0.679825 0.316554 -0.557523 
0.024618 -0.297527 -0.345270 0.668696 0.318290 -0.391460 
0.017903 -0.346410 -0.405737 0.659788 0.316849 -0.277265 
0.012789 -0.384873 -0.469663 0.635358 0.313154 -0.212030 
0.008848 -0.415336 -0.533153 0.616973 0.307421 -0.180348 
0.005775 -0.437984 -0.586528 0.587573 0.300456 -0.165242 
0.003348 -0.456694 -0.646608 0.546815 0.291394 -0.159029 
0.022093 -0.467221 -0.686806 0.496705 0.278638 -0.157186 
0.120908 -0.477599 -0.725540 0.444123 0.262518 -0.159333 
0.421783 -0.484083 -0.758457 0.391191 0.241146 -0.161236 
0.640096 -0.488632 -0.784708 0.330985 0.219598 -0.165955 
0.696359 -0.492999 -0.801920 0.273330 0.180401 -0.171107 
0.711215 -0.495930 -0.816649 0.223187 0.144621 -0.178979 
0.711212 -0.492018 -0.827111 0.177129 0.088272 -0.188785 
0.709576 -0.459721 -0.835578 0.135538 0.028331 -0.201252 
0.707599 -0.308533 -0.841758 0.104572 -0.043096 -0.219762 
0.705188 -0.100300 -0.846810 0.080295 -0.106349 -0.239542 
0.702243 0.079319 -0.850110 0.058754 -0.182997 -0.269351 
0.698594 0.199869 -0.852335 0.042408 -0.242292 -0.313934 
0.694026 0.264155 -0.839992 0.030736 -0.295077 -0.364345 
0.688256 0.295736 -0.797974 0.021464 -0.349115 -0.418393 
0.680914 0.310697 -0.634989 0.014923 -0.389807 -0.472696 
0.671530 0.314913 -0.459430 0.010297 -0.417939 -0.534809 
0.658794 0.316468 -0.320304 0.006491 -0.438195 -0.597314 
0.641888 0.315679 -0.237218 0.003951 -0.454419 -0.645159 
0.619656 0.312568 -0.192286 0.013776 -0.467598 -0.692838 
0.590718 0.307129 -0.171222 0.083438 -0.477523 -0.738033 
0.553815 0.295656 -0.161093 0.238998 -0.484673 -0.769885 
0.508243 0.284142 -0.157444 0.439529 -0.490555 -0.793025 
0.454386 0.270078 -0.157649 0.562558 -0.494349 -0.808965 
0.394124 0.252857 -0.159448 0.633216 -0.494483 -0.821377 
0.330789 0.237764 -0.162762 0.671912 -0.483717 -0.831742 
0.268548 0.210584 -0.167176 0.690625 -0.421713 -0.838773 
0.211377 0.171967 -0.174627 0.699627 -0.263891 -0.844085 
0.162090 0.120992 -0.182903 0.701338 -0.008788 -0.848698 
0.121874 0.060515 -0.195035 0.700159 0.155767 -0.852416 
0.090454 -0.012321 -0.212228 0.698123 0.240908 -0.851121 
0.066639 -0.091288 -0.230271 0.694110 0.284902 -0.819709 
0.048902 -0.156626 -0.263270 0.688146 0.305733 -0.748719 
0.035780 -0.233201 -0.299503 0.679937 0.314696 -0.557500 
0.026060 -0.287992 -0.344529 0.673236 0.317361 -0.391449 
0.018809 -0.341643 -0.398043 0.662058 0.316385 -0.277260 
0.013342 -0.382489 -0.465816 0.645022 0.312922 -0.212040 
0.009169 -0.414145 -0.531229 0.621805 0.307305 -0.180015 
0.005943 -0.437388 -0.585566 0.589990 0.302910 -0.165075 
0.003415 -0.456396 -0.639320 0.548023 0.292621 -0.158946 
0.001411 -0.467072 -0.683162 0.508149 0.282415 -0.157144 
0.017027 -0.476911 -0.723718 0.449845 0.264407 -0.158808 
0.075465 -0.483738 -0.757546 0.394052 0.248025 -0.160973 
0.274709 -0.487777 -0.774460 0.343317 0.229501 -0.164597 
0.544949 -0.490479 -0.792709 0.307048 0.213776 -0.167636 
0.665150 -0.493922 -0.805921 0.273070 0.191159 -0.170481 
0.699680 -0.496392 -0.817275 0.235217 0.150000 -0.175707 
0.709576 -0.493448 -0.827673 0.183138 0.109998 -0.182294 
0.707599 -0.480325 -0.834905 0.142661 0.046321 -0.198007 
0.705188 -0.402122 -0.840362 0.108134 -0.020312 -0.218140 
0.702215 -0.175984 -0.845259 0.080053 -0.095057 -0.234627 
0.698542 0.041477 -0.849201 0.060795 -0.161204 -0.261143 
0.693928 0.174190 -0.852443 0.045972 -0.231395 -0.297735 
0.688073 0.247637 -0.850384 0.032518 -0.289629 -0.356246 
0.680572 0.287517 -0.824947 0.023235 -0.337706 -0.406204 
0.670889 0.306587 -0.711500 0.016438 -0.380444 -0.466851 
0.658327 0.316122 -0.548544 0.011054 -0.413268 -0.524102 
0.641888 0.317626 -0.371658 0.007541 -0.435859 -0.582008 
0.619656 0.315625 -0.264821 0.004476 -0.453216 -0.638954 
0.590718 0.312740 -0.206095 0.008062 -0.465169 -0.689738 
0.553815 0.307214 -0.177077 0.055012 -0.474942 -0.730456 
0.508243 0.300280 -0.164024 0.180938 -0.483380 -0.766096 
0.454386 0.292232 -0.158909 0.368104 -0.488924 -0.788529 
0.394124 0.279023 -0.157826 0.521014 -0.492925 -0.805789 
0.330789 0.257329 -0.159006 0.612443 -0.493918 -0.819790 
0.268548 0.240000 -0.162540 0.661703 -0.483434 -0.830442 
0.211377 0.204288 -0.167065 0.685521 -0.432635 -0.838122 
0.162090 0.171893 -0.174572 0.697074 -0.269352 -0.843760 
0.121874 0.120955 -0.182876 0.700061 -0.026928 -0.848011 
0.090454 0.060497 -0.191968 0.700390 0.137949 -0.851536 
0.066639 -0.006232 -0.206534 0.698239 0.230807 -0.850680 
0.048902 -0.080357 -0.227557 0.694167 0.279846 -0.836763 
0.035780 -0.157247 -0.261912 0.688175 0.303197 -0.763523 
0.026060 -0.219045 -0.286928 0.681636 0.313753 -0.626749 
0.018809 -0.280914 -0.338159 0.674085 0.317295 -0.435651 
0.013342 -0.338104 -0.394858 0.662242 0.316870 -0.299361 
0.009169 -0.378250 -0.452182 0.645114 0.313835 -0.224600 
0.005943 -0.407962 -0.511806 0.621396 0.308643 -0.186300 
0.003415 -0.430844 -0.575947 0.589785 0.301067 -0.168225 
0.001411 -0.449924 -0.634510 0.547921 0.292852 -0.160221 
0.001407 -0.463836 -0.680757 0.508098 0.282531 -0.157782 
0.022074 -0.475293 -0.722516 0.458912 0.264465 -0.159126 
0.120821 -0.481635 -0.756948 0.398585 0.248054 -0.161133 
0.421634 -0.486725 -0.774161 0.345584 0.229516 -0.164677 
0.640044 -0.489953 -0.792560 0.292364 0.206755 -0.167676 
0.696345 -0.493659 -0.809328 0.254020 0.170052 -0.171968 
0.711210 -0.496494 -0.820353 0.207184 0.120023 -0.180424 
0.709626 -0.481848 -0.829966 0.163956 0.075973 -0.189507 
0.707723 -0.431985 -0.837896 0.128600 0.022181 -0.201614 
0.705417 -0.292510 -0.843365 0.094776 -0.046171 -0.224973 
0.702598 -0.059598 -0.847887 0.070902 -0.113938 -0.244910 
0.699145 0.099670 -0.851508 0.054057 -0.186792 -0.279863 
0.694849 0.210377 -0.852150 0.039122 -0.256380 -0.324472 
0.689459 0.269409 -0.837568 0.027507 -0.321082 -0.378831 
0.682641 0.297765 -0.763045 0.019366 -0.367387 -0.441094 
0.673969 0.311711 -0.617525 0.013547 -0.398943 -0.495969 
0.662908 0.315421 -0.428434 0.008788 -0.425534 -0.557413 
0.647838 0.315698 -0.304806 0.005737 -0.445830 -0.614664 
0.628151 0.313997 -0.229469 0.005472 -0.461477 -0.666946 
0.602607 0.310622 -0.188422 0.027558 -0.471963 -0.709922 
0.569976 0.304595 -0.169290 0.122946 -0.480761 -0.746575 
0.529352 0.294389 -0.160634 0.297418 -0.487183 -0.775872 
0.480603 0.283509 -0.157214 0.468739 -0.491810 -0.797034 
0.424797 0.269761 -0.157534 0.582432 -0.494976 -0.813243 
0.364377 0.251417 -0.160536 0.645956 -0.490634 -0.825412 
0.302870 0.228013 -0.163599 0.678282 -0.459801 -0.833760 
0.244136 0.192727 -0.169175 0.693455 -0.390752 -0.840272 
0.191449 0.163038 -0.175627 0.701041 -0.152364 -0.845562 
0.146808 0.116527 -0.185454 0.702045 0.046976 -0.849437 
0.110762 0.058283 -0.196311 0.700513 0.183649 -0.852786 
0.082706 -0.013437 -0.212866 0.697227 0.256504 -0.851305 
0.061400 -0.091847 -0.236201 0.693662 0.292333 -0.819802 
0.045438 -0.156905 -0.266234 0.687922 0.309448 -0.748765 
0.033528 -0.233341 -0.300986 0.679825 0.316554 -0.557523 
0.024618 -0.297527 -0.345270 0.668696 0.318290 -0.391460 
0.017903 -0.346410 -0.405737 0.659788 0.316849 -0.277265 
0.012789 -0.384873 -0.469663 0.635358 0.313154 -0.212030 
0.008848 -0.415336 -0.533153 0.616973 0.307421 -0.180348 
0.005775 -0.437984 -0.586528 0.587573 0.300456 -0.165242 
0.003348 -0.456694 -0.646608 0.546815 0.291394 -0.159029 
0.022093 -0.467221 -0.686806 0.496705 0.278638 -0.157186 
0.120908 -0.477599 -0.725540 0.444123 0.262518 -0.159333 
0.421783 -0.484083 -0.758457 0.391191 0.241146 -0.161236 
0.640096 -0.488632 -0.784708 0.330985 0.219598 -0.165955 
0.696359 -0.492999 -0.801920 0.273330 0.180401 -0.171107 
0.711215 -0.495930 -0.816649 0.223187 0.144621 -0.178979 
0.711212 -0.492018 -0.827111 0.177129 0.088272 -0.188785 
0.709576 -0.459721 -0.835578 0.135538 0.028331 -0.201252 
0.707599 -0.308533 -0.841758 0.104572 -0.043096 -0.219762 
0.705188 -0.100300 -0.846810 0.080295 -0.106349 -0.239542 
0.702243 0.079319 -0.850110 0.058754 -0.182997 -0.269351 
0.698594 0.199869 -0.852335 0.042408 -0.242292 -0.313934 
0.694026 0.264155 -0.839992 0.030736 -0.295077 -0.364345 
0.688256 0.295736 -0.797974 0.021464 -0.349115 -0.418393 
0.680914 0.310697 -0.634989 0.014923 -0.389807 -0.472696 
0.671530 0.314913 -0.459430 0.010297 -0.417939 -0.534809 
0.658794 0.316468 -0.320304 0.006491 -0.438195 -0.597314 
0.641888 0.315679 -0.237218 0.003951 -0.454419 -0.645159 
0.619656 0.312568 -0.192286 0.013776 -0.467598 -0.692838 
0.590718 0.307129 -0.171222 0.083438 -0.477523 -0.738033 
0.553815 0.295656 -0.161093 0.238998 -0.484673 -0.769885 
0.508243 0.284142 -0.157444 0.439529 -0.490555 -0.793025 
0.454386 0.270078 -0.157649 0.562558 -0.494349 -0.808965 
0.394124 0.252857 -0.159448 0.633216 -0.494483 -0.821377 
0.330789 0.237764 -0.162762 0.671912 -0.483717 -0.831742 
0.268548 0.210584 -0.167176 0.690625 -0.421713 -0.838773 
0.211377 0.171967 -0.174627 0.699627 -0.263891 -0.844085 
0.162090 0.120992 -0.182903 0.701338 -0.008788 -0.848698 
0.121874 0.060515 -0.195035 0.700159 0.155767 -0.852416 
0.090454 -0.012321 -0.212228 0.698123 0.240908 -0.851121 
0.066639 -0.091288 -0.230271 0.694110 0.284902 -0.819709 
0.048902 -0.156626 -0.263270 0.688146 0.305733 -0.748719 
0.035780 -0.233201 -0.299503 0.679937 0.314696 -0.557500 
0.026060 -0.287992 -0.344529 0.673236 0.317361 -0.391449 
0.018809 -0.341643 -0.398043 0.662058 0.316385 -0.277260 
0.013342 -0.382489 -0.465816 0.645022 0.312922 -0.212040 
0.009169 -0.414145 -0.531229 0.621805 0.307305 -0.180015 
0.005943 -0.437388 -0.585566 0.589990 0.302910 -0.165075 
0.003415 -0.456396 -0.639320 0.548023 0.292621 -0.158946 
0.001411 -0.467072 -0.683162 0.508149 0.282415 -0.157144 
0.017027 -0.476911 -0.723718 0.449845 0.264407 -0.158808 
0.075465 -0.483738 -0.757546 0.394052 0.248025 -0.160973 
0.274709 -0.487777 -0.774460 0.343317 0.229501 -0.164597 
0.544949 -0.490479 -0.792709 0.307048 0.213776 -0.167636 
0.665150 -0.493922 -0.805921 0.273070 0.191159 -0.170481 
0.699680 -0.496392 -0.817275 0.235217 0.150000 -0.175707 
0.709576 -0.493448 -0.827673 0.183138 0.109998 -0.182294 
0.707599 -0.480325 -0.834905 0.142661 0.046321 -0.198007 
0.705188 -0.402122 -0.840362 0.108134 -0.020312 -0.218140 
0.702215 -0.175984 -0.845259 0.080053 -0.095057 -0.234627 
0.698542 0.041477 -0.849201 0.060795 -0.161204 -0.261143 
0.693928 0.174190 -0.852443 0.045972 -0.231395 -0.297735 
0.688073 0.247637 -0.850384 0.032518 -0.289629 -0.356246 
0.680572 0.287517 -0.824947 0.023235 -0.337706 -0.406204 
0.670889 0.306587 -0.711500 0.016438 -0.380444 -0.466851 
0.658327 0.316122 -0.548544 0.011054 -0.413268 -0.524102 
0.641888 0.317626 -0.371658 0.007541 -0.435859 -0.582008 
0.619656 0.315625 -0.264821 0.004476 -0.453216 -0.638954 
0.590718 0.312740 -0.206095 0.008062 -0.465169 -0.689738 
0.553815 0.307214 -0.177077 0.055012 -0.474942 -0.730456 
0.508243 0.300280 -0.164024 0.180938 -0.483380 -0.766096 
0.454386 0.292232 -0.158909 0.368104 -0.488924 -0.788529 
0.394124 0.279023 -0.157826 0.521014 -0.492925 -0.805789 
0.330789 0.257329 -0.159006 0.612443 -0.493918 -0.819790 
0.268548 0.240000 -0.162540 0.661703 -0.483434 -0.830442 
0.211377 0.204288 -0.167065 0.685521 -0.432635 -0.838122 
0.162090 0.171893 -0.174572 0.697074 -0.269352 -0.843760 
0.121874 0.120955 -0.182876 0.700061 -0.026928 -0.848011 
0.090454 0.060497 -0.191968 0.700390 0.137949 -0.851536 
0.066639 -0.006232 -0.206534 0.698239 0.230807 -0.850680 
0.048902 -0.080357 -0.227557 0.694167 0.279846 -0.836763 
0.035780 -0.157247 -0.261912 0.688175 0.303197 -0.763523 
0.026060 -0.219045 -0.286928 0.681636 0.313753 -0.626749 
0.018809 -0.280914 -0.338159 0.674085 0.317295 -0.435651 
0.013342 -0.338104 -0.394858 0.662242 0.316870 -0.299361 
0.009169 -0.378250 -0.452182 0.645114 0.313835 -0.224600 
0.005943 -0.407962 -0.511806 0.621396 0.308643 -0.186300 
0.003415 -0.430844 -0.575947 0.589785 0.301067 -0.168225 
0.001411 -0.449924 -0.634510 0.547921 0.292852 -0.160221 
0.001407 -0.463836 -0.680757 0.508098 0.282531 -0.157782 
0.022074 -0.475293 -0.722516 0.458912 0.264465 -0.159126 
0.120821 -0.481635 -0.756948 0.398585 0.248054 -0.161133 
0.421634 -0.486725 -0.774161 0.345584 0.229516 -0.164677 
0.640044 -0.489953 -0.792560 0.292364 0.206755 -0.167676 
0.696345 -0.493659 -0.809328 0.254020 0.170052 -0.171968 
0.711210 -0.496494 -0.820353 0.207184 0.120023 -0.180424 
0.709626 -0.481848 -0.829966 0.163956 0.075973 -0.189507 
0.707723 -0.431985 -0.837896 0.128600 0.022181 -0.201614 
0.705417 -0.292510 -0.843365 0.094776 -0.046171 -0.224973 
0.702598 -0.059598 -0.847887 0.070902 -0.113938 -0.244910 
0.699145 0.099670 -0.851508 0.054057 -0.186792 -0.279863 
0.694849 0.210377 -0.852150 0.039122 -0.256380 -0.324472 
0.689459 0.269409 -0.837568 0.027507 -0.321082 -0.378831 
0.682641 0.297765 -0.763045 0.019366 -0.367387 -0.441094 
0.673969 0.311711 -0.617525 0.013547 -0.398943 -0.495969 
0.662908 0.315421 -0.428434 0.008788 -0.425534 -0.557413 
0.647838 0.315698 -0.304806 0.005737 -0.445830 -0.614664 
0.628151 0.313997 -0.229469 0.005472 -0.461477 -0.666946 
0.602607 0.310622 -0.188422 0.027558 -0.471963 -0.709922 
0.569976 0.304595 -0.169290 0.122946 -0.480761 -0.746575 
0.529352 0.294389 -0.160634 0.297418 -0.487183 -0.775872 
0.480603 0.283509 -0.157214 0.468739 -0.491810 -0.797034 
0.424797 0.269761 -0.157534 0.582432 -0.494976 -0.813243 
0.364377 0.251417 -0.160536 0.645956 -0.490634 -0.825412 
0.302870 0.228013 -0.163599 0.678282 -0.459801 -0.833760 
0.244136 0.192727 -0.169175 0.693455 -0.390752 -0.840272 
0.191449 0.163038 -0.175627 0.701041 -0.152364 -0.845562 
0.146808 0.116527 -0.185454 0.702045 0.046976 -0.849437 
0.110762 0.058283 -0.196311 0.700513 0.183649 -0.852786 
0.082706 -0.013437 -0.212866 0.697227 0.256504 -0.851305 
0.061400 -0.091847 -0.236201 0.693662 0.292333 -0.819802 
0.045438 -0.156905 -0.266234 0.687922 0.309448 -0.748765 
0.033528 -0.233341 -0.300986 0.679825 0.316554 -0.557523 
0.024618 -0.297527 -0.345270 0.668696 0.318290 -0.391460 
0.017903 -0.346410 -0.405737 0.659788 0.316849 -0.277265 
0.012789 -0.384873 -0.469663 0.635358 0.313154 -0.212030 
0.008848 -0.415336 -0.533153 0.616973 0.307421 -0.180348 
0.005775 -0.437984 -0.586528 0.587573 0.300456 -0.165242 
0.003348 -0.456694 -0.646608 0.546815 0.291394 -0.159029 
0.022093 -0.467221 -0.686806 0.496705 0.278638 -0.157186 
0.120908 -0.477599 -0.725540 0.444123 0.262518 -0.159333 
0.421783 -0.484083 -0.758457 0.391191 0.241146 -0.161236 
0.640096 -0.488632 -0.784708 0.330985 0.219598 -0.165955 
0.696359 -0.492999 -0.801920 0.273330 0.180401 -0.171107 
0.711215 -0.495930 -0.816649 0.223187 0.144621 -0.178979 
0.711212 -0.492018 -0.827111 0.177129 0.088272 -0.188785 
0.709576 -0.459721 -0.835578 0.135538 0.028331 -0.201252 
0.707599 -0.308533 -0.841758 0.104572 -0.043096 -0.219762 
0.705188 -0.100300 -0.846810 0.080295 -0.106349 -0.239542 
0.702243 0.079319 -0.850110 0.058754 -0.182997 -0.269351 
0.698594 0.199869 -0.852335 0.042408 -0.242292 -0.313934 
0.694026 0.264155 -0.839992 0.030736 -0.295077 -0.364345 
0.688256 0.295736 -0.797974 0.021464 -0.349115 -0.418393 
0.680914 0.310697 -0.634989 0.014923 -0.389807 -0.472696 
0.671530 0.314913 -0.459430 0.010297 -0.417939 -0.534809 
0.658794 0.316468 -0.320304 0.006491 -0.438195 -0.597314 
0.641888 0.315679 -0.237218 0.003951 -0.454419 -0.645159 
0.619656 0.312568 -0.192286 0.013776 -0.467598 -0.692838 
0.590718 0.307129 -0.171222 0.083438 -0.477523 -0.738033 
0.553815 0.295656 -0.161093 0.238998 -0.484673 -0.769885 
0.508243 0.284142 -0.157444 0.439529 -0.490555 -0.793025 
0.454386 0.270078 -0.157649 0.562558 -0.494349 -0.808965 
0.394124 0.252857 -0.159448 0.633216 -0.494483 -0.821377 
0.330789 0.237764 -0.162762 0.671912 -0.483717 -0.831742 
0.268548 0.210584 -0.167176 0.690625 -0.421713 -0.838773 
0.211377 0.171967 -0.174627 0.699627 -0.263891 -0.844085 
0.162090 0.120992 -0.182903 0.701338 -0.008788 -0.848698 
0.121874 0.060515 -0.195035 0.700159 0.155767 -0.852416 
0.090454 -0.012321 -0.212228 0.698123 0.240908 -0.851121 
0.066639 -0.091288 -0.230271 0.694110 0.284902 -0.819709 
0.048902 -0.156626 -0.263270 0.688146 0.305733 -0.748719 
0.035780 -0.233201 -0.299503 0.679937 0.314696 -0.557500 
0.026060 -0.287992 -0.344529 0.673236 0.317361 -0.391449 
0.018809 -0.341643 -0.398043 0.662058 0.316385 -0.277260 
0.013342 -0.382489 -0.465816 0.645022 0.312922 -0.212040 
0.009169 -0.414145 -0.531229 0.621805 0.307305 -0.180015 
0.005943 -0.437388 -0.585566 0.589990 0.302910 -0.165075 
0.003415 -0.456396 -0.639320 0.548023 0.292621 -0.158946 
0.001411 -0.467072 -0.683162 0.508149 0.282415 -0.157144 
0.017027 -0.476911 -0.723718 0.449845 0.264407 -0.158808 
0.075465 -0.483738 -0.757546 0.394052 0.248025 -0.160973 
0.274709 -0.487777 -0.774460 0.343317 0.229501 -0.164597 
0.544949 -0.490479 -0.792709 0.307048 0.213776 -0.167636 
0.665150 -0.493922 -0.805921 0.273070 0.191159 -0.170481 
0.699680 -0.496392 -0.817275 0.235217 0.150000 -0.175707 
0.709576 -0.493448 -0.827673 0.183138 0.109998 -0.182294 
0.707599 -0.480325 -0.834905 0.142661 0.046321 -0.198007 
0.705188 -0.402122 -0.840362 0.108134 -0.020312 -0.218140 
0.702215 -0.175984 -0.845259 0.080053 -0.095057 -0.234627 
0.698542 0.041477 -0.849201 0.060795 -0.161204 -0.261143 
0.693928 0.174190 -0.852443 0.045972 -0.231395 -0.297735 
0.688073 0.247637 -0.850384 0.032518 -0.289629 -0.356246 
0.680572 0.287517 -0.824947 0.023235 -0.337706 -0.406204 
0.670889 0.306587 -0.711500 0.016438 -0.380444 -0.466851 
0.658327 0.316122 -0.548544 0.011054 -0.413268 -0.524102 
0.641888 0.317626 -0.371658 0.007541 -0.435859 -0.582008 
0.619656 0.315625 -0.264821 0.004476 -0.453216 -0.638954 
0.590718 0.312740 -0.206095 0.008062 -0.465169 -0.689738 
0.553815 0.307214 -0.177077 0.055012 -0.474942 -0.730456 
0.508243 0.300280 -0.164024 0.180938 -0.483380 -0.766096 
0.454386 0.292232 -0.158909 0.368104 -0.488924 -0.788529 
0.394124 0.279023 -0.157826 0.521014 -0.492925 -0.805789 
0.330789 0.257329 -0.159006 0.612443 -0.493918 -0.819790 
0.268548 0.240000 -0.162540 0.661703 -0.483434 -0.830442 
0.211377 0.204288 -0.167065 0.685521 -0.432635 -0.838122 
0.162090 0.171893 -0.174572 0.697074 -0.269352 -0.843760 
0.121874 0.120955 -0.182876 0.700061 -0.026928 -0.848011 
0.090454 0.060497 -0.191968 0.700390 0.137949 -0.851536 
0.066639 -0.006232 -0.206534 0.698239 0.230807 -0.850680 
0.048902 -0.080357 -0.227557 0.694167 0.279846 -0.836763 
0.035780 -0.157247 -0.261912 0.688175 0.303197 -0.763523 
0.026060 -0.219045 -0.286928 0.681636 0.313753 -0.626749 
0.018809 -0.280914 -0.338159 0.674085 0.317295 -0.435651 
0.013342 -0.338104 -0.394858 0.662242 0.316870 -0.299361 
0.009169 -0.378250 -0.452182 0.645114 0.313835 -0.224600 
0.005943 -0.407962 -0.511806 0.621396 0.308643 -0.186300 
0.003415 -0.430844 -0.575947 0.589785 0.301067 -0.168225 
0.001411 -0.449924 -0.634510 0.547921 0.292852 -0.160221 
0.001407 -0.463836 -0.680757 0.508098 0.282531 -0.157782 
0.022074 -0.475293 -0.722516 0.458912 0.264465 -0.159126 
0.120821 -0.481635 -0.756948 0.398585 0.248054 -0.161133 
0.421634 -0.486725 -0.774161 0.345584 0.229516 -0.164677 
0.640044 -0.489953 -0.792560 0.292364 0.206755 -0.167676 
0.696345 -0.493659 -0.809328 0.254020 0.170052 -0.171968 
0.711210 -0.496494 -0.820353 0.207184 0.120023 -0.180424 
0.709626 -0.481848 -0.829966 0.163956 0.075973 -0.189507 
0.707723 -0.431985 -0.837896 0.128600 0.022181 -0.201614 
0.705417 -0.292510 -0.843365 0.094776 -0.046171 -0.224973 
0.702598 -0.059598 -0.847887 0.070902 -0.113938 -0.244910 
0.699145 0.099670 -0.851508 0.054057 -0.186792 -0.279863 
0.694849 0.210377 -0.852150 0.039122 -0.256380 -0.324472 
0.689459 0.269409 -0.837568 0.027507 -0.321082 -0.378831 
0.682641 0.297765 -0.763045 0.019366 -0.367387 -0.441094 
0.673969 0.311711 -0.617525 0.013547 -0.398943 -0.495969 
0.662908 0.315421 -0.428434 0.008788 -0.425534 -0.557413 
0.647838 0.315698 -0.304806 0.005737 -0.445830 -0.614664 
0.628151 0.313997 -0.229469 0.005472 -0.461477 -0.666946 
0.602607 0.310622 -0.188422 0.027558 -0.471963 -0.709922 
0.569976 0.304595 -0.169290 0.122946 -0.480761 -0.746575 
0.529352 0.294389 -0.160634 0.297418 -0.487183 -0.775872 
0.480603 0.283509 -0.157214 0.468739 -0.491810 -0.797034 
0.424797 0.269761 -0.157534 0.582432 -0.494976 -0.813243 
0.364377 0.251417 -0.160536 0.645956 -0.490634 -0.825412 
0.302870 0.228013 -0.163599 0.678282 -0.459801 -0.833760 
0.244136 0.192727 -0.169175 0.693455 -0.390752 -0.840272 
0.191449 0.163038 -0.175627 0.701041 -0.152364 -0.845562 
0.146808 0.116527 -0.185454 0.702045 0.046976 -0.849437 
0.110762 0.058283 -0.196311 0.700513 0.183649 -0.852786 
0.082706 -0.013437 -0.212866 0.697227 0.256504 -0.851305 
0.061400 -0.091847 -0.236201 0.693662 0.292333 -0.819802 
0.045438 -0.156905 -0.266234 0.687922 0.309448 -0.748765 
0.033528 -0.233341 -0.300986 0.679825 0.316554 -0.557523 
0.024618 -0.297527 -0.345270 0.668696 0.318290 -0.391460 
0.017903 -0.346410 -0.405737 0.659788 0.316849 -0.277265 
0.012789 -0.384873 -0.469663 0.635358 0.313154 -0.212030 
0.008848 -0.415336 -0.533153 0.616973 0.307421 -0.180348 
0.005775 -0.437984 -0.586528 0.587573 0.300456 -0.165242 
0.003348 -0.456694 -0.646608 0.546815 0.291394 -0.159029 
0.022093 -0.467221 -0.686806 0.496705 0.278638 -0.157186 
0.120908 -0.477599 -0.725540 0.444123 0.262518 -0.159333 
0.421783 -0.484083 -0.758457 0.391191 0.241146 -0.161236 
0.640096 -0.488632 -0.784708 0.330985 0.219598 -0.165955 
0.696359 -0.492999 -0.801920 0.273330 0.180401 -0.171107 
0.711215 -0.495930 -0.816649 0.223187 0.144621 -0.178979 
0.711212 -0.492018 -0.827111 0.177129 0.088272 -0.188785 
0.709576 -0.459721 -0.835578 0.135538 0.028331 -0.201252 
0.707599 -0.308533 -0.841758 0.104572 -0.043096 -0.219762 
0.705188 -0.100300 -0.846810 0.080295 -0.106349 -0.239542 
0.702243 0.079319 -0.850110 0.058754 -0.182997 -0.269351 
0.698594 0.199869 -0.852335 0.042408 -0.242292 -0.313934 
0.694026 0.264155 -0.839992 0.030736 -0.295077 -0.364345 
0.688256 0.295736 -0.797974 0.021464 -0.349115 -0.418393 
0.680914 0.310697 -0.634989 0.014923 -0.389807 -0.472696 
0.671530 0.314913 -0.459430 0.010297 -0.417939 -0.534809 
0.658684 0.316468 -0.320304 0.006491 -0.438195 -0.597314 
0.641755 0.315679 -0.237218 0.003951 -0.454419 -0.645159 
0.619495 0.312568 -0.192286 0.013776 -0.467598 -0.692838 
0.590527 0.307129 -0.171222 0.083438 -0.477523 -0.738033 
0.553594 0.295656 -0.161093 0.238998 -0.484673 -0.769885 
0.507995 0.284142 -0.157444 0.439529 -0.490555 -0.793025 
0.454122 0.270078 -0.157649 0.562558 -0.494349 -0.808965 
0.393857 0.252857 -0.159448 0.633216 -0.494483 -0.821377 
0.330536 0.237764 -0.162762 0.671912 -0.483717 -0.831742 
0.268325 0.210584 -0.167176 0.690625 -0.421713 -0.838773 
0.211192 0.171967 -0.174627 0.699627 -0.263891 -0.844085 
0.161945 0.120992 -0.182903 0.701338 -0.008788 -0.848698 
0.121766 0.060515 -0.195035 0.700159 0.155767 -0.852416 
0.090376 -0.012321 -0.212228 0.698123 0.240908 -0.851121 
0.066583 -0.091288 -0.230271 0.694110 0.284902 -0.819709 
0.048863 -0.156626 -0.263270 0.688146 0.305733 -0.748719 
0.035753 -0.233201 -0.299503 0.679937 0.314696 -0.557500 
0.026041 -0.287992 -0.344529 0.673236 0.317361 -0.391449 
0.018795 -0.341643 -0.398043 0.662058 0.316385 -0.277260 
0.013332 -0.382489 -0.465816 0.645022 0.312922 -0.212040 
0.009162 -0.414145 -0.531229 0.621805 0.307305 -0.180015 
0.005937 -0.437388 -0.585566 0.589990 0.302910 -0.165075 
0.003411 -0.456396 -0.639320 0.548023 0.292621 -0.158946 
0.001407 -0.467072 -0.683162 0.508149 0.282415 -0.157144 
0.017018 -0.476911 -0.723718 0.449845 0.264407 -0.158808 
0.075433 -0.483738 -0.757546 0.394052 0.248025 -0.160973 
0.274629 -0.487777 -0.774460 0.343317 0.229501 -0.164597 
0.544892 -0.490479 -0.792709 0.307048 0.213776 -0.167636 
0.665132 -0.493922 -0.805921 0.273070 0.191159 -0.170481 
0.699674 -0.496392 -0.817275 0.235217 0.150000 -0.175707 
0.709573 -0.493448 -0.827673 0.183138 0.109998 -0.182294 
0.707596 -0.480325 -0.834905 0.142661 0.046321 -0.198007 
0.705184 -0.402122 -0.840362 0.108134 -0.020312 -0.218140 
0.702215 -0.175984 -0.845259 0.080053 -0.095057 -0.234627 
0.698548 0.041477 -0.849201 0.060795 -0.161204 -0.261143 
0.693947 0.174190 -0.852443 0.045972 -0.231395 -0.297735 
0.688119 0.247637 -0.850384 0.032518 -0.289629 -0.356246 
0.680677 0.287517 -0.824947 0.023235 -0.337706 -0.406204 
0.671113 0.306587 -0.711500 0.016438 -0.380444 -0.466851 
0.658794 0.316122 -0.548544 0.011054 -0.413268 -0.524102 
0.641892 0.317626 -0.371658 0.007541 -0.435859 -0.582008 
0.619665 0.315625 -0.264821 0.004476 -0.453216 -0.638954 
0.590735 0.312740 -0.206095 0.008062 -0.465169 -0.689738 
0.553842 0.307214 -0.177077 0.055012 -0.474942 -0.730456 
0.508280 0.300280 -0.164024 0.180938 -0.483380 -0.766096 
0.454435 0.292232 -0.158909 0.368104 -0.488924 -0.788529 
0.394181 0.279023 -0.157826 0.521014 -0.492925 -0.805789 
0.330850 0.257329 -0.159006 0.612443 -0.493918 -0.819790 
0.268610 0.240000 -0.162540 0.661703 -0.483434 -0.830442 
0.211434 0.204288 -0.167065 0.685521 -0.432635 -0.838122 
0.162139 0.171893 -0.174572 0.697074 -0.269352 -0.843760 
0.121914 0.120955 -0.182876 0.700061 -0.026928 -0.848011 
0.090486 0.060497 -0.191968 0.700390 0.137949 -0.851536 
0.066663 -0.006232 -0.206534 0.698239 0.230807 -0.850680 
0.048919 -0.080357 -0.227557 0.694167 0.279846 -0.836763 
0.035794 -0.157247 -0.261912 0.688175 0.303197 -0.763523 
0.026070 -0.219045 -0.286928 0.681636 0.313753 -0.626749 
0.018816 -0.280914 -0.338159 0.674085 0.317295 -0.435651 
0.013348 -0.338104 -0.394858 0.662242 0.316870 -0.299361 
0.009173 -0.378250 -0.452182 0.645114 0.313835 -0.224600 
0.005946 -0.407962 -0.511806 0.621396 0.308643 -0.186300 
0.003418 -0.430844 -0.575947 0.589785 0.301067 -0.168225 
0.001413 -0.449924 -0.634510 0.547921 0.292852 -0.160221 
0.001410 -0.463836 -0.680757 0.508098 0.282531 -0.157782 
0.022082 -0.475293 -0.722516 0.458912 0.264465 -0.159126 
0.120859 -0.481635 -0.756948 0.398585 0.248054 -0.161133 
0.421699 -0.486725 -0.774161 0.345584 0.229516 -0.164677 
0.640068 -0.489953 -0.792560 0.292364 0.206755 -0.167676 
0.696352 -0.493659 -0.809328 0.254020 0.170052 -0.171968 
0.711212 -0.496494 -0.820353 0.207184 0.120023 -0.180424 
0.709628 -0.481848 -0.829966 0.163956 0.075973 -0.189507 
0.707726 -0.431985 -0.837896 0.128600 0.022181 -0.201614 
0.705421 -0.292510 -0.843365 0.094776 -0.046171 -0.224973 
0.702625 -0.059598 -0.847887 0.070902 -0.113938 -0.244910 
0.699190 0.099670 -0.851508 0.054057 -0.186792 -0.279863 
0.694926 0.210377 -0.852150 0.039122 -0.256380 -0.324472 
0.689589 0.269409 -0.837568 0.027507 -0.321082 -0.378831 
0.682866 0.297765 -0.763045 0.019366 -0.367387 -0.441094 
0.674360 0.311711 -0.617525 0.013547 -0.398943 -0.495969 
0.662908 0.315421 -0.428434 0.008788 -0.425534 -0.557413 
0.647835 0.315698 -0.304806 0.005737 -0.445830 -0.614664 
0.628142 0.313997 -0.229469 0.005472 -0.461477 -0.666946 
0.602592 0.310622 -0.188422 0.027558 -0.471963 -0.709922 
0.569951 0.304595 -0.169290 0.122946 -0.480761 -0.746575 
0.529317 0.294389 -0.160634 0.297418 -0.487183 -0.775872 
0.480557 0.283509 -0.157214 0.468739 -0.491810 -0.797034 
0.424741 0.269761 -0.157534 0.582432 -0.494976 -0.813243 
0.364315 0.251417 -0.160536 0.645956 -0.490634 -0.825412 
0.302806 0.228013 -0.163599 0.678282 -0.459801 -0.833760 
0.244074 0.192727 -0.169175 0.693455 -0.390752 -0.840272 
0.191394 0.163038 -0.175627 0.701041 -0.152364 -0.845562 
0.146762 0.116527 -0.185454 0.702045 0.046976 -0.849437 
0.110724 0.058283 -0.196311 0.700513 0.183649 -0.852786 
0.082676 -0.013437 -0.212866 0.697227 0.256504 -0.851305 
0.061378 -0.091847 -0.236201 0.693662 0.292333 -0.819802 
0.045421 -0.156905 -0.266234 0.687922 0.309448 -0.748765 
0.033516 -0.233341 -0.300986 0.679825 0.316554 -0.557523 
0.024609 -0.297527 -0.345270 0.668696 0.318290 -0.391460 
0.017895 -0.346410 -0.405737 0.659788 0.316849 -0.277265 
0.012783 -0.384873 -0.469663 0.635358 0.313154 -0.212030 
0.008844 -0.415336 -0.533153 0.616973 0.307421 -0.180348 
0.005772 -0.437984 -0.586528 0.587573 0.300456 -0.165242 
0.003346 -0.456694 -0.646608 0.546815 0.291394 -0.159029 
0.022085 -0.467221 -0.686806 0.496705 0.278638 -0.157186 
0.120870 -0.477599 -0.725540 0.444123 0.262518 -0.159333 
0.421716 -0.484083 -0.758457 0.391191 0.241146 -0.161236 
0.640073 -0.488632 -0.784708 0.330985 0.219598 -0.165955 
0.696353 -0.492999 -0.801920 0.273330 0.180401 -0.171107 
0.711213 -0.495930 -0.816649 0.223187 0.144621 -0.178979 
0.709576 -0.492018 -0.827111 0.177129 0.088272 -0.188785 
0.707599 -0.459721 -0.835578 0.135538 0.028331 -0.201252 
0.705188 -0.308533 -0.841758 0.104572 -0.043096 -0.219762 
0.702215 -0.100300 -0.846810 0.080295 -0.106349 -0.239542 
0.698542 0.079319 -0.850110 0.058760 -0.182997 -0.269351 
0.693928 0.199869 -0.852335 0.042411 -0.242292 -0.313934 
0.688073 0.264155 -0.839992 0.030737 -0.295077 -0.364345 
0.680572 0.295736 -0.797974 0.021465 -0.349115 -0.418393 
0.670889 0.310697 -0.634989 0.014923 -0.389807 -0.472696 
0.658327 0.314913 -0.459430 0.010297 -0.417939 -0.534809 
0.641888 0.316468 -0.320304 0.006491 -0.438195 -0.597314 
0.619656 0.315679 -0.237218 0.003951 -0.454419 -0.645159 
0.590718 0.312568 -0.192286 0.013776 -0.467598 -0.692838 
0.553815 0.305694 -0.171222 0.083438 -0.477523 -0.738033 
0.508243 0.294938 -0.161093 0.238998 -0.484673 -0.769885 
0.454386 0.283783 -0.157444 0.439529 -0.490555 -0.793025 
0.394124 0.269899 -0.157649 0.562558 -0.494349 -0.808965 
0.330789 0.252767 -0.159448 0.633638 -0.494483 -0.823273 
0.268548 0.228688 -0.163056 0.672123 -0.461726 -0.832690 
0.211377 0.193064 -0.168903 0.690375 -0.391714 -0.839737 
0.162090 0.163207 -0.175491 0.699502 -0.152845 -0.845295 
0.121874 0.104683 -0.185386 0.701275 0.046735 -0.849795 
0.090454 0.025455 -0.196277 0.700128 0.179737 -0.852965 
0.066639 -0.029852 -0.212849 0.697035 0.254548 -0.846857 
0.048902 -0.100054 -0.236193 0.693565 0.291355 -0.817578 
0.035780 -0.173196 -0.271559 0.687874 0.308503 -0.696106 
0.026060 -0.241486 -0.303648 0.679801 0.316081 -0.531193 
0.018809 -0.301600 -0.346602 0.668684 0.318054 -0.361089 
0.013342 -0.348447 -0.406402 0.653307 0.316731 -0.262080 
0.009169 -0.385891 -0.469996 0.632117 0.313095 -0.204438 
0.005943 -0.415846 -0.533319 0.603658 0.307392 -0.176552 
0.003415 -0.440209 -0.595912 0.580916 0.298028 -0.163344 
0.001411 -0.457807 -0.651300 0.543486 0.287852 -0.158080 
0.001407 -0.470130 -0.699941 0.495041 0.276867 -0.156711 
0.022074 -0.479054 -0.732108 0.434472 0.261633 -0.159096 
0.120821 -0.484810 -0.761741 0.386366 0.240704 -0.161117 
0.421634 -0.488313 -0.782281 0.339474 0.225840 -0.164669 
0.640044 -0.490747 -0.796620 0.289309 0.204917 -0.168997 
0.696345 -0.494056 -0.811358 0.243337 0.169133 -0.172628 
0.711210 -0.496692 -0.821368 0.201842 0.119564 -0.180755 
0.709626 -0.481947 -0.830474 0.161285 0.075743 -0.189672 
0.707723 -0.432034 -0.838150 0.127265 0.022066 -0.201696 
0.705417 -0.292535 -0.843491 0.094109 -0.046228 -0.225014 
0.702598 -0.059610 -0.847950 0.070568 -0.113967 -0.244930 
0.699145 0.099664 -0.851540 0.053890 -0.186806 -0.279873 
0.694849 0.210374 -0.852166 0.039039 -0.256388 -0.324477 
0.689459 0.269408 -0.837576 0.027465 -0.321085 -0.378834 
0.682641 0.297764 -0.763049 0.019345 -0.367388 -0.441096 
0.673969 0.311711 -0.617527 0.013536 -0.398944 -0.495969 
0.662908 0.315421 -0.428435 0.008782 -0.425534 -0.557413 
0.647838 0.315698 -0.304807 0.005734 -0.445830 -0.614665 
0.628151 0.313997 -0.229469 0.005471 -0.461477 -0.666946 
0.602607 0.310622 -0.188422 0.027558 -0.471963 -0.709922 
0.569976 0.304595 -0.169290 0.122946 -0.480761 -0.746575 
0.529352 0.294389 -0.160634 0.297418 -0.487183 -0.775873 
0.480603 0.283509 -0.157214 0.468739 -0.491810 -0.797034 
0.424797 0.269761 -0.157534 0.582432 -0.494976 -0.813243 
0.364377 0.251417 -0.160536 0.645956 -0.490634 -0.825412 
0.302870 0.228013 -0.163599 0.678282 -0.459801 -0.833760 
0.244136 0.192727 -0.169175 0.693455 -0.390752 -0.840272 
0.191449 0.163038 -0.175627 0.701041 -0.152364 -0.845562 
0.146808 0.116527 -0.185454 0.702045 0.046976 -0.849437 
0.110762 0.058283 -0.196311 0.700513 0.183649 -0.852786 
0.082706 -0.013437 -0.212866 0.697227 0.256504 -0.851305 
0.061400 -0.091847 -0.236201 0.693662 0.292333 -0.819802 
0.045438 -0.156905 -0.266234 0.687922 0.309448 -0.748765 
0.033528 -0.233341 -0.300986 0.679825 0.316554 -0.557523 
0.024618 -0.297527 -0.345270 0.668696 0.318290 -0.391460 
0.017903 -0.346410 -0.405737 0.659788 0.316849 -0.277265 
0.012789 -0.384873 -0.469663 0.635358 0.313154 -0.212030 
0.008848 -0.415336 -0.533153 0.616973 0.307421 -0.180348 
0.005775 -0.437984 -0.586528 0.587573 0.300456 -0.165242 
0.003348 -0.456694 -0.646608 0.546815 0.291394 -0.159029 
0.022093 -0.467221 -0.686806 0.496705 0.278638 -0.157186 
0.120908 -0.477599 -0.725540 0.444123 0.262518 -0.159333 
0.421783 -0.484083 -0.758457 0.391191 0.241146 -0.161236 
0.640096 -0.488632 -0.784708 0.330985 0.219598 -0.165955 
0.696359 -0.492999 -0.801920 0.273330 0.180401 -0.171107 
0.711215 -0.495930 -0.816649 0.223187 0.144621 -0.178979 
0.711212 -0.492018 -0.827111 0.177129 0.088272 -0.188785 
0.709576 -0.459721 -0.835578 0.135538 0.028331 -0.201252 
0.707599 -0.308533 -0.841758 0.104572 -0.043096 -0.219762 
0.705188 -0.100300 -0.846810 0.080295 -0.106349 -0.239542 
0.702243 0.079319 -0.850110 0.058754 -0.182997 -0.269351 
0.698594 0.199869 -0.852335 0.042408 -0.242292 -0.313934 
0.694026 0.264155 -0.839992 0.030736 -0.295077 -0.364345 
0.688256 0.295736 -0.797974 0.021464 -0.349115 -0.418393 
0.680914 0.310697 -0.634989 0.014923 -0.389807 -0.472696 
0.671530 0.314913 -0.459430 0.010297 -0.417939 -0.534809 
0.658794 0.316468 -0.320304 0.006491 -0.438195 -0.597314 
0.641888 0.315679 -0.237218 0.003951 -0.454419 -0.645159 
0.619656 0.312568 -0.192286 0.013776 -0.467598 -0.692838 
0.590718 0.307129 -0.171222 0.083438 -0.477523 -0.738033 
0.553815 0.295656 -0.161093 0.238998 -0.484673 -0.769885 
0.508243 0.284142 -0.157444 0.439529 -0.490555 -0.793025 
0.454386 0.270078 -0.157649 0.562558 -0.494349 -0.808965 
0.394124 0.252857 -0.159448 0.633216 -0.494483 -0.821377 
0.330789 0.237764 -0.162762 0.671912 -0.483717 -0.831742 
0.268548 0.210584 -0.167176 0.690625 -0.421713 -0.838773 
0.211377 0.171967 -0.174627 0.699627 -0.263891 -0.844085 
0.162090 0.120992 -0.182903 0.701338 -0.008788 -0.848698 
0.121874 0.060515 -0.195035 0.700159 0.155767 -0.852416 
0.090454 -0.012321 -0.212228 0.698123 0.240908 -0.851121 
0.066639 -0.091288 -0.230271 0.694110 0.284902 -0.819709 
0.048902 -0.156626 -0.263270 0.688146 0.305733 -0.748719 
0.035780 -0.233201 -0.299503 0.679937 0.314696 -0.557500 
0.026060 -0.287992 -0.344529 0.673236 0.317361 -0.391449 
0.018809 -0.341643 -0.398043 0.662058 0.316385 -0.277260 
0.013342 -0.382489 -0.465816 0.645022 0.312922 -0.212040 
0.009169 -0.414145 -0.531229 0.621805 0.307305 -0.180015 
0.005943 -0.437388 -0.585566 0.589990 0.302910 -0.165075 
0.003415 -0.456396 -0.639320 0.548023 0.292621 -0.158946 
0.001411 -0.467072 -0.683162 0.508149 0.282415 -0.157144 
0.017027 -0.476911 -0.723718 0.449845 0.264407 -0.158808 
0.075465 -0.483738 -0.757546 0.394052 0.248025 -0.160973 
0.274709 -0.487777 -0.774460 0.343317 0.229501 -0.164597 
0.544949 -0.490479 -0.792709 0.307048 0.213776 -0.167636 
0.665150 -0.493922 -0.805921 0.273070 0.191159 -0.170481 
0.699680 -0.496392 -0.817275 0.235217 0.150000 -0.175707 
0.709576 -0.493448 -0.827673 0.183138 0.109998 -0.182294 
0.707599 -0.480325 -0.834905 0.142661 0.046321 -0.198007 
0.705188 -0.402122 -0.840362 0.108134 -0.020312 -0.218140 
0.702215 -0.175984 -0.845259 0.080053 -0.095057 -0.234627 
0.698542 0.041477 -0.849201 0.060795 -0.161204 -0.261143 
0.693928 0.174190 -0.852443 0.045972 -0.231395 -0.297735 
0.688073 0.247637 -0.850384 0.032518 -0.289629 -0.356246 
0.680572 0.287517 -0.824947 0.023235 -0.337706 -0.406204 
0.670889 0.306587 -0.711500 0.016438 -0.380444 -0.466851 
0.658327 0.316122 -0.548544 0.011054 -0.413268 -0.524102 
0.641888 0.317626 -0.371658 0.007541 -0.435859 -0.582008 
0.619656 0.315625 -0.264821 0.004476 -0.453216 -0.638954 
0.590718 0.312740 -0.206095 0.008062 -0.465169 -0.689738 
0.553815 0.307214 -0.177077 0.055012 -0.474942 -0.730456 
0.508243 0.300280 -0.164024 0.180938 -0.483380 -0.766096 
0.454386 0.292232 -0.158909 0.368104 -0.488924 -0.788529 
0.394124 0.279023 -0.157826 0.521014 -0.492925 -0.805789 
0.330789 0.257329 -0.159006 0.612443 -0.493918 -0.819790 
0.268548 0.240000 -0.162540 0.661703 -0.483434 -0.830442 
0.211377 0.204288 -0.167065 0.685521 -0.432635 -0.838122 
0.162090 0.171893 -0.174572 0.697074 -0.269352 -0.843760 
0.121874 0.120955 -0.182876 0.700061 -0.026928 -0.848011 
0.090454 0.060497 -0.191968 0.700390 0.137949 -0.851536 
0.066639 -0.006232 -0.206534 0.698239 0.230807 -0.850680 
0.048902 -0.080357 -0.227557 0.694167 0.279846 -0.836763 
0.035780 -0.157247 -0.261912 0.688175 0.303197 -0.763523 
0.026060 -0.219045 -0.286928 0.681636 0.313753 -0.626749 
0.018809 -0.280914 -0.338159 0.674085 0.317295 -0.435651 
0.013342 -0.338104 -0.394858 0.662242 0.316870 -0.299361 
0.009169 -0.378250 -0.452182 0.645114 0.313835 -0.224600 
0.005943 -0.407962 -0.511806 0.621396 0.308643 -0.186300 
0.003415 -0.430844 -0.575947 0.589785 0.301067 -0.168225 
0.001411 -0.449924 -0.634510 0.547921 0.292852 -0.160221 
0.001407 -0.463836 -0.680757 0.508098 0.282531 -0.157782 
0.022074 -0.475293 -0.722516 0.458912 0.264465 -0.159126 
0.120821 -0.481635 -0.756948 0.398585 0.248054 -0.161133 
0.421634 -0.486725 -0.774161 0.345584 0.229516 -0.164677 
0.640044 -0.489953 -0.792560 0.292364 0.206755 -0.167676 
0.696345 -0.493659 -0.809328 0.254020 0.170052 -0.171968 
0.711210 -0.496494 -0.820353 0.207184 0.120023 -0.180424 
0.709626 -0.481848 -0.829966 0.163956 0.075973 -0.189507 
0.707723 -0.431985 -0.837896 0.128600 0.022181 -0.201614 
0.705417 -0.292510 -0.843365 0.094776 -0.046171 -0.224973 
0.702598 -0.059598 -0.847887 0.070902 -0.113938 -0.244910 
0.699145 0.099670 -0.851508 0.054057 -0.186792 -0.279863 
0.694849 0.210377 -0.852150 0.039122 -0.256380 -0.324472 
0.689459 0.269409 -0.837568 0.027507 -0.321082 -0.378831 
0.682641 0.297765 -0.763045 0.019366 -0.367387 -0.441094 
0.673969 0.311711 -0.617525 0.013547 -0.398943 -0.495969 
0.662908 0.315421 -0.428434 0.008788 -0.425534 -0.557413 
0.647838 0.315698 -0.304806 0.005737 -0.445830 -0.614664 
0.628151 0.313997 -0.229469 0.005472 -0.461477 -0.666946 
0.602607 0.310622 -0.188422 0.027558 -0.471963 -0.709922 
0.569976 0.304595 -0.169290 0.122946 -0.480761 -0.746575 
0.529352 0.294389 -0.160634 0.297418 -0.487183 -0.775872 
0.480603 0.283509 -0.157214 0.468739 -0.491810 -0.797034 
0.424797 0.269761 -0.157534 0.582432 -0.494976 -0.813243 
0.364377 0.251417 -0.160536 0.645956 -0.490634 -0.825412 
0.302870 0.228013 -0.163599 0.678282 -0.459801 -0.833760 
0.244136 0.192727 -0.169175 0.693455 -0.390752 -0.840272 
0.191449 0.163038 -0.175627 0.701041 -0.152364 -0.845562 
0.146808 0.116527 -0.185454 0.702045 0.046976 -0.849437 
0.110762 0.058283 -0.196311 0.700513 0.183649 -0.852786 
0.082706 -0.013437 -0.212866 0.697227 0.256504 -0.851305 
0.061400 -0.091847 -0.236201 0.693662 0.292333 -0.819802 
0.045438 -0.156905 -0.266234 0.687922 0.309448 -0.748765 
0.033528 -0.233341 -0.300986 0.679825 0.316554 -0.557523 
0.024618 -0.297527 -0.345270 0.668696 0.318290 -0.391460 
0.017903 -0.346410 -0.405737 0.659788 0.316849 -0.277265 
0.012789 -0.384873 -0.469663 0.635358 0.313154 -0.212030 
0.008848 -0.415336 -0.533153 0.616973 0.307421 -0.180348 
0.005775 -0.437984 -0.586528 0.587573 0.300456 -0.165242 
0.003348 -0.456694 -0.646608 0.546815 0.291394 -0.159029 
0.022093 -0.467221 -0.686806 0.496705 0.278638 -0.157186 
0.120908 -0.477599 -0.725540 0.444123 0.262518 -0.159333 
0.421783 -0.484083 -0.758457 0.391191 0.241146 -0.161236 
0.640096 -0.488632 -0.784708 0.330985 0.219598 -0.165955 
0.696359 -0.492999 -0.801920 0.273330 0.180401 -0.171107 
0.711215 -0.495930 -0.816649 0.223187 0.144621 -0.178979 
0.711212 -0.492018 -0.827111 0.177129 0.088272 -0.188785 
0.709576 -0.459721 -0.835578 0.135538 0.028331 -0.201252 
0.707599 -0.308533 -0.841758 0.104572 -0.043096 -0.219762 
0.705188 -0.100300 -0.846810 0.080295 -0.106349 -0.239542 
0.702243 0.079319 -0.850110 0.058754 -0.182997 -0.269351 
0.698594 0.199869 -0.852335 0.042408 -0.242292 -0.313934 
0.694026 0.264155 -0.839992 0.030736 -0.295077 -0.364345 
0.688256 0.295736 -0.797974 0.021464 -0.349115 -0.418393 
0.680914 0.310697 -0.634989 0.014923 -0.389807 -0.472696 
0.671530 0.314913 -0.459430 0.010297 -0.417939 -0.534809 
0.658794 0.316468 -0.320304 0.006491 -0.438195 -0.597314 
0.641888 0.315679 -0.237218 0.003951 -0.454419 -0.645159 
0.619656 0.312568 -0.192286 0.013776 -0.467598 -0.692838 
0.590718 0.307129 -0.171222 0.083438 -0.477523 -0.738033 
0.553815 0.295656 -0.161093 0.238998 -0.484673 -0.769885 
0.508243 0.284142 -0.157444 0.439529 -0.490555 -0.793025 
0.454386 0.270078 -0.157649 0.562558 -0.494349 -0.808965 
0.394124 0.252857 -0.159448 0.633216 -0.494483 -0.821377 
0.330789 0.237764 -0.162762 0.671912 -0.483717 -0.831742 
0.268548 0.210584 -0.167176 0.690625 -0.421713 -0.838773 
0.211377 0.171967 -0.174627 0.699627 -0.263891 -0.844085 
0.162090 0.120992 -0.182903 0.701338 -0.008788 -0.848698 
0.121874 0.060515 -0.195035 0.700159 0.155767 -0.852416 
0.090454 -0.012321 -0.212228 0.698123 0.240908 -0.851121 
0.066639 -0.091288 -0.230271 0.694110 0.284902 -0.819709 
0.048902 -0.156626 -0.263270 0.688146 0.305733 -0.748719 
0.035780 -0.233201 -0.299503 0.679937 0.314696 -0.557500 
0.026060 -0.287992 -0.344529 0.673236 0.317361 -0.391449 
0.018809 -0.341643 -0.398043 0.662058 0.316385 -0.277260 
0.013342 -0.382489 -0.465816 0.645022 0.312922 -0.212040 
0.009169 -0.414145 -0.531229 0.621805 0.307305 -0.180015 
0.005943 -0.437388 -0.585566 0.589990 0.302910 -0.165075 
0.003415 -0.456396 -0.639320 0.548023 0.292621 -0.158946 
0.001411 -0.467072 -0.683162 0.508149 0.282415 -0.157144 
0.017027 -0.476911 -0.723718 0.449845 0.264407 -0.158808 
0.075465 -0.483738 -0.757546 0.394052 0.248025 -0.160973 
0.274709 -0.487777 -0.774460 0.343317 0.229501 -0.164597 
0.544949 -0.490479 -0.792709 0.307048 0.213776 -0.167636 
0.665150 -0.493922 -0.805921 0.273070 0.191159 -0.170481 
0.699680 -0.496392 -0.817275 0.235217 0.150000 -0.175707 
0.709576 -0.493448 -0.827673 0.183138 0.109998 -0.182294 
0.707599 -0.480325 -0.834905 0.142661 0.046321 -0.198007 
0.705188 -0.402122 -0.840362 0.108134 -0.020312 -0.218140 
0.702215 -0.175984 -0.845259 0.080053 -0.095057 -0.234627 
0.698542 0.041477 -0.849201 0.060795 -0.161204 -0.261143 
0.693928 0.174190 -0.852443 0.045972 -0.231395 -0.297735 
0.688073 0.247637 -0.850384 0.032518 -0.289629 -0.356246 
0.680572 0.287517 -0.824947 0.023235 -0.337706 -0.406204 
0.670889 0.306587 -0.711500 0.016438 -0.380444 -0.466851 
0.658327 0.316122 -0.548544 0.011054 -0.413268 -0.524102 
0.641888 0.317626 -0.371658 0.007541 -0.435859 -0.582008 
0.619656 0.315625 -0.264821 0.004476 -0.453216 -0.638954 
0.590718 0.312740 -0.206095 0.008062 -0.465169 -0.689738 
0.553815 0.307214 -0.177077 0.055012 -0.474942 -0.730456 
0.508243 0.300280 -0.164024 0.180938 -0.483380 -0.766096 
0.454386 0.292232 -0.158909 0.368104 -0.488924 -0.788529 
0.394124 0.279023 -0.157826 0.521014 -0.492925 -0.805789 
0.330789 0.257329 -0.159006 0.612443 -0.493918 -0.819790 
0.268548 0.240000 -0.162540 0.661703 -0.483434 -0.830442 
0.211377 0.204288 -0.167065 0.685521 -0.432635 -0.838122 
0.162090 0.171893 -0.174572 0.697074 -0.269352 -0.843760 
0.121874 0.120955 -0.182876 0.700061 -0.026928 -0.848011 
0.090454 0.060497 -0.191968 0.700390 0.137949 -0.851536 
0.066639 -0.006232 -0.206534 0.698239 0.230807 -0.850680 
0.048902 -0.080357 -0.227557 0.694167 0.279846 -0.836763 
0.035780 -0.157247 -0.261912 0.688175 0.303197 -0.763523 
0.026060 -0.219045 -0.286928 0.681636 0.313753 -0.626749 
0.018809 -0.280914 -0.338159 0.674085 0.317295 -0.435651 
0.013342 -0.338104 -0.394858 0.662242 0.316870 -0.299361 
0.009169 -0.378250 -0.452182 0.645114 0.313835 -0.224600 
0.005943 -0.407962 -0.511806 0.621396 0.308643 -0.186300 
0.003415 -0.430844 -0.575947 0.589785 0.301067 -0.168225 
0.001411 -0.449924 -0.634510 0.547921 0.292852 -0.160221 
0.001407 -0.463836 -0.680757 0.508098 0.282531 -0.157782 
0.022074 -0.475293 -0.722516 0.458912 0.264465 -0.159126 
0.120821 -0.481635 -0.756948 0.398585 0.248054 -0.161133 
0.421634 -0.486725 -0.774161 0.345584 0.229516 -0.164677 
0.640044 -0.489953 -0.792560 0.292364 0.206755 -0.167676 
0.696345 -0.493659 -0.809328 0.254020 0.170052 -0.171968 
0.711210 -0.496494 -0.820353 0.207184 0.120023 -0.180424 
0.709626 -0.481848 -0.829966 0.163956 0.075973 -0.189507 
0.707723 -0.431985 -0.837896 0.128600 0.022181 -0.201614 
0.705417 -0.292510 -0.843365 0.094776 -0.046171 -0.224973 
0.702598 -0.059598 -0.847887 0.070902 -0.113938 -0.244910 
0.699145 0.099670 -0.851508 0.054057 -0.186792 -0.279863 
0.694849 0.210377 -0.852150 0.039122 -0.256380 -0.324472 
0.689459 0.269409 -0.837568 0.027507 -0.321082 -0.378831 
0.682641 0.297765 -0.763045 0.019366 -0.367387 -0.441094 
0.673969 0.311711 -0.617525 0.013547 -0.398943 -0.495969 
0.662908 0.315421 -0.428434 0.008788 -0.425534 -0.557413 
0.647838 0.315698 -0.304806 0.005737 -0.445830 -0.614664 
0.628151 0.313997 -0.229469 0.005472 -0.461477 -0.666946 
0.602607 0.310622 -0.188422 0.027558 -0.471963 -0.709922 
0.569976 0.304595 -0.169290 0.122946 -0.480761 -0.746575 
0.529352 0.294389 -0.160634 0.297418 -0.487183 -0.775872 
0.480603 0.283509 -0.157214 0.468739 -0.491810 -0.797034 
0.424797 0.269761 -0.157534 0.582432 -0.494976 -0.813243 
0.364377 0.251417 -0.160536 0.645956 -0.490634 -0.825412 
0.302870 0.228013 -0.163599 0.678282 -0.459801 -0.833760 
0.244136 0.192727 -0.169175 0.693455 -0.390752 -0.840272 
0.191449 0.163038 -0.175627 0.701041 -0.152364 -0.845562 
0.146808 0.116527 -0.185454 0.702045 0.046976 -0.849437 
0.110762 0.058283 -0.196311 0.700513 0.183649 -0.852786 
0.082706 -0.013437 -0.212866 0.697227 0.256504 -0.851305 
0.061400 -0.091847 -0.236201 0.693662 0.292333 -0.819802 
0.045438 -0.156905 -0.266234 0.687922 0.309448 -0.748765 
0.033528 -0.233341 -0.300986 0.679825 0.316554 -0.557523 
0.024618 -0.297527 -0.345270 0.668696 0.318290 -0.391460 
0.017903 -0.346410 -0.405737 0.659788 0.316849 -0.277265 
0.012789 -0.384873 -0.469663 0.635358 0.313154 -0.212030 
0.008848 -0.415336 -0.533153 0.616973 0.307421 -0.180348 
