0.357500 0.000000 0.000000 0.000000 0.000000 0.000000 
0.357500 0.000000 0.000000 0.000000 0.000000 0.000000 
-0.009420 0.000000 0.000000 0.000000 0.000000 0.000000 
0.724576 0.000000 0.000000 0.000000 0.000000 0.000000 
0.640965 0.000000 0.000000 0.000000 0.000000 0.000000 
0.001386 0.000000 0.000000 0.000000 0.000000 0.000000 
0.001386 0.000000 0.000000 0.000000 0.000000 0.000000 
0.001386 0.000000 0.000000 0.000000 0.000000 0.000000 
0.001386 0.000000 0.000000 0.000000 0.000000 0.000000 
0.001386 0.000000 0.000000 0.000000 0.000000 0.000000 
0.001386 0.000000 0.000000 0.000000 0.000000 0.000000 
0.001386 0.000000 0.000000 0.000000 0.000000 0.000000 
0.001386 0.000000 0.000000 0.000000 0.000000 0.000000 
0.001386 0.000000 0.000000 0.000000 0.000000 0.000000 
0.001386 0.000000 0.000000 0.000000 0.000000 0.000000 
0.001386 0.000000 0.000000 0.000000 0.000000 0.000000 
0.001386 0.000000 0.000000 0.000000 0.000000 0.000000 
0.001386 0.000000 0.000000 0.000000 0.000000 0.000000 
0.001386 0.000000 0.000000 0.000000 0.000000 0.000000 
0.711202 0.000000 0.000000 0.000000 0.000000 0.000000 
0.711202 0.000000 0.000000 0.000000 0.000000 0.000000 
0.711202 0.000000 0.000000 0.000000 0.000000 0.000000 
0.711202 -0.120531 -0.676204 -0.229232 -0.334901 -0.382423 
0.707149 0.100277 -0.764498 -0.102522 -0.341382 -0.370470 
0.700834 0.213837 -0.760227 -0.043640 -0.372267 -0.413316 
0.691198 0.266483 -0.572908 -0.018588 -0.409180 -0.505159 
0.673687 0.290054 -0.363520 -0.008589 -0.439876 -0.600529 
0.642029 0.298650 -0.255447 0.020528 -0.461162 -0.676713 
0.584722 0.295998 -0.203209 0.140123 -0.476491 -0.740942 
0.488759 0.284313 -0.178502 0.376730 -0.486464 -0.778553 
0.357602 0.258693 -0.169875 0.540302 -0.490687 -0.806172 
0.223437 0.221048 -0.170733 0.624820 -0.425198 -0.825988 
0.122640 0.167379 -0.176406 0.663934 -0.169587 -0.839125 
0.063067 0.083709 -0.191786 0.681458 0.071576 -0.847630 
0.031754 -0.035386 -0.220051 0.685777 0.200236 -0.835238 
0.015462 -0.158115 -0.265997 0.682119 0.262273 -0.688970 
0.006588 -0.276704 -0.358777 0.666500 0.290430 -0.426020 
0.001449 -0.350020 -0.465104 0.638713 0.298744 -0.286695 
0.001440 -0.407296 -0.565572 0.598444 0.293704 -0.218836 
0.001433 -0.444874 -0.646288 0.522520 0.279793 -0.187089 
0.001426 -0.467720 -0.718831 0.430389 0.255719 -0.175114 
0.052640 -0.479768 -0.764895 0.350584 0.226885 -0.172895 
0.422101 -0.486474 -0.787927 0.310682 0.205440 -0.171785 
0.678110 -0.491920 -0.803529 0.263179 0.169394 -0.174022 
0.711225 -0.490013 -0.820801 0.197119 0.119695 -0.186306 
0.707972 -0.406966 -0.834817 0.135362 0.016374 -0.217319 
0.703298 -0.074014 -0.843980 0.088449 -0.105488 -0.258239 
0.696380 0.123535 -0.848386 0.056318 -0.226676 -0.313660 
0.685797 0.224828 -0.768455 0.033772 -0.320183 -0.408509 
0.669038 0.271979 -0.503899 0.018900 -0.386154 -0.513683 
0.641776 0.292137 -0.329015 0.012054 -0.431639 -0.616455 
0.595909 0.295478 -0.238537 0.057008 -0.458177 -0.693814 
0.524200 0.289831 -0.196166 0.306139 -0.476322 -0.752396 
0.424653 0.272922 -0.177010 0.501132 -0.487838 -0.790924 
0.309505 0.238766 -0.171542 0.605870 -0.480394 -0.816516 
0.202413 0.189132 -0.176811 0.657249 -0.293232 -0.832957 
0.121783 0.104889 -0.186333 0.680149 -0.009166 -0.843626 
0.070095 0.009866 -0.207877 0.688118 0.158441 -0.846726 
0.039697 -0.106049 -0.252072 0.685150 0.242502 -0.762227 
0.022160 -0.224416 -0.320814 0.675842 0.281264 -0.493812 
0.011819 -0.321406 -0.415159 0.651914 0.297413 -0.320316 
0.005474 -0.387566 -0.520589 0.613557 0.297964 -0.234491 
0.001408 -0.431486 -0.623625 0.543125 0.287821 -0.194180 
0.052501 -0.459732 -0.693949 0.458515 0.267109 -0.177830 
0.421595 -0.475774 -0.742662 0.375548 0.239043 -0.173026 
0.678021 -0.486570 -0.780897 0.307346 0.203792 -0.173175 
0.711207 -0.492949 -0.806138 0.233847 0.136894 -0.181028 
0.707949 -0.437535 -0.825982 0.163897 0.052642 -0.197374 
0.703276 -0.193690 -0.839195 0.107935 -0.058580 -0.231110 
0.696408 0.056606 -0.847440 0.069542 -0.180083 -0.282719 
0.685944 0.192002 -0.823475 0.042392 -0.282933 -0.369441 
0.669641 0.258829 -0.604532 0.024428 -0.361113 -0.475397 
0.641789 0.287402 -0.384328 0.013201 -0.413620 -0.585648 
0.595944 0.297325 -0.265852 0.031423 -0.448867 -0.669273 
0.524269 0.295335 -0.208411 0.251670 -0.470343 -0.735504 
0.424755 0.280575 -0.182577 0.462797 -0.484242 -0.780204 
0.309622 0.251623 -0.174326 0.586879 -0.478597 -0.810649 
0.202516 0.195561 -0.174538 0.647754 -0.292333 -0.830023 
0.121857 0.132789 -0.185197 0.675401 -0.023009 -0.842159 
0.070140 0.023816 -0.207309 0.685744 0.151520 -0.845992 
0.039723 -0.099074 -0.251788 0.683963 0.239041 -0.761861 
0.022176 -0.220928 -0.320672 0.675249 0.279534 -0.493629 
0.011829 -0.319663 -0.415088 0.651618 0.296548 -0.320225 
0.005480 -0.386695 -0.520553 0.613409 0.297532 -0.234445 
0.001412 -0.431050 -0.623607 0.543051 0.287605 -0.194157 
0.052533 -0.459514 -0.693941 0.458478 0.267001 -0.177818 
0.421712 -0.475665 -0.742657 0.375530 0.238989 -0.173020 
0.678042 -0.486515 -0.780895 0.307337 0.203765 -0.173172 
0.711211 -0.492922 -0.806136 0.233842 0.136880 -0.181027 
0.707955 -0.437521 -0.825981 0.163895 0.052635 -0.197373 
0.703339 -0.193684 -0.839195 0.107933 -0.058584 -0.231110 
0.696579 0.056610 -0.847440 0.069541 -0.180085 -0.282719 
0.686430 0.192003 -0.823475 0.042392 -0.282934 -0.369441 
0.669641 0.258830 -0.604532 0.024428 -0.361113 -0.475396 
0.641776 0.287402 -0.384328 0.013201 -0.413620 -0.585648 
0.595909 0.297325 -0.265852 0.031423 -0.448867 -0.669273 
0.524200 0.295335 -0.208411 0.251670 -0.470343 -0.735504 
0.424653 0.280575 -0.182577 0.462796 -0.484243 -0.780204 
0.309505 0.251623 -0.174326 0.586879 -0.478597 -0.810649 
0.202413 0.195561 -0.174538 0.647754 -0.292333 -0.830023 
0.121783 0.132789 -0.185197 0.675401 -0.023009 -0.842159 
0.070095 0.023816 -0.207309 0.685744 0.151520 -0.845992 
0.039697 -0.099074 -0.251788 0.683963 0.239041 -0.761861 
0.022160 -0.220928 -0.320672 0.675249 0.279534 -0.493629 
0.011819 -0.319663 -0.415088 0.651618 0.296548 -0.320225 
0.005474 -0.386695 -0.520553 0.613409 0.297532 -0.234445 
0.001408 -0.431050 -0.623607 0.543051 0.287605 -0.194157 
0.052501 -0.459514 -0.693941 0.458478 0.267001 -0.177818 
0.421595 -0.475665 -0.742657 0.375530 0.238989 -0.173020 
0.678021 -0.486515 -0.780895 0.307337 0.203765 -0.173172 
0.711207 -0.492922 -0.806136 0.233842 0.136880 -0.181027 
0.707949 -0.437521 -0.825981 0.163895 0.052635 -0.197373 
0.703319 -0.193684 -0.839195 0.107933 -0.058584 -0.231110 
0.696479 0.056610 -0.847440 0.069541 -0.180085 -0.282719 
0.686037 0.192003 -0.823475 0.042392 -0.282934 -0.369441 
0.669641 0.258830 -0.604532 0.024428 -0.361113 -0.475396 
0.641776 0.287402 -0.384328 0.013201 -0.413620 -0.585648 
0.595909 0.297325 -0.265852 0.031423 -0.448867 -0.669273 
0.524200 0.295335 -0.208411 0.251670 -0.470343 -0.735504 
0.424653 0.280575 -0.182577 0.462796 -0.484243 -0.780204 
0.309505 0.251623 -0.174326 0.586879 -0.478597 -0.810649 
0.202413 0.195561 -0.174538 0.647754 -0.292333 -0.830023 
0.121783 0.132789 -0.185197 0.675401 -0.023009 -0.842159 
0.070095 0.023816 -0.207309 0.685744 0.151520 -0.845992 
0.039697 -0.099074 -0.251788 0.683963 0.239041 -0.761861 
0.022160 -0.220928 -0.320672 0.675249 0.279534 -0.493629 
0.011819 -0.319663 -0.415088 0.651618 0.296548 -0.320225 
0.005474 -0.386695 -0.520553 0.613409 0.297532 -0.234445 
0.001408 -0.431050 -0.623607 0.543051 0.287605 -0.194157 
0.052501 -0.459514 -0.693941 0.458478 0.267001 -0.177818 
0.421595 -0.475665 -0.742657 0.375530 0.238989 -0.173020 
0.678021 -0.486515 -0.780895 0.307337 0.203765 -0.173172 
0.711207 -0.492922 -0.806136 0.233842 0.136880 -0.181027 
0.707949 -0.437521 -0.825981 0.163895 0.052635 -0.197373 
0.703319 -0.193684 -0.839195 0.107933 -0.058584 -0.231110 
0.696479 0.056610 -0.847440 0.069541 -0.180085 -0.282719 
0.686037 0.192003 -0.823475 0.042392 -0.282934 -0.369441 
0.669641 0.258830 -0.604532 0.024428 -0.361113 -0.475396 
0.641776 0.287402 -0.384328 0.013201 -0.413620 -0.585648 
0.595909 0.297325 -0.265852 0.031423 -0.448867 -0.669273 
0.524200 0.295335 -0.208411 0.251670 -0.470343 -0.735504 
0.424653 0.280575 -0.182577 0.462796 -0.484243 -0.780204 
0.309505 0.251623 -0.174326 0.586879 -0.478597 -0.810649 
0.202413 0.195561 -0.174538 0.647754 -0.292333 -0.830023 
0.121783 0.132789 -0.185197 0.675401 -0.023009 -0.842159 
0.070095 0.023816 -0.207309 0.685744 0.151520 -0.845992 
0.039697 -0.099074 -0.251788 0.683963 0.239041 -0.761861 
0.022160 -0.220928 -0.320672 0.675249 0.279534 -0.493629 
0.011819 -0.319663 -0.415088 0.651618 0.296548 -0.320225 
0.005474 -0.386695 -0.520553 0.613409 0.297532 -0.234445 
0.001408 -0.431050 -0.623607 0.543051 0.287605 -0.194157 
0.052501 -0.459514 -0.693941 0.458478 0.267001 -0.177818 
0.421595 -0.475665 -0.742657 0.375530 0.238989 -0.173020 
0.678021 -0.486515 -0.780895 0.307337 0.203765 -0.173172 
0.711207 -0.492922 -0.806136 0.233842 0.136880 -0.181027 
0.707949 -0.437521 -0.825981 0.163895 0.052635 -0.197373 
0.703319 -0.193684 -0.839195 0.107933 -0.058584 -0.231110 
0.696479 0.056610 -0.847440 0.069541 -0.180085 -0.282719 
0.686037 0.192003 -0.823475 0.042392 -0.282934 -0.369441 
0.669641 0.258830 -0.604532 0.024428 -0.361113 -0.475396 
0.641776 0.287402 -0.384328 0.013201 -0.413620 -0.585648 
0.595909 0.297325 -0.265852 0.031423 -0.448867 -0.669273 
0.524200 0.295335 -0.208411 0.251670 -0.470343 -0.735504 
0.424653 0.280575 -0.182577 0.462796 -0.484243 -0.780204 
0.309505 0.251623 -0.174326 0.586879 -0.478597 -0.810649 
0.202413 0.195561 -0.174538 0.647754 -0.292333 -0.830023 
0.121783 0.132789 -0.185197 0.675401 -0.023009 -0.842159 
0.070095 0.023816 -0.207309 0.685744 0.151520 -0.845992 
0.039697 -0.099074 -0.251788 0.683963 0.239041 -0.761861 
0.022160 -0.220928 -0.320672 0.675249 0.279534 -0.493629 
0.011819 -0.319663 -0.415088 0.651618 0.296548 -0.320225 
0.005474 -0.386695 -0.520553 0.613409 0.297532 -0.234445 
0.001408 -0.431050 -0.623607 0.543051 0.287605 -0.194157 
0.052501 -0.459514 -0.693941 0.458478 0.267001 -0.177818 
0.421595 -0.475665 -0.742657 0.375530 0.238989 -0.173020 
0.678021 -0.486515 -0.780895 0.307337 0.203765 -0.173172 
0.707955 -0.492922 -0.806136 0.233842 0.136880 -0.181027 
0.703276 -0.437521 -0.825981 0.163895 0.052635 -0.197373 
0.696380 -0.193684 -0.839195 0.107933 -0.058584 -0.231110 
0.685797 0.056610 -0.847440 0.069541 -0.180085 -0.282719 
0.669038 0.192003 -0.823475 0.042392 -0.282934 -0.369441 
0.642029 0.258830 -0.604532 0.024428 -0.361113 -0.475396 
0.596261 0.287402 -0.384328 0.012919 -0.413620 -0.585648 
0.524655 0.297325 -0.265852 0.031282 -0.448867 -0.669273 
0.425161 0.295335 -0.208411 0.251586 -0.470343 -0.737222 
0.309968 0.275675 -0.183662 0.462754 -0.484243 -0.783337 
0.202752 0.240142 -0.174868 0.586383 -0.478597 -0.812215 
0.121990 0.180688 -0.178474 0.647505 -0.292333 -0.831534 
0.070207 0.100668 -0.189842 0.674112 -0.003184 -0.843297 
0.039755 -0.020695 -0.215989 0.683045 0.163088 -0.842023 
0.022191 -0.144900 -0.261458 0.682614 0.244369 -0.708329 
0.011836 -0.253307 -0.337940 0.670090 0.282185 -0.449657 
0.005484 -0.338321 -0.435764 0.640508 0.295800 -0.298370 
0.001414 -0.399476 -0.537926 0.599341 0.294646 -0.224260 
0.001408 -0.439693 -0.632294 0.536017 0.284263 -0.189801 
0.120837 -0.463835 -0.703991 0.454961 0.258710 -0.175641 
0.640058 -0.477825 -0.753406 0.373771 0.228380 -0.171931 
0.711212 -0.487596 -0.789752 0.285568 0.180865 -0.176432 
0.708156 -0.477399 -0.813912 0.203148 0.106394 -0.187511 
0.703857 -0.315217 -0.831372 0.138377 -0.004065 -0.217922 
0.697678 -0.028140 -0.843251 0.087795 -0.131855 -0.258541 
0.688468 0.146472 -0.845788 0.053429 -0.239859 -0.313811 
0.674346 0.236065 -0.721920 0.030905 -0.331520 -0.420654 
0.652292 0.277597 -0.458346 0.017467 -0.394986 -0.530284 
0.615623 0.293726 -0.303541 0.014558 -0.436054 -0.624756 
0.558154 0.296272 -0.226850 0.083829 -0.461751 -0.703992 
0.475143 0.284450 -0.190322 0.348583 -0.478109 -0.760078 
0.370944 0.260043 -0.175785 0.526228 -0.486509 -0.796934 
0.262217 0.229074 -0.172015 0.617783 -0.423110 -0.821369 
0.169255 0.171392 -0.177047 0.660416 -0.168543 -0.836815 
0.102651 0.085716 -0.192107 0.679699 0.072098 -0.846475 
0.060436 -0.034383 -0.220211 0.684897 0.200498 -0.817386 
0.035181 -0.157613 -0.266077 0.681680 0.262069 -0.591833 
0.020159 -0.276453 -0.358817 0.666280 0.290328 -0.377452 
0.011004 -0.349894 -0.465124 0.631979 0.298693 -0.262411 
0.005214 -0.407233 -0.565582 0.595077 0.293678 -0.206694 
0.120932 -0.444843 -0.646293 0.520836 0.279780 -0.181018 
0.640113 -0.467704 -0.718833 0.429548 0.249777 -0.172079 
0.711217 -0.482535 -0.768983 0.334320 0.209160 -0.174169 
0.711212 -0.486519 -0.801944 0.232690 0.142531 -0.181525 
0.707955 -0.423323 -0.823881 0.158271 0.035527 -0.197623 
0.703276 -0.125004 -0.838512 0.099904 -0.095912 -0.242641 
0.696380 0.097707 -0.846536 0.062982 -0.210941 -0.296183 
0.685797 0.212512 -0.792165 0.037588 -0.307339 -0.384312 
0.669038 0.265821 -0.538018 0.021575 -0.376705 -0.490617 
0.642029 0.290355 -0.348001 0.011493 -0.423674 -0.591810 
0.596261 0.296022 -0.248030 0.040575 -0.453104 -0.677938 
0.524655 0.290103 -0.200004 0.267833 -0.473355 -0.741554 
0.425161 0.273058 -0.179462 0.485564 -0.486353 -0.785503 
0.309968 0.235582 -0.173854 0.597526 -0.457661 -0.813805 
0.202752 0.174646 -0.177966 0.653077 -0.185818 -0.832329 
0.121990 0.097915 -0.189513 0.676898 0.063460 -0.843695 
0.070207 -0.008480 -0.218914 0.685420 0.196517 -0.833270 
0.039755 -0.127409 -0.265429 0.681941 0.261084 -0.687987 
0.022191 -0.244561 -0.327492 0.666411 0.289835 -0.425529 
0.011836 -0.333948 -0.430541 0.638669 0.299647 -0.286162 
0.005484 -0.397290 -0.535222 0.598422 0.294155 -0.218149 
0.001414 -0.437519 -0.631113 0.533348 0.283183 -0.186746 
0.052545 -0.464042 -0.711243 0.435804 0.257413 -0.174942 
0.421745 -0.477929 -0.757032 0.364193 0.227732 -0.171582 
0.678046 -0.487647 -0.788082 0.301668 0.198137 -0.172453 
0.711212 -0.493488 -0.809730 0.231008 0.134066 -0.180667 
0.707955 -0.437805 -0.827778 0.162477 0.051228 -0.197194 
0.703276 -0.193825 -0.840094 0.107225 -0.059287 -0.231020 
0.696380 0.056539 -0.847889 0.069187 -0.180437 -0.282674 
0.685797 0.191968 -0.823700 0.042215 -0.283110 -0.369418 
0.669038 0.258813 -0.604644 0.024339 -0.361201 -0.475385 
0.642029 0.287394 -0.384384 0.013157 -0.413664 -0.585643 
0.596261 0.297320 -0.265880 0.031401 -0.448889 -0.669270 
0.524655 0.295333 -0.208425 0.251659 -0.470354 -0.735503 
0.425161 0.280574 -0.182584 0.462791 -0.484248 -0.780204 
0.309968 0.251623 -0.174330 0.586877 -0.478599 -0.810649 
0.202752 0.195560 -0.174540 0.647752 -0.292334 -0.830023 
0.121990 0.132789 -0.185198 0.675400 -0.023010 -0.842159 
0.070207 0.023815 -0.207309 0.685744 0.151519 -0.845992 
0.039755 -0.099074 -0.251789 0.683963 0.239041 -0.761861 
0.022191 -0.220928 -0.320672 0.675249 0.279534 -0.493629 
0.011836 -0.319663 -0.415088 0.651618 0.296548 -0.320225 
0.005484 -0.386695 -0.520553 0.613409 0.297532 -0.234445 
0.001414 -0.431050 -0.623607 0.543051 0.287605 -0.194157 
0.052545 -0.459514 -0.693941 0.458478 0.267001 -0.177818 
0.421745 -0.475665 -0.742657 0.375530 0.238989 -0.173020 
0.678046 -0.486515 -0.780895 0.307337 0.203765 -0.173172 
0.711212 -0.492922 -0.806136 0.233842 0.136880 -0.181027 
0.707955 -0.437521 -0.825981 0.163895 0.052635 -0.197373 
0.703276 -0.193684 -0.839195 0.107933 -0.058584 -0.231110 
0.696380 0.056610 -0.847440 0.069541 -0.180085 -0.282719 
0.685797 0.192003 -0.823475 0.042392 -0.282934 -0.369441 
0.669038 0.258830 -0.604532 0.024428 -0.361113 -0.475396 
0.642029 0.287402 -0.384328 0.013201 -0.413620 -0.585648 
0.596261 0.297325 -0.265852 0.031423 -0.448867 -0.669273 
0.524655 0.295335 -0.208411 0.251670 -0.470343 -0.735504 
0.425161 0.280575 -0.182577 0.462796 -0.484243 -0.780204 
0.309968 0.251623 -0.174326 0.586879 -0.478597 -0.810649 
0.202752 0.195561 -0.174538 0.647754 -0.292333 -0.830023 
0.121990 0.132789 -0.185197 0.675401 -0.023009 -0.842159 
0.070207 0.023816 -0.207309 0.685744 0.151520 -0.845992 
0.039755 -0.099074 -0.251788 0.683963 0.239041 -0.761861 
0.022191 -0.220928 -0.320672 0.675249 0.279534 -0.493629 
0.011836 -0.319663 -0.415088 0.651618 0.296548 -0.320225 
0.005484 -0.386695 -0.520553 0.613409 0.297532 -0.234445 
0.001414 -0.431050 -0.623607 0.543051 0.287605 -0.194157 
0.052545 -0.459514 -0.693941 0.458478 0.267001 -0.177818 
0.421745 -0.475665 -0.742657 0.375530 0.238989 -0.173020 
0.678046 -0.486515 -0.780895 0.307337 0.203765 -0.173172 
0.711212 -0.492922 -0.806136 0.233842 0.136880 -0.181027 
0.707955 -0.437521 -0.825981 0.163895 0.052635 -0.197373 
0.703276 -0.193684 -0.839195 0.107933 -0.058584 -0.231110 
0.696380 0.056610 -0.847440 0.069541 -0.180085 -0.282719 
0.685797 0.192003 -0.823475 0.042392 -0.282934 -0.369441 
0.669038 0.258830 -0.604532 0.024428 -0.361113 -0.475396 
0.641776 0.287402 -0.384328 0.013201 -0.413620 -0.585648 
0.595909 0.297325 -0.265852 0.031423 -0.448867 -0.669273 
0.524200 0.295335 -0.208411 0.251670 -0.470343 -0.735504 
0.424653 0.280575 -0.182577 0.462796 -0.484243 -0.780204 
0.309505 0.251623 -0.174326 0.586879 -0.478597 -0.810649 
0.202413 0.195561 -0.174538 0.647754 -0.292333 -0.830023 
0.121783 0.132789 -0.185197 0.675401 -0.023009 -0.842159 
0.070095 0.023816 -0.207309 0.685744 0.151520 -0.845992 
0.039697 -0.099074 -0.251788 0.683963 0.239041 -0.761861 
0.022160 -0.220928 -0.320672 0.675249 0.279534 -0.493629 
0.011819 -0.319663 -0.415088 0.651618 0.296548 -0.320225 
0.005474 -0.386695 -0.520553 0.613409 0.297532 -0.234445 
0.001408 -0.431050 -0.623607 0.543051 0.287605 -0.194157 
0.052501 -0.459514 -0.693941 0.458478 0.267001 -0.177818 
0.421595 -0.475665 -0.742657 0.375530 0.238989 -0.173020 
0.678021 -0.486515 -0.780895 0.307337 0.203765 -0.173172 
0.711207 -0.492922 -0.806136 0.233842 0.136880 -0.181027 
0.707949 -0.437521 -0.825981 0.163895 0.052635 -0.197373 
0.703276 -0.193684 -0.839195 0.107933 -0.058584 -0.231110 
0.696408 0.056610 -0.847440 0.069541 -0.180085 -0.282719 
0.685944 0.192003 -0.823475 0.042392 -0.282934 -0.369441 
0.669641 0.258830 -0.604532 0.024428 -0.361113 -0.475396 
0.641789 0.287402 -0.384328 0.013201 -0.413620 -0.585648 
0.595944 0.297325 -0.265852 0.031423 -0.448867 -0.669273 
0.524269 0.295335 -0.208411 0.251670 -0.470343 -0.735504 
0.424755 0.280575 -0.182577 0.462796 -0.484243 -0.780204 
0.309622 0.251623 -0.174326 0.586879 -0.478597 -0.810649 
0.202516 0.195561 -0.174538 0.647754 -0.292333 -0.830023 
0.121857 0.132789 -0.185197 0.675401 -0.023009 -0.842159 
0.070140 0.023816 -0.207309 0.685744 0.151520 -0.845992 
0.039723 -0.099074 -0.251788 0.683963 0.239041 -0.761861 
0.022176 -0.220928 -0.320672 0.675249 0.279534 -0.493629 
0.011829 -0.319663 -0.415088 0.651618 0.296548 -0.320225 
0.005480 -0.386695 -0.520553 0.613409 0.297532 -0.234445 
0.001412 -0.431050 -0.623607 0.543051 0.287605 -0.194157 
0.052533 -0.459514 -0.693941 0.458478 0.267001 -0.177818 
0.421712 -0.475665 -0.742657 0.375530 0.238989 -0.173020 
0.678042 -0.486515 -0.780895 0.307337 0.203765 -0.173172 
0.711211 -0.492922 -0.806136 0.233842 0.136880 -0.181027 
0.707955 -0.437521 -0.825981 0.163895 0.052635 -0.197373 
0.703339 -0.193684 -0.839195 0.107933 -0.058584 -0.231110 
0.696579 0.056610 -0.847440 0.069541 -0.180085 -0.282719 
0.686430 0.192003 -0.823475 0.042392 -0.282934 -0.369441 
0.669641 0.258830 -0.604532 0.024428 -0.361113 -0.475396 
0.641776 0.287402 -0.384328 0.013201 -0.413620 -0.585648 
0.595909 0.297325 -0.265852 0.031423 -0.448867 -0.669273 
0.524200 0.295335 -0.208411 0.251670 -0.470343 -0.735504 
0.424653 0.280575 -0.182577 0.462796 -0.484243 -0.780204 
0.309505 0.251623 -0.174326 0.586879 -0.478597 -0.810649 
0.202413 0.195561 -0.174538 0.647754 -0.292333 -0.830023 
0.121783 0.132789 -0.185197 0.675401 -0.023009 -0.842159 
0.070095 0.023816 -0.207309 0.685744 0.151520 -0.845992 
0.039697 -0.099074 -0.251788 0.683963 0.239041 -0.761861 
0.022160 -0.220928 -0.320672 0.675249 0.279534 -0.493629 
0.011819 -0.319663 -0.415088 0.651618 0.296548 -0.320225 
0.005474 -0.386695 -0.520553 0.613409 0.297532 -0.234445 
0.001408 -0.431050 -0.623607 0.543051 0.287605 -0.194157 
0.052501 -0.459514 -0.693941 0.458478 0.267001 -0.177818 
0.421595 -0.475665 -0.742657 0.375530 0.238989 -0.173020 
0.678021 -0.486515 -0.780895 0.307337 0.203765 -0.173172 
0.711207 -0.492922 -0.806136 0.233842 0.136880 -0.181027 
0.707949 -0.437521 -0.825981 0.163895 0.052635 -0.197373 
0.703319 -0.193684 -0.839195 0.107933 -0.058584 -0.231110 
0.696479 0.056610 -0.847440 0.069541 -0.180085 -0.282719 
0.686037 0.192003 -0.823475 0.042392 -0.282934 -0.369441 
0.669641 0.258830 -0.604532 0.024428 -0.361113 -0.475396 
0.641776 0.287402 -0.384328 0.013201 -0.413620 -0.585648 
0.595909 0.297325 -0.265852 0.031423 -0.448867 -0.669273 
0.524200 0.295335 -0.208411 0.251670 -0.470343 -0.735504 
0.424653 0.280575 -0.182577 0.462796 -0.484243 -0.780204 
0.309505 0.251623 -0.174326 0.586879 -0.478597 -0.810649 
0.202413 0.195561 -0.174538 0.647754 -0.292333 -0.830023 
0.121783 0.132789 -0.185197 0.675401 -0.023009 -0.842159 
0.070095 0.023816 -0.207309 0.685744 0.151520 -0.845992 
0.039697 -0.099074 -0.251788 0.683963 0.239041 -0.761861 
0.022160 -0.220928 -0.320672 0.675249 0.279534 -0.493629 
0.011819 -0.319663 -0.415088 0.651618 0.296548 -0.320225 
0.005474 -0.386695 -0.520553 0.613409 0.297532 -0.234445 
0.001408 -0.431050 -0.623607 0.543051 0.287605 -0.194157 
0.052501 -0.459514 -0.693941 0.458478 0.267001 -0.177818 
0.421595 -0.475665 -0.742657 0.375530 0.238989 -0.173020 
0.678021 -0.486515 -0.780895 0.307337 0.203765 -0.173172 
0.711207 -0.492922 -0.806136 0.233842 0.136880 -0.181027 
0.707949 -0.437521 -0.825981 0.163895 0.052635 -0.197373 
0.703319 -0.193684 -0.839195 0.107933 -0.058584 -0.231110 
0.696479 0.056610 -0.847440 0.069541 -0.180085 -0.282719 
0.686037 0.192003 -0.823475 0.042392 -0.282934 -0.369441 
0.669641 0.258830 -0.604532 0.024428 -0.361113 -0.475396 
0.641776 0.287402 -0.384328 0.013201 -0.413620 -0.585648 
0.595909 0.297325 -0.265852 0.031423 -0.448867 -0.669273 
0.524200 0.295335 -0.208411 0.251670 -0.470343 -0.735504 
0.424653 0.280575 -0.182577 0.462796 -0.484243 -0.780204 
0.309505 0.251623 -0.174326 0.586879 -0.478597 -0.810649 
0.202413 0.195561 -0.174538 0.647754 -0.292333 -0.830023 
0.121783 0.132789 -0.185197 0.675401 -0.023009 -0.842159 
0.070095 0.023816 -0.207309 0.685744 0.151520 -0.845992 
0.039697 -0.099074 -0.251788 0.683963 0.239041 -0.761861 
0.022160 -0.220928 -0.320672 0.675249 0.279534 -0.493629 
0.011819 -0.319663 -0.415088 0.651618 0.296548 -0.320225 
0.005474 -0.386695 -0.520553 0.613409 0.297532 -0.234445 
0.001408 -0.431050 -0.623607 0.543051 0.287605 -0.194157 
0.052501 -0.459514 -0.693941 0.458478 0.267001 -0.177818 
0.421595 -0.475665 -0.742657 0.375530 0.238989 -0.173020 
0.678021 -0.486515 -0.780895 0.307337 0.203765 -0.173172 
0.707955 -0.492922 -0.806136 0.233842 0.136880 -0.181027 
0.703276 -0.437521 -0.825981 0.163895 0.052635 -0.197373 
0.696380 -0.193684 -0.839195 0.107933 -0.058584 -0.231110 
0.685797 0.056610 -0.847440 0.069541 -0.180085 -0.282719 
0.669038 0.192003 -0.823475 0.042392 -0.282934 -0.369441 
0.642029 0.258830 -0.604532 0.024428 -0.361113 -0.475396 
0.596261 0.287402 -0.384328 0.012919 -0.413620 -0.585648 
0.524655 0.297325 -0.265852 0.031282 -0.448867 -0.669273 
0.425161 0.295335 -0.208411 0.251586 -0.470343 -0.737222 
0.309968 0.275675 -0.183662 0.462754 -0.484243 -0.783337 
0.202752 0.240142 -0.174868 0.586383 -0.478597 -0.812215 
0.121990 0.180688 -0.178474 0.647505 -0.292333 -0.831534 
0.070207 0.100668 -0.189842 0.674112 -0.003184 -0.843297 
0.039755 -0.020695 -0.215989 0.683045 0.163088 -0.842023 
0.022191 -0.144900 -0.261458 0.682614 0.244369 -0.708329 
0.011836 -0.253307 -0.337940 0.670090 0.282185 -0.449657 
0.005484 -0.338321 -0.435764 0.640508 0.295800 -0.298370 
0.001414 -0.399476 -0.537926 0.599341 0.294646 -0.224260 
0.001408 -0.439693 -0.632294 0.536017 0.284263 -0.189801 
0.120837 -0.463835 -0.703991 0.454961 0.258710 -0.175641 
0.640058 -0.477825 -0.753406 0.373771 0.228380 -0.171931 
0.711212 -0.487596 -0.789752 0.285568 0.180865 -0.176432 
0.708156 -0.477399 -0.813912 0.203148 0.106394 -0.187511 
0.703857 -0.315217 -0.831372 0.138377 -0.004065 -0.217922 
0.697678 -0.028140 -0.843251 0.087795 -0.131855 -0.258541 
0.688468 0.146472 -0.845788 0.053429 -0.239859 -0.313811 
0.674346 0.236065 -0.721920 0.030905 -0.331520 -0.420654 
0.652292 0.277597 -0.458346 0.017467 -0.394986 -0.530284 
0.615623 0.293726 -0.303541 0.014558 -0.436054 -0.624756 
0.558154 0.296272 -0.226850 0.083829 -0.461751 -0.703992 
0.475143 0.284450 -0.190322 0.348583 -0.478109 -0.760078 
0.370944 0.260043 -0.175785 0.526228 -0.486509 -0.796934 
0.262217 0.229074 -0.172015 0.617783 -0.423110 -0.821369 
0.169255 0.171392 -0.177047 0.660416 -0.168543 -0.836815 
0.102651 0.085716 -0.192107 0.679699 0.072098 -0.846475 
0.060436 -0.034383 -0.220211 0.684897 0.200498 -0.817386 
0.035181 -0.157613 -0.266077 0.681680 0.262069 -0.591833 
0.020159 -0.276453 -0.358817 0.666280 0.290328 -0.377452 
0.011004 -0.349894 -0.465124 0.631979 0.298693 -0.262411 
0.005214 -0.407233 -0.565582 0.595077 0.293678 -0.206694 
0.001408 -0.444843 -0.646293 0.520836 0.279780 -0.181018 
0.120837 -0.467704 -0.718833 0.429548 0.255712 -0.172079 
0.640058 -0.479760 -0.764896 0.350163 0.226881 -0.171377 
0.711212 -0.488563 -0.792014 0.282920 0.184042 -0.173818 
0.708156 -0.488335 -0.815043 0.206989 0.107982 -0.186204 
0.703857 -0.406127 -0.831938 0.140298 0.010518 -0.212238 
0.697678 -0.073594 -0.842540 0.090917 -0.108416 -0.255699 
0.688468 0.123745 -0.845432 0.057552 -0.228140 -0.312390 
0.674346 0.224933 -0.766978 0.034389 -0.320915 -0.407874 
0.652292 0.272032 -0.503160 0.019209 -0.386520 -0.513365 
0.615623 0.292164 -0.328646 0.012208 -0.431822 -0.616296 
0.558154 0.296926 -0.239402 0.057085 -0.459635 -0.693735 
0.475143 0.290555 -0.196598 0.306177 -0.477051 -0.752356 
0.370944 0.263095 -0.178392 0.505025 -0.488202 -0.793073 
0.262217 0.230600 -0.173319 0.607256 -0.423956 -0.818649 
0.169255 0.172155 -0.177699 0.655152 -0.168966 -0.835455 
0.102651 0.086097 -0.192433 0.677067 0.071887 -0.845795 
0.060436 -0.034192 -0.220374 0.683581 0.200392 -0.817046 
0.035181 -0.157518 -0.266159 0.681022 0.262016 -0.591663 
0.020159 -0.276406 -0.358858 0.665951 0.290302 -0.377367 
0.011004 -0.349870 -0.465144 0.631815 0.298680 -0.262368 
0.005214 -0.407221 -0.565592 0.594994 0.293672 -0.206672 
0.120932 -0.444837 -0.646298 0.520795 0.279777 -0.181008 
0.640113 -0.467701 -0.718836 0.429527 0.249776 -0.172073 
0.711217 -0.482533 -0.768984 0.334310 0.209159 -0.174166 
0.711212 -0.486519 -0.801945 0.232684 0.142530 -0.181524 
0.707955 -0.423323 -0.823881 0.158268 0.035527 -0.197622 
0.703276 -0.125004 -0.838512 0.099902 -0.095912 -0.242641 
0.696380 0.097707 -0.846536 0.062982 -0.210941 -0.296183 
0.685797 0.212512 -0.792165 0.037587 -0.307339 -0.384312 
0.669038 0.265821 -0.538018 0.021575 -0.376705 -0.490617 
0.642029 0.290355 -0.348001 0.011493 -0.423674 -0.591810 
0.596261 0.296022 -0.248030 0.040575 -0.453104 -0.677938 
0.524655 0.290103 -0.200004 0.267832 -0.473355 -0.741554 
0.425161 0.273058 -0.179462 0.485564 -0.486353 -0.785503 
0.309968 0.235582 -0.173854 0.597526 -0.457661 -0.813805 
0.202752 0.174646 -0.177966 0.653077 -0.185818 -0.832329 
0.121990 0.097915 -0.189513 0.676898 0.063460 -0.843695 
0.070207 -0.008480 -0.218914 0.685420 0.196517 -0.833270 
0.039755 -0.127409 -0.265429 0.681941 0.261084 -0.687987 
0.022191 -0.244561 -0.327492 0.666411 0.289835 -0.425529 
0.011836 -0.333948 -0.430541 0.638669 0.299647 -0.286162 
0.005484 -0.397290 -0.535222 0.598422 0.294155 -0.218149 
0.001414 -0.437519 -0.631113 0.533348 0.283183 -0.186746 
0.052545 -0.464042 -0.711243 0.435804 0.257413 -0.174942 
0.421745 -0.477929 -0.757032 0.364193 0.227732 -0.171582 
0.678046 -0.487647 -0.788082 0.301668 0.198137 -0.172453 
0.711212 -0.493488 -0.809730 0.231008 0.134066 -0.180667 
0.707955 -0.437805 -0.827778 0.162477 0.051228 -0.197194 
0.703276 -0.193825 -0.840094 0.107225 -0.059287 -0.231020 
0.696380 0.056539 -0.847889 0.069187 -0.180437 -0.282674 
0.685797 0.191968 -0.823700 0.042215 -0.283110 -0.369418 
0.669038 0.258813 -0.604644 0.024339 -0.361201 -0.475385 
0.642029 0.287394 -0.384384 0.013157 -0.413664 -0.585643 
0.596261 0.297320 -0.265880 0.031401 -0.448889 -0.669270 
0.524655 0.295333 -0.208425 0.251659 -0.470354 -0.735503 
0.425161 0.280574 -0.182584 0.462791 -0.484248 -0.780204 
0.309968 0.251623 -0.174330 0.586877 -0.478599 -0.810649 
0.202752 0.195560 -0.174540 0.647752 -0.292334 -0.830023 
0.121990 0.132789 -0.185198 0.675400 -0.023010 -0.842159 
0.070207 0.023815 -0.207309 0.685744 0.151519 -0.845992 
0.039755 -0.099074 -0.251789 0.683963 0.239041 -0.761861 
0.022191 -0.220928 -0.320672 0.675249 0.279534 -0.493629 
0.011836 -0.319663 -0.415088 0.651618 0.296548 -0.320225 
0.005484 -0.386695 -0.520553 0.613409 0.297532 -0.234445 
0.001414 -0.431050 -0.623607 0.543051 0.287605 -0.194157 
0.052545 -0.459514 -0.693941 0.458478 0.267001 -0.177818 
0.421745 -0.475665 -0.742657 0.375530 0.238989 -0.173020 
0.678046 -0.486515 -0.780895 0.307337 0.203765 -0.173172 
0.711212 -0.492922 -0.806136 0.233842 0.136880 -0.181027 
0.707955 -0.437521 -0.825981 0.163895 0.052635 -0.197373 
0.703276 -0.193684 -0.839195 0.107933 -0.058584 -0.231110 
0.696380 0.056610 -0.847440 0.069541 -0.180085 -0.282719 
0.685797 0.192003 -0.823475 0.042392 -0.282934 -0.369441 
0.669038 0.258830 -0.604532 0.024428 -0.361113 -0.475396 
0.641776 0.287402 -0.384328 0.013201 -0.413620 -0.585648 
0.595909 0.297325 -0.265852 0.031423 -0.448867 -0.669273 
0.524200 0.295335 -0.208411 0.251670 -0.470343 -0.735504 
0.424653 0.280575 -0.182577 0.462796 -0.484243 -0.780204 
0.309505 0.251623 -0.174326 0.586879 -0.478597 -0.810649 
0.202413 0.195561 -0.174538 0.647754 -0.292333 -0.830023 
0.121783 0.132789 -0.185197 0.675401 -0.023009 -0.842159 
0.070095 0.023816 -0.207309 0.685744 0.151520 -0.845992 
0.039697 -0.099074 -0.251788 0.683963 0.239041 -0.761861 
0.022160 -0.220928 -0.320672 0.675249 0.279534 -0.493629 
0.011819 -0.319663 -0.415088 0.651618 0.296548 -0.320225 
0.005474 -0.386695 -0.520553 0.613409 0.297532 -0.234445 
0.001408 -0.431050 -0.623607 0.543051 0.287605 -0.194157 
0.052501 -0.459514 -0.693941 0.458478 0.267001 -0.177818 
0.421595 -0.475665 -0.742657 0.375530 0.238989 -0.173020 
0.678021 -0.486515 -0.780895 0.307337 0.203765 -0.173172 
0.711207 -0.492922 -0.806136 0.233842 0.136880 -0.181027 
0.707949 -0.437521 -0.825981 0.163895 0.052635 -0.197373 
0.703276 -0.193684 -0.839195 0.107933 -0.058584 -0.231110 
0.696408 0.056610 -0.847440 0.069541 -0.180085 -0.282719 
0.685944 0.192003 -0.823475 0.042392 -0.282934 -0.369441 
0.669641 0.258830 -0.604532 0.024428 -0.361113 -0.475396 
0.641789 0.287402 -0.384328 0.013201 -0.413620 -0.585648 
0.595944 0.297325 -0.265852 0.031423 -0.448867 -0.669273 
0.524269 0.295335 -0.208411 0.251670 -0.470343 -0.735504 
0.424755 0.280575 -0.182577 0.462796 -0.484243 -0.780204 
0.309622 0.251623 -0.174326 0.586879 -0.478597 -0.810649 
0.202516 0.195561 -0.174538 0.647754 -0.292333 -0.830023 
0.121857 0.132789 -0.185197 0.675401 -0.023009 -0.842159 
0.070140 0.023816 -0.207309 0.685744 0.151520 -0.845992 
0.039723 -0.099074 -0.251788 0.683963 0.239041 -0.761861 
0.022176 -0.220928 -0.320672 0.675249 0.279534 -0.493629 
0.011829 -0.319663 -0.415088 0.651618 0.296548 -0.320225 
0.005480 -0.386695 -0.520553 0.613409 0.297532 -0.234445 
0.001412 -0.431050 -0.623607 0.543051 0.287605 -0.194157 
0.052533 -0.459514 -0.693941 0.458478 0.267001 -0.177818 
0.421712 -0.475665 -0.742657 0.375530 0.238989 -0.173020 
0.678042 -0.486515 -0.780895 0.307337 0.203765 -0.173172 
0.711211 -0.492922 -0.806136 0.233842 0.136880 -0.181027 
0.707955 -0.437521 -0.825981 0.163895 0.052635 -0.197373 
0.703276 -0.193684 -0.839195 0.107933 -0.058584 -0.231110 
0.696408 0.056610 -0.847440 0.069541 -0.180085 -0.282719 
0.685944 0.192003 -0.823475 0.042392 -0.282934 -0.369441 
0.669641 0.258830 -0.604532 0.024428 -0.361113 -0.475396 
0.641789 0.287402 -0.384328 0.013201 -0.413620 -0.585648 
0.595944 0.297325 -0.265852 0.031423 -0.448867 -0.669273 
0.524269 0.295335 -0.208411 0.251670 -0.470343 -0.735504 
0.424755 0.280575 -0.182577 0.462796 -0.484243 -0.780204 
0.309622 0.251623 -0.174326 0.586879 -0.478597 -0.810649 
0.202516 0.195561 -0.174538 0.647754 -0.292333 -0.830023 
0.121857 0.132789 -0.185197 0.675401 -0.023009 -0.842159 
0.070140 0.023816 -0.207309 0.685744 0.151520 -0.845992 
0.039723 -0.099074 -0.251788 0.683963 0.239041 -0.761861 
0.022176 -0.220928 -0.320672 0.675249 0.279534 -0.493629 
0.011829 -0.319663 -0.415088 0.651618 0.296548 -0.320225 
0.005480 -0.386695 -0.520553 0.613409 0.297532 -0.234445 
0.001412 -0.431050 -0.623607 0.543051 0.287605 -0.194157 
0.052533 -0.459514 -0.693941 0.458478 0.267001 -0.177818 
0.421712 -0.475665 -0.742657 0.375530 0.238989 -0.173020 
0.678042 -0.486515 -0.780895 0.307337 0.203765 -0.173172 
0.711211 -0.492922 -0.806136 0.233842 0.136880 -0.181027 
0.707955 -0.437521 -0.825981 0.163895 0.052635 -0.197373 
0.703339 -0.193684 -0.839195 0.107933 -0.058584 -0.231110 
0.696579 0.056610 -0.847440 0.069541 -0.180085 -0.282719 
0.686430 0.192003 -0.823475 0.042392 -0.282934 -0.369441 
0.669641 0.258830 -0.604532 0.024428 -0.361113 -0.475396 
0.641776 0.287402 -0.384328 0.013201 -0.413620 -0.585648 
0.595909 0.297325 -0.265852 0.031423 -0.448867 -0.669273 
0.524200 0.295335 -0.208411 0.251670 -0.470343 -0.735504 
0.424653 0.280575 -0.182577 0.462796 -0.484243 -0.780204 
0.309505 0.251623 -0.174326 0.586879 -0.478597 -0.810649 
0.202413 0.195561 -0.174538 0.647754 -0.292333 -0.830023 
0.121783 0.132789 -0.185197 0.675401 -0.023009 -0.842159 
0.070095 0.023816 -0.207309 0.685744 0.151520 -0.845992 
0.039697 -0.099074 -0.251788 0.683963 0.239041 -0.761861 
0.022160 -0.220928 -0.320672 0.675249 0.279534 -0.493629 
0.011819 -0.319663 -0.415088 0.651618 0.296548 -0.320225 
0.005474 -0.386695 -0.520553 0.613409 0.297532 -0.234445 
0.001408 -0.431050 -0.623607 0.543051 0.287605 -0.194157 
0.052501 -0.459514 -0.693941 0.458478 0.267001 -0.177818 
0.421595 -0.475665 -0.742657 0.375530 0.238989 -0.173020 
0.678021 -0.486515 -0.780895 0.307337 0.203765 -0.173172 
0.711207 -0.492922 -0.806136 0.233842 0.136880 -0.181027 
0.707949 -0.437521 -0.825981 0.163895 0.052635 -0.197373 
0.703319 -0.193684 -0.839195 0.107933 -0.058584 -0.231110 
0.696479 0.056610 -0.847440 0.069541 -0.180085 -0.282719 
0.686037 0.192003 -0.823475 0.042392 -0.282934 -0.369441 
0.669641 0.258830 -0.604532 0.024428 -0.361113 -0.475396 
0.641776 0.287402 -0.384328 0.013201 -0.413620 -0.585648 
0.595909 0.297325 -0.265852 0.031423 -0.448867 -0.669273 
0.524200 0.295335 -0.208411 0.251670 -0.470343 -0.735504 
0.424653 0.280575 -0.182577 0.462796 -0.484243 -0.780204 
0.309505 0.251623 -0.174326 0.586879 -0.478597 -0.810649 
0.202413 0.195561 -0.174538 0.647754 -0.292333 -0.830023 
0.121783 0.132789 -0.185197 0.675401 -0.023009 -0.842159 
0.070095 0.023816 -0.207309 0.685744 0.151520 -0.845992 
