0.357500 0.000000 0.000000 0.000000 0.000000 0.000000 
0.357500 0.000000 0.000000 0.000000 0.000000 0.000000 
-0.009420 0.000000 0.000000 0.000000 0.000000 0.000000 
0.724576 0.000000 0.000000 0.000000 0.000000 0.000000 
0.640965 0.000000 0.000000 0.000000 0.000000 0.000000 
0.001386 0.000000 0.000000 0.000000 0.000000 0.000000 
0.001386 0.000000 0.000000 0.000000 0.000000 0.000000 
0.001386 0.000000 0.000000 0.000000 0.000000 0.000000 
0.001386 0.000000 0.000000 0.000000 0.000000 0.000000 
0.001386 0.000000 0.000000 0.000000 0.000000 0.000000 
0.001386 0.000000 0.000000 0.000000 0.000000 0.000000 
0.001386 0.000000 0.000000 0.000000 0.000000 0.000000 
0.001386 0.000000 0.000000 0.000000 0.000000 0.000000 
0.001386 0.000000 0.000000 0.000000 0.000000 0.000000 
0.001386 0.000000 0.000000 0.000000 0.000000 0.000000 
0.001386 0.000000 0.000000 0.000000 0.000000 0.000000 
0.001386 0.000000 0.000000 0.000000 0.000000 0.000000 
0.001386 0.000000 0.000000 0.000000 0.000000 0.000000 
0.001386 0.000000 0.000000 0.000000 0.000000 0.000000 
0.001386 0.000000 0.000000 0.000000 0.000000 0.000000 
0.001386 0.000000 0.000000 0.000000 0.000000 0.000000 
0.001386 0.000000 0.000000 0.000000 0.000000 0.000000 
0.001386 0.000000 0.000000 0.000000 0.000000 0.000000 
0.001386 0.000000 0.000000 0.000000 0.000000 0.000000 
0.711202 0.000000 0.000000 0.000000 0.000000 0.000000 
0.711202 0.000000 0.000000 0.000000 0.000000 0.000000 
0.711202 0.000000 0.000000 0.000000 0.000000 0.000000 
0.711202 0.000000 0.000000 0.000000 0.000000 0.000000 
0.708328 -0.120531 -0.677565 -0.231387 -0.379823 -0.399580 
0.704359 0.100277 -0.765179 -0.106162 -0.363843 -0.384330 
0.698720 0.213837 -0.760567 -0.045459 -0.383498 -0.420247 
0.691198 0.269747 -0.679310 -0.018866 -0.403339 -0.485545 
0.679052 0.292861 -0.437041 -0.006598 -0.427732 -0.562729 
0.660230 0.303242 -0.295586 -0.002594 -0.449152 -0.629315 
0.630653 0.305245 -0.221481 0.023525 -0.465801 -0.691106 
0.584433 0.302032 -0.185820 0.120930 -0.477680 -0.731140 
0.516282 0.293108 -0.168899 0.296409 -0.486074 -0.768155 
0.425729 0.279461 -0.162821 0.485166 -0.491500 -0.795602 
0.322202 0.257548 -0.162034 0.594520 -0.493205 -0.814696 
0.223073 0.227793 -0.165552 0.652016 -0.461087 -0.829377 
0.143476 0.183646 -0.170151 0.680322 -0.329387 -0.839106 
0.088164 0.126831 -0.180665 0.691685 -0.056946 -0.846209 
0.053104 0.033172 -0.198603 0.695333 0.127897 -0.851396 
0.031698 -0.060655 -0.223591 0.692715 0.227955 -0.837121 
0.018595 -0.164880 -0.265258 0.687448 0.276803 -0.705878 
0.010370 -0.253831 -0.327325 0.676992 0.298820 -0.475215 
0.005030 -0.324562 -0.396764 0.663936 0.307098 -0.319143 
0.001439 -0.373949 -0.484097 0.637431 0.307078 -0.233273 
0.001433 -0.417290 -0.562093 0.597803 0.300285 -0.191712 
0.001428 -0.446347 -0.634391 0.535248 0.288981 -0.172790 
0.001423 -0.466548 -0.699332 0.463394 0.267690 -0.166631 
0.001418 -0.478557 -0.745353 0.400827 0.243732 -0.164885 
0.052593 -0.485186 -0.778156 0.335803 0.220891 -0.167780 
0.421973 -0.489183 -0.794557 0.303291 0.202443 -0.169227 
0.678095 -0.493275 -0.806845 0.271192 0.185492 -0.172743 
0.711223 -0.496068 -0.820878 0.215770 0.127744 -0.180812 
0.711219 -0.461746 -0.831507 0.154858 0.055194 -0.197266 
0.708887 -0.307390 -0.840170 0.107905 -0.029664 -0.222799 
0.705847 -0.024226 -0.846657 0.074721 -0.128508 -0.260980 
0.701843 0.148429 -0.849725 0.049454 -0.227238 -0.309748 
0.696479 0.237913 -0.836355 0.032348 -0.306511 -0.371470 
0.689158 0.281785 -0.717204 0.020038 -0.364846 -0.449484 
0.679052 0.300458 -0.478273 0.012033 -0.408486 -0.534170 
0.663983 0.307041 -0.316202 0.006722 -0.439529 -0.615035 
0.641837 0.307144 -0.231789 0.028183 -0.460989 -0.683966 
0.609598 0.300245 -0.191380 0.143951 -0.476404 -0.733597 
0.563759 0.286437 -0.172587 0.378644 -0.485436 -0.774881 
0.501845 0.271225 -0.165220 0.537385 -0.492395 -0.802167 
0.424775 0.247188 -0.164105 0.624173 -0.482673 -0.820357 
0.338636 0.215296 -0.167848 0.666756 -0.421191 -0.833080 
0.253563 0.164503 -0.174963 0.687692 -0.167583 -0.841967 
0.179476 0.092844 -0.185410 0.695370 0.053658 -0.848131 
0.121833 0.003843 -0.203255 0.695729 0.186990 -0.848978 
0.080686 -0.083206 -0.231396 0.691440 0.257576 -0.818638 
0.052833 -0.164772 -0.271670 0.684951 0.291613 -0.592459 
0.034391 -0.263243 -0.330612 0.671259 0.305820 -0.408928 
0.022168 -0.329268 -0.407205 0.649623 0.309691 -0.277874 
0.013942 -0.387534 -0.501924 0.624105 0.308375 -0.212932 
0.008282 -0.426053 -0.583982 0.591140 0.298519 -0.181954 
0.004292 -0.451901 -0.655493 0.529707 0.285365 -0.167912 
0.031404 -0.469939 -0.709883 0.451806 0.261841 -0.164696 
0.220293 -0.480877 -0.750629 0.372194 0.236409 -0.163917 
0.581476 -0.486346 -0.780794 0.321487 0.217230 -0.167296 
0.690505 -0.491856 -0.799963 0.280289 0.192886 -0.171778 
0.711213 -0.495592 -0.817437 0.220319 0.131440 -0.180329 
0.708764 -0.461507 -0.829787 0.161252 0.057043 -0.197025 
0.705532 -0.307271 -0.839794 0.111102 -0.028603 -0.217649 
0.701212 -0.024167 -0.846603 0.074164 -0.127977 -0.252654 
0.695295 0.148126 -0.850581 0.049175 -0.226973 -0.305585 
0.687012 0.238284 -0.825046 0.032209 -0.306378 -0.369337 
0.675202 0.281970 -0.711549 0.020295 -0.368439 -0.448168 
0.658157 0.300550 -0.464827 0.012162 -0.410252 -0.533512 
0.632010 0.307720 -0.311406 0.006787 -0.440447 -0.613258 
0.593543 0.307484 -0.229388 0.028216 -0.462281 -0.684379 
0.538966 0.300415 -0.189762 0.167540 -0.477050 -0.733803 
0.466740 0.286522 -0.171778 0.403800 -0.486744 -0.775999 
0.380491 0.261078 -0.165349 0.553548 -0.493048 -0.804895 
0.289819 0.232844 -0.165712 0.632078 -0.482999 -0.823501 
0.206758 0.186171 -0.170231 0.670353 -0.340344 -0.836449 
0.139970 0.128094 -0.180705 0.686701 -0.047014 -0.844880 
0.091655 0.037160 -0.193936 0.692841 0.136654 -0.850730 
0.059061 -0.038858 -0.221126 0.691468 0.232775 -0.836788 
0.037789 -0.142598 -0.264026 0.686825 0.279213 -0.705711 
0.023963 -0.242690 -0.326708 0.676680 0.300866 -0.465554 
0.014850 -0.318992 -0.396456 0.663780 0.308137 -0.314312 
0.008701 -0.371163 -0.465023 0.637354 0.307598 -0.230841 
0.004441 -0.415897 -0.552463 0.597764 0.303057 -0.190489 
0.001411 -0.445651 -0.639562 0.535229 0.290367 -0.172179 
0.001406 -0.464052 -0.701918 0.463384 0.268383 -0.166325 
0.031368 -0.477309 -0.746646 0.400822 0.244079 -0.164732 
0.220106 -0.484562 -0.774734 0.346702 0.221065 -0.166477 
0.581354 -0.488871 -0.792846 0.292923 0.202530 -0.168576 
0.690481 -0.493119 -0.809471 0.245144 0.167939 -0.172418 
0.708876 -0.490612 -0.823772 0.188101 0.118967 -0.180649 
0.705833 -0.436367 -0.834799 0.141024 0.023745 -0.197185 
0.701796 -0.193106 -0.842300 0.096498 -0.073028 -0.222758 
0.696365 0.032916 -0.848715 0.066855 -0.166337 -0.268787 
0.688880 0.177000 -0.848520 0.042959 -0.257100 -0.318934 
0.678372 0.252198 -0.802238 0.027093 -0.330126 -0.387548 
0.663418 0.288928 -0.593913 0.016778 -0.384709 -0.469196 
0.641837 0.304029 -0.394342 0.009732 -0.421580 -0.554555 
0.609598 0.308162 -0.274237 0.010690 -0.449352 -0.636891 
0.563759 0.304926 -0.211148 0.056326 -0.467033 -0.704032 
0.501845 0.294554 -0.181060 0.264108 -0.479426 -0.754601 
0.424775 0.280184 -0.168901 0.463137 -0.488177 -0.788825 
0.338636 0.257910 -0.165075 0.583505 -0.491543 -0.811308 
0.253563 0.227974 -0.167072 0.646509 -0.460256 -0.827682 
0.179476 0.183736 -0.174576 0.677568 -0.283163 -0.838540 
0.121833 0.126876 -0.182878 0.690308 -0.018424 -0.846249 
0.080686 0.036551 -0.199709 0.694645 0.150949 -0.851414 
0.052833 -0.058965 -0.224012 0.692370 0.239923 -0.837130 
0.034391 -0.152652 -0.265469 0.685416 0.282787 -0.705882 
0.022168 -0.247717 -0.327430 0.675976 0.301812 -0.465640 
0.013942 -0.321505 -0.396817 0.656953 0.308610 -0.314355 
0.008282 -0.379590 -0.484124 0.627316 0.307835 -0.230863 
0.004292 -0.420110 -0.562013 0.592745 0.300663 -0.190499 
0.001409 -0.447758 -0.644337 0.532719 0.287271 -0.172184 
0.052522 -0.467253 -0.704306 0.462130 0.266835 -0.166328 
0.421706 -0.478910 -0.747840 0.400194 0.243305 -0.164733 
0.678046 -0.486045 -0.779399 0.319669 0.213650 -0.167704 
0.711213 -0.492454 -0.804014 0.258517 0.161246 -0.174319 
0.711209 -0.483785 -0.821797 0.189622 0.096584 -0.186454 
0.708875 -0.403852 -0.833807 0.131614 0.004819 -0.200087 
0.705833 -0.115268 -0.843108 0.089321 -0.088443 -0.232467 
0.701843 0.095817 -0.849397 0.060235 -0.195015 -0.283397 
0.696479 0.212129 -0.847698 0.039649 -0.271439 -0.349077 
0.689158 0.269125 -0.768110 0.025438 -0.342565 -0.426217 
0.679052 0.294128 -0.525991 0.015554 -0.394328 -0.511609 
0.663983 0.305051 -0.345058 0.009120 -0.430227 -0.591763 
0.641837 0.307453 -0.246213 0.016360 -0.453673 -0.666143 
0.609598 0.303136 -0.198186 0.084730 -0.470560 -0.724685 
0.563759 0.293659 -0.175082 0.320010 -0.482083 -0.767831 
0.501845 0.279737 -0.165912 0.502799 -0.490112 -0.796368 
0.424775 0.256404 -0.164451 0.606139 -0.488202 -0.817458 
0.338636 0.219904 -0.166348 0.657739 -0.423956 -0.831631 
0.253563 0.176627 -0.174214 0.683183 -0.168966 -0.840514 
0.179476 0.098906 -0.185035 0.693116 0.052967 -0.847405 
0.121833 0.006874 -0.203068 0.694601 0.186644 -0.848615 
0.080686 -0.081691 -0.231302 0.690877 0.257403 -0.818456 
0.052833 -0.164014 -0.271623 0.684669 0.291527 -0.592368 
0.034391 -0.262864 -0.330589 0.671118 0.305777 -0.408883 
0.022168 -0.329079 -0.407193 0.649552 0.309670 -0.277852 
0.013942 -0.387440 -0.501918 0.624070 0.308364 -0.212921 
0.008282 -0.426006 -0.583979 0.591122 0.298514 -0.181949 
0.004292 -0.451877 -0.655491 0.529698 0.285362 -0.167909 
0.031404 -0.469927 -0.709883 0.451801 0.261840 -0.164694 
0.220293 -0.480871 -0.750628 0.372192 0.236408 -0.163917 
0.581476 -0.486344 -0.780793 0.321485 0.217229 -0.167296 
0.690505 -0.491855 -0.799963 0.280289 0.192886 -0.171778 
0.711213 -0.495591 -0.817437 0.220318 0.131440 -0.180329 
0.708764 -0.461507 -0.829787 0.161251 0.057043 -0.197025 
0.705532 -0.307271 -0.839794 0.111102 -0.028603 -0.217649 
0.701212 -0.024166 -0.846603 0.074164 -0.127977 -0.252654 
0.695295 0.148126 -0.850581 0.049175 -0.226973 -0.305585 
0.687012 0.238284 -0.825046 0.032209 -0.306378 -0.369337 
0.675202 0.281970 -0.711549 0.020295 -0.368439 -0.448168 
0.658157 0.300550 -0.464827 0.012162 -0.410252 -0.533512 
0.632010 0.307720 -0.311406 0.006787 -0.440447 -0.613258 
0.593543 0.307484 -0.229388 0.028216 -0.462281 -0.684379 
0.538966 0.300415 -0.189762 0.167540 -0.477050 -0.733803 
0.466740 0.286522 -0.171778 0.403800 -0.486744 -0.775999 
0.380491 0.261078 -0.165349 0.553548 -0.493048 -0.804895 
0.289819 0.232844 -0.165712 0.632078 -0.482999 -0.823501 
0.206758 0.186171 -0.170231 0.670353 -0.340344 -0.836449 
0.139970 0.128094 -0.180705 0.686701 -0.047014 -0.844880 
0.091655 0.037160 -0.193936 0.692841 0.136654 -0.850730 
0.059061 -0.038858 -0.221126 0.691468 0.232775 -0.836788 
0.037789 -0.142598 -0.264026 0.686825 0.279213 -0.705711 
0.023963 -0.242690 -0.326708 0.676680 0.300866 -0.465554 
0.014850 -0.318992 -0.396456 0.663780 0.308137 -0.314312 
0.008701 -0.371163 -0.465023 0.637354 0.307598 -0.230841 
0.004441 -0.415897 -0.552463 0.597764 0.303057 -0.190489 
0.001411 -0.445651 -0.639562 0.535229 0.290367 -0.172179 
0.001406 -0.464052 -0.701918 0.463384 0.268383 -0.166325 
0.031368 -0.477309 -0.746646 0.400822 0.244079 -0.164732 
0.220106 -0.484562 -0.774734 0.346702 0.221065 -0.166477 
0.581354 -0.488871 -0.792846 0.292923 0.202530 -0.168576 
0.690481 -0.493119 -0.809471 0.245144 0.167939 -0.172418 
0.708876 -0.490612 -0.823772 0.188101 0.118967 -0.180649 
0.705833 -0.436367 -0.834799 0.141024 0.023745 -0.197185 
0.701796 -0.193106 -0.842300 0.096498 -0.073028 -0.222758 
0.696365 0.032916 -0.848715 0.066855 -0.166337 -0.268787 
0.688880 0.177000 -0.848520 0.042959 -0.257100 -0.318934 
0.678372 0.252198 -0.802238 0.027093 -0.330126 -0.387548 
0.663418 0.288928 -0.593913 0.016778 -0.384709 -0.469196 
0.641837 0.304029 -0.394342 0.009732 -0.421580 -0.554555 
0.609598 0.308162 -0.274237 0.010690 -0.449352 -0.636891 
0.563759 0.304926 -0.211148 0.056326 -0.467033 -0.704032 
0.501845 0.294554 -0.181060 0.264108 -0.479426 -0.754601 
0.424775 0.280184 -0.168901 0.463137 -0.488177 -0.788825 
0.338636 0.257910 -0.165075 0.583505 -0.491543 -0.811308 
0.253563 0.227974 -0.167072 0.646509 -0.460256 -0.827682 
0.179476 0.183736 -0.174576 0.677568 -0.283163 -0.838540 
0.121833 0.126876 -0.182878 0.690308 -0.018424 -0.846249 
0.080686 0.036551 -0.199709 0.694645 0.150949 -0.851414 
0.052833 -0.058965 -0.224012 0.692370 0.239923 -0.837130 
0.034391 -0.152652 -0.265469 0.685416 0.282787 -0.705882 
0.022168 -0.247717 -0.327430 0.675976 0.301812 -0.465640 
0.013942 -0.321505 -0.396817 0.656953 0.308610 -0.314355 
0.008282 -0.379590 -0.484124 0.627316 0.307835 -0.230863 
0.004292 -0.420110 -0.562013 0.592745 0.300663 -0.190499 
0.001409 -0.447758 -0.644337 0.532719 0.287271 -0.172184 
0.052522 -0.467253 -0.704306 0.462130 0.266835 -0.166328 
0.421706 -0.478910 -0.747840 0.400194 0.243305 -0.164733 
0.678046 -0.486045 -0.779399 0.319669 0.213650 -0.167704 
0.711213 -0.492454 -0.804014 0.258517 0.161246 -0.174319 
0.711209 -0.483785 -0.821797 0.189622 0.096584 -0.186454 
0.708875 -0.403852 -0.833807 0.131614 0.004819 -0.200087 
0.705833 -0.115268 -0.843108 0.089321 -0.088443 -0.232467 
0.701843 0.095817 -0.849397 0.060235 -0.195015 -0.283397 
0.696479 0.212129 -0.847698 0.039649 -0.271439 -0.349077 
0.689158 0.269125 -0.768110 0.025438 -0.342565 -0.426217 
0.679052 0.294128 -0.525991 0.015554 -0.394328 -0.511609 
0.663983 0.305051 -0.345058 0.009120 -0.430227 -0.591763 
0.641837 0.307453 -0.246213 0.016360 -0.453673 -0.666143 
0.609598 0.303136 -0.198186 0.084730 -0.470560 -0.724685 
0.563759 0.293659 -0.175082 0.320010 -0.482083 -0.767831 
0.501845 0.279737 -0.165912 0.502799 -0.490112 -0.796368 
0.424775 0.256404 -0.164451 0.606139 -0.488202 -0.817458 
0.338636 0.219904 -0.166348 0.657739 -0.423956 -0.831631 
0.253563 0.176627 -0.174214 0.683183 -0.168966 -0.840514 
0.179476 0.098906 -0.185035 0.693116 0.052967 -0.847405 
0.121833 0.006874 -0.203068 0.694601 0.186644 -0.848615 
0.080686 -0.081691 -0.231302 0.690877 0.257403 -0.818456 
0.052833 -0.164014 -0.271623 0.684669 0.291527 -0.592368 
0.034391 -0.262864 -0.330589 0.671118 0.305777 -0.408883 
0.022168 -0.329079 -0.407193 0.649552 0.309670 -0.277852 
0.013942 -0.387440 -0.501918 0.624070 0.308364 -0.212921 
0.008282 -0.426006 -0.583979 0.591122 0.298514 -0.181949 
0.004292 -0.451877 -0.655491 0.529698 0.285362 -0.167909 
0.031404 -0.469927 -0.709883 0.451801 0.261840 -0.164694 
0.220293 -0.480871 -0.750628 0.372192 0.236408 -0.163917 
0.581476 -0.486344 -0.780793 0.321485 0.217229 -0.167296 
0.690505 -0.491855 -0.799963 0.280289 0.192886 -0.171778 
0.711213 -0.495591 -0.817437 0.220318 0.131440 -0.180329 
0.708764 -0.461507 -0.829787 0.161251 0.057043 -0.197025 
0.705532 -0.307271 -0.839794 0.111102 -0.028603 -0.217649 
0.701212 -0.024166 -0.846603 0.074164 -0.127977 -0.252654 
0.695295 0.148126 -0.850581 0.049175 -0.226973 -0.305585 
0.687012 0.238284 -0.825046 0.032209 -0.306378 -0.369337 
0.675202 0.281970 -0.711549 0.020295 -0.368439 -0.448168 
0.658157 0.300550 -0.464827 0.012162 -0.410252 -0.533512 
0.632010 0.307720 -0.311406 0.006787 -0.440447 -0.613258 
0.593543 0.307484 -0.229388 0.028216 -0.462281 -0.684379 
0.538966 0.300415 -0.189762 0.167540 -0.477050 -0.733803 
0.466740 0.286522 -0.171778 0.403800 -0.486744 -0.775999 
0.380491 0.261078 -0.165349 0.553548 -0.493048 -0.804895 
0.289819 0.232844 -0.165712 0.632078 -0.482999 -0.823501 
0.206758 0.186171 -0.170231 0.670353 -0.340344 -0.836449 
0.139970 0.128094 -0.180705 0.686701 -0.047014 -0.844880 
0.091655 0.037160 -0.193936 0.692841 0.136654 -0.850730 
0.059061 -0.038858 -0.221126 0.691468 0.232775 -0.836788 
0.037789 -0.142598 -0.264026 0.686825 0.279213 -0.705711 
0.023963 -0.242690 -0.326708 0.676680 0.300866 -0.465554 
0.014850 -0.318992 -0.396456 0.663780 0.308137 -0.314312 
0.008701 -0.371163 -0.465023 0.637354 0.307598 -0.230841 
0.004441 -0.415897 -0.552463 0.597764 0.303057 -0.190489 
0.001411 -0.445651 -0.639562 0.535229 0.290367 -0.172179 
0.001406 -0.464052 -0.701918 0.463384 0.268383 -0.166325 
0.031368 -0.477309 -0.746646 0.400822 0.244079 -0.164732 
0.220106 -0.484562 -0.774734 0.346702 0.221065 -0.166477 
0.581354 -0.488871 -0.792846 0.292923 0.202530 -0.168576 
0.690481 -0.493119 -0.809471 0.245144 0.167939 -0.172418 
0.708876 -0.490612 -0.823772 0.188101 0.118967 -0.180649 
0.705833 -0.436367 -0.834799 0.141024 0.023745 -0.197185 
0.701796 -0.193106 -0.842300 0.096498 -0.073028 -0.222758 
0.696365 0.032916 -0.848715 0.066855 -0.166337 -0.268787 
0.688880 0.177000 -0.848520 0.042959 -0.257100 -0.318934 
0.678372 0.252198 -0.802238 0.027093 -0.330126 -0.387548 
0.663418 0.288928 -0.593913 0.016778 -0.384709 -0.469196 
0.641837 0.304029 -0.394342 0.009732 -0.421580 -0.554555 
0.609598 0.308162 -0.274237 0.010690 -0.449352 -0.636891 
0.563759 0.304926 -0.211148 0.056326 -0.467033 -0.704032 
0.501845 0.294554 -0.181060 0.264108 -0.479426 -0.754601 
0.424775 0.280184 -0.168901 0.463137 -0.488177 -0.788825 
0.338636 0.257910 -0.165075 0.583505 -0.491543 -0.811308 
0.253563 0.227974 -0.167072 0.646509 -0.460256 -0.827682 
0.179476 0.183736 -0.174576 0.677568 -0.283163 -0.838540 
0.121833 0.126876 -0.182878 0.690308 -0.018424 -0.846249 
0.080686 0.036551 -0.199709 0.694645 0.150949 -0.851414 
0.052833 -0.058965 -0.224012 0.692370 0.239923 -0.837130 
0.034391 -0.152652 -0.265469 0.685416 0.282787 -0.705882 
0.022168 -0.247717 -0.327430 0.675976 0.301812 -0.465640 
0.013942 -0.321505 -0.396817 0.656953 0.308610 -0.314355 
0.008282 -0.379590 -0.484124 0.627316 0.307835 -0.230863 
0.004292 -0.420110 -0.562013 0.592745 0.300663 -0.190499 
0.001409 -0.447758 -0.644337 0.532719 0.287271 -0.172184 
0.052522 -0.467253 -0.704306 0.462130 0.266835 -0.166328 
0.421706 -0.478910 -0.747840 0.400194 0.243305 -0.164733 
0.678046 -0.486045 -0.779399 0.319669 0.213650 -0.167704 
0.711213 -0.492454 -0.804014 0.258517 0.161246 -0.174319 
0.711209 -0.483785 -0.821797 0.189622 0.096584 -0.186454 
0.708875 -0.403852 -0.833807 0.131614 0.004819 -0.200087 
0.705833 -0.115268 -0.843108 0.089321 -0.088443 -0.232467 
0.701843 0.095817 -0.849397 0.060235 -0.195015 -0.283397 
0.696479 0.212129 -0.847698 0.039649 -0.271439 -0.349077 
0.689158 0.269125 -0.768110 0.025438 -0.342565 -0.426217 
0.679052 0.294128 -0.525991 0.015554 -0.394328 -0.511609 
0.663983 0.305051 -0.345058 0.009120 -0.430227 -0.591763 
0.641837 0.307453 -0.246213 0.016360 -0.453673 -0.666143 
0.609598 0.303136 -0.198186 0.084730 -0.470560 -0.724685 
0.563759 0.293659 -0.175082 0.320010 -0.482083 -0.767831 
0.501845 0.279737 -0.165912 0.502799 -0.490112 -0.796368 
0.424775 0.256404 -0.164451 0.606139 -0.488202 -0.817458 
0.338636 0.219904 -0.166348 0.657739 -0.423956 -0.831631 
0.253563 0.176627 -0.174214 0.683183 -0.168966 -0.840514 
0.179476 0.098906 -0.185035 0.693116 0.052967 -0.847405 
0.121833 0.006874 -0.203068 0.694601 0.186644 -0.848615 
0.080686 -0.081691 -0.231302 0.690877 0.257403 -0.818456 
0.052833 -0.164014 -0.271623 0.684669 0.291527 -0.592368 
0.034391 -0.262864 -0.330589 0.671118 0.305777 -0.408883 
0.022168 -0.329079 -0.407193 0.649552 0.309670 -0.277852 
0.013942 -0.387440 -0.501918 0.624070 0.308364 -0.212921 
0.008282 -0.426006 -0.583979 0.591122 0.298514 -0.181949 
0.004292 -0.451877 -0.655491 0.529698 0.285362 -0.167909 
0.031404 -0.469927 -0.709883 0.451801 0.261840 -0.164694 
0.220293 -0.480871 -0.750628 0.372192 0.236408 -0.163917 
0.581476 -0.486344 -0.780793 0.321485 0.217229 -0.167296 
0.690505 -0.491855 -0.799963 0.280289 0.192886 -0.171778 
0.711213 -0.495591 -0.817437 0.220318 0.131440 -0.180329 
0.708764 -0.461507 -0.829787 0.161251 0.057043 -0.197025 
0.705532 -0.307271 -0.839794 0.111102 -0.028603 -0.217649 
0.701212 -0.024166 -0.846603 0.074164 -0.127977 -0.252654 
0.695295 0.148126 -0.850581 0.049175 -0.226973 -0.305585 
0.687012 0.238284 -0.825046 0.032209 -0.306378 -0.369337 
0.675202 0.281970 -0.711549 0.020295 -0.368439 -0.448168 
0.658157 0.300550 -0.464827 0.012162 -0.410252 -0.533512 
0.632010 0.307720 -0.311406 0.006787 -0.440447 -0.613258 
0.593543 0.307484 -0.229388 0.028216 -0.462281 -0.684379 
0.538966 0.300415 -0.189762 0.167540 -0.477050 -0.733803 
0.466740 0.286522 -0.171778 0.403800 -0.486744 -0.775999 
0.380491 0.261078 -0.165349 0.553548 -0.493048 -0.804895 
0.289819 0.232844 -0.165712 0.632078 -0.482999 -0.823501 
0.206758 0.186171 -0.170231 0.670353 -0.340344 -0.836449 
0.139970 0.128094 -0.180705 0.686701 -0.047014 -0.844880 
0.091655 0.037160 -0.193936 0.692841 0.136654 -0.850730 
0.059061 -0.038858 -0.221126 0.691468 0.232775 -0.836788 
0.037789 -0.142598 -0.264026 0.686825 0.279213 -0.705711 
0.023963 -0.242690 -0.326708 0.676680 0.300866 -0.465554 
0.014850 -0.318992 -0.396456 0.663780 0.308137 -0.314312 
0.008701 -0.371163 -0.465023 0.637354 0.307598 -0.230841 
0.004441 -0.415897 -0.552463 0.597764 0.303057 -0.190489 
0.001411 -0.445651 -0.639562 0.535229 0.290367 -0.172179 
0.001406 -0.464052 -0.701918 0.463384 0.268383 -0.166325 
0.031368 -0.477309 -0.746646 0.400822 0.244079 -0.164732 
0.220106 -0.484562 -0.774734 0.346702 0.221065 -0.166477 
0.581354 -0.488871 -0.792846 0.292923 0.202530 -0.168576 
0.690481 -0.493119 -0.809471 0.245144 0.167939 -0.172418 
0.708876 -0.490612 -0.823772 0.188101 0.118967 -0.180649 
0.705833 -0.436367 -0.834799 0.141024 0.023745 -0.197185 
0.701796 -0.193106 -0.842300 0.096498 -0.073028 -0.222758 
0.696365 0.032916 -0.848715 0.066855 -0.166337 -0.268787 
0.688880 0.177000 -0.848520 0.042959 -0.257100 -0.318934 
0.678372 0.252198 -0.802238 0.027093 -0.330126 -0.387548 
0.663418 0.288928 -0.593913 0.016778 -0.384709 -0.469196 
0.641837 0.304029 -0.394342 0.009732 -0.421580 -0.554555 
0.609598 0.308162 -0.274237 0.010690 -0.449352 -0.636891 
0.563759 0.304926 -0.211148 0.056326 -0.467033 -0.704032 
0.501845 0.294554 -0.181060 0.264108 -0.479426 -0.754601 
0.424775 0.280184 -0.168901 0.463137 -0.488177 -0.788825 
0.338636 0.257910 -0.165075 0.583505 -0.491543 -0.811308 
0.253563 0.227974 -0.167072 0.646509 -0.460256 -0.827682 
0.179476 0.183736 -0.174576 0.677568 -0.283163 -0.838540 
0.121833 0.126876 -0.182878 0.690308 -0.018424 -0.846249 
0.080686 0.036551 -0.199709 0.694645 0.150949 -0.851414 
0.052833 -0.058965 -0.224012 0.692370 0.239923 -0.837130 
0.034391 -0.152652 -0.265469 0.685416 0.282787 -0.705882 
0.022168 -0.247717 -0.327430 0.675976 0.301812 -0.465640 
0.013942 -0.321505 -0.396817 0.656953 0.308610 -0.314355 
0.008282 -0.379590 -0.484124 0.627316 0.307835 -0.230863 
0.004292 -0.420110 -0.562013 0.592745 0.300663 -0.190499 
0.001409 -0.447758 -0.644337 0.532719 0.287271 -0.172184 
0.052522 -0.467253 -0.704306 0.462130 0.266835 -0.166328 
0.421706 -0.478910 -0.747840 0.400194 0.243305 -0.164733 
0.678046 -0.486045 -0.779399 0.319669 0.213650 -0.167704 
0.711213 -0.492454 -0.804014 0.258517 0.161246 -0.174319 
0.711209 -0.483785 -0.821797 0.189622 0.096584 -0.186454 
0.708875 -0.403852 -0.833807 0.131614 0.004819 -0.200087 
0.705833 -0.115268 -0.843108 0.089321 -0.088443 -0.232467 
0.701843 0.095817 -0.849397 0.060235 -0.195015 -0.283397 
0.696479 0.212129 -0.847698 0.039649 -0.271439 -0.349077 
0.689158 0.269125 -0.768110 0.025438 -0.342565 -0.426217 
0.679052 0.294128 -0.525991 0.015554 -0.394328 -0.511609 
0.663983 0.305051 -0.345058 0.009120 -0.430227 -0.591763 
0.641837 0.307453 -0.246213 0.016360 -0.453673 -0.666143 
0.609598 0.303136 -0.198186 0.084730 -0.470560 -0.724685 
0.563759 0.293659 -0.175082 0.320010 -0.482083 -0.767831 
0.501845 0.279737 -0.165912 0.502799 -0.490112 -0.796368 
0.424775 0.256404 -0.164451 0.606139 -0.488202 -0.817458 
0.338636 0.219904 -0.166348 0.657739 -0.423956 -0.831631 
0.253563 0.176627 -0.174214 0.683183 -0.168966 -0.840514 
0.179476 0.098906 -0.185035 0.693116 0.052967 -0.847405 
0.121833 0.006874 -0.203068 0.694601 0.186644 -0.848615 
0.080686 -0.081691 -0.231302 0.690877 0.257403 -0.818456 
0.052833 -0.164014 -0.271623 0.684669 0.291527 -0.592368 
0.034391 -0.262864 -0.330589 0.671118 0.305777 -0.408883 
0.022168 -0.329079 -0.407193 0.649552 0.309670 -0.277852 
0.013942 -0.387440 -0.501918 0.624070 0.308364 -0.212921 
0.008282 -0.426006 -0.583979 0.591122 0.298514 -0.181949 
0.004292 -0.451877 -0.655491 0.529698 0.285362 -0.167909 
0.031404 -0.469927 -0.709883 0.451801 0.261840 -0.164694 
0.220293 -0.480871 -0.750628 0.372192 0.236408 -0.163917 
0.581476 -0.486344 -0.780793 0.321485 0.217229 -0.167296 
0.690505 -0.491855 -0.799963 0.280289 0.192886 -0.171778 
0.711213 -0.495591 -0.817437 0.220318 0.131440 -0.180329 
0.708764 -0.461507 -0.829787 0.161251 0.057043 -0.197025 
0.705532 -0.307271 -0.839794 0.111102 -0.028603 -0.217649 
0.701212 -0.024166 -0.846603 0.074164 -0.127977 -0.252654 
0.695295 0.148126 -0.850581 0.049175 -0.226973 -0.305585 
0.687012 0.238284 -0.825046 0.032209 -0.306378 -0.369337 
0.675202 0.281970 -0.711549 0.020295 -0.368439 -0.448168 
0.658157 0.300550 -0.464827 0.012162 -0.410252 -0.533512 
0.632010 0.307720 -0.311406 0.006787 -0.440447 -0.613258 
0.593543 0.307484 -0.229388 0.028216 -0.462281 -0.684379 
0.538966 0.300415 -0.189762 0.167540 -0.477050 -0.733803 
0.466740 0.286522 -0.171778 0.403800 -0.486744 -0.775999 
0.380491 0.261078 -0.165349 0.553548 -0.493048 -0.804895 
0.289819 0.232844 -0.165712 0.632078 -0.482999 -0.823501 
0.206758 0.186171 -0.170231 0.670353 -0.340344 -0.836449 
0.139970 0.128094 -0.180705 0.686701 -0.047014 -0.844880 
0.091655 0.037160 -0.193936 0.692841 0.136654 -0.850730 
0.059061 -0.038858 -0.221126 0.691468 0.232775 -0.836788 
0.037789 -0.142598 -0.264026 0.686825 0.279213 -0.705711 
0.023963 -0.242690 -0.326708 0.676680 0.300866 -0.465554 
0.014850 -0.318992 -0.396456 0.663780 0.308137 -0.314312 
0.008701 -0.371163 -0.465023 0.637354 0.307598 -0.230841 
0.004441 -0.415897 -0.552463 0.597764 0.303057 -0.190489 
0.001411 -0.445651 -0.639562 0.535229 0.290367 -0.172179 
0.001406 -0.464052 -0.701918 0.463384 0.268383 -0.166325 
0.031368 -0.477309 -0.746646 0.400822 0.244079 -0.164732 
0.220106 -0.484562 -0.774734 0.346702 0.221065 -0.166477 
0.581354 -0.488871 -0.792846 0.292923 0.202530 -0.168576 
0.690481 -0.493119 -0.809471 0.245144 0.167939 -0.172418 
0.708876 -0.490612 -0.823772 0.188101 0.118967 -0.180649 
0.705833 -0.436367 -0.834799 0.141024 0.023745 -0.197185 
0.701796 -0.193106 -0.842300 0.096498 -0.073028 -0.222758 
0.696365 0.032916 -0.848715 0.066855 -0.166337 -0.268787 
0.688880 0.177000 -0.848520 0.042959 -0.257100 -0.318934 
0.678372 0.252198 -0.802238 0.027093 -0.330126 -0.387548 
0.663418 0.288928 -0.593913 0.016778 -0.384709 -0.469196 
0.641837 0.304029 -0.394342 0.009732 -0.421580 -0.554555 
0.609598 0.308162 -0.274237 0.010690 -0.449352 -0.636891 
0.563759 0.304926 -0.211148 0.056326 -0.467033 -0.704032 
0.501845 0.294554 -0.181060 0.264108 -0.479426 -0.754601 
0.424775 0.280184 -0.168901 0.463137 -0.488177 -0.788825 
0.338636 0.257910 -0.165075 0.583505 -0.491543 -0.811308 
0.253563 0.227974 -0.167072 0.646509 -0.460256 -0.827682 
0.179476 0.183736 -0.174576 0.677568 -0.283163 -0.838540 
0.121833 0.126876 -0.182878 0.690308 -0.018424 -0.846249 
0.080686 0.036551 -0.199709 0.694645 0.150949 -0.851414 
0.052833 -0.058965 -0.224012 0.692370 0.239923 -0.837130 
0.034391 -0.152652 -0.265469 0.685416 0.282787 -0.705882 
0.022168 -0.247717 -0.327430 0.675976 0.301812 -0.465640 
0.013942 -0.321505 -0.396817 0.656953 0.308610 -0.314355 
0.008282 -0.379590 -0.484124 0.627316 0.307835 -0.230863 
0.004292 -0.420110 -0.562013 0.592745 0.300663 -0.190499 
0.001409 -0.447758 -0.644337 0.532719 0.287271 -0.172184 
0.052522 -0.467253 -0.704306 0.462130 0.266835 -0.166328 
0.421706 -0.478910 -0.747840 0.400194 0.243305 -0.164733 
0.678046 -0.486045 -0.779399 0.319669 0.213650 -0.167704 
0.711213 -0.492454 -0.804014 0.258517 0.161246 -0.174319 
0.711209 -0.483785 -0.821797 0.189622 0.096584 -0.186454 
0.708875 -0.403852 -0.833807 0.131614 0.004819 -0.200087 
0.705833 -0.115268 -0.843108 0.089321 -0.088443 -0.232467 
0.701843 0.095817 -0.849397 0.060235 -0.195015 -0.283397 
0.696479 0.212129 -0.847698 0.039649 -0.271439 -0.349077 
0.689158 0.269125 -0.768110 0.025438 -0.342565 -0.426217 
0.679052 0.294128 -0.525991 0.015554 -0.394328 -0.511609 
0.663983 0.305051 -0.345058 0.009120 -0.430227 -0.591763 
0.641837 0.307453 -0.246213 0.016360 -0.453673 -0.666143 
0.609598 0.303136 -0.198186 0.084730 -0.470560 -0.724685 
0.563759 0.293659 -0.175082 0.320010 -0.482083 -0.767831 
0.501845 0.279737 -0.165912 0.502799 -0.490112 -0.796368 
0.424775 0.256404 -0.164451 0.606139 -0.488202 -0.817458 
0.338636 0.219904 -0.166348 0.657739 -0.423956 -0.831631 
0.253563 0.176627 -0.174214 0.683183 -0.168966 -0.840514 
0.179476 0.098906 -0.185035 0.693116 0.052967 -0.847405 
0.121833 0.006874 -0.203068 0.694601 0.186644 -0.848615 
0.080686 -0.081691 -0.231302 0.690877 0.257403 -0.818456 
0.052833 -0.164014 -0.271623 0.684669 0.291527 -0.592368 
0.034391 -0.262864 -0.330589 0.671118 0.305777 -0.408883 
0.022168 -0.329079 -0.407193 0.649552 0.309670 -0.277852 
0.013942 -0.387440 -0.501918 0.624070 0.308364 -0.212921 
0.008282 -0.426006 -0.583979 0.591122 0.298514 -0.181949 
0.004292 -0.451877 -0.655491 0.529698 0.285362 -0.167909 
0.031404 -0.469927 -0.709883 0.451801 0.261840 -0.164694 
0.220293 -0.480871 -0.750628 0.372192 0.236408 -0.163917 
0.581476 -0.486344 -0.780793 0.321485 0.217229 -0.167296 
0.690505 -0.491855 -0.799963 0.280289 0.192886 -0.171778 
0.711213 -0.495591 -0.817437 0.220318 0.131440 -0.180329 
0.708764 -0.461507 -0.829787 0.161251 0.057043 -0.197025 
0.705532 -0.307271 -0.839794 0.111102 -0.028603 -0.217649 
0.701212 -0.024166 -0.846603 0.074164 -0.127977 -0.252654 
0.695295 0.148126 -0.850581 0.049175 -0.226973 -0.305585 
0.687012 0.238284 -0.825046 0.032209 -0.306378 -0.369337 
0.675202 0.281970 -0.711549 0.020295 -0.368439 -0.448168 
0.658157 0.300550 -0.464827 0.012162 -0.410252 -0.533512 
0.632010 0.307720 -0.311406 0.006787 -0.440447 -0.613258 
0.593543 0.307484 -0.229388 0.028216 -0.462281 -0.684379 
0.538966 0.300415 -0.189762 0.167540 -0.477050 -0.733803 
0.466740 0.286522 -0.171778 0.403800 -0.486744 -0.775999 
0.380491 0.261078 -0.165349 0.553548 -0.493048 -0.804895 
0.289819 0.232844 -0.165712 0.632078 -0.482999 -0.823501 
0.206758 0.186171 -0.170231 0.670353 -0.340344 -0.836449 
0.139970 0.128094 -0.180705 0.686701 -0.047014 -0.844880 
0.091655 0.037160 -0.193936 0.692841 0.136654 -0.850730 
0.059061 -0.038858 -0.221126 0.691468 0.232775 -0.836788 
0.037789 -0.142598 -0.264026 0.686825 0.279213 -0.705711 
0.023963 -0.242690 -0.326708 0.676680 0.300866 -0.465554 
0.014850 -0.318992 -0.396456 0.663780 0.308137 -0.314312 
0.008701 -0.371163 -0.465023 0.637354 0.307598 -0.230841 
0.004441 -0.415897 -0.552463 0.597764 0.303057 -0.190489 
0.001411 -0.445651 -0.639562 0.535229 0.290367 -0.172179 
0.001406 -0.464052 -0.701918 0.463384 0.268383 -0.166325 
0.031368 -0.477309 -0.746646 0.400822 0.244079 -0.164732 
0.220106 -0.484562 -0.774734 0.346702 0.221065 -0.166477 
0.581354 -0.488871 -0.792846 0.292923 0.202530 -0.168576 
0.690481 -0.493119 -0.809471 0.245144 0.167939 -0.172418 
0.708876 -0.490612 -0.823772 0.188101 0.118967 -0.180649 
0.705833 -0.436367 -0.834799 0.141024 0.023745 -0.197185 
0.701796 -0.193106 -0.842300 0.096498 -0.073028 -0.222758 
0.696365 0.032916 -0.848715 0.066855 -0.166337 -0.268787 
0.688880 0.177000 -0.848520 0.042959 -0.257100 -0.318934 
0.678372 0.252198 -0.802238 0.027093 -0.330126 -0.387548 
0.663418 0.288928 -0.593913 0.016778 -0.384709 -0.469196 
0.641837 0.304029 -0.394342 0.009732 -0.421580 -0.554555 
0.609598 0.308162 -0.274237 0.010690 -0.449352 -0.636891 
0.563759 0.304926 -0.211148 0.056326 -0.467033 -0.704032 
0.501845 0.294554 -0.181060 0.264108 -0.479426 -0.754601 
0.424775 0.280184 -0.168901 0.463137 -0.488177 -0.788825 
0.338636 0.257910 -0.165075 0.583505 -0.491543 -0.811308 
0.253563 0.227974 -0.167072 0.646509 -0.460256 -0.827682 
0.179476 0.183736 -0.174576 0.677568 -0.283163 -0.838540 
0.121833 0.126876 -0.182878 0.690308 -0.018424 -0.846249 
0.080686 0.036551 -0.199709 0.694645 0.150949 -0.851414 
0.052833 -0.058965 -0.224012 0.692370 0.239923 -0.837130 
0.034391 -0.152652 -0.265469 0.685416 0.282787 -0.705882 
0.022168 -0.247717 -0.327430 0.675976 0.301812 -0.465640 
0.013942 -0.321505 -0.396817 0.656953 0.308610 -0.314355 
0.008282 -0.379590 -0.484124 0.627316 0.307835 -0.230863 
0.004292 -0.420110 -0.562013 0.592745 0.300663 -0.190499 
0.001409 -0.447758 -0.644337 0.532719 0.287271 -0.172184 
0.052522 -0.467253 -0.704306 0.462130 0.266835 -0.166328 
0.421706 -0.478910 -0.747840 0.400194 0.243305 -0.164733 
0.678046 -0.486045 -0.779399 0.319669 0.213650 -0.167704 
0.711213 -0.492454 -0.804014 0.258517 0.161246 -0.174319 
0.711209 -0.483785 -0.821797 0.189622 0.096584 -0.186454 
0.708875 -0.403852 -0.833807 0.131614 0.004819 -0.200087 
0.705833 -0.115268 -0.843108 0.089321 -0.088443 -0.232467 
0.701843 0.095817 -0.849397 0.060235 -0.195015 -0.283397 
0.696479 0.212129 -0.847698 0.039649 -0.271439 -0.349077 
0.689158 0.269125 -0.768110 0.025438 -0.342565 -0.426217 
0.679052 0.294128 -0.525991 0.015554 -0.394328 -0.511609 
0.663983 0.305051 -0.345058 0.009120 -0.430227 -0.591763 
0.641837 0.307453 -0.246213 0.016360 -0.453673 -0.666143 
0.609598 0.303136 -0.198186 0.084730 -0.470560 -0.724685 
0.563759 0.293659 -0.175082 0.320010 -0.482083 -0.767831 
0.501845 0.279737 -0.165912 0.502799 -0.490112 -0.796368 
0.424775 0.256404 -0.164451 0.606139 -0.488202 -0.817458 
0.338636 0.219904 -0.166348 0.657739 -0.423956 -0.831631 
0.253563 0.176627 -0.174214 0.683183 -0.168966 -0.840514 
0.179476 0.098906 -0.185035 0.693116 0.052967 -0.847405 
0.121833 0.006874 -0.203068 0.694601 0.186644 -0.848615 
0.080686 -0.081691 -0.231302 0.690877 0.257403 -0.818456 
0.052833 -0.164014 -0.271623 0.684669 0.291527 -0.592368 
0.034391 -0.262864 -0.330589 0.671118 0.305777 -0.408883 
0.022168 -0.329079 -0.407193 0.649552 0.309670 -0.277852 
0.013942 -0.387440 -0.501918 0.624070 0.308364 -0.212921 
0.008282 -0.426006 -0.583979 0.591122 0.298514 -0.181949 
0.004292 -0.451877 -0.655491 0.529698 0.285362 -0.167909 
0.031404 -0.469927 -0.709883 0.451801 0.261840 -0.164694 
0.220293 -0.480871 -0.750628 0.372192 0.236408 -0.163917 
0.581476 -0.486344 -0.780793 0.321485 0.217229 -0.167296 
0.690505 -0.491855 -0.799963 0.280289 0.192886 -0.171778 
0.711213 -0.495591 -0.817437 0.220318 0.131440 -0.180329 
0.708764 -0.461507 -0.829787 0.161251 0.057043 -0.197025 
0.705532 -0.307271 -0.839794 0.111102 -0.028603 -0.217649 
0.701212 -0.024166 -0.846603 0.074164 -0.127977 -0.252654 
0.695295 0.148126 -0.850581 0.049175 -0.226973 -0.305585 
0.687012 0.238284 -0.825046 0.032209 -0.306378 -0.369337 
0.675202 0.281970 -0.711549 0.020295 -0.368439 -0.448168 
0.658157 0.300550 -0.464827 0.012162 -0.410252 -0.533512 
0.632010 0.307720 -0.311406 0.006787 -0.440447 -0.613258 
0.593543 0.307484 -0.229388 0.028216 -0.462281 -0.684379 
0.538966 0.300415 -0.189762 0.167540 -0.477050 -0.733803 
0.466740 0.286522 -0.171778 0.403800 -0.486744 -0.775999 
0.380491 0.261078 -0.165349 0.553548 -0.493048 -0.804895 
0.289819 0.232844 -0.165712 0.632078 -0.482999 -0.823501 
0.206758 0.186171 -0.170231 0.670353 -0.340344 -0.836449 
0.139970 0.128094 -0.180705 0.686701 -0.047014 -0.844880 
0.091655 0.037160 -0.193936 0.692841 0.136654 -0.850730 
0.059061 -0.038858 -0.221126 0.691468 0.232775 -0.836788 
0.037789 -0.142598 -0.264026 0.686825 0.279213 -0.705711 
0.023963 -0.242690 -0.326708 0.676680 0.300866 -0.465554 
0.014850 -0.318992 -0.396456 0.663780 0.308137 -0.314312 
0.008701 -0.371163 -0.465023 0.637354 0.307598 -0.230841 
0.004441 -0.415897 -0.552463 0.597764 0.303057 -0.190489 
0.001411 -0.445651 -0.639562 0.535229 0.290367 -0.172179 
0.001406 -0.464052 -0.701918 0.463384 0.268383 -0.166325 
0.031368 -0.477309 -0.746646 0.400822 0.244079 -0.164732 
0.220106 -0.484562 -0.774734 0.346702 0.221065 -0.166477 
0.581354 -0.488871 -0.792846 0.292923 0.202530 -0.168576 
0.690481 -0.493119 -0.809471 0.245144 0.167939 -0.172418 
0.708876 -0.490612 -0.823772 0.188101 0.118967 -0.180649 
0.705833 -0.436367 -0.834799 0.141024 0.023745 -0.197185 
0.701796 -0.193106 -0.842300 0.096498 -0.073028 -0.222758 
0.696365 0.032916 -0.848715 0.066855 -0.166337 -0.268787 
0.688880 0.177000 -0.848520 0.042959 -0.257100 -0.318934 
0.678372 0.252198 -0.802238 0.027093 -0.330126 -0.387548 
0.663418 0.288928 -0.593913 0.016778 -0.384709 -0.469196 
0.641837 0.304029 -0.394342 0.009732 -0.421580 -0.554555 
0.609598 0.308162 -0.274237 0.010690 -0.449352 -0.636891 
0.563759 0.304926 -0.211148 0.056326 -0.467033 -0.704032 
0.501845 0.294554 -0.181060 0.264108 -0.479426 -0.754601 
0.424775 0.280184 -0.168901 0.463137 -0.488177 -0.788825 
0.338636 0.257910 -0.165075 0.583505 -0.491543 -0.811308 
0.253563 0.227974 -0.167072 0.646509 -0.460256 -0.827682 
0.179476 0.183736 -0.174576 0.677568 -0.283163 -0.838540 
0.121833 0.126876 -0.182878 0.690308 -0.018424 -0.846249 
0.080686 0.036551 -0.199709 0.694645 0.150949 -0.851414 
0.052833 -0.058965 -0.224012 0.692370 0.239923 -0.837130 
0.034391 -0.152652 -0.265469 0.685416 0.282787 -0.705882 
0.022168 -0.247717 -0.327430 0.675976 0.301812 -0.465640 
0.013942 -0.321505 -0.396817 0.656953 0.308610 -0.314355 
0.008282 -0.379590 -0.484124 0.627316 0.307835 -0.230863 
0.004292 -0.420110 -0.562013 0.592745 0.300663 -0.190499 
0.001409 -0.447758 -0.644337 0.532719 0.287271 -0.172184 
0.052522 -0.467253 -0.704306 0.462130 0.266835 -0.166328 
0.421706 -0.478910 -0.747840 0.400194 0.243305 -0.164733 
0.678046 -0.486045 -0.779399 0.319669 0.213650 -0.167704 
0.711213 -0.492454 -0.804014 0.258517 0.161246 -0.174319 
0.711209 -0.483785 -0.821797 0.189622 0.096584 -0.186454 
0.708875 -0.403852 -0.833807 0.131614 0.004819 -0.200087 
0.705833 -0.115268 -0.843108 0.089321 -0.088443 -0.232467 
0.701843 0.095817 -0.849397 0.060235 -0.195015 -0.283397 
0.696479 0.212129 -0.847698 0.039649 -0.271439 -0.349077 
0.689158 0.269125 -0.768110 0.025438 -0.342565 -0.426217 
0.679052 0.294128 -0.525991 0.015554 -0.394328 -0.511609 
0.663983 0.305051 -0.345058 0.009120 -0.430227 -0.591763 
0.641837 0.307453 -0.246213 0.016360 -0.453673 -0.666143 
0.609598 0.303136 -0.198186 0.084730 -0.470560 -0.724685 
0.563759 0.293659 -0.175082 0.320010 -0.482083 -0.767831 
0.501845 0.279737 -0.165912 0.502799 -0.490112 -0.796368 
0.424775 0.256404 -0.164451 0.606139 -0.488202 -0.817458 
0.338636 0.219904 -0.166348 0.657739 -0.423956 -0.831631 
0.253563 0.176627 -0.174214 0.683183 -0.168966 -0.840514 
0.179476 0.098906 -0.185035 0.693116 0.052967 -0.847405 
0.121833 0.006874 -0.203068 0.694601 0.186644 -0.848615 
0.080686 -0.081691 -0.231302 0.690877 0.257403 -0.818456 
0.052833 -0.164014 -0.271623 0.684669 0.291527 -0.592368 
0.034391 -0.262864 -0.330589 0.671118 0.305777 -0.408883 
0.022168 -0.329079 -0.407193 0.649552 0.309670 -0.277852 
0.013942 -0.387440 -0.501918 0.624070 0.308364 -0.212921 
0.008282 -0.426006 -0.583979 0.591122 0.298514 -0.181949 
0.004292 -0.451877 -0.655491 0.529698 0.285362 -0.167909 
0.031404 -0.469927 -0.709883 0.451801 0.261840 -0.164694 
0.220293 -0.480871 -0.750628 0.372192 0.236408 -0.163917 
0.581476 -0.486344 -0.780793 0.321485 0.217229 -0.167296 
0.690505 -0.491855 -0.799963 0.280289 0.192886 -0.171778 
0.711213 -0.495591 -0.817437 0.220318 0.131440 -0.180329 
0.708764 -0.461507 -0.829787 0.161251 0.057043 -0.197025 
0.705532 -0.307271 -0.839794 0.111102 -0.028603 -0.217649 
0.701212 -0.024166 -0.846603 0.074164 -0.127977 -0.252654 
0.695295 0.148126 -0.850581 0.049175 -0.226973 -0.305585 
0.687012 0.238284 -0.825046 0.032209 -0.306378 -0.369337 
0.675202 0.281970 -0.711549 0.020295 -0.368439 -0.448168 
0.658157 0.300550 -0.464827 0.012162 -0.410252 -0.533512 
0.632010 0.307720 -0.311406 0.006787 -0.440447 -0.613258 
0.593543 0.307484 -0.229388 0.028216 -0.462281 -0.684379 
0.538966 0.300415 -0.189762 0.167540 -0.477050 -0.733803 
0.466740 0.286522 -0.171778 0.403800 -0.486744 -0.775999 
0.380491 0.261078 -0.165349 0.553548 -0.493048 -0.804895 
0.289819 0.232844 -0.165712 0.632078 -0.482999 -0.823501 
0.206758 0.186171 -0.170231 0.670353 -0.340344 -0.836449 
0.139970 0.128094 -0.180705 0.686701 -0.047014 -0.844880 
0.091655 0.037160 -0.193936 0.692841 0.136654 -0.850730 
0.059061 -0.038858 -0.221126 0.691468 0.232775 -0.836788 
0.037789 -0.142598 -0.264026 0.686825 0.279213 -0.705711 
0.023963 -0.242690 -0.326708 0.676680 0.300866 -0.465554 
0.014850 -0.318992 -0.396456 0.663780 0.308137 -0.314312 
0.008701 -0.371163 -0.465023 0.637354 0.307598 -0.230841 
0.004441 -0.415897 -0.552463 0.597764 0.303057 -0.190489 
0.001411 -0.445651 -0.639562 0.535229 0.290367 -0.172179 
0.001406 -0.464052 -0.701918 0.463384 0.268383 -0.166325 
0.031368 -0.477309 -0.746646 0.400822 0.244079 -0.164732 
0.220106 -0.484562 -0.774734 0.346702 0.221065 -0.166477 
0.581354 -0.488871 -0.792846 0.292923 0.202530 -0.168576 
0.690481 -0.493119 -0.809471 0.245144 0.167939 -0.172418 
0.708876 -0.490612 -0.823772 0.188101 0.118967 -0.180649 
0.705833 -0.436367 -0.834799 0.141024 0.023745 -0.197185 
0.701796 -0.193106 -0.842300 0.096498 -0.073028 -0.222758 
0.696365 0.032916 -0.848715 0.066855 -0.166337 -0.268787 
0.688880 0.177000 -0.848520 0.042959 -0.257100 -0.318934 
0.678372 0.252198 -0.802238 0.027093 -0.330126 -0.387548 
0.663418 0.288928 -0.593913 0.016778 -0.384709 -0.469196 
0.641837 0.304029 -0.394342 0.009732 -0.421580 -0.554555 
0.609598 0.308162 -0.274237 0.010690 -0.449352 -0.636891 
0.563759 0.304926 -0.211148 0.056326 -0.467033 -0.704032 
0.501845 0.294554 -0.181060 0.264108 -0.479426 -0.754601 
0.424775 0.280184 -0.168901 0.463137 -0.488177 -0.788825 
0.338636 0.257910 -0.165075 0.583505 -0.491543 -0.811308 
0.253563 0.227974 -0.167072 0.646509 -0.460256 -0.827682 
0.179476 0.183736 -0.174576 0.677568 -0.283163 -0.838540 
0.121833 0.126876 -0.182878 0.690308 -0.018424 -0.846249 
0.080686 0.036551 -0.199709 0.694645 0.150949 -0.851414 
0.052833 -0.058965 -0.224012 0.692370 0.239923 -0.837130 
0.034391 -0.152652 -0.265469 0.685416 0.282787 -0.705882 
0.022168 -0.247717 -0.327430 0.675976 0.301812 -0.465640 
0.013942 -0.321505 -0.396817 0.656953 0.308610 -0.314355 
0.008282 -0.379590 -0.484124 0.627316 0.307835 -0.230863 
0.004292 -0.420110 -0.562013 0.592745 0.300663 -0.190499 
0.001409 -0.447758 -0.644337 0.532719 0.287271 -0.172184 
0.052522 -0.467253 -0.704306 0.462130 0.266835 -0.166328 
0.421706 -0.478910 -0.747840 0.400194 0.243305 -0.164733 
0.678046 -0.486045 -0.779399 0.319669 0.213650 -0.167704 
0.711213 -0.492454 -0.804014 0.258517 0.161246 -0.174319 
0.711209 -0.483785 -0.821797 0.189622 0.096584 -0.186454 
0.708875 -0.403852 -0.833807 0.131614 0.004819 -0.200087 
0.705833 -0.115268 -0.843108 0.089321 -0.088443 -0.232467 
0.701843 0.095817 -0.849397 0.060235 -0.195015 -0.283397 
0.696479 0.212129 -0.847698 0.039649 -0.271439 -0.349077 
0.689158 0.269125 -0.768110 0.025438 -0.342565 -0.426217 
0.679052 0.294128 -0.525991 0.015554 -0.394328 -0.511609 
0.663983 0.305051 -0.345058 0.009120 -0.430227 -0.591763 
0.641837 0.307453 -0.246213 0.016360 -0.453673 -0.666143 
0.609598 0.303136 -0.198186 0.084730 -0.470560 -0.724685 
0.563759 0.293659 -0.175082 0.320010 -0.482083 -0.767831 
0.501845 0.279737 -0.165912 0.502799 -0.490112 -0.796368 
0.424775 0.256404 -0.164451 0.606139 -0.488202 -0.817458 
0.338636 0.219904 -0.166348 0.657739 -0.423956 -0.831631 
0.253563 0.176627 -0.174214 0.683183 -0.168966 -0.840514 
0.179476 0.098906 -0.185035 0.693116 0.052967 -0.847405 
0.121833 0.006874 -0.203068 0.694601 0.186644 -0.848615 
0.080686 -0.081691 -0.231302 0.690877 0.257403 -0.818456 
0.052833 -0.164014 -0.271623 0.684669 0.291527 -0.592368 
0.034391 -0.262864 -0.330589 0.671118 0.305777 -0.408883 
0.022168 -0.329079 -0.407193 0.649552 0.309670 -0.277852 
0.013942 -0.387440 -0.501918 0.624070 0.308364 -0.212921 
0.008282 -0.426006 -0.583979 0.591122 0.298514 -0.181949 
0.004292 -0.451877 -0.655491 0.529698 0.285362 -0.167909 
0.031404 -0.469927 -0.709883 0.451801 0.261840 -0.164694 
0.220293 -0.480871 -0.750628 0.372192 0.236408 -0.163917 
0.581476 -0.486344 -0.780793 0.321485 0.217229 -0.167296 
0.690505 -0.491855 -0.799963 0.280289 0.192886 -0.171778 
0.711213 -0.495591 -0.817437 0.220318 0.131440 -0.180329 
0.708764 -0.461507 -0.829787 0.161251 0.057043 -0.197025 
0.705532 -0.307271 -0.839794 0.111102 -0.028603 -0.217649 
0.701212 -0.024166 -0.846603 0.074164 -0.127977 -0.252654 
0.695295 0.148126 -0.850581 0.049175 -0.226973 -0.305585 
0.687012 0.238284 -0.825046 0.032209 -0.306378 -0.369337 
0.675202 0.281970 -0.711549 0.020295 -0.368439 -0.448168 
0.658157 0.300550 -0.464827 0.012162 -0.410252 -0.533512 
0.632010 0.307720 -0.311406 0.006787 -0.440447 -0.613258 
0.593543 0.307484 -0.229388 0.028216 -0.462281 -0.684379 
0.538966 0.300415 -0.189762 0.167540 -0.477050 -0.733803 
0.466740 0.286522 -0.171778 0.403800 -0.486744 -0.775999 
0.380491 0.261078 -0.165349 0.553548 -0.493048 -0.804895 
0.289819 0.232844 -0.165712 0.632078 -0.482999 -0.823501 
0.206758 0.186171 -0.170231 0.670353 -0.340344 -0.836449 
0.139970 0.128094 -0.180705 0.686701 -0.047014 -0.844880 
0.091655 0.037160 -0.193936 0.692841 0.136654 -0.850730 
0.059061 -0.038858 -0.221126 0.691468 0.232775 -0.836788 
0.037789 -0.142598 -0.264026 0.686825 0.279213 -0.705711 
0.023963 -0.242690 -0.326708 0.676680 0.300866 -0.465554 
0.014850 -0.318992 -0.396456 0.663780 0.308137 -0.314312 
0.008701 -0.371163 -0.465023 0.637354 0.307598 -0.230841 
0.004441 -0.415897 -0.552463 0.597764 0.303057 -0.190489 
0.001411 -0.445651 -0.639562 0.535229 0.290367 -0.172179 
0.001406 -0.464052 -0.701918 0.463384 0.268383 -0.166325 
0.031368 -0.477309 -0.746646 0.400822 0.244079 -0.164732 
0.220106 -0.484562 -0.774734 0.346702 0.221065 -0.166477 
0.581354 -0.488871 -0.792846 0.292923 0.202530 -0.168576 
0.690481 -0.493119 -0.809471 0.245144 0.167939 -0.172418 
0.708876 -0.490612 -0.823772 0.188101 0.118967 -0.180649 
0.705833 -0.436367 -0.834799 0.141024 0.023745 -0.197185 
0.701796 -0.193106 -0.842300 0.096498 -0.073028 -0.222758 
0.696365 0.032916 -0.848715 0.066855 -0.166337 -0.268787 
0.688880 0.177000 -0.848520 0.042959 -0.257100 -0.318934 
0.678372 0.252198 -0.802238 0.027093 -0.330126 -0.387548 
0.663418 0.288928 -0.593913 0.016778 -0.384709 -0.469196 
0.641837 0.304029 -0.394342 0.009732 -0.421580 -0.554555 
0.609598 0.308162 -0.274237 0.010690 -0.449352 -0.636891 
0.563759 0.304926 -0.211148 0.056326 -0.467033 -0.704032 
0.501845 0.294554 -0.181060 0.264108 -0.479426 -0.754601 
0.424775 0.280184 -0.168901 0.463137 -0.488177 -0.788825 
0.338636 0.257910 -0.165075 0.583505 -0.491543 -0.811308 
0.253563 0.227974 -0.167072 0.646509 -0.460256 -0.827682 
0.179476 0.183736 -0.174576 0.677568 -0.283163 -0.838540 
0.121833 0.126876 -0.182878 0.690308 -0.018424 -0.846249 
0.080686 0.036551 -0.199709 0.694645 0.150949 -0.851414 
0.052833 -0.058965 -0.224012 0.692370 0.239923 -0.837130 
0.034391 -0.152652 -0.265469 0.685416 0.282787 -0.705882 
0.022168 -0.247717 -0.327430 0.675976 0.301812 -0.465640 
0.013942 -0.321505 -0.396817 0.656953 0.308610 -0.314355 
0.008282 -0.379590 -0.484124 0.627316 0.307835 -0.230863 
0.004292 -0.420110 -0.562013 0.592745 0.300663 -0.190499 
0.001409 -0.447758 -0.644337 0.532719 0.287271 -0.172184 
0.052522 -0.467253 -0.704306 0.462130 0.266835 -0.166328 
0.421706 -0.478910 -0.747840 0.400194 0.243305 -0.164733 
0.678046 -0.486045 -0.779399 0.319669 0.213650 -0.167704 
0.711213 -0.492454 -0.804014 0.258517 0.161246 -0.174319 
0.711209 -0.483785 -0.821797 0.189622 0.096584 -0.186454 
0.708875 -0.403852 -0.833807 0.131614 0.004819 -0.200087 
0.705833 -0.115268 -0.843108 0.089321 -0.088443 -0.232467 
0.701843 0.095817 -0.849397 0.060235 -0.195015 -0.283397 
0.696479 0.212129 -0.847698 0.039649 -0.271439 -0.349077 
0.689158 0.269125 -0.768110 0.025438 -0.342565 -0.426217 
0.679052 0.294128 -0.525991 0.015554 -0.394328 -0.511609 
0.663983 0.305051 -0.345058 0.009120 -0.430227 -0.591763 
0.641837 0.307453 -0.246213 0.016360 -0.453673 -0.666143 
0.609598 0.303136 -0.198186 0.084730 -0.470560 -0.724685 
0.563759 0.293659 -0.175082 0.320010 -0.482083 -0.767831 
0.501845 0.279737 -0.165912 0.502799 -0.490112 -0.796368 
0.424775 0.256404 -0.164451 0.606139 -0.488202 -0.817458 
0.338636 0.219904 -0.166348 0.657739 -0.423956 -0.831631 
0.253563 0.176627 -0.174214 0.683183 -0.168966 -0.840514 
0.179476 0.098906 -0.185035 0.693116 0.052967 -0.847405 
0.121833 0.006874 -0.203068 0.694601 0.186644 -0.848615 
0.080686 -0.081691 -0.231302 0.690877 0.257403 -0.818456 
0.052833 -0.164014 -0.271623 0.684669 0.291527 -0.592368 
0.034391 -0.262864 -0.330589 0.671118 0.305777 -0.408883 
0.022168 -0.329079 -0.407193 0.649552 0.309670 -0.277852 
0.013942 -0.387440 -0.501918 0.624070 0.308364 -0.212921 
0.008282 -0.426006 -0.583979 0.591122 0.298514 -0.181949 
0.004292 -0.451877 -0.655491 0.529698 0.285362 -0.167909 
0.031404 -0.469927 -0.709883 0.451801 0.261840 -0.164694 
0.220293 -0.480871 -0.750628 0.372192 0.236408 -0.163917 
0.581476 -0.486344 -0.780793 0.321485 0.217229 -0.167296 
0.690505 -0.491855 -0.799963 0.280289 0.192886 -0.171778 
0.711213 -0.495591 -0.817437 0.220318 0.131440 -0.180329 
0.708764 -0.461507 -0.829787 0.161251 0.057043 -0.197025 
0.705532 -0.307271 -0.839794 0.111102 -0.028603 -0.217649 
0.701212 -0.024166 -0.846603 0.074164 -0.127977 -0.252654 
0.695295 0.148126 -0.850581 0.049175 -0.226973 -0.305585 
0.687012 0.238284 -0.825046 0.032209 -0.306378 -0.369337 
0.675202 0.281970 -0.711549 0.020295 -0.368439 -0.448168 
0.658157 0.300550 -0.464827 0.012162 -0.410252 -0.533512 
0.632010 0.307720 -0.311406 0.006787 -0.440447 -0.613258 
0.593543 0.307484 -0.229388 0.028216 -0.462281 -0.684379 
0.538966 0.300415 -0.189762 0.167540 -0.477050 -0.733803 
0.466740 0.286522 -0.171778 0.403800 -0.486744 -0.775999 
0.380491 0.261078 -0.165349 0.553548 -0.493048 -0.804895 
0.289819 0.232844 -0.165712 0.632078 -0.482999 -0.823501 
0.206758 0.186171 -0.170231 0.670353 -0.340344 -0.836449 
0.139970 0.128094 -0.180705 0.686701 -0.047014 -0.844880 
0.091655 0.037160 -0.193936 0.692841 0.136654 -0.850730 
0.059061 -0.038858 -0.221126 0.691468 0.232775 -0.836788 
0.037789 -0.142598 -0.264026 0.686825 0.279213 -0.705711 
0.023963 -0.242690 -0.326708 0.676680 0.300866 -0.465554 
0.014850 -0.318992 -0.396456 0.663780 0.308137 -0.314312 
0.008701 -0.371163 -0.465023 0.637354 0.307598 -0.230841 
0.004441 -0.415897 -0.552463 0.597764 0.303057 -0.190489 
0.001411 -0.445651 -0.639562 0.535229 0.290367 -0.172179 
0.001406 -0.464052 -0.701918 0.463384 0.268383 -0.166325 
0.031368 -0.477309 -0.746646 0.400822 0.244079 -0.164732 
0.220106 -0.484562 -0.774734 0.346702 0.221065 -0.166477 
0.581354 -0.488871 -0.792846 0.292923 0.202530 -0.168576 
0.690481 -0.493119 -0.809471 0.245144 0.167939 -0.172418 
0.708876 -0.490612 -0.823772 0.188101 0.118967 -0.180649 
0.705833 -0.436367 -0.834799 0.141024 0.023745 -0.197185 
0.701796 -0.193106 -0.842300 0.096498 -0.073028 -0.222758 
0.696365 0.032916 -0.848715 0.066855 -0.166337 -0.268787 
0.688880 0.177000 -0.848520 0.042959 -0.257100 -0.318934 
0.678372 0.252198 -0.802238 0.027093 -0.330126 -0.387548 
0.663418 0.288928 -0.593913 0.016778 -0.384709 -0.469196 
0.641837 0.304029 -0.394342 0.009732 -0.421580 -0.554555 
0.609598 0.308162 -0.274237 0.010690 -0.449352 -0.636891 
0.563759 0.304926 -0.211148 0.056326 -0.467033 -0.704032 
0.501845 0.294554 -0.181060 0.264108 -0.479426 -0.754601 
0.424775 0.280184 -0.168901 0.463137 -0.488177 -0.788825 
0.338636 0.257910 -0.165075 0.583505 -0.491543 -0.811308 
0.253563 0.227974 -0.167072 0.646509 -0.460256 -0.827682 
0.179476 0.183736 -0.174576 0.677568 -0.283163 -0.838540 
0.121833 0.126876 -0.182878 0.690308 -0.018424 -0.846249 
0.080686 0.036551 -0.199709 0.694645 0.150949 -0.851414 
0.052833 -0.058965 -0.224012 0.692370 0.239923 -0.837130 
0.034391 -0.152652 -0.265469 0.685416 0.282787 -0.705882 
0.022168 -0.247717 -0.327430 0.675976 0.301812 -0.465640 
0.013942 -0.321505 -0.396817 0.656953 0.308610 -0.314355 
0.008282 -0.379590 -0.484124 0.627316 0.307835 -0.230863 
0.004292 -0.420110 -0.562013 0.592745 0.300663 -0.190499 
0.001409 -0.447758 -0.644337 0.532719 0.287271 -0.172184 
0.052522 -0.467253 -0.704306 0.462130 0.266835 -0.166328 
0.421706 -0.478910 -0.747840 0.400194 0.243305 -0.164733 
0.678046 -0.486045 -0.779399 0.319669 0.213650 -0.167704 
0.711213 -0.492454 -0.804014 0.258517 0.161246 -0.174319 
0.711209 -0.483785 -0.821797 0.189622 0.096584 -0.186454 
0.708875 -0.403852 -0.833807 0.131614 0.004819 -0.200087 
0.705833 -0.115268 -0.843108 0.089321 -0.088443 -0.232467 
0.701843 0.095817 -0.849397 0.060235 -0.195015 -0.283397 
0.696479 0.212129 -0.847698 0.039649 -0.271439 -0.349077 
0.689158 0.269125 -0.768110 0.025438 -0.342565 -0.426217 
0.679052 0.294128 -0.525991 0.015554 -0.394328 -0.511609 
0.663983 0.305051 -0.345058 0.009120 -0.430227 -0.591763 
0.641837 0.307453 -0.246213 0.016360 -0.453673 -0.666143 
0.609598 0.303136 -0.198186 0.084730 -0.470560 -0.724685 
0.563759 0.293659 -0.175082 0.320010 -0.482083 -0.767831 
0.501845 0.279737 -0.165912 0.502799 -0.490112 -0.796368 
0.424775 0.256404 -0.164451 0.606139 -0.488202 -0.817458 
0.338636 0.219904 -0.166348 0.657739 -0.423956 -0.831631 
