0.357500 0.000000 0.000000 0.000000 0.000000 0.000000 
0.357500 0.000000 0.000000 0.000000 0.000000 0.000000 
-0.009420 0.000000 0.000000 0.000000 0.000000 0.000000 
0.724576 0.000000 0.000000 0.000000 0.000000 0.000000 
0.640965 0.000000 0.000000 0.000000 0.000000 0.000000 
0.001386 0.000000 0.000000 0.000000 0.000000 0.000000 
0.001386 0.000000 0.000000 0.000000 0.000000 0.000000 
0.001386 0.000000 0.000000 0.000000 0.000000 0.000000 
0.001386 0.000000 0.000000 0.000000 0.000000 0.000000 
0.001386 0.000000 0.000000 0.000000 0.000000 0.000000 
0.001386 0.000000 0.000000 0.000000 0.000000 0.000000 
0.001386 0.000000 0.000000 0.000000 0.000000 0.000000 
0.001386 0.000000 0.000000 0.000000 0.000000 0.000000 
0.001386 0.000000 0.000000 0.000000 0.000000 0.000000 
0.001386 0.000000 0.000000 0.000000 0.000000 0.000000 
0.001386 0.000000 0.000000 0.000000 0.000000 0.000000 
0.001386 0.000000 0.000000 0.000000 0.000000 0.000000 
0.001386 0.000000 0.000000 0.000000 0.000000 0.000000 
0.001386 0.000000 0.000000 0.000000 0.000000 0.000000 
0.001386 0.000000 0.000000 0.000000 0.000000 0.000000 
0.001386 0.000000 0.000000 0.000000 0.000000 0.000000 
0.001386 0.000000 0.000000 0.000000 0.000000 0.000000 
0.001386 0.000000 0.000000 0.000000 0.000000 0.000000 
0.001386 0.000000 0.000000 0.000000 0.000000 0.000000 
0.001386 0.000000 0.000000 0.000000 0.000000 0.000000 
0.001386 0.000000 0.000000 0.000000 0.000000 0.000000 
0.001386 0.000000 0.000000 0.000000 0.000000 0.000000 
0.001386 0.000000 0.000000 0.000000 0.000000 0.000000 
0.001386 0.000000 0.000000 0.000000 0.000000 0.000000 
0.001386 0.000000 0.000000 0.000000 0.000000 0.000000 
0.711202 0.000000 0.000000 0.000000 0.000000 0.000000 
0.711202 0.000000 0.000000 0.000000 0.000000 0.000000 
0.711202 0.000000 0.000000 0.000000 0.000000 0.000000 
0.711202 0.000000 0.000000 0.000000 0.000000 0.000000 
0.711202 0.000000 0.000000 0.000000 0.000000 0.000000 
0.711202 0.000000 0.000000 0.000000 0.000000 0.000000 
0.709073 0.000000 0.000000 0.000000 0.000000 0.000000 
0.706357 0.000000 0.000000 0.000000 0.000000 0.000000 
0.702837 -0.086302 -0.661493 -0.242379 -0.442892 -0.466596 
0.698733 0.119910 -0.675008 -0.117326 -0.428291 -0.484976 
0.692655 0.222784 -0.530298 -0.055431 -0.433792 -0.540989 
0.684344 0.270957 -0.362535 -0.024880 -0.442959 -0.590451 
0.672788 0.292290 -0.258333 -0.011735 -0.456765 -0.643176 
0.656505 0.301072 -0.202851 0.018955 -0.466944 -0.691849 
0.633431 0.304160 -0.175113 0.034300 -0.475829 -0.727963 
0.600761 0.301489 -0.162636 0.126317 -0.482695 -0.749568 
0.555893 0.292836 -0.156803 0.299103 -0.487257 -0.777369 
0.497179 0.282732 -0.155299 0.456220 -0.491847 -0.796767 
0.425694 0.274273 -0.157105 0.565072 -0.494995 -0.809908 
0.346352 0.254954 -0.159177 0.634472 -0.494952 -0.821849 
0.267092 0.229782 -0.162626 0.672242 -0.483951 -0.831471 
0.196026 0.206593 -0.167108 0.690790 -0.432894 -0.838637 
0.138353 0.163914 -0.174593 0.699709 -0.269482 -0.844017 
0.095183 0.116965 -0.182886 0.701379 -0.026993 -0.848664 
0.064609 0.042879 -0.195027 0.701049 0.137916 -0.852400 
0.043586 -0.021140 -0.208064 0.698568 0.230791 -0.851112 
0.029245 -0.087811 -0.228189 0.694332 0.279402 -0.836979 
0.019394 -0.154887 -0.262229 0.688257 0.302983 -0.757354 
0.012521 -0.232332 -0.298983 0.679993 0.313321 -0.561817 
0.007630 -0.297022 -0.344269 0.668779 0.316674 -0.384610 
0.004075 -0.346158 -0.405236 0.659830 0.316025 -0.273840 
0.001439 -0.384746 -0.469413 0.635378 0.312741 -0.210318 
0.001434 -0.415273 -0.533028 0.605289 0.307215 -0.179492 
0.001430 -0.439923 -0.595766 0.581732 0.297939 -0.165234 
0.001426 -0.457664 -0.651227 0.527213 0.287808 -0.159551 
0.001422 -0.470662 -0.699905 0.468469 0.273447 -0.160011 
0.001418 -0.479320 -0.737797 0.421187 0.253302 -0.160746 
0.022112 -0.485568 -0.764585 0.356884 0.232139 -0.164483 
0.120999 -0.488692 -0.787772 0.313832 0.215095 -0.167579 
0.421939 -0.490936 -0.799365 0.292306 0.199545 -0.169127 
0.640151 -0.494151 -0.809249 0.265699 0.184043 -0.172693 
0.696374 -0.496507 -0.818939 0.231532 0.158696 -0.176813 
0.711221 -0.492306 -0.828505 0.181295 0.114346 -0.182847 
0.709469 -0.459865 -0.835321 0.137621 0.048495 -0.198284 
0.707326 -0.306450 -0.842077 0.105613 -0.033014 -0.223308 
0.704673 -0.128148 -0.847243 0.078793 -0.101408 -0.244077 
0.701352 0.065395 -0.851187 0.058003 -0.180527 -0.271619 
0.697164 0.193240 -0.851990 0.041095 -0.253248 -0.315068 
0.691825 0.260840 -0.837487 0.028493 -0.319516 -0.374129 
0.684924 0.293481 -0.796722 0.019860 -0.361334 -0.438743 
0.675915 0.309569 -0.634363 0.013793 -0.395916 -0.494793 
0.664082 0.314350 -0.436853 0.008911 -0.424021 -0.556825 
0.648512 0.315162 -0.300489 0.005161 -0.445074 -0.614370 
0.626848 0.312508 -0.224612 0.008405 -0.461098 -0.666799 
0.598046 0.309878 -0.185994 0.029025 -0.472906 -0.715438 
0.560515 0.301612 -0.168076 0.144372 -0.481233 -0.749333 
0.513233 0.292898 -0.160935 0.349821 -0.487850 -0.780155 
0.456464 0.282763 -0.158839 0.505994 -0.492389 -0.801602 
0.392345 0.269388 -0.159389 0.601059 -0.495871 -0.817696 
0.324881 0.246270 -0.161189 0.656011 -0.484411 -0.828122 
0.259103 0.222154 -0.165130 0.682749 -0.433124 -0.836173 
0.199667 0.180826 -0.169940 0.695689 -0.315406 -0.842505 
0.149607 0.137258 -0.176009 0.699369 -0.075773 -0.847383 
0.109871 0.078953 -0.188610 0.700044 0.099563 -0.851222 
0.079703 0.009233 -0.204956 0.699513 0.209942 -0.853900 
0.057446 -0.052821 -0.223546 0.696727 0.269758 -0.847325 
0.041257 -0.130573 -0.249540 0.691940 0.298420 -0.807831 
0.029512 -0.205708 -0.280742 0.685201 0.311030 -0.587056 
0.020944 -0.274245 -0.335066 0.675868 0.315934 -0.406227 
0.014626 -0.334770 -0.393312 0.663133 0.316189 -0.284648 
0.009904 -0.376583 -0.451408 0.645560 0.313495 -0.215734 
0.006323 -0.407128 -0.511419 0.622074 0.308473 -0.181862 
0.003567 -0.433880 -0.575754 0.590124 0.300982 -0.166006 
0.001415 -0.451441 -0.634414 0.548090 0.291657 -0.159420 
0.001412 -0.464595 -0.680709 0.497343 0.278769 -0.157382 
0.022088 -0.476286 -0.722491 0.435623 0.262584 -0.159431 
0.120883 -0.483426 -0.756933 0.386941 0.241179 -0.161285 
0.421735 -0.487621 -0.779877 0.339762 0.219615 -0.164753 
0.640078 -0.492493 -0.795418 0.289453 0.194078 -0.169039 
0.696354 -0.494929 -0.810757 0.243408 0.163714 -0.174986 
0.711213 -0.497129 -0.822834 0.201878 0.116854 -0.181934 
0.709520 -0.482166 -0.832485 0.152031 0.062446 -0.190262 
0.707463 -0.403042 -0.839156 0.112819 -0.012250 -0.201991 
0.704936 -0.176444 -0.844656 0.082395 -0.091026 -0.226552 
0.701825 0.041247 -0.848899 0.061966 -0.159188 -0.257106 
0.697938 0.174075 -0.852292 0.046557 -0.230387 -0.295717 
0.693027 0.247580 -0.849146 0.032810 -0.289125 -0.355237 
0.686761 0.287488 -0.802551 0.023382 -0.346139 -0.405700 
0.678704 0.306573 -0.700302 0.015882 -0.384660 -0.466599 
0.668292 0.312851 -0.492086 0.010776 -0.415376 -0.531800 
0.653915 0.315437 -0.336632 0.006731 -0.440751 -0.601858 
0.634803 0.313866 -0.245382 0.005970 -0.457392 -0.660543 
0.609523 0.310557 -0.196379 0.027807 -0.469915 -0.706720 
0.576571 0.304688 -0.173269 0.090454 -0.478682 -0.744974 
0.534745 0.294436 -0.162623 0.281171 -0.485252 -0.775072 
0.483715 0.283532 -0.158209 0.460616 -0.490845 -0.796634 
0.424622 0.269773 -0.158031 0.578370 -0.494493 -0.813043 
0.360346 0.251422 -0.160510 0.643925 -0.490392 -0.825795 
0.295130 0.224730 -0.164378 0.676718 -0.459680 -0.835010 
0.233565 0.191085 -0.169564 0.692673 -0.359270 -0.841923 
0.179364 0.152398 -0.175822 0.697861 -0.136623 -0.846624 
0.134533 0.086522 -0.185839 0.700455 0.069138 -0.850460 
0.099289 0.016374 -0.201189 0.699718 0.194730 -0.853519 
0.072583 -0.049251 -0.221663 0.696829 0.262152 -0.847134 
0.052798 -0.128788 -0.248598 0.691991 0.294617 -0.817716 
0.038286 -0.204816 -0.280271 0.685226 0.309463 -0.680210 
0.027644 -0.273799 -0.334831 0.675881 0.315991 -0.452804 
0.019790 -0.317756 -0.393194 0.663139 0.317289 -0.307937 
0.013932 -0.368077 -0.451349 0.645563 0.315426 -0.227379 
0.009505 -0.402875 -0.511390 0.622075 0.311242 -0.187684 
0.006114 -0.428301 -0.575739 0.590125 0.304879 -0.168917 
0.003480 -0.448652 -0.634406 0.548090 0.293605 -0.160876 
0.001406 -0.463200 -0.680705 0.508183 0.282908 -0.158109 
0.022068 -0.474975 -0.722490 0.449861 0.264653 -0.159795 
0.120793 -0.482770 -0.756932 0.394060 0.248149 -0.161467 
0.421581 -0.487293 -0.779877 0.343321 0.229563 -0.164844 
0.640025 -0.490237 -0.795418 0.291233 0.206779 -0.169084 
0.696340 -0.493801 -0.810757 0.244298 0.170064 -0.172672 
0.711207 -0.496565 -0.822834 0.202323 0.120029 -0.180777 
0.709514 -0.481884 -0.831207 0.161526 0.064033 -0.189683 
0.707456 -0.402901 -0.838516 0.120653 -0.003721 -0.201702 
0.704932 -0.205824 -0.844336 0.086313 -0.072948 -0.225017 
0.701825 0.026557 -0.848740 0.063924 -0.150149 -0.256338 
0.697938 0.166730 -0.852212 0.047537 -0.225868 -0.295333 
0.693027 0.243907 -0.850268 0.033300 -0.286866 -0.355045 
0.686761 0.285652 -0.824889 0.023627 -0.336324 -0.405604 
0.678704 0.305655 -0.711471 0.016634 -0.379753 -0.466551 
0.668292 0.312392 -0.497671 0.011152 -0.412922 -0.531776 
0.653918 0.315208 -0.339425 0.006919 -0.435687 -0.595798 
0.634812 0.313752 -0.246778 0.006064 -0.453165 -0.645849 
0.609540 0.310499 -0.197066 0.014832 -0.466971 -0.693205 
0.576597 0.304659 -0.173612 0.083966 -0.477209 -0.738216 
0.534783 0.294421 -0.162795 0.277941 -0.484516 -0.769976 
0.483765 0.283525 -0.158295 0.459001 -0.490477 -0.793070 
0.424683 0.269769 -0.158074 0.577563 -0.494309 -0.811261 
0.360414 0.251421 -0.160532 0.643521 -0.490300 -0.824421 
0.295199 0.224729 -0.164389 0.676517 -0.459634 -0.834323 
0.233631 0.191085 -0.169570 0.692572 -0.359247 -0.841580 
0.179421 0.152397 -0.175824 0.697810 -0.136612 -0.846453 
0.134579 0.086522 -0.185840 0.700430 0.069144 -0.850374 
0.099326 0.016374 -0.201190 0.699705 0.194733 -0.853476 
0.072611 -0.049251 -0.221663 0.696823 0.262153 -0.847113 
0.052819 -0.128788 -0.248598 0.691988 0.294618 -0.817705 
0.038301 -0.204816 -0.280271 0.685225 0.309464 -0.680204 
0.027656 -0.273799 -0.334831 0.675880 0.315991 -0.452801 
0.019799 -0.317756 -0.393194 0.663139 0.317289 -0.307936 
0.013938 -0.368077 -0.451349 0.645563 0.315426 -0.227378 
0.009510 -0.402875 -0.511390 0.622075 0.311242 -0.187684 
0.006118 -0.428301 -0.575739 0.590125 0.304879 -0.168917 
0.003482 -0.448652 -0.634406 0.548090 0.293605 -0.160876 
0.022088 -0.463200 -0.680705 0.508183 0.282908 -0.158109 
0.120883 -0.474975 -0.722490 0.449861 0.264653 -0.159795 
0.421735 -0.482770 -0.756932 0.394060 0.242214 -0.161467 
0.640078 -0.487975 -0.783945 0.332420 0.213104 -0.166071 
0.696354 -0.492671 -0.801539 0.274048 0.177154 -0.171165 
0.711213 -0.495999 -0.816458 0.217198 0.142998 -0.179008 
0.709460 -0.485558 -0.828019 0.168963 0.087460 -0.188799 
0.707316 -0.433840 -0.836923 0.126408 0.027925 -0.201260 
0.704662 -0.221294 -0.843362 0.093680 -0.057125 -0.224796 
0.701338 -0.023989 -0.848253 0.067608 -0.142238 -0.256228 
0.697164 0.137694 -0.851969 0.049378 -0.200941 -0.285478 
0.691825 0.229389 -0.850147 0.034905 -0.274402 -0.327279 
0.684924 0.278915 -0.824828 0.025396 -0.330093 -0.380184 
0.675915 0.302518 -0.756676 0.018311 -0.371840 -0.441772 
0.664082 0.314088 -0.571132 0.012387 -0.405590 -0.511562 
0.648512 0.316609 -0.382952 0.008042 -0.432020 -0.575738 
0.626848 0.316009 -0.270468 0.004727 -0.451331 -0.634370 
0.598046 0.312733 -0.208918 0.014163 -0.466054 -0.687466 
0.560515 0.307211 -0.178489 0.067511 -0.476751 -0.729320 
0.513233 0.300279 -0.164727 0.231034 -0.484287 -0.765528 
0.456464 0.286453 -0.159261 0.422512 -0.489377 -0.790846 
0.392345 0.271234 -0.158557 0.554050 -0.493759 -0.807875 
0.324881 0.252153 -0.161047 0.631764 -0.490025 -0.822728 
0.259103 0.225095 -0.165059 0.670638 -0.459497 -0.832418 
0.199667 0.191268 -0.169905 0.689633 -0.359179 -0.840627 
0.149607 0.152489 -0.175992 0.696341 -0.136577 -0.845976 
0.109871 0.086568 -0.185924 0.699695 0.069161 -0.850136 
0.079703 0.016397 -0.203613 0.699338 0.194741 -0.853357 
0.057446 -0.049239 -0.222875 0.696639 0.262157 -0.847053 
0.041257 -0.128782 -0.249204 0.691896 0.294620 -0.807695 
0.029512 -0.204813 -0.280574 0.685179 0.309465 -0.648835 
0.020944 -0.273798 -0.334982 0.675857 0.315151 -0.437116 
0.014626 -0.334546 -0.393270 0.663127 0.315798 -0.300093 
0.009904 -0.376471 -0.451387 0.645557 0.313299 -0.223457 
0.006323 -0.407072 -0.511409 0.622072 0.308375 -0.185723 
0.003567 -0.433852 -0.575749 0.590123 0.300933 -0.167937 
0.001415 -0.451427 -0.634411 0.548090 0.291632 -0.160386 
0.001412 -0.464588 -0.680707 0.497343 0.278757 -0.157864 
0.022088 -0.476283 -0.722491 0.435623 0.262578 -0.159672 
0.120883 -0.483424 -0.756932 0.386941 0.241176 -0.161406 
0.421735 -0.487620 -0.779877 0.339761 0.219613 -0.164813 
0.640078 -0.492493 -0.795418 0.289453 0.194078 -0.169069 
0.696354 -0.494929 -0.810757 0.243408 0.163713 -0.175001 
0.711213 -0.497129 -0.822834 0.201878 0.116854 -0.181941 
0.709520 -0.482166 -0.832485 0.152031 0.062446 -0.190266 
0.707463 -0.403042 -0.839156 0.112819 -0.012250 -0.201993 
0.704936 -0.176444 -0.844656 0.082395 -0.091026 -0.226553 
0.701825 0.041247 -0.848899 0.061966 -0.159188 -0.257107 
0.697938 0.174075 -0.852292 0.046557 -0.230387 -0.295717 
0.693027 0.247580 -0.849146 0.032810 -0.289125 -0.355237 
0.686761 0.287488 -0.802551 0.023382 -0.346139 -0.405700 
0.678704 0.306573 -0.700302 0.015882 -0.384660 -0.466599 
0.668292 0.312851 -0.492086 0.010776 -0.415376 -0.531800 
0.653915 0.315437 -0.336632 0.006731 -0.440751 -0.601858 
0.634803 0.313866 -0.245382 0.005970 -0.457392 -0.660543 
0.609523 0.310557 -0.196379 0.027807 -0.469915 -0.706720 
0.576571 0.304688 -0.173269 0.090454 -0.478682 -0.744974 
0.534745 0.294436 -0.162623 0.281171 -0.485252 -0.775072 
0.483715 0.283532 -0.158209 0.460616 -0.490845 -0.796634 
0.424622 0.269773 -0.158031 0.578370 -0.494493 -0.813043 
0.360346 0.251422 -0.160510 0.643925 -0.490392 -0.825795 
0.295130 0.224730 -0.164378 0.676718 -0.459680 -0.835010 
0.233565 0.191085 -0.169564 0.692673 -0.359270 -0.841923 
0.179364 0.152398 -0.175822 0.697861 -0.136623 -0.846624 
0.134533 0.086522 -0.185839 0.700455 0.069138 -0.850460 
0.099289 0.016374 -0.201189 0.699718 0.194730 -0.853519 
0.072583 -0.049251 -0.221663 0.696829 0.262152 -0.847134 
0.052798 -0.128788 -0.248598 0.691991 0.294617 -0.817716 
0.038286 -0.204816 -0.280271 0.685226 0.309463 -0.680210 
0.027644 -0.273799 -0.334831 0.675881 0.315991 -0.452804 
0.019790 -0.317756 -0.393194 0.663139 0.317289 -0.307937 
0.013932 -0.368077 -0.451349 0.645563 0.315426 -0.227379 
0.009505 -0.402875 -0.511390 0.622075 0.311242 -0.187684 
0.006114 -0.428301 -0.575739 0.590125 0.304879 -0.168917 
0.003480 -0.448652 -0.634406 0.548090 0.293605 -0.160876 
0.001406 -0.463200 -0.680705 0.508183 0.282908 -0.158109 
0.022068 -0.474975 -0.722490 0.449861 0.264653 -0.159795 
0.120793 -0.482770 -0.756932 0.394060 0.248149 -0.161467 
0.421581 -0.487293 -0.779877 0.343321 0.229563 -0.164844 
0.640025 -0.490237 -0.795418 0.291233 0.206779 -0.169084 
0.696340 -0.493801 -0.810757 0.244298 0.170064 -0.172672 
0.711207 -0.496565 -0.822834 0.202323 0.120029 -0.180777 
0.709514 -0.481884 -0.831207 0.161526 0.064033 -0.189683 
0.707456 -0.402901 -0.838516 0.120653 -0.003721 -0.201702 
0.704932 -0.205824 -0.844336 0.086313 -0.072948 -0.225017 
0.701825 0.026557 -0.848740 0.063924 -0.150149 -0.256338 
0.697938 0.166730 -0.852212 0.047537 -0.225868 -0.295333 
0.693027 0.243907 -0.850268 0.033300 -0.286866 -0.355045 
0.686761 0.285652 -0.824889 0.023627 -0.336324 -0.405604 
0.678704 0.305655 -0.711471 0.016634 -0.379753 -0.466551 
0.668292 0.312392 -0.497671 0.011152 -0.412922 -0.531776 
0.653918 0.315208 -0.339425 0.006919 -0.435687 -0.595798 
0.634812 0.313752 -0.246778 0.006064 -0.453165 -0.645849 
0.609540 0.310499 -0.197066 0.014832 -0.466971 -0.693205 
0.576597 0.304659 -0.173612 0.083966 -0.477209 -0.738216 
0.534783 0.294421 -0.162795 0.277941 -0.484516 -0.769976 
0.483765 0.283525 -0.158295 0.459001 -0.490477 -0.793070 
0.424683 0.269769 -0.158074 0.577563 -0.494309 -0.811261 
0.360414 0.251421 -0.160532 0.643521 -0.490300 -0.824421 
0.295199 0.224729 -0.164389 0.676517 -0.459634 -0.834323 
0.233631 0.191085 -0.169570 0.692572 -0.359247 -0.841580 
0.179421 0.152397 -0.175824 0.697810 -0.136612 -0.846453 
0.134579 0.086522 -0.185840 0.700430 0.069144 -0.850374 
0.099326 0.016374 -0.201190 0.699705 0.194733 -0.853476 
0.072611 -0.049251 -0.221663 0.696823 0.262153 -0.847113 
0.052819 -0.128788 -0.248598 0.691988 0.294618 -0.817705 
0.038301 -0.204816 -0.280271 0.685225 0.309464 -0.680204 
0.027656 -0.273799 -0.334831 0.675880 0.315991 -0.452801 
0.019799 -0.317756 -0.393194 0.663139 0.317289 -0.307936 
0.013938 -0.368077 -0.451349 0.645563 0.315426 -0.227378 
0.009510 -0.402875 -0.511390 0.622075 0.311242 -0.187684 
0.006118 -0.428301 -0.575739 0.590125 0.304879 -0.168917 
0.003482 -0.448652 -0.634406 0.548090 0.293605 -0.160876 
0.022088 -0.463200 -0.680705 0.508183 0.282908 -0.158109 
0.120883 -0.474975 -0.722490 0.449861 0.264653 -0.159795 
0.421735 -0.482770 -0.756932 0.394060 0.242214 -0.161467 
0.640078 -0.487975 -0.783945 0.332420 0.213104 -0.166071 
0.696354 -0.492671 -0.801539 0.274048 0.177154 -0.171165 
0.711213 -0.495999 -0.816458 0.217198 0.142998 -0.179008 
0.709460 -0.485558 -0.828019 0.168963 0.087460 -0.188799 
0.707316 -0.433840 -0.836923 0.126408 0.027925 -0.201260 
0.704662 -0.221294 -0.843362 0.093680 -0.057125 -0.224796 
0.701338 -0.023989 -0.848253 0.067608 -0.142238 -0.256228 
0.697164 0.137694 -0.851969 0.049378 -0.200941 -0.285478 
0.691825 0.229389 -0.850147 0.034905 -0.274402 -0.327279 
0.684924 0.278915 -0.824828 0.025396 -0.330093 -0.380184 
0.675915 0.302518 -0.756676 0.018311 -0.371840 -0.441772 
0.664082 0.314088 -0.571132 0.012387 -0.405590 -0.511562 
0.648512 0.316609 -0.382952 0.008042 -0.432020 -0.575738 
0.626848 0.316009 -0.270468 0.004727 -0.451331 -0.634370 
0.598046 0.312733 -0.208918 0.014163 -0.466054 -0.687466 
0.560515 0.307211 -0.178489 0.067511 -0.476751 -0.729320 
0.513233 0.300279 -0.164727 0.231034 -0.484287 -0.765528 
0.456464 0.286453 -0.159261 0.422512 -0.489377 -0.790846 
0.392345 0.271234 -0.158557 0.554050 -0.493759 -0.807875 
0.324881 0.252153 -0.161047 0.631764 -0.490025 -0.822728 
0.259103 0.225095 -0.165059 0.670638 -0.459497 -0.832418 
0.199667 0.191268 -0.169905 0.689633 -0.359179 -0.840627 
0.149607 0.152489 -0.175992 0.696341 -0.136577 -0.845976 
0.109871 0.086568 -0.185924 0.699695 0.069161 -0.850136 
0.079703 0.016397 -0.203613 0.699338 0.194741 -0.853357 
0.057446 -0.049239 -0.222875 0.696639 0.262157 -0.847053 
0.041257 -0.128782 -0.249204 0.691896 0.294620 -0.807695 
0.029512 -0.204813 -0.280574 0.685179 0.309465 -0.648835 
0.020944 -0.273798 -0.334982 0.675857 0.315151 -0.437116 
0.014626 -0.334546 -0.393270 0.663127 0.315798 -0.300093 
0.009904 -0.376471 -0.451387 0.645557 0.313299 -0.223457 
0.006323 -0.407072 -0.511409 0.622072 0.308375 -0.185723 
0.003567 -0.433852 -0.575749 0.590123 0.300933 -0.167937 
0.001415 -0.451427 -0.634411 0.548090 0.291632 -0.160386 
0.001412 -0.464588 -0.680707 0.497343 0.278757 -0.157864 
0.022088 -0.476283 -0.722491 0.435623 0.262578 -0.159672 
0.120883 -0.483424 -0.756932 0.386941 0.241176 -0.161406 
0.421735 -0.487620 -0.779877 0.339761 0.219613 -0.164813 
0.640078 -0.492493 -0.795418 0.289453 0.194078 -0.169069 
0.696354 -0.494929 -0.810757 0.243408 0.163713 -0.175001 
0.711213 -0.497129 -0.822834 0.201878 0.116854 -0.181941 
0.709520 -0.482166 -0.832485 0.152031 0.062446 -0.190266 
0.707463 -0.403042 -0.839156 0.112819 -0.012250 -0.201993 
0.704936 -0.176444 -0.844656 0.082395 -0.091026 -0.226553 
0.701825 0.041247 -0.848899 0.061966 -0.159188 -0.257107 
0.697938 0.174075 -0.852292 0.046557 -0.230387 -0.295717 
0.693027 0.247580 -0.849146 0.032810 -0.289125 -0.355237 
0.686761 0.287488 -0.802551 0.023382 -0.346139 -0.405700 
0.678704 0.306573 -0.700302 0.015882 -0.384660 -0.466599 
0.668292 0.312851 -0.492086 0.010776 -0.415376 -0.531800 
0.653915 0.315437 -0.336632 0.006731 -0.440751 -0.601858 
0.634803 0.313866 -0.245382 0.005970 -0.457392 -0.660543 
0.609523 0.310557 -0.196379 0.027807 -0.469915 -0.706720 
0.576571 0.304688 -0.173269 0.090454 -0.478682 -0.744974 
0.534745 0.294436 -0.162623 0.281171 -0.485252 -0.775072 
0.483715 0.283532 -0.158209 0.460616 -0.490845 -0.796634 
0.424622 0.269773 -0.158031 0.578370 -0.494493 -0.813043 
0.360346 0.251422 -0.160510 0.643925 -0.490392 -0.825795 
0.295130 0.224730 -0.164378 0.676718 -0.459680 -0.835010 
0.233565 0.191085 -0.169564 0.692673 -0.359270 -0.841923 
0.179364 0.152398 -0.175822 0.697861 -0.136623 -0.846624 
0.134533 0.086522 -0.185839 0.700455 0.069138 -0.850460 
0.099289 0.016374 -0.201189 0.699718 0.194730 -0.853519 
0.072583 -0.049251 -0.221663 0.696829 0.262152 -0.847134 
0.052798 -0.128788 -0.248598 0.691991 0.294617 -0.817716 
0.038286 -0.204816 -0.280271 0.685226 0.309463 -0.680210 
0.027644 -0.273799 -0.334831 0.675881 0.315991 -0.452804 
0.019790 -0.317756 -0.393194 0.663139 0.317289 -0.307937 
0.013932 -0.368077 -0.451349 0.645563 0.315426 -0.227379 
0.009505 -0.402875 -0.511390 0.622075 0.311242 -0.187684 
0.006114 -0.428301 -0.575739 0.590125 0.304879 -0.168917 
0.003480 -0.448652 -0.634406 0.548090 0.293605 -0.160876 
0.001406 -0.463200 -0.680705 0.508183 0.282908 -0.158109 
0.022068 -0.474975 -0.722490 0.449861 0.264653 -0.159795 
0.120793 -0.482770 -0.756932 0.394060 0.248149 -0.161467 
0.421581 -0.487293 -0.779877 0.343321 0.229563 -0.164844 
0.640025 -0.490237 -0.795418 0.291233 0.206779 -0.169084 
0.696340 -0.493801 -0.810757 0.244298 0.170064 -0.172672 
0.711207 -0.496565 -0.822834 0.202323 0.120029 -0.180777 
0.709514 -0.481884 -0.831207 0.161526 0.064033 -0.189683 
0.707456 -0.402901 -0.838516 0.120653 -0.003721 -0.201702 
0.704932 -0.205824 -0.844336 0.086313 -0.072948 -0.225017 
0.701825 0.026557 -0.848740 0.063924 -0.150149 -0.256338 
0.697938 0.166730 -0.852212 0.047537 -0.225868 -0.295333 
0.693027 0.243907 -0.850268 0.033300 -0.286866 -0.355045 
0.686761 0.285652 -0.824889 0.023627 -0.336324 -0.405604 
0.678704 0.305655 -0.711471 0.016634 -0.379753 -0.466551 
0.668292 0.312392 -0.497671 0.011152 -0.412922 -0.531776 
0.653918 0.315208 -0.339425 0.006919 -0.435687 -0.595798 
0.634812 0.313752 -0.246778 0.006064 -0.453165 -0.645849 
0.609540 0.310499 -0.197066 0.014832 -0.466971 -0.693205 
0.576597 0.304659 -0.173612 0.083966 -0.477209 -0.738216 
0.534783 0.294421 -0.162795 0.277941 -0.484516 -0.769976 
0.483765 0.283525 -0.158295 0.459001 -0.490477 -0.793070 
0.424683 0.269769 -0.158074 0.577563 -0.494309 -0.811261 
0.360414 0.251421 -0.160532 0.643521 -0.490300 -0.824421 
0.295199 0.224729 -0.164389 0.676517 -0.459634 -0.834323 
0.233631 0.191085 -0.169570 0.692572 -0.359247 -0.841580 
0.179421 0.152397 -0.175824 0.697810 -0.136612 -0.846453 
0.134579 0.086522 -0.185840 0.700430 0.069144 -0.850374 
0.099326 0.016374 -0.201190 0.699705 0.194733 -0.853476 
0.072611 -0.049251 -0.221663 0.696823 0.262153 -0.847113 
0.052819 -0.128788 -0.248598 0.691988 0.294618 -0.817705 
0.038301 -0.204816 -0.280271 0.685225 0.309464 -0.680204 
0.027656 -0.273799 -0.334831 0.675880 0.315991 -0.452801 
0.019799 -0.317756 -0.393194 0.663139 0.317289 -0.307936 
0.013938 -0.368077 -0.451349 0.645563 0.315426 -0.227378 
0.009510 -0.402875 -0.511390 0.622075 0.311242 -0.187684 
0.006118 -0.428301 -0.575739 0.590125 0.304879 -0.168917 
0.003482 -0.448652 -0.634406 0.548090 0.293605 -0.160876 
0.022088 -0.463200 -0.680705 0.508183 0.282908 -0.158109 
0.120883 -0.474975 -0.722490 0.449861 0.264653 -0.159795 
0.421735 -0.482770 -0.756932 0.394060 0.242214 -0.161467 
0.640078 -0.487975 -0.783945 0.332420 0.213104 -0.166071 
0.696354 -0.492671 -0.801539 0.274048 0.177154 -0.171165 
0.711213 -0.495999 -0.816458 0.217198 0.142998 -0.179008 
0.709460 -0.485558 -0.828019 0.168963 0.087460 -0.188799 
0.707316 -0.433840 -0.836923 0.126408 0.027925 -0.201260 
0.704662 -0.221294 -0.843362 0.093680 -0.057125 -0.224796 
0.701338 -0.023989 -0.848253 0.067608 -0.142238 -0.256228 
0.697164 0.137694 -0.851969 0.049378 -0.200941 -0.285478 
0.691825 0.229389 -0.850147 0.034905 -0.274402 -0.327279 
0.684924 0.278915 -0.824828 0.025396 -0.330093 -0.380184 
0.675915 0.302518 -0.756676 0.018311 -0.371840 -0.441772 
0.664082 0.314088 -0.571132 0.012387 -0.405590 -0.511562 
0.648512 0.316609 -0.382952 0.008042 -0.432020 -0.575738 
0.626848 0.316009 -0.270468 0.004727 -0.451331 -0.634370 
0.598046 0.312733 -0.208918 0.014163 -0.466054 -0.687466 
0.560515 0.307211 -0.178489 0.067511 -0.476751 -0.729320 
0.513233 0.300279 -0.164727 0.231034 -0.484287 -0.765528 
0.456464 0.286453 -0.159261 0.422512 -0.489377 -0.790846 
0.392345 0.271234 -0.158557 0.554050 -0.493759 -0.807875 
0.324881 0.252153 -0.161047 0.631764 -0.490025 -0.822728 
0.259103 0.225095 -0.165059 0.670638 -0.459497 -0.832418 
0.199667 0.191268 -0.169905 0.689633 -0.359179 -0.840627 
0.149607 0.152489 -0.175992 0.696341 -0.136577 -0.845976 
0.109871 0.086568 -0.185924 0.699695 0.069161 -0.850136 
0.079703 0.016397 -0.203613 0.699338 0.194741 -0.853357 
0.057446 -0.049239 -0.222875 0.696639 0.262157 -0.847053 
0.041257 -0.128782 -0.249204 0.691896 0.294620 -0.807695 
0.029512 -0.204813 -0.280574 0.685179 0.309465 -0.648835 
0.020944 -0.273798 -0.334982 0.675857 0.315151 -0.437116 
0.014626 -0.334546 -0.393270 0.663127 0.315798 -0.300093 
0.009904 -0.376471 -0.451387 0.645557 0.313299 -0.223457 
0.006323 -0.407072 -0.511409 0.622072 0.308375 -0.185723 
0.003567 -0.433852 -0.575749 0.590123 0.300933 -0.167937 
0.001415 -0.451427 -0.634411 0.548090 0.291632 -0.160386 
0.001412 -0.464588 -0.680707 0.497343 0.278757 -0.157864 
0.022088 -0.476283 -0.722491 0.435623 0.262578 -0.159672 
0.120883 -0.483424 -0.756932 0.386941 0.241176 -0.161406 
0.421735 -0.487620 -0.779877 0.339761 0.219613 -0.164813 
0.640078 -0.492493 -0.795418 0.289453 0.194078 -0.169069 
0.696354 -0.494929 -0.810757 0.243408 0.163713 -0.175001 
0.711213 -0.497129 -0.822834 0.201878 0.116854 -0.181941 
0.709520 -0.482166 -0.832485 0.152031 0.062446 -0.190266 
0.707463 -0.403042 -0.839156 0.112819 -0.012250 -0.201993 
0.704936 -0.176444 -0.844656 0.082395 -0.091026 -0.226553 
0.701825 0.041247 -0.848899 0.061966 -0.159188 -0.257107 
0.697938 0.174075 -0.852292 0.046557 -0.230387 -0.295717 
0.693027 0.247580 -0.849146 0.032810 -0.289125 -0.355237 
0.686761 0.287488 -0.802551 0.023382 -0.346139 -0.405700 
0.678704 0.306573 -0.700302 0.015882 -0.384660 -0.466599 
0.668292 0.312851 -0.492086 0.010776 -0.415376 -0.531800 
0.653915 0.315437 -0.336632 0.006731 -0.440751 -0.601858 
0.634803 0.313866 -0.245382 0.005970 -0.457392 -0.660543 
0.609523 0.310557 -0.196379 0.027807 -0.469915 -0.706720 
0.576571 0.304688 -0.173269 0.090454 -0.478682 -0.744974 
0.534745 0.294436 -0.162623 0.281171 -0.485252 -0.775072 
0.483715 0.283532 -0.158209 0.460616 -0.490845 -0.796634 
0.424622 0.269773 -0.158031 0.578370 -0.494493 -0.813043 
0.360346 0.251422 -0.160510 0.643925 -0.490392 -0.825795 
0.295130 0.224730 -0.164378 0.676718 -0.459680 -0.835010 
0.233565 0.191085 -0.169564 0.692673 -0.359270 -0.841923 
0.179364 0.152398 -0.175822 0.697861 -0.136623 -0.846624 
0.134533 0.086522 -0.185839 0.700455 0.069138 -0.850460 
0.099289 0.016374 -0.201189 0.699718 0.194730 -0.853519 
0.072583 -0.049251 -0.221663 0.696829 0.262152 -0.847134 
0.052798 -0.128788 -0.248598 0.691991 0.294617 -0.817716 
0.038286 -0.204816 -0.280271 0.685226 0.309463 -0.680210 
0.027644 -0.273799 -0.334831 0.675881 0.315991 -0.452804 
0.019790 -0.317756 -0.393194 0.663139 0.317289 -0.307937 
0.013932 -0.368077 -0.451349 0.645563 0.315426 -0.227379 
0.009505 -0.402875 -0.511390 0.622075 0.311242 -0.187684 
0.006114 -0.428301 -0.575739 0.590125 0.304879 -0.168917 
0.003480 -0.448652 -0.634406 0.548090 0.293605 -0.160876 
0.001406 -0.463200 -0.680705 0.508183 0.282908 -0.158109 
0.022068 -0.474975 -0.722490 0.449861 0.264653 -0.159795 
0.120793 -0.482770 -0.756932 0.394060 0.248149 -0.161467 
0.421581 -0.487293 -0.779877 0.343321 0.229563 -0.164844 
0.640025 -0.490237 -0.795418 0.291233 0.206779 -0.169084 
0.696340 -0.493801 -0.810757 0.244298 0.170064 -0.172672 
0.711207 -0.496565 -0.822834 0.202323 0.120029 -0.180777 
0.709514 -0.481884 -0.831207 0.161526 0.064033 -0.189683 
0.707456 -0.402901 -0.838516 0.120653 -0.003721 -0.201702 
0.704932 -0.205824 -0.844336 0.086313 -0.072948 -0.225017 
0.701825 0.026557 -0.848740 0.063924 -0.150149 -0.256338 
0.697938 0.166730 -0.852212 0.047537 -0.225868 -0.295333 
0.693027 0.243907 -0.850268 0.033300 -0.286866 -0.355045 
0.686761 0.285652 -0.824889 0.023627 -0.336324 -0.405604 
0.678704 0.305655 -0.711471 0.016634 -0.379753 -0.466551 
0.668292 0.312392 -0.497671 0.011152 -0.412922 -0.531776 
0.653918 0.315208 -0.339425 0.006919 -0.435687 -0.595798 
0.634812 0.313752 -0.246778 0.006064 -0.453165 -0.645849 
0.609540 0.310499 -0.197066 0.014832 -0.466971 -0.693205 
0.576597 0.304659 -0.173612 0.083966 -0.477209 -0.738216 
0.534783 0.294421 -0.162795 0.277941 -0.484516 -0.769976 
0.483765 0.283525 -0.158295 0.459001 -0.490477 -0.793070 
0.424683 0.269769 -0.158074 0.577563 -0.494309 -0.811261 
0.360414 0.251421 -0.160532 0.643521 -0.490300 -0.824421 
0.295199 0.224729 -0.164389 0.676517 -0.459634 -0.834323 
0.233631 0.191085 -0.169570 0.692572 -0.359247 -0.841580 
0.179421 0.152397 -0.175824 0.697810 -0.136612 -0.846453 
0.134579 0.086522 -0.185840 0.700430 0.069144 -0.850374 
0.099326 0.016374 -0.201190 0.699705 0.194733 -0.853476 
0.072611 -0.049251 -0.221663 0.696823 0.262153 -0.847113 
0.052819 -0.128788 -0.248598 0.691988 0.294618 -0.817705 
0.038301 -0.204816 -0.280271 0.685225 0.309464 -0.680204 
0.027656 -0.273799 -0.334831 0.675880 0.315991 -0.452801 
0.019799 -0.317756 -0.393194 0.663139 0.317289 -0.307936 
0.013938 -0.368077 -0.451349 0.645563 0.315426 -0.227378 
0.009510 -0.402875 -0.511390 0.622075 0.311242 -0.187684 
0.006118 -0.428301 -0.575739 0.590125 0.304879 -0.168917 
0.003482 -0.448652 -0.634406 0.548090 0.293605 -0.160876 
0.022088 -0.463200 -0.680705 0.508183 0.282908 -0.158109 
0.120883 -0.474975 -0.722490 0.449861 0.264653 -0.159795 
0.421735 -0.482770 -0.756932 0.394060 0.242214 -0.161467 
0.640078 -0.487975 -0.783945 0.332420 0.213104 -0.166071 
0.696354 -0.492671 -0.801539 0.274048 0.177154 -0.171165 
0.711213 -0.495999 -0.816458 0.217198 0.142998 -0.179008 
0.709460 -0.485558 -0.828019 0.168963 0.087460 -0.188799 
0.707316 -0.433840 -0.836923 0.126408 0.027925 -0.201260 
0.704662 -0.221294 -0.843362 0.093680 -0.057125 -0.224796 
0.701338 -0.023989 -0.848253 0.067608 -0.142238 -0.256228 
0.697164 0.137694 -0.851969 0.049378 -0.200941 -0.285478 
0.691825 0.229389 -0.850147 0.034905 -0.274402 -0.327279 
0.684924 0.278915 -0.824828 0.025396 -0.330093 -0.380184 
0.675915 0.302518 -0.756676 0.018311 -0.371840 -0.441772 
0.664082 0.314088 -0.571132 0.012387 -0.405590 -0.511562 
0.648512 0.316609 -0.382952 0.008042 -0.432020 -0.575738 
0.626848 0.316009 -0.270468 0.004727 -0.451331 -0.634370 
0.598046 0.312733 -0.208918 0.014163 -0.466054 -0.687466 
0.560515 0.307211 -0.178489 0.067511 -0.476751 -0.729320 
0.513233 0.300279 -0.164727 0.231034 -0.484287 -0.765528 
0.456464 0.286453 -0.159261 0.422512 -0.489377 -0.790846 
0.392345 0.271234 -0.158557 0.554050 -0.493759 -0.807875 
0.324881 0.252153 -0.161047 0.631764 -0.490025 -0.822728 
0.259103 0.225095 -0.165059 0.670638 -0.459497 -0.832418 
0.199667 0.191268 -0.169905 0.689633 -0.359179 -0.840627 
0.149607 0.152489 -0.175992 0.696341 -0.136577 -0.845976 
0.109871 0.086568 -0.185924 0.699695 0.069161 -0.850136 
0.079703 0.016397 -0.203613 0.699338 0.194741 -0.853357 
0.057446 -0.049239 -0.222875 0.696639 0.262157 -0.847053 
0.041257 -0.128782 -0.249204 0.691896 0.294620 -0.807695 
0.029512 -0.204813 -0.280574 0.685179 0.309465 -0.648835 
0.020944 -0.273798 -0.334982 0.675857 0.315151 -0.437116 
0.014626 -0.334546 -0.393270 0.663127 0.315798 -0.300093 
0.009904 -0.376471 -0.451387 0.645557 0.313299 -0.223457 
0.006323 -0.407072 -0.511409 0.622072 0.308375 -0.185723 
0.003567 -0.433852 -0.575749 0.590123 0.300933 -0.167937 
0.001415 -0.451427 -0.634411 0.548090 0.291632 -0.160386 
0.001412 -0.464588 -0.680707 0.497343 0.278757 -0.157864 
0.022088 -0.476283 -0.722491 0.435623 0.262578 -0.159672 
0.120883 -0.483424 -0.756932 0.386941 0.241176 -0.161406 
0.421735 -0.487620 -0.779877 0.339761 0.219613 -0.164813 
0.640078 -0.492493 -0.795418 0.289453 0.194078 -0.169069 
0.696354 -0.494929 -0.810757 0.243408 0.163713 -0.175001 
0.711213 -0.497129 -0.822834 0.201878 0.116854 -0.181941 
0.709520 -0.482166 -0.832485 0.152031 0.062446 -0.190266 
0.707463 -0.403042 -0.839156 0.112819 -0.012250 -0.201993 
0.704936 -0.176444 -0.844656 0.082395 -0.091026 -0.226553 
0.701825 0.041247 -0.848899 0.061966 -0.159188 -0.257107 
0.697938 0.174075 -0.852292 0.046557 -0.230387 -0.295717 
0.693027 0.247580 -0.849146 0.032810 -0.289125 -0.355237 
0.686761 0.287488 -0.802551 0.023382 -0.346139 -0.405700 
0.678704 0.306573 -0.700302 0.015882 -0.384660 -0.466599 
0.668292 0.312851 -0.492086 0.010776 -0.415376 -0.531800 
0.653915 0.315437 -0.336632 0.006731 -0.440751 -0.601858 
0.634803 0.313866 -0.245382 0.005970 -0.457392 -0.660543 
0.609523 0.310557 -0.196379 0.027807 -0.469915 -0.706720 
0.576571 0.304688 -0.173269 0.090454 -0.478682 -0.744974 
0.534745 0.294436 -0.162623 0.281171 -0.485252 -0.775072 
0.483715 0.283532 -0.158209 0.460616 -0.490845 -0.796634 
0.424622 0.269773 -0.158031 0.578370 -0.494493 -0.813043 
0.360346 0.251422 -0.160510 0.643925 -0.490392 -0.825795 
0.295130 0.224730 -0.164378 0.676718 -0.459680 -0.835010 
0.233565 0.191085 -0.169564 0.692673 -0.359270 -0.841923 
0.179364 0.152398 -0.175822 0.697861 -0.136623 -0.846624 
0.134533 0.086522 -0.185839 0.700455 0.069138 -0.850460 
0.099289 0.016374 -0.201189 0.699718 0.194730 -0.853519 
0.072583 -0.049251 -0.221663 0.696829 0.262152 -0.847134 
0.052798 -0.128788 -0.248598 0.691991 0.294617 -0.817716 
0.038286 -0.204816 -0.280271 0.685226 0.309463 -0.680210 
0.027644 -0.273799 -0.334831 0.675881 0.315991 -0.452804 
0.019790 -0.317756 -0.393194 0.663139 0.317289 -0.307937 
0.013932 -0.368077 -0.451349 0.645563 0.315426 -0.227379 
0.009505 -0.402875 -0.511390 0.622075 0.311242 -0.187684 
0.006114 -0.428301 -0.575739 0.590125 0.304879 -0.168917 
0.003480 -0.448652 -0.634406 0.548090 0.293605 -0.160876 
0.001406 -0.463200 -0.680705 0.508183 0.282908 -0.158109 
0.022068 -0.474975 -0.722490 0.449861 0.264653 -0.159795 
0.120793 -0.482770 -0.756932 0.394060 0.248149 -0.161467 
0.421581 -0.487293 -0.779877 0.343321 0.229563 -0.164844 
0.640025 -0.490237 -0.795418 0.291233 0.206779 -0.169084 
0.696340 -0.493801 -0.810757 0.244298 0.170064 -0.172672 
0.711207 -0.496565 -0.822834 0.202323 0.120029 -0.180777 
0.709514 -0.481884 -0.831207 0.161526 0.064033 -0.189683 
0.707456 -0.402901 -0.838516 0.120653 -0.003721 -0.201702 
0.704932 -0.205824 -0.844336 0.086313 -0.072948 -0.225017 
0.701825 0.026557 -0.848740 0.063924 -0.150149 -0.256338 
0.697938 0.166730 -0.852212 0.047537 -0.225868 -0.295333 
0.693027 0.243907 -0.850268 0.033300 -0.286866 -0.355045 
0.686761 0.285652 -0.824889 0.023627 -0.336324 -0.405604 
0.678704 0.305655 -0.711471 0.016634 -0.379753 -0.466551 
0.668292 0.312392 -0.497671 0.011152 -0.412922 -0.531776 
0.653918 0.315208 -0.339425 0.006919 -0.435687 -0.595798 
0.634812 0.313752 -0.246778 0.006064 -0.453165 -0.645849 
0.609540 0.310499 -0.197066 0.014832 -0.466971 -0.693205 
0.576597 0.304659 -0.173612 0.083966 -0.477209 -0.738216 
0.534783 0.294421 -0.162795 0.277941 -0.484516 -0.769976 
0.483765 0.283525 -0.158295 0.459001 -0.490477 -0.793070 
0.424683 0.269769 -0.158074 0.577563 -0.494309 -0.811261 
0.360414 0.251421 -0.160532 0.643521 -0.490300 -0.824421 
0.295199 0.224729 -0.164389 0.676517 -0.459634 -0.834323 
0.233631 0.191085 -0.169570 0.692572 -0.359247 -0.841580 
0.179421 0.152397 -0.175824 0.697810 -0.136612 -0.846453 
0.134579 0.086522 -0.185840 0.700430 0.069144 -0.850374 
0.099326 0.016374 -0.201190 0.699705 0.194733 -0.853476 
0.072611 -0.049251 -0.221663 0.696823 0.262153 -0.847113 
0.052819 -0.128788 -0.248598 0.691988 0.294618 -0.817705 
0.038301 -0.204816 -0.280271 0.685225 0.309464 -0.680204 
0.027656 -0.273799 -0.334831 0.675880 0.315991 -0.452801 
0.019799 -0.317756 -0.393194 0.663139 0.317289 -0.307936 
0.013938 -0.368077 -0.451349 0.645563 0.315426 -0.227378 
0.009510 -0.402875 -0.511390 0.622075 0.311242 -0.187684 
0.006118 -0.428301 -0.575739 0.590125 0.304879 -0.168917 
0.003482 -0.448652 -0.634406 0.548090 0.293605 -0.160876 
0.022088 -0.463200 -0.680705 0.508183 0.282908 -0.158109 
0.120883 -0.474975 -0.722490 0.449861 0.264653 -0.159795 
0.421735 -0.482770 -0.756932 0.394060 0.242214 -0.161467 
0.640078 -0.487975 -0.783945 0.332420 0.213104 -0.166071 
0.696354 -0.492671 -0.801539 0.274048 0.177154 -0.171165 
0.711213 -0.495999 -0.816458 0.217198 0.142998 -0.179008 
0.709460 -0.485558 -0.828019 0.168963 0.087460 -0.188799 
0.707316 -0.433840 -0.836923 0.126408 0.027925 -0.201260 
0.704662 -0.221294 -0.843362 0.093680 -0.057125 -0.224796 
0.701338 -0.023989 -0.848253 0.067608 -0.142238 -0.256228 
0.697164 0.137694 -0.851969 0.049378 -0.200941 -0.285478 
0.691825 0.229389 -0.850147 0.034905 -0.274402 -0.327279 
0.684924 0.278915 -0.824828 0.025396 -0.330093 -0.380184 
0.675915 0.302518 -0.756676 0.018311 -0.371840 -0.441772 
0.664082 0.314088 -0.571132 0.012387 -0.405590 -0.511562 
0.648512 0.316609 -0.382952 0.008042 -0.432020 -0.575738 
0.626848 0.316009 -0.270468 0.004727 -0.451331 -0.634370 
0.598046 0.312733 -0.208918 0.014163 -0.466054 -0.687466 
0.560515 0.307211 -0.178489 0.067511 -0.476751 -0.729320 
0.513233 0.300279 -0.164727 0.231034 -0.484287 -0.765528 
0.456464 0.286453 -0.159261 0.422512 -0.489377 -0.790846 
0.392345 0.271234 -0.158557 0.554050 -0.493759 -0.807875 
0.324881 0.252153 -0.161047 0.631764 -0.490025 -0.822728 
0.259103 0.225095 -0.165059 0.670638 -0.459497 -0.832418 
0.199667 0.191268 -0.169905 0.689633 -0.359179 -0.840627 
0.149607 0.152489 -0.175992 0.696341 -0.136577 -0.845976 
0.109871 0.086568 -0.185924 0.699695 0.069161 -0.850136 
0.079703 0.016397 -0.203613 0.699338 0.194741 -0.853357 
0.057446 -0.049239 -0.222875 0.696639 0.262157 -0.847053 
0.041257 -0.128782 -0.249204 0.691896 0.294620 -0.807695 
0.029512 -0.204813 -0.280574 0.685179 0.309465 -0.648835 
0.020944 -0.273798 -0.334982 0.675857 0.315151 -0.437116 
0.014626 -0.334546 -0.393270 0.663127 0.315798 -0.300093 
0.009904 -0.376471 -0.451387 0.645557 0.313299 -0.223457 
0.006323 -0.407072 -0.511409 0.622072 0.308375 -0.185723 
0.003567 -0.433852 -0.575749 0.590123 0.300933 -0.167937 
0.001415 -0.451427 -0.634411 0.548090 0.291632 -0.160386 
0.001412 -0.464588 -0.680707 0.497343 0.278757 -0.157864 
0.022088 -0.476283 -0.722491 0.435623 0.262578 -0.159672 
0.120883 -0.483424 -0.756932 0.386941 0.241176 -0.161406 
0.421735 -0.487620 -0.779877 0.339761 0.219613 -0.164813 
0.640078 -0.492493 -0.795418 0.289453 0.194078 -0.169069 
0.696354 -0.494929 -0.810757 0.243408 0.163713 -0.175001 
0.711213 -0.497129 -0.822834 0.201878 0.116854 -0.181941 
0.709520 -0.482166 -0.832485 0.152031 0.062446 -0.190266 
0.707463 -0.403042 -0.839156 0.112819 -0.012250 -0.201993 
0.704936 -0.176444 -0.844656 0.082395 -0.091026 -0.226553 
0.701825 0.041247 -0.848899 0.061966 -0.159188 -0.257107 
0.697938 0.174075 -0.852292 0.046557 -0.230387 -0.295717 
0.693027 0.247580 -0.849146 0.032810 -0.289125 -0.355237 
0.686761 0.287488 -0.802551 0.023382 -0.346139 -0.405700 
0.678704 0.306573 -0.700302 0.015882 -0.384660 -0.466599 
0.668292 0.312851 -0.492086 0.010776 -0.415376 -0.531800 
0.653915 0.315437 -0.336632 0.006731 -0.440751 -0.601858 
0.634803 0.313866 -0.245382 0.005970 -0.457392 -0.660543 
0.609523 0.310557 -0.196379 0.027807 -0.469915 -0.706720 
0.576571 0.304688 -0.173269 0.090454 -0.478682 -0.744974 
0.534745 0.294436 -0.162623 0.281171 -0.485252 -0.775072 
0.483715 0.283532 -0.158209 0.460616 -0.490845 -0.796634 
0.424622 0.269773 -0.158031 0.578370 -0.494493 -0.813043 
0.360346 0.251422 -0.160510 0.643925 -0.490392 -0.825795 
0.295130 0.224730 -0.164378 0.676718 -0.459680 -0.835010 
0.233565 0.191085 -0.169564 0.692673 -0.359270 -0.841923 
0.179364 0.152398 -0.175822 0.697861 -0.136623 -0.846624 
0.134533 0.086522 -0.185839 0.700455 0.069138 -0.850460 
0.099289 0.016374 -0.201189 0.699718 0.194730 -0.853519 
0.072583 -0.049251 -0.221663 0.696829 0.262152 -0.847134 
0.052798 -0.128788 -0.248598 0.691991 0.294617 -0.817716 
0.038286 -0.204816 -0.280271 0.685226 0.309463 -0.680210 
0.027644 -0.273799 -0.334831 0.675881 0.315991 -0.452804 
0.019790 -0.317756 -0.393194 0.663139 0.317289 -0.307937 
0.013932 -0.368077 -0.451349 0.645563 0.315426 -0.227379 
0.009505 -0.402875 -0.511390 0.622075 0.311242 -0.187684 
0.006114 -0.428301 -0.575739 0.590125 0.304879 -0.168917 
0.003480 -0.448652 -0.634406 0.548090 0.293605 -0.160876 
0.001406 -0.463200 -0.680705 0.508183 0.282908 -0.158109 
0.022068 -0.474975 -0.722490 0.449861 0.264653 -0.159795 
0.120793 -0.482770 -0.756932 0.394060 0.248149 -0.161467 
0.421581 -0.487293 -0.779877 0.343321 0.229563 -0.164844 
0.640025 -0.490237 -0.795418 0.291233 0.206779 -0.169084 
0.696340 -0.493801 -0.810757 0.244298 0.170064 -0.172672 
0.711207 -0.496565 -0.822834 0.202323 0.120029 -0.180777 
0.709514 -0.481884 -0.831207 0.161526 0.064033 -0.189683 
0.707456 -0.402901 -0.838516 0.120653 -0.003721 -0.201702 
0.704932 -0.205824 -0.844336 0.086313 -0.072948 -0.225017 
0.701825 0.026557 -0.848740 0.063924 -0.150149 -0.256338 
0.697938 0.166730 -0.852212 0.047537 -0.225868 -0.295333 
0.693027 0.243907 -0.850268 0.033300 -0.286866 -0.355045 
0.686761 0.285652 -0.824889 0.023627 -0.336324 -0.405604 
0.678704 0.305655 -0.711471 0.016634 -0.379753 -0.466551 
0.668292 0.312392 -0.497671 0.011152 -0.412922 -0.531776 
0.653918 0.315208 -0.339425 0.006919 -0.435687 -0.595798 
0.634812 0.313752 -0.246778 0.006064 -0.453165 -0.645849 
0.609540 0.310499 -0.197066 0.014832 -0.466971 -0.693205 
0.576597 0.304659 -0.173612 0.083966 -0.477209 -0.738216 
0.534783 0.294421 -0.162795 0.277941 -0.484516 -0.769976 
0.483765 0.283525 -0.158295 0.459001 -0.490477 -0.793070 
0.424683 0.269769 -0.158074 0.577563 -0.494309 -0.811261 
0.360414 0.251421 -0.160532 0.643521 -0.490300 -0.824421 
0.295199 0.224729 -0.164389 0.676517 -0.459634 -0.834323 
0.233631 0.191085 -0.169570 0.692572 -0.359247 -0.841580 
0.179421 0.152397 -0.175824 0.697810 -0.136612 -0.846453 
0.134579 0.086522 -0.185840 0.700430 0.069144 -0.850374 
0.099326 0.016374 -0.201190 0.699705 0.194733 -0.853476 
0.072611 -0.049251 -0.221663 0.696823 0.262153 -0.847113 
0.052819 -0.128788 -0.248598 0.691988 0.294618 -0.817705 
0.038301 -0.204816 -0.280271 0.685225 0.309464 -0.680204 
0.027656 -0.273799 -0.334831 0.675880 0.315991 -0.452801 
0.019799 -0.317756 -0.393194 0.663139 0.317289 -0.307936 
0.013938 -0.368077 -0.451349 0.645563 0.315426 -0.227378 
0.009510 -0.402875 -0.511390 0.622075 0.311242 -0.187684 
0.006118 -0.428301 -0.575739 0.590125 0.304879 -0.168917 
0.003482 -0.448652 -0.634406 0.548090 0.293605 -0.160876 
0.022088 -0.463200 -0.680705 0.508183 0.282908 -0.158109 
0.120883 -0.474975 -0.722490 0.449861 0.264653 -0.159795 
0.421735 -0.482770 -0.756932 0.394060 0.242214 -0.161467 
0.640078 -0.487975 -0.783945 0.332420 0.213104 -0.166071 
0.696354 -0.492671 -0.801539 0.274048 0.177154 -0.171165 
0.711213 -0.495999 -0.816458 0.217198 0.142998 -0.179008 
0.709460 -0.485558 -0.828019 0.168963 0.087460 -0.188799 
0.707316 -0.433840 -0.836923 0.126408 0.027925 -0.201260 
0.704662 -0.221294 -0.843362 0.093680 -0.057125 -0.224796 
0.701338 -0.023989 -0.848253 0.067608 -0.142238 -0.256228 
0.697164 0.137694 -0.851969 0.049378 -0.200941 -0.285478 
0.691825 0.229389 -0.850147 0.034905 -0.274402 -0.327279 
0.684924 0.278915 -0.824828 0.025396 -0.330093 -0.380184 
0.675915 0.302518 -0.756676 0.018311 -0.371840 -0.441772 
0.664082 0.314088 -0.571132 0.012387 -0.405590 -0.511562 
0.648512 0.316609 -0.382952 0.008042 -0.432020 -0.575738 
0.626848 0.316009 -0.270468 0.004727 -0.451331 -0.634370 
0.598046 0.312733 -0.208918 0.014163 -0.466054 -0.687466 
0.560515 0.307211 -0.178489 0.067511 -0.476751 -0.729320 
0.513233 0.300279 -0.164727 0.231034 -0.484287 -0.765528 
0.456464 0.286453 -0.159261 0.422512 -0.489377 -0.790846 
0.392345 0.271234 -0.158557 0.554050 -0.493759 -0.807875 
0.324881 0.252153 -0.161047 0.631764 -0.490025 -0.822728 
0.259103 0.225095 -0.165059 0.670638 -0.459497 -0.832418 
0.199667 0.191268 -0.169905 0.689633 -0.359179 -0.840627 
0.149607 0.152489 -0.175992 0.696341 -0.136577 -0.845976 
0.109871 0.086568 -0.185924 0.699695 0.069161 -0.850136 
0.079703 0.016397 -0.203613 0.699338 0.194741 -0.853357 
0.057446 -0.049239 -0.222875 0.696639 0.262157 -0.847053 
0.041257 -0.128782 -0.249204 0.691896 0.294620 -0.807695 
0.029512 -0.204813 -0.280574 0.685179 0.309465 -0.648835 
0.020944 -0.273798 -0.334982 0.675857 0.315151 -0.437116 
0.014626 -0.334546 -0.393270 0.663127 0.315798 -0.300093 
0.009904 -0.376471 -0.451387 0.645557 0.313299 -0.223457 
0.006323 -0.407072 -0.511409 0.622072 0.308375 -0.185723 
0.003567 -0.433852 -0.575749 0.590123 0.300933 -0.167937 
0.001415 -0.451427 -0.634411 0.548090 0.291632 -0.160386 
0.001412 -0.464588 -0.680707 0.497343 0.278757 -0.157864 
0.022088 -0.476283 -0.722491 0.435623 0.262578 -0.159672 
0.120883 -0.483424 -0.756932 0.386941 0.241176 -0.161406 
0.421735 -0.487620 -0.779877 0.339761 0.219613 -0.164813 
0.640078 -0.492493 -0.795418 0.289453 0.194078 -0.169069 
0.696354 -0.494929 -0.810757 0.243408 0.163713 -0.175001 
0.711213 -0.497129 -0.822834 0.201878 0.116854 -0.181941 
0.709520 -0.482166 -0.832485 0.152031 0.062446 -0.190266 
0.707463 -0.403042 -0.839156 0.112819 -0.012250 -0.201993 
0.704936 -0.176444 -0.844656 0.082395 -0.091026 -0.226553 
0.701825 0.041247 -0.848899 0.061966 -0.159188 -0.257107 
0.697938 0.174075 -0.852292 0.046557 -0.230387 -0.295717 
0.693027 0.247580 -0.849146 0.032810 -0.289125 -0.355237 
0.686761 0.287488 -0.802551 0.023382 -0.346139 -0.405700 
0.678704 0.306573 -0.700302 0.015882 -0.384660 -0.466599 
0.668292 0.312851 -0.492086 0.010776 -0.415376 -0.531800 
0.653915 0.315437 -0.336632 0.006731 -0.440751 -0.601858 
0.634803 0.313866 -0.245382 0.005970 -0.457392 -0.660543 
0.609523 0.310557 -0.196379 0.027807 -0.469915 -0.706720 
0.576571 0.304688 -0.173269 0.090454 -0.478682 -0.744974 
0.534745 0.294436 -0.162623 0.281171 -0.485252 -0.775072 
0.483715 0.283532 -0.158209 0.460616 -0.490845 -0.796634 
0.424622 0.269773 -0.158031 0.578370 -0.494493 -0.813043 
0.360346 0.251422 -0.160510 0.643925 -0.490392 -0.825795 
0.295130 0.224730 -0.164378 0.676718 -0.459680 -0.835010 
0.233565 0.191085 -0.169564 0.692673 -0.359270 -0.841923 
0.179364 0.152398 -0.175822 0.697861 -0.136623 -0.846624 
0.134533 0.086522 -0.185839 0.700455 0.069138 -0.850460 
0.099289 0.016374 -0.201189 0.699718 0.194730 -0.853519 
0.072583 -0.049251 -0.221663 0.696829 0.262152 -0.847134 
0.052798 -0.128788 -0.248598 0.691991 0.294617 -0.817716 
0.038286 -0.204816 -0.280271 0.685226 0.309463 -0.680210 
0.027644 -0.273799 -0.334831 0.675881 0.315991 -0.452804 
0.019790 -0.317756 -0.393194 0.663139 0.317289 -0.307937 
0.013932 -0.368077 -0.451349 0.645563 0.315426 -0.227379 
0.009505 -0.402875 -0.511390 0.622075 0.311242 -0.187684 
0.006114 -0.428301 -0.575739 0.590125 0.304879 -0.168917 
0.003480 -0.448652 -0.634406 0.548090 0.293605 -0.160876 
0.001406 -0.463200 -0.680705 0.508183 0.282908 -0.158109 
0.022068 -0.474975 -0.722490 0.449861 0.264653 -0.159795 
0.120793 -0.482770 -0.756932 0.394060 0.248149 -0.161467 
0.421581 -0.487293 -0.779877 0.343321 0.229563 -0.164844 
0.640025 -0.490237 -0.795418 0.291233 0.206779 -0.169084 
0.696340 -0.493801 -0.810757 0.244298 0.170064 -0.172672 
0.711207 -0.496565 -0.822834 0.202323 0.120029 -0.180777 
0.709514 -0.481884 -0.831207 0.161526 0.064033 -0.189683 
0.707456 -0.402901 -0.838516 0.120653 -0.003721 -0.201702 
0.704932 -0.205824 -0.844336 0.086313 -0.072948 -0.225017 
0.701825 0.026557 -0.848740 0.063924 -0.150149 -0.256338 
0.697938 0.166730 -0.852212 0.047537 -0.225868 -0.295333 
0.693027 0.243907 -0.850268 0.033300 -0.286866 -0.355045 
0.686761 0.285652 -0.824889 0.023627 -0.336324 -0.405604 
0.678704 0.305655 -0.711471 0.016634 -0.379753 -0.466551 
0.668292 0.312392 -0.497671 0.011152 -0.412922 -0.531776 
0.653918 0.315208 -0.339425 0.006919 -0.435687 -0.595798 
0.634812 0.313752 -0.246778 0.006064 -0.453165 -0.645849 
0.609540 0.310499 -0.197066 0.014832 -0.466971 -0.693205 
0.576597 0.304659 -0.173612 0.083966 -0.477209 -0.738216 
0.534783 0.294421 -0.162795 0.277941 -0.484516 -0.769976 
0.483765 0.283525 -0.158295 0.459001 -0.490477 -0.793070 
0.424683 0.269769 -0.158074 0.577563 -0.494309 -0.811261 
0.360414 0.251421 -0.160532 0.643521 -0.490300 -0.824421 
0.295199 0.224729 -0.164389 0.676517 -0.459634 -0.834323 
0.233631 0.191085 -0.169570 0.692572 -0.359247 -0.841580 
0.179421 0.152397 -0.175824 0.697810 -0.136612 -0.846453 
0.134579 0.086522 -0.185840 0.700430 0.069144 -0.850374 
0.099326 0.016374 -0.201190 0.699705 0.194733 -0.853476 
0.072611 -0.049251 -0.221663 0.696823 0.262153 -0.847113 
0.052819 -0.128788 -0.248598 0.691988 0.294618 -0.817705 
0.038301 -0.204816 -0.280271 0.685225 0.309464 -0.680204 
0.027656 -0.273799 -0.334831 0.675880 0.315991 -0.452801 
0.019799 -0.317756 -0.393194 0.663139 0.317289 -0.307936 
0.013938 -0.368077 -0.451349 0.645563 0.315426 -0.227378 
0.009510 -0.402875 -0.511390 0.622075 0.311242 -0.187684 
0.006118 -0.428301 -0.575739 0.590125 0.304879 -0.168917 
0.003482 -0.448652 -0.634406 0.548090 0.293605 -0.160876 
0.022088 -0.463200 -0.680705 0.508183 0.282908 -0.158109 
0.120883 -0.474975 -0.722490 0.449861 0.264653 -0.159795 
0.421735 -0.482770 -0.756932 0.394060 0.242214 -0.161467 
0.640078 -0.487975 -0.783945 0.332420 0.213104 -0.166071 
0.696354 -0.492671 -0.801539 0.274048 0.177154 -0.171165 
0.711213 -0.495999 -0.816458 0.217198 0.142998 -0.179008 
0.709460 -0.485558 -0.828019 0.168963 0.087460 -0.188799 
0.707316 -0.433840 -0.836923 0.126408 0.027925 -0.201260 
0.704662 -0.221294 -0.843362 0.093680 -0.057125 -0.224796 
0.701338 -0.023989 -0.848253 0.067608 -0.142238 -0.256228 
0.697164 0.137694 -0.851969 0.049378 -0.200941 -0.285478 
0.691825 0.229389 -0.850147 0.034905 -0.274402 -0.327279 
0.684924 0.278915 -0.824828 0.025396 -0.330093 -0.380184 
0.675915 0.302518 -0.756676 0.018311 -0.371840 -0.441772 
0.664082 0.314088 -0.571132 0.012387 -0.405590 -0.511562 
0.648512 0.316609 -0.382952 0.008042 -0.432020 -0.575738 
0.626848 0.316009 -0.270468 0.004727 -0.451331 -0.634370 
0.598046 0.312733 -0.208918 0.014163 -0.466054 -0.687466 
0.560515 0.307211 -0.178489 0.067511 -0.476751 -0.729320 
0.513233 0.300279 -0.164727 0.231034 -0.484287 -0.765528 
0.456464 0.286453 -0.159261 0.422512 -0.489377 -0.790846 
0.392345 0.271234 -0.158557 0.554050 -0.493759 -0.807875 
0.324881 0.252153 -0.161047 0.631764 -0.490025 -0.822728 
0.259103 0.225095 -0.165059 0.670638 -0.459497 -0.832418 
0.199667 0.191268 -0.169905 0.689633 -0.359179 -0.840627 
0.149607 0.152489 -0.175992 0.696341 -0.136577 -0.845976 
0.109871 0.086568 -0.185924 0.699695 0.069161 -0.850136 
0.079703 0.016397 -0.203613 0.699338 0.194741 -0.853357 
0.057446 -0.049239 -0.222875 0.696639 0.262157 -0.847053 
0.041257 -0.128782 -0.249204 0.691896 0.294620 -0.807695 
0.029512 -0.204813 -0.280574 0.685179 0.309465 -0.648835 
0.020944 -0.273798 -0.334982 0.675857 0.315151 -0.437116 
0.014626 -0.334546 -0.393270 0.663127 0.315798 -0.300093 
0.009904 -0.376471 -0.451387 0.645557 0.313299 -0.223457 
0.006323 -0.407072 -0.511409 0.622072 0.308375 -0.185723 
0.003567 -0.433852 -0.575749 0.590123 0.300933 -0.167937 
0.001415 -0.451427 -0.634411 0.548090 0.291632 -0.160386 
0.001412 -0.464588 -0.680707 0.497343 0.278757 -0.157864 
0.022088 -0.476283 -0.722491 0.435623 0.262578 -0.159672 
0.120883 -0.483424 -0.756932 0.386941 0.241176 -0.161406 
0.421735 -0.487620 -0.779877 0.339761 0.219613 -0.164813 
0.640078 -0.492493 -0.795418 0.289453 0.194078 -0.169069 
0.696354 -0.494929 -0.810757 0.243408 0.163713 -0.175001 
0.711213 -0.497129 -0.822834 0.201878 0.116854 -0.181941 
0.709520 -0.482166 -0.832485 0.152031 0.062446 -0.190266 
0.707463 -0.403042 -0.839156 0.112819 -0.012250 -0.201993 
0.704936 -0.176444 -0.844656 0.082395 -0.091026 -0.226553 
0.701825 0.041247 -0.848899 0.061966 -0.159188 -0.257107 
0.697938 0.174075 -0.852292 0.046557 -0.230387 -0.295717 
0.693027 0.247580 -0.849146 0.032810 -0.289125 -0.355237 
0.686761 0.287488 -0.802551 0.023382 -0.346139 -0.405700 
0.678704 0.306573 -0.700302 0.015882 -0.384660 -0.466599 
0.668292 0.312851 -0.492086 0.010776 -0.415376 -0.531800 
0.653915 0.315437 -0.336632 0.006731 -0.440751 -0.601858 
0.634803 0.313866 -0.245382 0.005970 -0.457392 -0.660543 
0.609523 0.310557 -0.196379 0.027807 -0.469915 -0.706720 
0.576571 0.304688 -0.173269 0.090454 -0.478682 -0.744974 
0.534745 0.294436 -0.162623 0.281171 -0.485252 -0.775072 
0.483715 0.283532 -0.158209 0.460616 -0.490845 -0.796634 
0.424622 0.269773 -0.158031 0.578370 -0.494493 -0.813043 
0.360346 0.251422 -0.160510 0.643925 -0.490392 -0.825795 
0.295130 0.224730 -0.164378 0.676718 -0.459680 -0.835010 
0.233565 0.191085 -0.169564 0.692673 -0.359270 -0.841923 
0.179364 0.152398 -0.175822 0.697861 -0.136623 -0.846624 
0.134533 0.086522 -0.185839 0.700455 0.069138 -0.850460 
0.099289 0.016374 -0.201189 0.699718 0.194730 -0.853519 
0.072583 -0.049251 -0.221663 0.696829 0.262152 -0.847134 
0.052798 -0.128788 -0.248598 0.691991 0.294617 -0.817716 
0.038286 -0.204816 -0.280271 0.685226 0.309463 -0.680210 
0.027644 -0.273799 -0.334831 0.675881 0.315991 -0.452804 
0.019790 -0.317756 -0.393194 0.663139 0.317289 -0.307937 
0.013932 -0.368077 -0.451349 0.645563 0.315426 -0.227379 
0.009505 -0.402875 -0.511390 0.622075 0.311242 -0.187684 
0.006114 -0.428301 -0.575739 0.590125 0.304879 -0.168917 
0.003480 -0.448652 -0.634406 0.548090 0.293605 -0.160876 
0.001406 -0.463200 -0.680705 0.508183 0.282908 -0.158109 
0.022068 -0.474975 -0.722490 0.449861 0.264653 -0.159795 
0.120793 -0.482770 -0.756932 0.394060 0.248149 -0.161467 
0.421581 -0.487293 -0.779877 0.343321 0.229563 -0.164844 
0.640025 -0.490237 -0.795418 0.291233 0.206779 -0.169084 
0.696340 -0.493801 -0.810757 0.244298 0.170064 -0.172672 
0.711207 -0.496565 -0.822834 0.202323 0.120029 -0.180777 
0.709514 -0.481884 -0.831207 0.161526 0.064033 -0.189683 
0.707456 -0.402901 -0.838516 0.120653 -0.003721 -0.201702 
0.704932 -0.205824 -0.844336 0.086313 -0.072948 -0.225017 
0.701825 0.026557 -0.848740 0.063924 -0.150149 -0.256338 
0.697938 0.166730 -0.852212 0.047537 -0.225868 -0.295333 
0.693027 0.243907 -0.850268 0.033300 -0.286866 -0.355045 
0.686761 0.285652 -0.824889 0.023627 -0.336324 -0.405604 
0.678704 0.305655 -0.711471 0.016634 -0.379753 -0.466551 
0.668292 0.312392 -0.497671 0.011152 -0.412922 -0.531776 
0.653918 0.315208 -0.339425 0.006919 -0.435687 -0.595798 
0.634812 0.313752 -0.246778 0.006064 -0.453165 -0.645849 
0.609540 0.310499 -0.197066 0.014832 -0.466971 -0.693205 
0.576597 0.304659 -0.173612 0.083966 -0.477209 -0.738216 
0.534783 0.294421 -0.162795 0.277941 -0.484516 -0.769976 
0.483765 0.283525 -0.158295 0.459001 -0.490477 -0.793070 
0.424683 0.269769 -0.158074 0.577563 -0.494309 -0.811261 
0.360414 0.251421 -0.160532 0.643521 -0.490300 -0.824421 
0.295199 0.224729 -0.164389 0.676517 -0.459634 -0.834323 
0.233631 0.191085 -0.169570 0.692572 -0.359247 -0.841580 
0.179421 0.152397 -0.175824 0.697810 -0.136612 -0.846453 
0.134579 0.086522 -0.185840 0.700430 0.069144 -0.850374 
0.099326 0.016374 -0.201190 0.699705 0.194733 -0.853476 
0.072611 -0.049251 -0.221663 0.696823 0.262153 -0.847113 
0.052819 -0.128788 -0.248598 0.691988 0.294618 -0.817705 
0.038301 -0.204816 -0.280271 0.685225 0.309464 -0.680204 
0.027656 -0.273799 -0.334831 0.675880 0.315991 -0.452801 
0.019799 -0.317756 -0.393194 0.663139 0.317289 -0.307936 
0.013938 -0.368077 -0.451349 0.645563 0.315426 -0.227378 
0.009510 -0.402875 -0.511390 0.622075 0.311242 -0.187684 
0.006118 -0.428301 -0.575739 0.590125 0.304879 -0.168917 
0.003482 -0.448652 -0.634406 0.548090 0.293605 -0.160876 
0.022088 -0.463200 -0.680705 0.508183 0.282908 -0.158109 
0.120883 -0.474975 -0.722490 0.449861 0.264653 -0.159795 
0.421735 -0.482770 -0.756932 0.394060 0.242214 -0.161467 
0.640078 -0.487975 -0.783945 0.332420 0.213104 -0.166071 
0.696354 -0.492671 -0.801539 0.274048 0.177154 -0.171165 
0.711213 -0.495999 -0.816458 0.217198 0.142998 -0.179008 
0.709460 -0.485558 -0.828019 0.168963 0.087460 -0.188799 
0.707316 -0.433840 -0.836923 0.126408 0.027925 -0.201260 
0.704662 -0.221294 -0.843362 0.093680 -0.057125 -0.224796 
0.701338 -0.023989 -0.848253 0.067608 -0.142238 -0.256228 
0.697164 0.137694 -0.851969 0.049378 -0.200941 -0.285478 
0.691825 0.229389 -0.850147 0.034905 -0.274402 -0.327279 
0.684924 0.278915 -0.824828 0.025396 -0.330093 -0.380184 
0.675915 0.302518 -0.756676 0.018311 -0.371840 -0.441772 
0.664082 0.314088 -0.571132 0.012387 -0.405590 -0.511562 
0.648512 0.316609 -0.382952 0.008042 -0.432020 -0.575738 
0.626848 0.316009 -0.270468 0.004727 -0.451331 -0.634370 
0.598046 0.312733 -0.208918 0.014163 -0.466054 -0.687466 
0.560515 0.307211 -0.178489 0.067511 -0.476751 -0.729320 
0.513233 0.300279 -0.164727 0.231034 -0.484287 -0.765528 
0.456464 0.286453 -0.159261 0.422512 -0.489377 -0.790846 
0.392345 0.271234 -0.158557 0.554050 -0.493759 -0.807875 
0.324881 0.252153 -0.161047 0.631764 -0.490025 -0.822728 
0.259103 0.225095 -0.165059 0.670638 -0.459497 -0.832418 
0.199667 0.191268 -0.169905 0.689633 -0.359179 -0.840627 
0.149607 0.152489 -0.175992 0.696341 -0.136577 -0.845976 
0.109871 0.086568 -0.185924 0.699695 0.069161 -0.850136 
0.079703 0.016397 -0.203613 0.699338 0.194741 -0.853357 
0.057446 -0.049239 -0.222875 0.696639 0.262157 -0.847053 
0.041257 -0.128782 -0.249204 0.691896 0.294620 -0.807695 
0.029512 -0.204813 -0.280574 0.685179 0.309465 -0.648835 
0.020944 -0.273798 -0.334982 0.675857 0.315151 -0.437116 
0.014626 -0.334546 -0.393270 0.663127 0.315798 -0.300093 
0.009904 -0.376471 -0.451387 0.645557 0.313299 -0.223457 
0.006323 -0.407072 -0.511409 0.622072 0.308375 -0.185723 
0.003567 -0.433852 -0.575749 0.590123 0.300933 -0.167937 
0.001415 -0.451427 -0.634411 0.548090 0.291632 -0.160386 
0.001412 -0.464588 -0.680707 0.497343 0.278757 -0.157864 
0.022088 -0.476283 -0.722491 0.435623 0.262578 -0.159672 
0.120883 -0.483424 -0.756932 0.386941 0.241176 -0.161406 
0.421735 -0.487620 -0.779877 0.339761 0.219613 -0.164813 
0.640078 -0.492493 -0.795418 0.289453 0.194078 -0.169069 
0.696354 -0.494929 -0.810757 0.243408 0.163713 -0.175001 
0.711213 -0.497129 -0.822834 0.201878 0.116854 -0.181941 
0.709520 -0.482166 -0.832485 0.152031 0.062446 -0.190266 
0.707463 -0.403042 -0.839156 0.112819 -0.012250 -0.201993 
0.704936 -0.176444 -0.844656 0.082395 -0.091026 -0.226553 
0.701825 0.041247 -0.848899 0.061966 -0.159188 -0.257107 
0.697938 0.174075 -0.852292 0.046557 -0.230387 -0.295717 
0.693027 0.247580 -0.849146 0.032810 -0.289125 -0.355237 
0.686761 0.287488 -0.802551 0.023382 -0.346139 -0.405700 
0.678704 0.306573 -0.700302 0.015882 -0.384660 -0.466599 
0.668292 0.312851 -0.492086 0.010776 -0.415376 -0.531800 
0.653915 0.315437 -0.336632 0.006731 -0.440751 -0.601858 
0.634803 0.313866 -0.245382 0.005970 -0.457392 -0.660543 
0.609523 0.310557 -0.196379 0.027807 -0.469915 -0.706720 
0.576571 0.304688 -0.173269 0.090454 -0.478682 -0.744974 
0.534745 0.294436 -0.162623 0.281171 -0.485252 -0.775072 
0.483715 0.283532 -0.158209 0.460616 -0.490845 -0.796634 
0.424622 0.269773 -0.158031 0.578370 -0.494493 -0.813043 
0.360346 0.251422 -0.160510 0.643925 -0.490392 -0.825795 
0.295130 0.224730 -0.164378 0.676718 -0.459680 -0.835010 
0.233565 0.191085 -0.169564 0.692673 -0.359270 -0.841923 
0.179364 0.152398 -0.175822 0.697861 -0.136623 -0.846624 
0.134533 0.086522 -0.185839 0.700455 0.069138 -0.850460 
0.099289 0.016374 -0.201189 0.699718 0.194730 -0.853519 
0.072583 -0.049251 -0.221663 0.696829 0.262152 -0.847134 
0.052798 -0.128788 -0.248598 0.691991 0.294617 -0.817716 
0.038286 -0.204816 -0.280271 0.685226 0.309463 -0.680210 
0.027644 -0.273799 -0.334831 0.675881 0.315991 -0.452804 
0.019790 -0.317756 -0.393194 0.663139 0.317289 -0.307937 
0.013932 -0.368077 -0.451349 0.645563 0.315426 -0.227379 
0.009505 -0.402875 -0.511390 0.622075 0.311242 -0.187684 
0.006114 -0.428301 -0.575739 0.590125 0.304879 -0.168917 
0.003480 -0.448652 -0.634406 0.548090 0.293605 -0.160876 
0.001406 -0.463200 -0.680705 0.508183 0.282908 -0.158109 
0.022068 -0.474975 -0.722490 0.449861 0.264653 -0.159795 
0.120793 -0.482770 -0.756932 0.394060 0.248149 -0.161467 
0.421581 -0.487293 -0.779877 0.343321 0.229563 -0.164844 
0.640025 -0.490237 -0.795418 0.291233 0.206779 -0.169084 
0.696340 -0.493801 -0.810757 0.244298 0.170064 -0.172672 
0.711207 -0.496565 -0.822834 0.202323 0.120029 -0.180777 
0.709514 -0.481884 -0.831207 0.161526 0.064033 -0.189683 
0.707456 -0.402901 -0.838516 0.120653 -0.003721 -0.201702 
0.704932 -0.205824 -0.844336 0.086313 -0.072948 -0.225017 
0.701825 0.026557 -0.848740 0.063924 -0.150149 -0.256338 
0.697938 0.166730 -0.852212 0.047537 -0.225868 -0.295333 
0.693027 0.243907 -0.850268 0.033300 -0.286866 -0.355045 
0.686761 0.285652 -0.824889 0.023627 -0.336324 -0.405604 
0.678704 0.305655 -0.711471 0.016634 -0.379753 -0.466551 
0.668292 0.312392 -0.497671 0.011152 -0.412922 -0.531776 
0.653918 0.315208 -0.339425 0.006919 -0.435687 -0.595798 
0.634812 0.313752 -0.246778 0.006064 -0.453165 -0.645849 
0.609540 0.310499 -0.197066 0.014832 -0.466971 -0.693205 
0.576597 0.304659 -0.173612 0.083966 -0.477209 -0.738216 
0.534783 0.294421 -0.162795 0.277941 -0.484516 -0.769976 
0.483765 0.283525 -0.158295 0.459001 -0.490477 -0.793070 
0.424683 0.269769 -0.158074 0.577563 -0.494309 -0.811261 
0.360414 0.251421 -0.160532 0.643521 -0.490300 -0.824421 
0.295199 0.224729 -0.164389 0.676517 -0.459634 -0.834323 
0.233631 0.191085 -0.169570 0.692572 -0.359247 -0.841580 
0.179421 0.152397 -0.175824 0.697810 -0.136612 -0.846453 
0.134579 0.086522 -0.185840 0.700430 0.069144 -0.850374 
0.099326 0.016374 -0.201190 0.699705 0.194733 -0.853476 
0.072611 -0.049251 -0.221663 0.696823 0.262153 -0.847113 
0.052819 -0.128788 -0.248598 0.691988 0.294618 -0.817705 
0.038301 -0.204816 -0.280271 0.685225 0.309464 -0.680204 
0.027656 -0.273799 -0.334831 0.675880 0.315991 -0.452801 
0.019799 -0.317756 -0.393194 0.663139 0.317289 -0.307936 
0.013938 -0.368077 -0.451349 0.645563 0.315426 -0.227378 
0.009510 -0.402875 -0.511390 0.622075 0.311242 -0.187684 
0.006118 -0.428301 -0.575739 0.590125 0.304879 -0.168917 
0.003482 -0.448652 -0.634406 0.548090 0.293605 -0.160876 
0.022088 -0.463200 -0.680705 0.508183 0.282908 -0.158109 
0.120883 -0.474975 -0.722490 0.449861 0.264653 -0.159795 
0.421735 -0.482770 -0.756932 0.394060 0.242214 -0.161467 
0.640078 -0.487975 -0.783945 0.332420 0.213104 -0.166071 
0.696354 -0.492671 -0.801539 0.274048 0.177154 -0.171165 
0.711213 -0.495999 -0.816458 0.217198 0.142998 -0.179008 
0.709460 -0.485558 -0.828019 0.168963 0.087460 -0.188799 
0.707316 -0.433840 -0.836923 0.126408 0.027925 -0.201260 
0.704662 -0.221294 -0.843362 0.093680 -0.057125 -0.224796 
0.701338 -0.023989 -0.848253 0.067608 -0.142238 -0.256228 
0.697164 0.137694 -0.851969 0.049378 -0.200941 -0.285478 
0.691825 0.229389 -0.850147 0.034905 -0.274402 -0.327279 
0.684924 0.278915 -0.824828 0.025396 -0.330093 -0.380184 
0.675915 0.302518 -0.756676 0.018311 -0.371840 -0.441772 
0.664082 0.314088 -0.571132 0.012387 -0.405590 -0.511562 
0.648512 0.316609 -0.382952 0.008042 -0.432020 -0.575738 
0.626848 0.316009 -0.270468 0.004727 -0.451331 -0.634370 
0.598046 0.312733 -0.208918 0.014163 -0.466054 -0.687466 
0.560515 0.307211 -0.178489 0.067511 -0.476751 -0.729320 
0.513233 0.300279 -0.164727 0.231034 -0.484287 -0.765528 
0.456464 0.286453 -0.159261 0.422512 -0.489377 -0.790846 
0.392345 0.271234 -0.158557 0.554050 -0.493759 -0.807875 
0.324881 0.252153 -0.161047 0.631764 -0.490025 -0.822728 
0.259103 0.225095 -0.165059 0.670638 -0.459497 -0.832418 
0.199667 0.191268 -0.169905 0.689633 -0.359179 -0.840627 
0.149607 0.152489 -0.175992 0.696341 -0.136577 -0.845976 
0.109871 0.086568 -0.185924 0.699695 0.069161 -0.850136 
0.079703 0.016397 -0.203613 0.699338 0.194741 -0.853357 
0.057446 -0.049239 -0.222875 0.696639 0.262157 -0.847053 
0.041257 -0.128782 -0.249204 0.691896 0.294620 -0.807695 
0.029512 -0.204813 -0.280574 0.685179 0.309465 -0.648835 
0.020944 -0.273798 -0.334982 0.675857 0.315151 -0.437116 
0.014626 -0.334546 -0.393270 0.663127 0.315798 -0.300093 
0.009904 -0.376471 -0.451387 0.645557 0.313299 -0.223457 
0.006323 -0.407072 -0.511409 0.622072 0.308375 -0.185723 
0.003567 -0.433852 -0.575749 0.590123 0.300933 -0.167937 
0.001415 -0.451427 -0.634411 0.548090 0.291632 -0.160386 
0.001412 -0.464588 -0.680707 0.497343 0.278757 -0.157864 
0.022088 -0.476283 -0.722491 0.435623 0.262578 -0.159672 
0.120883 -0.483424 -0.756932 0.386941 0.241176 -0.161406 
0.421735 -0.487620 -0.779877 0.339761 0.219613 -0.164813 
0.640078 -0.492493 -0.795418 0.289453 0.194078 -0.169069 
0.696354 -0.494929 -0.810757 0.243408 0.163713 -0.175001 
0.711213 -0.497129 -0.822834 0.201878 0.116854 -0.181941 
0.709520 -0.482166 -0.832485 0.152031 0.062446 -0.190266 
0.707463 -0.403042 -0.839156 0.112819 -0.012250 -0.201993 
0.704936 -0.176444 -0.844656 0.082395 -0.091026 -0.226553 
0.701825 0.041247 -0.848899 0.061966 -0.159188 -0.257107 
0.697938 0.174075 -0.852292 0.046557 -0.230387 -0.295717 
0.693027 0.247580 -0.849146 0.032810 -0.289125 -0.355237 
0.686761 0.287488 -0.802551 0.023382 -0.346139 -0.405700 
0.678704 0.306573 -0.700302 0.015882 -0.384660 -0.466599 
0.668292 0.312851 -0.492086 0.010776 -0.415376 -0.531800 
0.653915 0.315437 -0.336632 0.006731 -0.440751 -0.601858 
0.634803 0.313866 -0.245382 0.005970 -0.457392 -0.660543 
0.609523 0.310557 -0.196379 0.027807 -0.469915 -0.706720 
0.576571 0.304688 -0.173269 0.090454 -0.478682 -0.744974 
0.534745 0.294436 -0.162623 0.281171 -0.485252 -0.775072 
0.483715 0.283532 -0.158209 0.460616 -0.490845 -0.796634 
0.424622 0.269773 -0.158031 0.578370 -0.494493 -0.813043 
0.360346 0.251422 -0.160510 0.643925 -0.490392 -0.825795 
0.295130 0.224730 -0.164378 0.676718 -0.459680 -0.835010 
0.233565 0.191085 -0.169564 0.692673 -0.359270 -0.841923 
0.179364 0.152398 -0.175822 0.697861 -0.136623 -0.846624 
0.134533 0.086522 -0.185839 0.700455 0.069138 -0.850460 
0.099289 0.016374 -0.201189 0.699718 0.194730 -0.853519 
0.072583 -0.049251 -0.221663 0.696829 0.262152 -0.847134 
0.052798 -0.128788 -0.248598 0.691991 0.294617 -0.817716 
0.038286 -0.204816 -0.280271 0.685226 0.309463 -0.680210 
0.027644 -0.273799 -0.334831 0.675881 0.315991 -0.452804 
0.019790 -0.317756 -0.393194 0.663139 0.317289 -0.307937 
0.013932 -0.368077 -0.451349 0.645563 0.315426 -0.227379 
0.009505 -0.402875 -0.511390 0.622075 0.311242 -0.187684 
0.006114 -0.428301 -0.575739 0.590125 0.304879 -0.168917 
0.003480 -0.448652 -0.634406 0.548090 0.293605 -0.160876 
0.001406 -0.463200 -0.680705 0.508183 0.282908 -0.158109 
0.022068 -0.474975 -0.722490 0.449861 0.264653 -0.159795 
0.120793 -0.482770 -0.756932 0.394060 0.248149 -0.161467 
0.421581 -0.487293 -0.779877 0.343321 0.229563 -0.164844 
0.640025 -0.490237 -0.795418 0.291233 0.206779 -0.169084 
0.696340 -0.493801 -0.810757 0.244298 0.170064 -0.172672 
0.711207 -0.496565 -0.822834 0.202323 0.120029 -0.180777 
0.709514 -0.481884 -0.831207 0.161526 0.064033 -0.189683 
0.707456 -0.402901 -0.838516 0.120653 -0.003721 -0.201702 
0.704932 -0.205824 -0.844336 0.086313 -0.072948 -0.225017 
0.701825 0.026557 -0.848740 0.063924 -0.150149 -0.256338 
0.697938 0.166730 -0.852212 0.047537 -0.225868 -0.295333 
0.693027 0.243907 -0.850268 0.033300 -0.286866 -0.355045 
0.686761 0.285652 -0.824889 0.023627 -0.336324 -0.405604 
0.678704 0.305655 -0.711471 0.016634 -0.379753 -0.466551 
0.668292 0.312392 -0.497671 0.011152 -0.412922 -0.531776 
0.653918 0.315208 -0.339425 0.006919 -0.435687 -0.595798 
0.634812 0.313752 -0.246778 0.006064 -0.453165 -0.645849 
0.609540 0.310499 -0.197066 0.014832 -0.466971 -0.693205 
0.576597 0.304659 -0.173612 0.083966 -0.477209 -0.738216 
0.534783 0.294421 -0.162795 0.277941 -0.484516 -0.769976 
0.483765 0.283525 -0.158295 0.459001 -0.490477 -0.793070 
0.424683 0.269769 -0.158074 0.577563 -0.494309 -0.811261 
0.360414 0.251421 -0.160532 0.643521 -0.490300 -0.824421 
0.295199 0.224729 -0.164389 0.676517 -0.459634 -0.834323 
0.233631 0.191085 -0.169570 0.692572 -0.359247 -0.841580 
0.179421 0.152397 -0.175824 0.697810 -0.136612 -0.846453 
0.134579 0.086522 -0.185840 0.700430 0.069144 -0.850374 
0.099326 0.016374 -0.201190 0.699705 0.194733 -0.853476 
0.072611 -0.049251 -0.221663 0.696823 0.262153 -0.847113 
0.052819 -0.128788 -0.248598 0.691988 0.294618 -0.817705 
0.038301 -0.204816 -0.280271 0.685225 0.309464 -0.680204 
0.027656 -0.273799 -0.334831 0.675880 0.315991 -0.452801 
0.019799 -0.317756 -0.393194 0.663139 0.317289 -0.307936 
0.013938 -0.368077 -0.451349 0.645563 0.315426 -0.227378 
0.009510 -0.402875 -0.511390 0.622075 0.311242 -0.187684 
0.006118 -0.428301 -0.575739 0.590125 0.304879 -0.168917 
0.003482 -0.448652 -0.634406 0.548090 0.293605 -0.160876 
0.022088 -0.463200 -0.680705 0.508183 0.282908 -0.158109 
0.120883 -0.474975 -0.722490 0.449861 0.264653 -0.159795 
0.421735 -0.482770 -0.756932 0.394060 0.242214 -0.161467 
0.640078 -0.487975 -0.783945 0.332420 0.213104 -0.166071 
0.696354 -0.492671 -0.801539 0.274048 0.177154 -0.171165 
0.711213 -0.495999 -0.816458 0.217198 0.142998 -0.179008 
0.709460 -0.485558 -0.828019 0.168963 0.087460 -0.188799 
0.707316 -0.433840 -0.836923 0.126408 0.027925 -0.201260 
