0.357500 0.000000 0.000000 0.000000 0.000000 0.000000 
0.357500 0.000000 0.000000 0.000000 0.000000 0.000000 
-0.009420 0.000000 0.000000 0.000000 0.000000 0.000000 
0.724576 0.000000 0.000000 0.000000 0.000000 0.000000 
0.640965 0.000000 0.000000 0.000000 0.000000 0.000000 
0.001386 0.000000 0.000000 0.000000 0.000000 0.000000 
0.001386 0.000000 0.000000 0.000000 0.000000 0.000000 
0.001386 0.000000 0.000000 0.000000 0.000000 0.000000 
0.001386 0.000000 0.000000 0.000000 0.000000 0.000000 
0.001386 0.000000 0.000000 0.000000 0.000000 0.000000 
0.001386 0.000000 0.000000 0.000000 0.000000 0.000000 
0.001386 0.000000 0.000000 0.000000 0.000000 0.000000 
0.001386 0.000000 0.000000 0.000000 0.000000 0.000000 
0.001386 0.000000 0.000000 0.000000 0.000000 0.000000 
0.001386 0.000000 0.000000 0.000000 0.000000 0.000000 
0.001386 0.000000 0.000000 0.000000 0.000000 0.000000 
0.001386 0.000000 0.000000 0.000000 0.000000 0.000000 
0.001386 0.000000 0.000000 0.000000 0.000000 0.000000 
0.001386 0.000000 0.000000 0.000000 0.000000 0.000000 
0.001386 0.000000 0.000000 0.000000 0.000000 0.000000 
0.001386 0.000000 0.000000 0.000000 0.000000 0.000000 
0.001386 0.000000 0.000000 0.000000 0.000000 0.000000 
0.001386 0.000000 0.000000 0.000000 0.000000 0.000000 
0.001386 0.000000 0.000000 0.000000 0.000000 0.000000 
0.001386 0.000000 0.000000 0.000000 0.000000 0.000000 
0.001386 0.000000 0.000000 0.000000 0.000000 0.000000 
0.001386 0.000000 0.000000 0.000000 0.000000 0.000000 
0.001386 0.000000 0.000000 0.000000 0.000000 0.000000 
0.001386 0.000000 0.000000 0.000000 0.000000 0.000000 
0.001386 0.000000 0.000000 0.000000 0.000000 0.000000 
0.001386 0.000000 0.000000 0.000000 0.000000 0.000000 
0.001386 0.000000 0.000000 0.000000 0.000000 0.000000 
0.001386 0.000000 0.000000 0.000000 0.000000 0.000000 
0.001386 0.000000 0.000000 0.000000 0.000000 0.000000 
0.001386 0.000000 0.000000 0.000000 0.000000 0.000000 
0.001386 0.000000 0.000000 0.000000 0.000000 0.000000 
0.001386 0.000000 0.000000 0.000000 0.000000 0.000000 
0.001386 0.000000 0.000000 0.000000 0.000000 0.000000 
0.001386 0.000000 0.000000 0.000000 0.000000 0.000000 
0.001386 0.000000 0.000000 0.000000 0.000000 0.000000 
0.001386 0.000000 0.000000 0.000000 0.000000 0.000000 
0.001386 0.000000 0.000000 0.000000 0.000000 0.000000 
0.001386 0.000000 0.000000 0.000000 0.000000 0.000000 
0.001386 0.000000 0.000000 0.000000 0.000000 0.000000 
0.001386 0.000000 0.000000 0.000000 0.000000 0.000000 
0.001386 0.000000 0.000000 0.000000 0.000000 0.000000 
0.001386 0.000000 0.000000 0.000000 0.000000 0.000000 
0.001386 0.000000 0.000000 0.000000 0.000000 0.000000 
0.001386 0.000000 0.000000 0.000000 0.000000 0.000000 
0.001386 0.000000 0.000000 0.000000 0.000000 0.000000 
0.001386 0.000000 0.000000 0.000000 0.000000 0.000000 
0.711202 0.000000 0.000000 0.000000 0.000000 0.000000 
0.711202 0.000000 0.000000 0.000000 0.000000 0.000000 
0.711202 0.000000 0.000000 0.000000 0.000000 0.000000 
0.711202 0.000000 0.000000 0.000000 0.000000 0.000000 
0.711202 0.000000 0.000000 0.000000 0.000000 0.000000 
0.711202 0.000000 0.000000 0.000000 0.000000 0.000000 
0.711202 0.000000 0.000000 0.000000 0.000000 0.000000 
0.711202 0.000000 0.000000 0.000000 0.000000 0.000000 
0.711202 0.000000 0.000000 0.000000 0.000000 0.000000 
0.711202 0.000000 0.000000 0.000000 0.000000 0.000000 
0.711202 0.000000 0.000000 0.000000 0.000000 0.000000 
0.711202 0.000000 0.000000 0.000000 0.000000 0.000000 
0.711202 0.000000 0.000000 0.000000 0.000000 0.000000 
0.710087 0.000000 0.000000 0.000000 0.000000 0.000000 
0.708815 0.000000 0.000000 0.000000 0.000000 0.000000 
0.707359 0.000000 0.000000 0.000000 0.000000 0.000000 
0.705684 0.000000 0.000000 0.000000 0.000000 0.000000 
0.703748 0.000000 0.000000 0.000000 0.000000 0.000000 
0.701496 0.000000 0.000000 0.000000 0.000000 0.000000 
0.699386 0.000000 0.000000 0.000000 0.000000 0.000000 
0.696369 0.000000 0.000000 0.000000 0.000000 0.000000 
0.692804 0.000000 0.000000 0.000000 0.000000 0.000000 
0.688567 0.000000 0.000000 0.000000 0.000000 0.000000 
0.683505 0.000000 0.000000 0.000000 0.000000 0.000000 
0.677425 0.000000 0.000000 0.000000 0.000000 0.000000 
0.670091 -0.093188 -0.327066 -0.247396 -0.485286 -0.597950 
0.661215 0.108333 -0.237217 -0.117874 -0.481205 -0.669236 
0.650451 0.209093 -0.192293 -0.034115 -0.481827 -0.704880 
0.637395 0.258170 -0.169834 0.007765 -0.482138 -0.728889 
0.621595 0.278495 -0.158947 0.054863 -0.483426 -0.750031 
0.602572 0.288657 -0.154553 0.157291 -0.486493 -0.766629 
0.579866 0.291001 -0.152762 0.208505 -0.489156 -0.774928 
0.552957 0.287592 -0.151866 0.340197 -0.491812 -0.790049 
0.521749 0.285888 -0.152830 0.447733 -0.493139 -0.800513 
0.486305 0.279258 -0.153312 0.530535 -0.494788 -0.808339 
0.447041 0.272536 -0.155027 0.602229 -0.495858 -0.815694 
0.404758 0.264275 -0.156970 0.638076 -0.497000 -0.822573 
0.360616 0.260144 -0.158454 0.667101 -0.498177 -0.826013 
0.316021 0.247890 -0.159851 0.685487 -0.496543 -0.829902 
0.272459 0.240481 -0.161694 0.697483 -0.491417 -0.833741 
0.231307 0.231816 -0.163885 0.704223 -0.482184 -0.837417 
0.193659 0.210311 -0.166477 0.706867 -0.432010 -0.840737 
0.160224 0.183876 -0.170614 0.707748 -0.345435 -0.843761 
0.131300 0.161687 -0.172682 0.708188 -0.271562 -0.846298 
0.106826 0.141461 -0.177381 0.708408 -0.188816 -0.848812 
0.086477 0.117576 -0.179730 0.705728 -0.012478 -0.850537 
0.069774 0.093796 -0.185455 0.703777 0.101509 -0.852247 
0.056182 0.057748 -0.190655 0.702801 0.180135 -0.853271 
0.045172 0.013270 -0.195857 0.701760 0.241480 -0.854166 
0.036266 -0.023608 -0.206199 0.700371 0.277109 -0.855375 
0.029054 -0.054383 -0.217810 0.698229 0.301579 -0.851199 
0.023196 -0.098220 -0.233195 0.695104 0.314796 -0.837022 
0.018414 -0.134238 -0.240755 0.692600 0.321405 -0.829934 
0.014491 -0.171282 -0.258144 0.689876 0.324244 -0.799136 
0.011253 -0.220194 -0.277206 0.686029 0.325404 -0.686885 
0.008562 -0.244650 -0.292066 0.680563 0.324856 -0.588430 
0.006312 -0.277213 -0.313901 0.676146 0.324248 -0.477355 
0.004419 -0.309998 -0.351646 0.671340 0.322543 -0.361009 
0.002815 -0.326390 -0.370519 0.664453 0.321271 -0.284206 
0.001449 -0.360842 -0.411038 0.657426 0.318858 -0.223638 
0.001447 -0.378068 -0.447418 0.647678 0.317134 -0.188881 
0.001444 -0.398232 -0.478461 0.637832 0.313967 -0.171503 
0.001441 -0.410784 -0.506025 0.624380 0.311691 -0.159293 
0.001439 -0.424229 -0.538728 0.611029 0.307571 -0.153647 
0.001436 -0.435015 -0.578783 0.593114 0.304602 -0.150818 
0.001434 -0.444371 -0.602401 0.584157 0.301559 -0.150238 
0.001432 -0.454471 -0.630452 0.571166 0.295111 -0.150187 
0.001429 -0.461737 -0.648246 0.538611 0.289874 -0.151202 
0.001427 -0.468571 -0.677467 0.505652 0.283776 -0.152535 
0.001425 -0.474240 -0.713025 0.476124 0.274829 -0.153939 
0.001423 -0.478950 -0.730804 0.439144 0.266957 -0.157205 
0.001421 -0.482850 -0.752476 0.415342 0.256678 -0.158838 
0.001419 -0.485414 -0.764082 0.394623 0.247498 -0.160159 
0.001417 -0.487990 -0.777732 0.366441 0.239571 -0.161649 
0.001416 -0.489904 -0.784553 0.329511 0.225231 -0.162394 
0.001414 -0.490860 -0.793687 0.311047 0.218104 -0.165308 
0.007567 -0.491338 -0.802323 0.290913 0.208077 -0.167991 
0.019233 -0.491577 -0.806641 0.280846 0.203064 -0.169333 
0.043158 -0.492379 -0.808800 0.275813 0.193529 -0.170004 
0.094069 -0.492780 -0.809879 0.257478 0.188762 -0.170340 
0.193591 -0.492980 -0.810419 0.248311 0.186378 -0.171832 
0.342632 -0.495173 -0.810689 0.243728 0.177460 -0.172579 
0.493456 -0.496269 -0.814910 0.241410 0.173001 -0.174419 
0.598069 -0.496817 -0.821770 0.219387 0.153175 -0.175339 
0.654931 -0.497840 -0.825200 0.189868 0.143262 -0.178136 
0.683482 -0.492973 -0.830055 0.175108 0.106628 -0.183509 
0.698227 -0.490540 -0.834064 0.153083 0.088312 -0.191049 
0.706376 -0.478871 -0.838100 0.127634 0.035478 -0.194820 
0.710396 -0.430496 -0.841963 0.110790 0.009062 -0.204270 
0.709494 -0.377207 -0.843895 0.092198 -0.038942 -0.208995 
0.708497 -0.265121 -0.846364 0.082902 -0.076733 -0.228663 
0.707394 -0.107483 -0.848083 0.067437 -0.123267 -0.238498 
0.706169 -0.028665 -0.850246 0.059705 -0.146535 -0.251672 
0.704805 0.115137 -0.851694 0.050620 -0.186943 -0.275416 
0.703283 0.187037 -0.853412 0.043916 -0.223294 -0.295116 
0.701585 0.246970 -0.854549 0.037533 -0.262440 -0.326816 
0.699687 0.284027 -0.853671 0.030860 -0.294205 -0.347948 
0.697553 0.302556 -0.850997 0.024962 -0.321034 -0.381352 
0.695146 0.314976 -0.836991 0.020426 -0.353409 -0.407272 
0.692424 0.321187 -0.796474 0.017835 -0.369596 -0.431717 
0.689336 0.323654 -0.776215 0.014530 -0.386374 -0.467537 
0.685826 0.324656 -0.687134 0.011129 -0.404778 -0.497518 
0.681827 0.325156 -0.536361 0.009428 -0.422035 -0.524181 
0.677261 0.322143 -0.460975 0.007946 -0.434063 -0.560591 
0.672040 0.320637 -0.350159 0.005987 -0.443094 -0.589724 
0.666063 0.319883 -0.265669 0.004336 -0.450773 -0.614819 
0.659218 0.317929 -0.214897 0.002873 -0.460672 -0.655359 
0.651318 0.315776 -0.184514 0.004041 -0.465622 -0.675630 
0.641881 0.312815 -0.166625 0.007845 -0.471373 -0.697429 
0.630986 0.311335 -0.156997 0.028745 -0.476911 -0.718976 
0.618433 0.309291 -0.152186 0.039195 -0.480813 -0.741526 
0.604020 0.304055 -0.150123 0.070578 -0.482764 -0.756350 
0.587554 0.298700 -0.150141 0.165148 -0.486162 -0.769789 
0.568865 0.296023 -0.150556 0.212434 -0.488990 -0.787480 
0.547830 0.290103 -0.151267 0.342161 -0.491729 -0.796325 
0.524389 0.281366 -0.152530 0.477749 -0.493098 -0.806245 
0.498575 0.276997 -0.154637 0.569958 -0.495013 -0.814647 
0.470527 0.271406 -0.155690 0.621941 -0.495970 -0.818847 
0.440503 0.263710 -0.157301 0.659033 -0.497662 -0.824150 
0.408883 0.249672 -0.158620 0.681453 -0.496286 -0.828970 
0.376154 0.241372 -0.161079 0.692663 -0.495598 -0.833275 
0.342887 0.232262 -0.163577 0.701813 -0.484274 -0.837184 
0.309697 0.215150 -0.164826 0.705912 -0.456621 -0.840621 
0.277202 0.191863 -0.168208 0.707625 -0.419229 -0.843702 
0.245975 0.174652 -0.171479 0.708127 -0.339045 -0.845243 
0.216506 0.157075 -0.176779 0.708377 -0.222557 -0.847320 
0.189173 0.145212 -0.179429 0.708503 -0.068266 -0.849087 
0.164227 0.119451 -0.185304 0.705776 0.047797 -0.850674 
0.141790 0.094734 -0.188242 0.704412 0.131646 -0.852316 
0.121869 0.057691 -0.194726 0.703119 0.203273 -0.853306 
0.104376 0.013241 -0.200947 0.701919 0.253049 -0.854720 
0.089156 -0.023623 -0.211124 0.700450 0.286685 -0.855649 
0.076007 -0.054390 -0.220273 0.698268 0.306367 -0.851337 
0.064709 -0.084633 -0.234426 0.695123 0.317626 -0.837091 
0.055037 -0.127444 -0.246981 0.692610 0.322894 -0.812695 
0.046774 -0.167885 -0.261257 0.689881 0.324988 -0.751489 
0.039721 -0.194924 -0.278762 0.686031 0.325776 -0.663061 
0.033698 -0.237884 -0.295353 0.682247 0.325042 -0.576518 
0.028549 -0.273830 -0.315545 0.676987 0.324351 -0.471399 
0.024138 -0.308306 -0.352468 0.671761 0.322594 -0.357976 
0.020351 -0.335010 -0.371012 0.664664 0.321310 -0.274481 
0.017089 -0.365152 -0.411284 0.657531 0.318878 -0.218776 
0.014270 -0.380223 -0.447541 0.647731 0.317143 -0.186450 
0.011826 -0.399310 -0.478523 0.637859 0.313972 -0.168145 
0.009700 -0.411322 -0.506056 0.624393 0.311715 -0.157470 
0.007843 -0.424498 -0.538743 0.611035 0.307583 -0.152736 
0.006216 -0.435149 -0.567693 0.593118 0.304608 -0.150701 
0.004785 -0.444438 -0.596855 0.575646 0.301562 -0.150179 
0.003522 -0.454505 -0.627680 0.566910 0.295112 -0.150578 
0.002404 -0.461754 -0.660377 0.536483 0.289875 -0.151397 
0.001410 -0.468579 -0.693519 0.504588 0.283776 -0.152633 
0.008264 -0.473164 -0.710261 0.475592 0.277993 -0.153988 
0.022083 -0.477808 -0.729422 0.442659 0.268539 -0.157229 
0.052525 -0.482279 -0.746848 0.417100 0.257469 -0.158850 
0.120863 -0.485128 -0.761268 0.395502 0.245313 -0.160165 
0.251350 -0.487847 -0.776325 0.366880 0.238479 -0.161652 
0.421700 -0.489831 -0.783849 0.329731 0.224728 -0.164937 
0.561091 -0.491506 -0.797404 0.300255 0.211389 -0.167806 
0.640066 -0.494436 -0.804181 0.269700 0.189965 -0.170565 
0.678043 -0.495901 -0.811657 0.242688 0.165584 -0.173412 
0.696350 -0.497219 -0.820143 0.220026 0.149467 -0.177173 
0.705850 -0.498274 -0.825761 0.190187 0.109731 -0.183027 
0.711212 -0.493190 -0.831916 0.160623 0.070827 -0.190809 
0.710392 -0.484153 -0.835748 0.140676 0.039432 -0.194699 
0.709489 -0.455788 -0.839897 0.117311 0.011038 -0.204210 
0.708493 -0.418955 -0.842861 0.100582 -0.030219 -0.208965 
0.707389 -0.371437 -0.845400 0.087094 -0.072371 -0.223619 
0.706164 -0.262236 -0.847601 0.074023 -0.107273 -0.235975 
0.704800 -0.091607 -0.849731 0.062998 -0.138538 -0.250411 
0.703276 0.040854 -0.851437 0.052267 -0.182944 -0.269035 
0.701586 0.149896 -0.853074 0.044746 -0.221295 -0.284098 
0.699690 0.228400 -0.854380 0.037948 -0.261440 -0.309213 
0.697558 0.274409 -0.854469 0.032004 -0.293705 -0.333865 
0.695156 0.297746 -0.851397 0.026218 -0.320784 -0.351472 
0.692439 0.313094 -0.839523 0.022641 -0.334324 -0.383114 
0.689361 0.320768 -0.819517 0.018942 -0.360053 -0.408102 
0.685864 0.324042 -0.787736 0.016447 -0.381603 -0.440272 
0.681884 0.325081 -0.738130 0.013837 -0.397647 -0.471814 
0.677346 0.325369 -0.605067 0.011109 -0.414073 -0.511329 
0.672164 0.325513 -0.495327 0.008786 -0.426706 -0.546340 
0.666245 0.322322 -0.367335 0.007175 -0.439416 -0.582599 
0.659482 0.320726 -0.281053 0.005435 -0.448933 -0.611256 
0.651318 0.318350 -0.222589 0.004061 -0.457530 -0.641586 
0.641881 0.315987 -0.190286 0.002736 -0.464051 -0.668743 
0.630986 0.314788 -0.170160 0.004102 -0.469041 -0.693985 
0.618433 0.312321 -0.158764 0.013851 -0.473080 -0.717254 
0.604020 0.309784 -0.153070 0.031748 -0.477764 -0.735076 
0.587554 0.305737 -0.150565 0.066855 -0.481239 -0.753125 
0.568865 0.302152 -0.150362 0.142594 -0.485400 -0.768176 
0.547830 0.297749 -0.150666 0.268576 -0.488609 -0.784956 
0.524389 0.290966 -0.151322 0.381833 -0.491107 -0.795063 
0.498575 0.281797 -0.152558 0.487726 -0.492787 -0.805614 
0.470527 0.277213 -0.154650 0.574946 -0.494612 -0.811905 
0.440503 0.271514 -0.155696 0.630267 -0.496377 -0.818404 
0.408883 0.263764 -0.157818 0.663196 -0.497866 -0.823928 
0.376154 0.249699 -0.159533 0.683534 -0.496242 -0.828859 
0.342887 0.236425 -0.161261 0.696507 -0.491267 -0.833704 
0.309697 0.220517 -0.163962 0.703557 -0.460117 -0.837906 
0.277202 0.209311 -0.166104 0.706448 -0.409914 -0.841854 
0.245975 0.183376 -0.170427 0.707538 -0.334387 -0.844319 
0.216506 0.161437 -0.176253 0.708083 -0.220228 -0.846858 
0.189173 0.137574 -0.179166 0.708356 -0.067102 -0.848856 
0.164227 0.115632 -0.185173 0.705702 0.048379 -0.850559 
0.141790 0.092825 -0.190227 0.704375 0.147347 -0.851935 
0.121869 0.056736 -0.195719 0.702547 0.211123 -0.853498 
0.104376 0.012764 -0.201443 0.700764 0.261931 -0.854816 
0.089156 -0.030099 -0.211272 0.698426 0.292798 -0.852321 
0.076007 -0.072487 -0.220346 0.696183 0.311079 -0.846535 
0.064709 -0.113485 -0.234331 0.693140 0.319988 -0.834690 
0.055037 -0.160905 -0.246933 0.690146 0.324075 -0.811494 
0.046774 -0.191434 -0.271601 0.686164 0.325311 -0.744612 
0.039721 -0.218886 -0.289263 0.682313 0.325481 -0.659623 
0.033698 -0.249865 -0.312500 0.680387 0.324561 -0.512952 
0.028549 -0.279821 -0.324119 0.676058 0.323539 -0.404160 
0.024138 -0.311302 -0.357011 0.671296 0.322188 -0.314779 
0.020351 -0.336507 -0.385716 0.664431 0.320387 -0.252882 
0.017089 -0.365900 -0.418637 0.657656 0.317882 -0.207976 
0.014270 -0.380597 -0.451217 0.647794 0.315722 -0.181051 
0.011826 -0.399497 -0.480361 0.637890 0.312569 -0.163935 
0.009700 -0.411416 -0.506975 0.624408 0.309814 -0.155670 
0.007843 -0.428608 -0.551809 0.611498 0.306632 -0.151830 
0.006216 -0.441167 -0.588913 0.593349 0.304161 -0.150248 
0.004785 -0.450899 -0.614501 0.575762 0.298826 -0.150199 
0.003522 -0.457736 -0.640270 0.540909 0.293745 -0.150588 
0.002404 -0.463369 -0.673479 0.523482 0.288038 -0.151702 
0.001410 -0.470559 -0.700070 0.495879 0.280959 -0.152785 
0.008264 -0.476506 -0.724326 0.471237 0.273420 -0.154064 
0.022083 -0.480083 -0.744300 0.440481 0.266253 -0.157268 
0.052525 -0.484030 -0.759994 0.407193 0.256325 -0.159374 
0.120863 -0.486004 -0.775688 0.372726 0.243985 -0.161256 
0.251350 -0.488285 -0.783531 0.355492 0.231880 -0.162198 
0.421700 -0.490050 -0.793176 0.324037 0.221428 -0.165209 
0.561091 -0.491615 -0.802067 0.297408 0.209739 -0.167942 
0.640066 -0.494491 -0.810600 0.268276 0.189141 -0.170634 
0.678043 -0.495928 -0.814866 0.241976 0.165172 -0.173446 
0.696350 -0.497395 -0.821748 0.219670 0.149260 -0.177190 
0.705850 -0.498362 -0.826563 0.190009 0.109628 -0.183036 
0.711212 -0.493234 -0.832317 0.160534 0.070775 -0.190813 
0.711210 -0.484175 -0.835948 0.140631 0.039406 -0.194701 
0.710391 -0.455799 -0.839997 0.117289 0.011026 -0.204211 
0.709488 -0.418960 -0.842911 0.100571 -0.030225 -0.208965 
0.708491 -0.371439 -0.845425 0.087088 -0.072374 -0.223619 
0.707387 -0.262237 -0.847613 0.074020 -0.107275 -0.235975 
0.706162 -0.091608 -0.849737 0.062996 -0.138538 -0.250411 
0.704798 0.040854 -0.851440 0.052266 -0.182945 -0.269035 
0.703288 0.149896 -0.853076 0.044739 -0.221295 -0.284098 
0.701601 0.228399 -0.854381 0.037944 -0.261441 -0.309213 
0.699710 0.274409 -0.854470 0.032003 -0.293705 -0.333865 
0.697585 0.297746 -0.851397 0.026217 -0.320784 -0.351472 
0.695190 0.313094 -0.839524 0.022640 -0.334324 -0.383114 
0.692485 0.320768 -0.819517 0.018942 -0.360053 -0.408102 
0.689421 0.324042 -0.787736 0.016447 -0.381603 -0.440272 
0.685944 0.325081 -0.738130 0.013837 -0.397647 -0.471814 
0.681989 0.325369 -0.605067 0.011109 -0.414073 -0.511329 
0.677486 0.325513 -0.495327 0.008786 -0.426706 -0.546340 
0.672351 0.322322 -0.367335 0.007175 -0.439416 -0.582599 
0.666495 0.320726 -0.281053 0.005435 -0.448933 -0.611256 
0.659482 0.318350 -0.222589 0.004061 -0.457530 -0.641586 
0.651318 0.315987 -0.190286 0.002736 -0.464051 -0.668743 
0.641881 0.314788 -0.170160 0.004102 -0.469041 -0.693985 
0.630986 0.312321 -0.158764 0.013851 -0.473080 -0.717254 
0.618433 0.309784 -0.153070 0.031748 -0.477764 -0.735076 
0.604020 0.305737 -0.150565 0.066855 -0.481239 -0.753125 
0.587554 0.302152 -0.150362 0.142594 -0.485400 -0.768176 
0.568865 0.297749 -0.150666 0.268576 -0.488609 -0.784956 
0.547830 0.290966 -0.151322 0.381833 -0.491107 -0.795063 
0.524389 0.281797 -0.152558 0.487726 -0.492787 -0.803013 
0.498575 0.277213 -0.154650 0.574946 -0.494612 -0.810604 
0.470527 0.271514 -0.155696 0.630267 -0.496377 -0.817754 
0.440503 0.263764 -0.157818 0.663196 -0.497865 -0.823603 
0.408883 0.249699 -0.159533 0.683534 -0.496241 -0.828697 
0.376154 0.241386 -0.161261 0.696507 -0.491266 -0.833622 
0.342887 0.222997 -0.163668 0.703557 -0.482108 -0.837865 
0.309697 0.210551 -0.165957 0.706522 -0.420909 -0.841045 
0.277202 0.196978 -0.170354 0.707575 -0.371306 -0.843424 
0.245975 0.168238 -0.176216 0.708102 -0.238688 -0.846411 
0.216506 0.150793 -0.179148 0.708365 -0.076332 -0.848632 
0.189173 0.122242 -0.185164 0.705707 0.043764 -0.850447 
0.164227 0.096129 -0.188172 0.704378 0.145040 -0.851879 
0.141790 0.058388 -0.192014 0.702549 0.209970 -0.853087 
0.121869 0.029214 -0.199590 0.700765 0.261354 -0.854611 
0.104376 -0.021874 -0.210346 0.698426 0.290838 -0.855595 
0.089156 -0.053516 -0.219883 0.696183 0.310098 -0.848172 
0.076007 -0.084196 -0.234099 0.693140 0.319498 -0.835509 
0.064709 -0.127226 -0.246818 0.690146 0.323830 -0.811903 
0.055037 -0.174594 -0.261175 0.688649 0.325189 -0.744816 
0.046774 -0.210466 -0.284051 0.685415 0.325420 -0.659725 
0.039721 -0.245655 -0.297997 0.681939 0.324865 -0.513003 
0.033698 -0.277716 -0.316867 0.676833 0.324262 -0.439642 
0.028549 -0.310249 -0.353385 0.671684 0.322549 -0.332520 
0.024138 -0.335981 -0.371470 0.664625 0.320568 -0.261752 
0.020351 -0.365637 -0.411514 0.657753 0.317972 -0.212411 
0.017089 -0.380465 -0.447656 0.647842 0.315767 -0.183268 
0.014270 -0.399431 -0.478580 0.637914 0.313284 -0.165044 
0.011826 -0.411383 -0.506085 0.624420 0.311371 -0.155920 
0.009700 -0.424528 -0.538758 0.611504 0.307411 -0.151955 
0.007843 -0.435164 -0.567700 0.593352 0.304550 -0.150310 
0.006216 -0.444445 -0.603894 0.575763 0.301533 -0.150230 
0.004785 -0.454509 -0.634967 0.566969 0.295098 -0.150603 
0.003522 -0.461756 -0.664020 0.536512 0.288715 -0.151710 
0.002404 -0.468580 -0.695341 0.504603 0.281297 -0.152789 
0.001410 -0.473164 -0.711172 0.475599 0.276754 -0.154066 
0.007561 -0.477809 -0.737723 0.442662 0.267919 -0.157269 
0.019221 -0.482893 -0.750999 0.417101 0.257159 -0.159374 
0.043135 -0.485435 -0.763343 0.395503 0.245158 -0.160427 
0.094021 -0.488001 -0.777359 0.366881 0.238401 -0.161783 
0.193507 -0.489908 -0.784366 0.329731 0.224689 -0.165002 
0.342525 -0.490862 -0.793594 0.311157 0.211370 -0.166612 
0.493366 -0.492021 -0.802276 0.290968 0.204710 -0.168643 
0.598014 -0.494693 -0.806617 0.265056 0.186626 -0.170984 
0.654902 -0.496030 -0.812875 0.240366 0.163915 -0.173622 
0.683467 -0.496698 -0.819486 0.218865 0.148632 -0.177277 
0.698218 -0.497780 -0.825432 0.189607 0.128737 -0.183079 
0.706371 -0.494142 -0.830170 0.160333 0.099366 -0.185980 
0.710392 -0.484629 -0.834875 0.140530 0.065644 -0.192285 
0.709489 -0.475916 -0.838506 0.121357 0.024145 -0.203003 
0.708493 -0.429019 -0.842166 0.107649 -0.003733 -0.208361 
0.707389 -0.376469 -0.845052 0.090627 -0.045339 -0.223317 
0.706164 -0.264752 -0.846943 0.075790 -0.079931 -0.230795 
0.704800 -0.107299 -0.848549 0.063881 -0.124867 -0.240954 
0.703287 0.033008 -0.850479 0.055454 -0.153286 -0.252900 
0.701599 0.145973 -0.851945 0.046340 -0.190318 -0.276030 
0.699705 0.222676 -0.853815 0.038744 -0.224982 -0.295423 
0.697576 0.264789 -0.854845 0.032403 -0.263284 -0.326970 
0.695176 0.292937 -0.853819 0.028295 -0.294627 -0.348025 
0.692463 0.307010 -0.849909 0.023679 -0.321245 -0.381391 
0.689387 0.317726 -0.836447 0.019785 -0.353514 -0.407291 
0.685893 0.322561 -0.817979 0.016869 -0.378333 -0.431727 
0.681915 0.324341 -0.753251 0.014048 -0.396012 -0.467542 
0.677376 0.324999 -0.675652 0.011215 -0.409597 -0.497520 
0.672191 0.325328 -0.530620 0.008839 -0.424445 -0.523995 
0.666263 0.322229 -0.407246 0.007255 -0.435268 -0.560498 
0.659482 0.320680 -0.301008 0.005641 -0.446860 -0.600206 
0.651317 0.319352 -0.241094 0.004164 -0.456493 -0.630012 
0.641879 0.317586 -0.202609 0.002787 -0.463532 -0.662956 
0.630982 0.314941 -0.178370 0.003998 -0.468782 -0.691092 
0.618427 0.312397 -0.163553 0.007823 -0.472953 -0.715807 
0.604012 0.309822 -0.155464 0.015712 -0.477696 -0.734352 
0.587544 0.305756 -0.151762 0.037883 -0.481205 -0.749215 
0.568853 0.302287 -0.150960 0.095492 -0.484327 -0.766221 
0.547814 0.297817 -0.150548 0.177605 -0.488073 -0.774724 
0.524371 0.291000 -0.151263 0.324761 -0.489948 -0.789947 
0.498554 0.287592 -0.152529 0.440015 -0.492208 -0.800455 
0.470502 0.280110 -0.153161 0.540038 -0.494323 -0.809325 
0.440475 0.272962 -0.154952 0.606980 -0.495625 -0.816187 
0.408852 0.264488 -0.156403 0.651553 -0.496883 -0.822820 
0.376122 0.250062 -0.158294 0.677713 -0.495896 -0.828305 
0.342854 0.241567 -0.160916 0.693596 -0.491094 -0.832943 
0.309664 0.232119 -0.163496 0.702279 -0.482022 -0.837018 
0.277168 0.215079 -0.166283 0.705896 -0.455495 -0.840621 
0.245942 0.199241 -0.170517 0.707617 -0.388599 -0.843703 
0.216475 0.169370 -0.172634 0.708123 -0.293143 -0.846270 
0.189144 0.151359 -0.177356 0.708375 -0.199606 -0.848561 
0.164200 0.122525 -0.179718 0.705712 -0.017874 -0.850411 
0.141766 0.096271 -0.185449 0.704380 0.098811 -0.851861 
0.121847 0.058459 -0.190652 0.703103 0.186855 -0.853078 
0.104357 0.029249 -0.198910 0.701911 0.244840 -0.854070 
0.089139 -0.012262 -0.207725 0.700446 0.282581 -0.855324 
0.075993 -0.048710 -0.218573 0.698266 0.304315 -0.851174 
0.064697 -0.081793 -0.233576 0.696104 0.316944 -0.837010 
0.055026 -0.126024 -0.246556 0.693100 0.322553 -0.812654 
0.046765 -0.167175 -0.261045 0.690126 0.324818 -0.790496 
0.039713 -0.194569 -0.278656 0.686154 0.325690 -0.682565 
0.033691 -0.237706 -0.295300 0.682308 0.325000 -0.586270 
0.028543 -0.273742 -0.315518 0.677018 0.324330 -0.476275 
0.024133 -0.308262 -0.352455 0.671776 0.322583 -0.360414 
0.020346 -0.334988 -0.371005 0.664671 0.321305 -0.275700 
0.017085 -0.365141 -0.411281 0.657535 0.318875 -0.219385 
0.014267 -0.380217 -0.447539 0.647733 0.317142 -0.186755 
0.011823 -0.399307 -0.478522 0.637860 0.313971 -0.168297 
0.009697 -0.411321 -0.506056 0.624393 0.311714 -0.157546 
0.007841 -0.424497 -0.538743 0.611035 0.307582 -0.152774 
0.006214 -0.435149 -0.567693 0.593118 0.304608 -0.150720 
0.004784 -0.444438 -0.596855 0.575646 0.301561 -0.150188 
0.003521 -0.454505 -0.627680 0.566910 0.295112 -0.150582 
0.002403 -0.461754 -0.660377 0.536483 0.289875 -0.151399 
0.001409 -0.468579 -0.693519 0.504588 0.283776 -0.152634 
0.008262 -0.473164 -0.710261 0.475592 0.277993 -0.153988 
0.022079 -0.477808 -0.729422 0.442659 0.268539 -0.157230 
0.052516 -0.482279 -0.746848 0.417100 0.257469 -0.158850 
0.120843 -0.485128 -0.761268 0.395502 0.245313 -0.160165 
0.251317 -0.487847 -0.776325 0.366880 0.238479 -0.161652 
0.421665 -0.489831 -0.783849 0.329731 0.224728 -0.164937 
0.561067 -0.491506 -0.797404 0.300255 0.211389 -0.167806 
0.640053 -0.494436 -0.804181 0.269700 0.189965 -0.170565 
0.678036 -0.495901 -0.811657 0.242688 0.165584 -0.173412 
0.696347 -0.497219 -0.820143 0.220026 0.149467 -0.177173 
0.705848 -0.498274 -0.825761 0.190187 0.109731 -0.183027 
0.711210 -0.493190 -0.831916 0.160623 0.070827 -0.190809 
0.710391 -0.484153 -0.835748 0.140676 0.039432 -0.194699 
0.709488 -0.455788 -0.839897 0.117311 0.011038 -0.204210 
0.708491 -0.418955 -0.842861 0.100582 -0.030219 -0.208965 
0.707387 -0.371437 -0.845400 0.087094 -0.072371 -0.223619 
0.706162 -0.262236 -0.847601 0.074023 -0.107273 -0.235975 
0.704798 -0.091607 -0.849731 0.062998 -0.138538 -0.250411 
0.703276 0.040854 -0.851437 0.052267 -0.182944 -0.269035 
0.701585 0.149896 -0.853074 0.044746 -0.221295 -0.284098 
0.699687 0.228400 -0.854380 0.037948 -0.261440 -0.309213 
0.697553 0.274409 -0.854469 0.032004 -0.293705 -0.333865 
0.695146 0.297746 -0.851397 0.026218 -0.320784 -0.351472 
0.692424 0.313094 -0.839523 0.022641 -0.334324 -0.383114 
0.689336 0.320768 -0.819517 0.018942 -0.360053 -0.408102 
0.685826 0.324042 -0.787736 0.016447 -0.381603 -0.440272 
0.681827 0.325081 -0.738130 0.013837 -0.397647 -0.471814 
0.677261 0.325369 -0.605067 0.011109 -0.414073 -0.511329 
0.672040 0.325513 -0.495327 0.008786 -0.426706 -0.546340 
0.666063 0.322322 -0.367335 0.007175 -0.439416 -0.582599 
0.659218 0.320726 -0.281053 0.005435 -0.448933 -0.611256 
0.651318 0.318350 -0.222589 0.004061 -0.457530 -0.641586 
0.641881 0.315987 -0.190286 0.002736 -0.464051 -0.668743 
0.630986 0.314788 -0.170160 0.004102 -0.469041 -0.693985 
0.618433 0.312321 -0.158764 0.013851 -0.473080 -0.717254 
0.604020 0.309784 -0.153070 0.031748 -0.477764 -0.735076 
0.587554 0.305737 -0.150565 0.066855 -0.481239 -0.753125 
0.568865 0.302152 -0.150362 0.142594 -0.485400 -0.768176 
0.547830 0.297749 -0.150666 0.268576 -0.488609 -0.784956 
0.524389 0.290966 -0.151322 0.381833 -0.491107 -0.795063 
0.498575 0.281797 -0.152558 0.487726 -0.492787 -0.805614 
0.470527 0.277213 -0.154650 0.574946 -0.494612 -0.811905 
0.440503 0.271514 -0.155696 0.630267 -0.496377 -0.818404 
0.408883 0.263764 -0.157818 0.663196 -0.497866 -0.823928 
0.376154 0.249699 -0.159533 0.683534 -0.496242 -0.828859 
0.342887 0.236425 -0.161261 0.696507 -0.491267 -0.833704 
0.309697 0.220517 -0.163962 0.703557 -0.460117 -0.837906 
0.277202 0.209311 -0.166104 0.706448 -0.409914 -0.841854 
0.245975 0.183376 -0.170427 0.707538 -0.334387 -0.844319 
0.216506 0.161437 -0.176253 0.708083 -0.220228 -0.846858 
0.189173 0.137574 -0.179166 0.708356 -0.067102 -0.848856 
0.164227 0.115632 -0.185173 0.705702 0.048379 -0.850559 
0.141790 0.092825 -0.190227 0.704375 0.147347 -0.851935 
0.121869 0.056736 -0.195719 0.702547 0.211123 -0.853498 
0.104376 0.012764 -0.201443 0.700764 0.261931 -0.854816 
0.089156 -0.030099 -0.211272 0.698426 0.292798 -0.852321 
0.076007 -0.072487 -0.220346 0.696183 0.311079 -0.846535 
0.064709 -0.113485 -0.234331 0.693140 0.319988 -0.834690 
0.055037 -0.160905 -0.246933 0.690146 0.324075 -0.811494 
0.046774 -0.191434 -0.271601 0.686164 0.325311 -0.744612 
0.039721 -0.218886 -0.289263 0.682313 0.325481 -0.659623 
0.033698 -0.249865 -0.312500 0.680387 0.324561 -0.512952 
0.028549 -0.279821 -0.324119 0.676058 0.323539 -0.404160 
0.024138 -0.311302 -0.357011 0.671296 0.322188 -0.314779 
0.020351 -0.336507 -0.385716 0.664431 0.320387 -0.252882 
0.017089 -0.365900 -0.418637 0.657656 0.317882 -0.207976 
0.014270 -0.380597 -0.451217 0.647794 0.315722 -0.181051 
0.011826 -0.399497 -0.480361 0.637890 0.312569 -0.163935 
0.009700 -0.411416 -0.506975 0.624408 0.309814 -0.155670 
0.007843 -0.428608 -0.551809 0.611498 0.306632 -0.151830 
0.006216 -0.441167 -0.588913 0.593349 0.304161 -0.150248 
0.004785 -0.450899 -0.614501 0.575762 0.298826 -0.150199 
0.003522 -0.457736 -0.640270 0.540909 0.293745 -0.150588 
0.002404 -0.463369 -0.673479 0.523482 0.288038 -0.151702 
0.001410 -0.470559 -0.700070 0.495879 0.280959 -0.152785 
0.008264 -0.476506 -0.724326 0.471237 0.273420 -0.154064 
0.022083 -0.480083 -0.744300 0.440481 0.266253 -0.157268 
0.052525 -0.484030 -0.759994 0.407193 0.256325 -0.159374 
0.120863 -0.486004 -0.775688 0.372726 0.243985 -0.161256 
0.251350 -0.488285 -0.783531 0.355492 0.231880 -0.162198 
0.421700 -0.490050 -0.793176 0.324037 0.221428 -0.165209 
0.561091 -0.491615 -0.802067 0.297408 0.209739 -0.167942 
0.640066 -0.494491 -0.810600 0.268276 0.189141 -0.170634 
0.678043 -0.495928 -0.814866 0.241976 0.165172 -0.173446 
0.696350 -0.497395 -0.821748 0.219670 0.149260 -0.177190 
0.705850 -0.498362 -0.826563 0.190009 0.109628 -0.183036 
0.711212 -0.493234 -0.832317 0.160534 0.070775 -0.190813 
0.711210 -0.484175 -0.835948 0.140631 0.039406 -0.194701 
0.710391 -0.455799 -0.839997 0.117289 0.011026 -0.204211 
0.709488 -0.418960 -0.842911 0.100571 -0.030225 -0.208965 
0.708491 -0.371439 -0.845425 0.087088 -0.072374 -0.223619 
0.707387 -0.262237 -0.847613 0.074020 -0.107275 -0.235975 
0.706162 -0.091608 -0.849737 0.062996 -0.138538 -0.250411 
0.704798 0.040854 -0.851440 0.052266 -0.182945 -0.269035 
0.703288 0.149896 -0.853076 0.044739 -0.221295 -0.284098 
0.701601 0.228399 -0.854381 0.037944 -0.261441 -0.309213 
0.699710 0.274409 -0.854470 0.032003 -0.293705 -0.333865 
0.697585 0.297746 -0.851397 0.026217 -0.320784 -0.351472 
0.695190 0.313094 -0.839524 0.022640 -0.334324 -0.383114 
0.692485 0.320768 -0.819517 0.018942 -0.360053 -0.408102 
0.689421 0.324042 -0.787736 0.016447 -0.381603 -0.440272 
0.685944 0.325081 -0.738130 0.013837 -0.397647 -0.471814 
0.681989 0.325369 -0.605067 0.011109 -0.414073 -0.511329 
0.677486 0.325513 -0.495327 0.008786 -0.426706 -0.546340 
0.672351 0.322322 -0.367335 0.007175 -0.439416 -0.582599 
0.666495 0.320726 -0.281053 0.005435 -0.448933 -0.611256 
0.659425 0.318350 -0.222589 0.004061 -0.457530 -0.641586 
0.651254 0.315987 -0.190286 0.002736 -0.464051 -0.668743 
0.641811 0.314788 -0.170160 0.004102 -0.469041 -0.693985 
0.630908 0.312321 -0.158764 0.013851 -0.473080 -0.717254 
0.618347 0.309784 -0.153070 0.031748 -0.477764 -0.735076 
0.603926 0.305737 -0.150565 0.066855 -0.481239 -0.753125 
0.587451 0.302152 -0.150362 0.142594 -0.485400 -0.768176 
0.568754 0.297749 -0.150666 0.268576 -0.488609 -0.784956 
0.547710 0.290966 -0.151322 0.381833 -0.491107 -0.795063 
0.524262 0.281797 -0.152558 0.487726 -0.492787 -0.803013 
0.498442 0.277213 -0.154650 0.574946 -0.494612 -0.810604 
0.470389 0.271514 -0.155696 0.630267 -0.496377 -0.817754 
0.440362 0.263764 -0.157818 0.663196 -0.497865 -0.823603 
0.408741 0.249699 -0.159533 0.683534 -0.496241 -0.828697 
0.376014 0.241386 -0.161261 0.696507 -0.491266 -0.833622 
0.342751 0.222997 -0.163668 0.703557 -0.482108 -0.837865 
0.309568 0.210551 -0.165957 0.706522 -0.420909 -0.841045 
0.277081 0.196978 -0.170354 0.707575 -0.371306 -0.843424 
0.245864 0.168238 -0.176216 0.708102 -0.238688 -0.846411 
0.216406 0.150793 -0.179148 0.708365 -0.076332 -0.848632 
0.189084 0.122242 -0.185164 0.705707 0.043764 -0.850447 
0.164149 0.096129 -0.188172 0.704378 0.145040 -0.851879 
0.141723 0.058388 -0.192014 0.702549 0.209970 -0.853087 
0.121811 0.029214 -0.199590 0.700765 0.261354 -0.854611 
0.104328 -0.021874 -0.210346 0.698426 0.290838 -0.855595 
0.089115 -0.053516 -0.219883 0.696183 0.310098 -0.848172 
0.075973 -0.084196 -0.234099 0.693140 0.319498 -0.835509 
0.064681 -0.127226 -0.246818 0.690146 0.323830 -0.811903 
0.055014 -0.174594 -0.261175 0.688649 0.325189 -0.744816 
0.046754 -0.210466 -0.284051 0.685415 0.325420 -0.659725 
0.039704 -0.245655 -0.297997 0.681939 0.324865 -0.513003 
0.033684 -0.277716 -0.316867 0.676833 0.324262 -0.404186 
0.028538 -0.310249 -0.353385 0.671684 0.322549 -0.314792 
0.024129 -0.335981 -0.371470 0.664625 0.320568 -0.252889 
0.020343 -0.365637 -0.411514 0.657753 0.317972 -0.207979 
0.017082 -0.380465 -0.447656 0.647842 0.315767 -0.181052 
0.014264 -0.399431 -0.478580 0.637914 0.313284 -0.163936 
0.011822 -0.411383 -0.506085 0.624420 0.311371 -0.155366 
0.009696 -0.424528 -0.538758 0.611504 0.307411 -0.151678 
0.007840 -0.435164 -0.567700 0.593352 0.304550 -0.150172 
0.006213 -0.444445 -0.603894 0.575763 0.301533 -0.150161 
0.004783 -0.454509 -0.634967 0.566969 0.295098 -0.150569 
0.003520 -0.461756 -0.664020 0.536512 0.288715 -0.151692 
0.002402 -0.468580 -0.695341 0.504603 0.281297 -0.152781 
0.007561 -0.473164 -0.711172 0.475599 0.276754 -0.154062 
0.019221 -0.477809 -0.737723 0.442662 0.267919 -0.157266 
0.043135 -0.482893 -0.750999 0.417101 0.257159 -0.159373 
0.094021 -0.485435 -0.763343 0.395503 0.245158 -0.161256 
0.193507 -0.488001 -0.777359 0.366881 0.232467 -0.162198 
0.342525 -0.489908 -0.784366 0.329731 0.221722 -0.165209 
0.493366 -0.491544 -0.797662 0.300255 0.209886 -0.166715 
0.598014 -0.492362 -0.804311 0.269700 0.196940 -0.170020 
0.654902 -0.494864 -0.811721 0.254396 0.182741 -0.173140 
0.683467 -0.496115 -0.818909 0.225880 0.158045 -0.177036 
0.698218 -0.497489 -0.825144 0.199462 0.133443 -0.178985 
0.706371 -0.493996 -0.830026 0.165260 0.101719 -0.183933 
0.711210 -0.491051 -0.834802 0.142994 0.066821 -0.191262 
0.710377 -0.479127 -0.838470 0.124081 0.037429 -0.194926 
0.709457 -0.453275 -0.841257 0.109011 0.002909 -0.204323 
0.708440 -0.388597 -0.843538 0.094396 -0.034283 -0.209021 
0.707312 -0.272971 -0.846185 0.077674 -0.074403 -0.223647 
0.706058 -0.140859 -0.848170 0.064823 -0.108289 -0.237380 
0.704658 0.016228 -0.850290 0.055925 -0.144997 -0.251114 
0.703106 0.137583 -0.851851 0.048731 -0.186174 -0.269387 
0.701367 0.218481 -0.853490 0.040901 -0.222910 -0.292101 
0.699414 0.262692 -0.854682 0.033481 -0.262248 -0.313214 
0.697213 0.291888 -0.853735 0.028834 -0.294109 -0.341147 
0.694727 0.306486 -0.849867 0.024633 -0.320986 -0.377952 
0.691911 0.317464 -0.838759 0.020262 -0.353385 -0.405571 
0.688714 0.322430 -0.819135 0.017107 -0.369584 -0.430867 
0.685075 0.324873 -0.778465 0.014167 -0.386661 -0.461144 
0.680924 0.325265 -0.688259 0.011904 -0.404224 -0.494321 
0.676183 0.325461 -0.580131 0.009816 -0.417361 -0.522395 
0.670763 0.322296 -0.432001 0.007743 -0.431727 -0.559698 
0.664562 0.320713 -0.325053 0.005886 -0.441896 -0.589277 
0.657123 0.319368 -0.253116 0.004286 -0.450173 -0.624548 
0.648443 0.317595 -0.208620 0.003130 -0.458435 -0.660224 
0.638389 0.316242 -0.181376 0.004169 -0.464539 -0.676614 
0.626761 0.313048 -0.165056 0.007909 -0.470831 -0.697921 
0.613347 0.311253 -0.156205 0.015755 -0.475804 -0.719219 
0.597938 0.309250 -0.152132 0.037905 -0.480259 -0.741648 
0.580337 0.305470 -0.151145 0.095502 -0.483854 -0.756411 
0.560384 0.299408 -0.150641 0.177611 -0.486707 -0.769819 
0.537973 0.291795 -0.150803 0.286084 -0.489265 -0.785778 
0.513080 0.287989 -0.152298 0.420687 -0.491866 -0.798370 
0.485786 0.280309 -0.153046 0.530373 -0.494152 -0.808283 
0.456294 0.273062 -0.154894 0.596270 -0.495539 -0.815665 
0.424937 0.264538 -0.156374 0.640929 -0.496841 -0.822559 
0.392169 0.250086 -0.157647 0.672103 -0.498096 -0.828175 
0.358551 0.241579 -0.160592 0.690791 -0.496357 -0.832878 
0.324711 0.232125 -0.163334 0.700877 -0.484654 -0.836986 
0.291302 0.215082 -0.166202 0.705194 -0.456811 -0.840605 
0.258951 0.199243 -0.168896 0.707267 -0.408260 -0.843204 
0.228214 0.169371 -0.171823 0.707947 -0.302974 -0.846020 
0.199540 0.151360 -0.176951 0.708288 -0.204522 -0.848437 
0.173245 0.132535 -0.179515 0.705668 -0.059249 -0.850349 
0.149509 0.101276 -0.185347 0.704358 0.078123 -0.851830 
0.128379 0.061488 -0.190602 0.703703 0.176511 -0.853063 
0.109798 0.030764 -0.195831 0.702211 0.239668 -0.854062 
0.093621 -0.011505 -0.206185 0.700596 0.279995 -0.855320 
0.079650 -0.048331 -0.217803 0.698342 0.303022 -0.852573 
0.067658 -0.081604 -0.233191 0.696141 0.316297 -0.846661 
0.057409 -0.125930 -0.246364 0.693119 0.322229 -0.817480 
0.048671 -0.167128 -0.260948 0.690135 0.324656 -0.792908 
0.041231 -0.194545 -0.278608 0.686159 0.325610 -0.735319 
0.034895 -0.237694 -0.295276 0.682310 0.324959 -0.639011 
0.029494 -0.273736 -0.315506 0.677019 0.324310 -0.502646 
0.024881 -0.308259 -0.352449 0.671777 0.322573 -0.364022 
0.020931 -0.334986 -0.371002 0.664672 0.321300 -0.277503 
0.017539 -0.365140 -0.411279 0.657535 0.318872 -0.220287 
0.014616 -0.380217 -0.438741 0.647733 0.317141 -0.191679 
0.012090 -0.399307 -0.474123 0.637860 0.313970 -0.170759 
0.009897 -0.411321 -0.503856 0.624393 0.311714 -0.158777 
0.007987 -0.424497 -0.537643 0.611035 0.309386 -0.153074 
0.006318 -0.435149 -0.567143 0.604812 0.305510 -0.150870 
0.004853 -0.444438 -0.596580 0.581493 0.302012 -0.150263 
0.003563 -0.452535 -0.627542 0.569834 0.295338 -0.150200 
0.002423 -0.460769 -0.660308 0.537945 0.289988 -0.151208 
0.001412 -0.468087 -0.693484 0.505319 0.283833 -0.152538 
0.001410 -0.472917 -0.710244 0.486797 0.278021 -0.153941 
0.007561 -0.477685 -0.729413 0.448261 0.268553 -0.157206 
0.019221 -0.482217 -0.746844 0.419901 0.257476 -0.158839 
0.043135 -0.485097 -0.761266 0.396903 0.247897 -0.160159 
0.094021 -0.487832 -0.776323 0.367581 0.239770 -0.161649 
0.193507 -0.489824 -0.783849 0.330081 0.225374 -0.162394 
0.342525 -0.490820 -0.793335 0.311332 0.218175 -0.165308 
0.493366 -0.492000 -0.802147 0.291055 0.208113 -0.167991 
0.598014 -0.494683 -0.806553 0.265100 0.188327 -0.170658 
0.654902 -0.496024 -0.812842 0.240388 0.164765 -0.173459 
0.683467 -0.496695 -0.819470 0.218876 0.149057 -0.177196 
0.698218 -0.497779 -0.825424 0.189612 0.128949 -0.183039 
0.706371 -0.494141 -0.831748 0.160336 0.099472 -0.185960 
0.710392 -0.484629 -0.835664 0.140532 0.065697 -0.192275 
0.709489 -0.456026 -0.838900 0.121358 0.024171 -0.202997 
0.708493 -0.419074 -0.842363 0.107649 -0.003720 -0.208359 
0.707389 -0.371496 -0.845151 0.090628 -0.045333 -0.223316 
0.706164 -0.262266 -0.847476 0.075790 -0.079928 -0.235824 
0.704800 -0.106056 -0.848816 0.063881 -0.124865 -0.243469 
0.703276 0.033630 -0.850612 0.055454 -0.153285 -0.254158 
0.701585 0.146284 -0.852012 0.046340 -0.190318 -0.276659 
0.699687 0.222831 -0.853849 0.038744 -0.224982 -0.295737 
0.697553 0.271624 -0.854861 0.032403 -0.263284 -0.327127 
0.695146 0.296354 -0.853827 0.028295 -0.305574 -0.348104 
0.692424 0.308719 -0.849913 0.023679 -0.326718 -0.381430 
0.689336 0.318580 -0.836449 0.019785 -0.356251 -0.407311 
0.685826 0.322989 -0.796203 0.016869 -0.379702 -0.431737 
0.681827 0.324555 -0.742363 0.014048 -0.396696 -0.467547 
0.677261 0.325106 -0.670208 0.011215 -0.409939 -0.497523 
0.672040 0.325382 -0.527898 0.008839 -0.424616 -0.539437 
0.666063 0.322256 -0.405884 0.007255 -0.438370 -0.579147 
0.659218 0.320693 -0.300328 0.005641 -0.448411 -0.609530 
0.651318 0.319358 -0.240753 0.004164 -0.457269 -0.640723 
0.641881 0.316491 -0.199368 0.002787 -0.463920 -0.668311 
0.630986 0.314393 -0.176750 0.003998 -0.468976 -0.693769 
0.618433 0.312124 -0.162743 0.007823 -0.473050 -0.717146 
0.604020 0.309685 -0.155059 0.028734 -0.477749 -0.735022 
0.587554 0.305687 -0.151559 0.044394 -0.481232 -0.749549 
0.568865 0.302253 -0.150859 0.098747 -0.484340 -0.766388 
0.547830 0.297800 -0.150915 0.179233 -0.488080 -0.784062 
0.524389 0.290991 -0.151446 0.325561 -0.490843 -0.794616 
0.498575 0.287587 -0.152620 0.440415 -0.492655 -0.802789 
0.470527 0.280108 -0.153207 0.540238 -0.494546 -0.810492 
0.440503 0.272961 -0.154975 0.607080 -0.495737 -0.816770 
0.408883 0.264487 -0.156414 0.651603 -0.496939 -0.823111 
0.376154 0.250061 -0.158300 0.677738 -0.495924 -0.828451 
0.342887 0.241567 -0.160919 0.693609 -0.491108 -0.833016 
0.309697 0.232119 -0.163497 0.702108 -0.482029 -0.837055 
0.277202 0.215079 -0.166283 0.705798 -0.455499 -0.840640 
0.245975 0.199241 -0.170517 0.707568 -0.388601 -0.843712 
0.216506 0.169370 -0.172634 0.708098 -0.293144 -0.846274 
0.189173 0.151359 -0.177356 0.708363 -0.199607 -0.848564 
0.164227 0.122525 -0.179718 0.705706 -0.017874 -0.850412 
0.141790 0.096271 -0.185449 0.704377 0.098811 -0.851862 
0.121869 0.058459 -0.190652 0.703101 0.186855 -0.853079 
0.104376 0.029249 -0.198910 0.701910 0.244840 -0.854070 
0.089156 -0.012262 -0.207725 0.700446 0.282581 -0.855324 
0.076007 -0.048710 -0.218573 0.698266 0.304315 -0.851174 
0.064709 -0.081793 -0.233576 0.696104 0.316944 -0.837010 
0.055037 -0.126024 -0.246556 0.693100 0.322553 -0.812654 
0.046774 -0.167175 -0.261045 0.690126 0.324818 -0.790496 
0.039721 -0.194569 -0.278656 0.686154 0.325690 -0.682565 
0.033698 -0.237706 -0.295300 0.682308 0.325000 -0.586270 
0.028549 -0.273742 -0.315518 0.677018 0.324330 -0.476275 
0.024138 -0.308262 -0.352455 0.671776 0.322583 -0.360414 
0.020351 -0.334988 -0.371005 0.664671 0.321305 -0.275700 
0.017089 -0.365141 -0.411281 0.657535 0.318875 -0.219385 
0.014270 -0.380217 -0.447539 0.647733 0.317142 -0.186755 
0.011826 -0.399307 -0.478522 0.637860 0.313971 -0.168297 
0.009700 -0.411321 -0.506056 0.624393 0.311714 -0.157546 
0.007843 -0.424497 -0.538743 0.611035 0.307582 -0.152774 
0.006216 -0.435149 -0.567693 0.593118 0.304608 -0.150720 
0.004785 -0.444438 -0.596855 0.575646 0.301561 -0.150188 
0.003522 -0.454505 -0.627680 0.566910 0.295112 -0.150582 
0.002404 -0.461754 -0.660377 0.536483 0.289875 -0.151399 
0.001410 -0.468579 -0.693519 0.504588 0.283776 -0.152634 
0.008264 -0.473164 -0.710261 0.475592 0.277993 -0.153988 
0.022083 -0.477808 -0.729422 0.442659 0.268539 -0.157230 
0.052525 -0.482279 -0.746848 0.417100 0.257469 -0.158850 
0.120863 -0.485128 -0.761268 0.395502 0.245313 -0.160165 
0.251350 -0.487847 -0.776325 0.366880 0.238479 -0.161652 
0.421700 -0.489831 -0.783849 0.329731 0.224728 -0.164937 
0.561091 -0.491506 -0.797404 0.300255 0.211389 -0.167806 
0.640066 -0.494436 -0.804181 0.269700 0.189965 -0.170565 
0.678043 -0.495901 -0.811657 0.242688 0.165584 -0.173412 
0.696350 -0.497219 -0.820143 0.220026 0.149467 -0.177173 
0.705850 -0.498274 -0.825761 0.190187 0.109731 -0.183027 
0.711212 -0.493190 -0.831916 0.160623 0.070827 -0.190809 
0.710392 -0.484153 -0.835748 0.140676 0.039432 -0.194699 
0.709489 -0.455788 -0.839897 0.117311 0.011038 -0.204210 
0.708493 -0.418955 -0.842861 0.100582 -0.030219 -0.208965 
0.707389 -0.371437 -0.845400 0.087094 -0.072371 -0.223619 
0.706164 -0.262236 -0.847601 0.074023 -0.107273 -0.235975 
0.704800 -0.091607 -0.849731 0.062998 -0.138538 -0.250411 
0.703276 0.040854 -0.851437 0.052267 -0.182944 -0.269035 
0.701586 0.149896 -0.853074 0.044746 -0.221295 -0.284098 
0.699690 0.228400 -0.854380 0.037948 -0.261440 -0.309213 
0.697558 0.274409 -0.854469 0.032004 -0.293705 -0.333865 
0.695156 0.297746 -0.851397 0.026218 -0.320784 -0.351472 
0.692439 0.313094 -0.839523 0.022641 -0.334324 -0.383114 
0.689361 0.320768 -0.819517 0.018942 -0.360053 -0.408102 
0.685864 0.324042 -0.787736 0.016447 -0.381603 -0.440272 
0.681884 0.325081 -0.738130 0.013837 -0.397647 -0.471814 
0.677346 0.325369 -0.605067 0.011109 -0.414073 -0.511329 
0.672164 0.325513 -0.495327 0.008786 -0.426706 -0.546340 
0.666245 0.322322 -0.367335 0.007175 -0.439416 -0.582599 
0.659482 0.320726 -0.281053 0.005435 -0.448933 -0.611256 
0.651318 0.318350 -0.222589 0.004061 -0.457530 -0.641586 
0.641881 0.315987 -0.190286 0.002736 -0.464051 -0.668743 
0.630986 0.314788 -0.170160 0.004102 -0.469041 -0.693985 
0.618433 0.312321 -0.158764 0.013851 -0.473080 -0.717254 
0.604020 0.309784 -0.153070 0.031748 -0.477764 -0.735076 
0.587554 0.305737 -0.150565 0.066855 -0.481239 -0.753125 
0.568865 0.302152 -0.150362 0.142594 -0.485400 -0.768176 
0.547830 0.297749 -0.150666 0.268576 -0.488609 -0.784956 
0.524389 0.290966 -0.151322 0.381833 -0.491107 -0.795063 
0.498575 0.281797 -0.152558 0.487726 -0.492787 -0.805614 
0.470527 0.277213 -0.154650 0.574946 -0.494612 -0.811905 
0.440503 0.271514 -0.155696 0.630267 -0.496377 -0.818404 
0.408883 0.263764 -0.157818 0.663196 -0.497866 -0.823928 
0.376154 0.249699 -0.159533 0.683534 -0.496242 -0.828859 
0.342887 0.236425 -0.161261 0.696507 -0.491267 -0.833704 
0.309697 0.220517 -0.163962 0.703557 -0.460117 -0.837906 
0.277202 0.209311 -0.166104 0.706448 -0.409914 -0.841854 
0.245975 0.183376 -0.170427 0.707538 -0.334387 -0.844319 
0.216506 0.161437 -0.176253 0.708083 -0.220228 -0.846858 
0.189173 0.137574 -0.179166 0.708356 -0.067102 -0.848856 
0.164227 0.115632 -0.185173 0.705702 0.048379 -0.850559 
0.141790 0.092825 -0.190227 0.704375 0.147347 -0.851935 
0.121869 0.056736 -0.195719 0.702547 0.211123 -0.853498 
0.104376 0.012764 -0.201443 0.700764 0.261931 -0.854816 
0.089156 -0.030099 -0.211272 0.698426 0.292798 -0.852321 
0.076007 -0.072487 -0.220346 0.696183 0.311079 -0.846535 
0.064709 -0.113485 -0.234331 0.693140 0.319988 -0.834690 
0.055037 -0.160905 -0.246933 0.690146 0.324075 -0.811494 
0.046774 -0.191434 -0.271601 0.686164 0.325311 -0.744612 
0.039721 -0.218886 -0.289263 0.682313 0.325481 -0.659623 
0.033698 -0.249865 -0.312500 0.680387 0.324561 -0.512952 
0.028549 -0.279821 -0.324119 0.676058 0.323539 -0.404160 
0.024138 -0.311302 -0.357011 0.671296 0.322188 -0.314779 
0.020351 -0.336507 -0.385716 0.664431 0.320387 -0.252882 
0.017089 -0.365900 -0.418637 0.657656 0.317882 -0.207976 
0.014270 -0.380597 -0.451217 0.647794 0.315722 -0.181051 
0.011826 -0.399497 -0.480361 0.637890 0.312569 -0.163935 
0.009700 -0.411416 -0.506975 0.624408 0.309814 -0.155670 
0.007843 -0.428608 -0.551809 0.611498 0.306632 -0.151830 
0.006216 -0.441167 -0.588913 0.593349 0.304161 -0.150248 
0.004785 -0.450899 -0.614501 0.575762 0.298826 -0.150199 
0.003522 -0.457736 -0.640270 0.540909 0.293745 -0.150588 
0.002404 -0.463369 -0.673479 0.523482 0.288038 -0.151702 
0.001410 -0.470559 -0.700070 0.495879 0.280959 -0.152785 
0.008264 -0.476506 -0.724326 0.471237 0.273420 -0.154064 
0.022083 -0.480083 -0.744300 0.440481 0.266253 -0.157268 
0.052525 -0.484030 -0.759994 0.407193 0.256325 -0.159374 
0.120863 -0.486004 -0.775688 0.372726 0.243985 -0.161256 
0.251350 -0.488285 -0.783531 0.355492 0.231880 -0.162198 
0.421700 -0.490050 -0.793176 0.324037 0.221428 -0.165209 
0.561091 -0.491615 -0.802067 0.297408 0.209739 -0.167942 
0.640066 -0.494491 -0.810600 0.268276 0.189141 -0.170634 
0.678043 -0.495928 -0.814866 0.241976 0.165172 -0.173446 
0.696350 -0.497395 -0.821748 0.219670 0.149260 -0.177190 
0.705850 -0.498362 -0.826563 0.190009 0.109628 -0.183036 
0.711212 -0.493234 -0.832317 0.160534 0.070775 -0.190813 
0.711210 -0.484175 -0.835948 0.140631 0.039406 -0.194701 
0.710391 -0.455799 -0.839997 0.117289 0.011026 -0.204211 
0.709488 -0.418960 -0.842911 0.100571 -0.030225 -0.208965 
0.708491 -0.371439 -0.845425 0.087088 -0.072374 -0.223619 
0.707387 -0.262237 -0.847613 0.074020 -0.107275 -0.235975 
0.706162 -0.091608 -0.849737 0.062996 -0.138538 -0.250411 
0.704798 0.040854 -0.851440 0.052266 -0.182945 -0.269035 
0.703288 0.149896 -0.853076 0.044739 -0.221295 -0.284098 
0.701601 0.228399 -0.854381 0.037944 -0.261441 -0.309213 
0.699710 0.274409 -0.854470 0.032003 -0.293705 -0.333865 
0.697585 0.297746 -0.851397 0.026217 -0.320784 -0.351472 
0.695190 0.313094 -0.839524 0.022640 -0.334324 -0.383114 
0.692485 0.320768 -0.819517 0.018942 -0.360053 -0.408102 
0.689421 0.324042 -0.787736 0.016447 -0.381603 -0.440272 
0.685944 0.325081 -0.738130 0.013837 -0.397647 -0.471814 
0.681989 0.325369 -0.605067 0.011109 -0.414073 -0.511329 
0.677486 0.325513 -0.495327 0.008786 -0.426706 -0.546340 
0.672351 0.322322 -0.367335 0.007175 -0.439416 -0.582599 
0.666495 0.320726 -0.281053 0.005435 -0.448933 -0.611256 
0.659482 0.318350 -0.222589 0.004061 -0.457530 -0.641586 
0.651318 0.315987 -0.190286 0.002736 -0.464051 -0.668743 
0.641881 0.314788 -0.170160 0.004102 -0.469041 -0.693985 
0.630986 0.312321 -0.158764 0.013851 -0.473080 -0.717254 
0.618433 0.309784 -0.153070 0.031748 -0.477764 -0.735076 
0.604020 0.305737 -0.150565 0.066855 -0.481239 -0.753125 
0.587554 0.302152 -0.150362 0.142594 -0.485400 -0.768176 
0.568865 0.297749 -0.150666 0.268576 -0.488609 -0.784956 
0.547830 0.290966 -0.151322 0.381833 -0.491107 -0.795063 
0.524389 0.281797 -0.152558 0.487726 -0.492787 -0.803013 
0.498575 0.277213 -0.154650 0.574946 -0.494612 -0.810604 
0.470527 0.271514 -0.155696 0.630267 -0.496377 -0.817754 
0.440503 0.263764 -0.157818 0.663196 -0.497865 -0.823603 
0.408883 0.249699 -0.159533 0.683534 -0.496241 -0.828697 
0.376154 0.241386 -0.161261 0.696507 -0.491266 -0.833622 
0.342887 0.222997 -0.163668 0.703557 -0.482108 -0.837865 
0.309697 0.210551 -0.165957 0.706522 -0.420909 -0.841045 
0.277202 0.196978 -0.170354 0.707575 -0.371306 -0.843424 
0.245975 0.168238 -0.176216 0.708102 -0.238688 -0.846411 
0.216506 0.150793 -0.179148 0.708365 -0.076332 -0.848632 
0.189173 0.122242 -0.185164 0.705707 0.043764 -0.850447 
0.164227 0.096129 -0.188172 0.704378 0.145040 -0.851879 
0.141790 0.058388 -0.192014 0.702549 0.209970 -0.853087 
0.121869 0.029214 -0.199590 0.700765 0.261354 -0.854611 
0.104376 -0.021874 -0.210346 0.698426 0.290838 -0.855595 
0.089156 -0.053516 -0.219883 0.696183 0.310098 -0.848172 
0.076007 -0.084196 -0.234099 0.693140 0.319498 -0.835509 
0.064709 -0.127226 -0.246818 0.690146 0.323830 -0.811903 
0.055037 -0.174594 -0.261175 0.688649 0.325189 -0.744816 
0.046774 -0.210466 -0.284051 0.685415 0.325420 -0.659725 
0.039721 -0.245655 -0.297997 0.681939 0.324865 -0.513003 
0.033698 -0.277716 -0.316867 0.676833 0.324262 -0.439642 
0.028549 -0.310249 -0.353385 0.671684 0.322549 -0.332520 
0.024138 -0.335981 -0.371470 0.664625 0.320568 -0.261752 
0.020351 -0.365637 -0.411514 0.657753 0.317972 -0.212411 
0.017089 -0.380465 -0.447656 0.647842 0.315767 -0.183268 
0.014270 -0.399431 -0.478580 0.637914 0.313284 -0.165044 
0.011826 -0.411383 -0.506085 0.624420 0.311371 -0.155920 
0.009700 -0.424528 -0.538758 0.611504 0.307411 -0.151955 
0.007843 -0.435164 -0.567700 0.593352 0.304550 -0.150310 
0.006216 -0.444445 -0.603894 0.575763 0.301533 -0.150230 
0.004785 -0.454509 -0.634967 0.566969 0.295098 -0.150603 
0.003522 -0.461756 -0.664020 0.536512 0.288715 -0.151710 
0.002404 -0.468580 -0.695341 0.504603 0.281297 -0.152789 
0.001410 -0.473164 -0.711172 0.475599 0.276754 -0.154066 
0.007561 -0.477809 -0.737723 0.442662 0.267919 -0.157269 
0.019221 -0.482893 -0.750999 0.417101 0.257159 -0.159374 
0.043135 -0.485435 -0.763343 0.395503 0.245158 -0.160427 
0.094021 -0.488001 -0.777359 0.366881 0.238401 -0.161783 
0.193507 -0.489908 -0.784366 0.329731 0.224689 -0.165002 
0.342525 -0.490862 -0.793594 0.311157 0.211370 -0.166612 
0.493366 -0.492021 -0.802276 0.290968 0.204710 -0.168643 
0.598014 -0.494693 -0.806617 0.265056 0.186626 -0.170984 
0.654902 -0.496030 -0.812875 0.240366 0.163915 -0.173622 
0.683467 -0.496698 -0.819486 0.218865 0.148632 -0.177277 
0.698218 -0.497780 -0.825432 0.189607 0.128737 -0.183079 
0.706371 -0.494142 -0.830170 0.160333 0.099366 -0.185980 
0.710392 -0.484629 -0.834875 0.140530 0.065644 -0.192285 
0.709489 -0.475916 -0.838506 0.121357 0.024145 -0.203003 
0.708493 -0.429019 -0.842166 0.107649 -0.003733 -0.208361 
0.707389 -0.376469 -0.845052 0.090627 -0.045339 -0.223317 
0.706164 -0.264752 -0.846943 0.075790 -0.079931 -0.230795 
0.704800 -0.107299 -0.848549 0.063881 -0.124867 -0.240954 
0.703287 0.033008 -0.850479 0.055454 -0.153286 -0.252900 
0.701599 0.145973 -0.851945 0.046340 -0.190318 -0.276030 
0.699705 0.222676 -0.853815 0.038744 -0.224982 -0.295423 
0.697576 0.264789 -0.854845 0.032403 -0.263284 -0.326970 
0.695176 0.292937 -0.853819 0.028295 -0.294627 -0.348025 
0.692463 0.307010 -0.849909 0.023679 -0.321245 -0.381391 
0.689387 0.317726 -0.836447 0.019785 -0.353514 -0.407291 
0.685893 0.322561 -0.817979 0.016869 -0.378333 -0.431727 
0.681915 0.324341 -0.753251 0.014048 -0.396012 -0.467542 
0.677376 0.324999 -0.675652 0.011215 -0.409597 -0.497520 
0.672191 0.325328 -0.530620 0.008839 -0.424445 -0.523995 
0.666263 0.322229 -0.407246 0.007255 -0.435268 -0.560498 
0.659482 0.320680 -0.301008 0.005641 -0.446860 -0.600206 
0.651317 0.319352 -0.241094 0.004164 -0.456493 -0.630012 
0.641879 0.317586 -0.202609 0.002787 -0.463532 -0.662956 
0.630982 0.314941 -0.178370 0.003998 -0.468782 -0.691092 
0.618427 0.312397 -0.163553 0.007823 -0.472953 -0.715807 
0.604012 0.309822 -0.155464 0.015712 -0.477696 -0.734352 
0.587544 0.305756 -0.151762 0.037883 -0.481205 -0.749215 
0.568853 0.302287 -0.150960 0.095492 -0.484327 -0.766221 
0.547814 0.297817 -0.150548 0.177605 -0.488073 -0.774724 
0.524371 0.291000 -0.151263 0.324761 -0.489948 -0.789947 
0.498554 0.287592 -0.152529 0.440015 -0.492208 -0.800455 
0.470502 0.280110 -0.153161 0.540038 -0.494323 -0.809325 
0.440475 0.272962 -0.154952 0.606980 -0.495625 -0.816187 
0.408852 0.264488 -0.156403 0.651553 -0.496883 -0.822820 
0.376122 0.250062 -0.158294 0.677713 -0.495896 -0.828305 
0.342854 0.241567 -0.160916 0.693596 -0.491094 -0.832943 
0.309664 0.232119 -0.163496 0.702279 -0.482022 -0.837018 
0.277168 0.215079 -0.166283 0.705896 -0.455495 -0.840621 
0.245942 0.199241 -0.170517 0.707617 -0.388599 -0.843703 
0.216475 0.169370 -0.172634 0.708123 -0.293143 -0.846270 
0.189144 0.151359 -0.177356 0.708375 -0.199606 -0.848561 
0.164200 0.122525 -0.179718 0.705712 -0.017874 -0.850411 
0.141766 0.096271 -0.185449 0.704380 0.098811 -0.851861 
0.121847 0.058459 -0.190652 0.703103 0.186855 -0.853078 
0.104357 0.029249 -0.198910 0.701911 0.244840 -0.854070 
0.089139 -0.012262 -0.207725 0.700446 0.282581 -0.855324 
0.075993 -0.048710 -0.218573 0.698266 0.304315 -0.851174 
0.064697 -0.081793 -0.233576 0.696104 0.316944 -0.837010 
0.055026 -0.126024 -0.246556 0.693100 0.322553 -0.812654 
0.046765 -0.167175 -0.261045 0.690126 0.324818 -0.790496 
0.039713 -0.194569 -0.278656 0.686154 0.325690 -0.682565 
0.033691 -0.237706 -0.295300 0.682308 0.325000 -0.586270 
0.028543 -0.273742 -0.315518 0.677018 0.324330 -0.476275 
0.024133 -0.308262 -0.352455 0.671776 0.322583 -0.360414 
0.020346 -0.334988 -0.371005 0.664671 0.321305 -0.275700 
0.017085 -0.365141 -0.411281 0.657535 0.318875 -0.219385 
0.014267 -0.380217 -0.447539 0.647733 0.317142 -0.186755 
0.011823 -0.399307 -0.478522 0.637860 0.313971 -0.168297 
0.009697 -0.411321 -0.506056 0.624393 0.311714 -0.157546 
0.007841 -0.424497 -0.538743 0.611035 0.307582 -0.152774 
0.006214 -0.435149 -0.567693 0.593118 0.304608 -0.150720 
0.004784 -0.444438 -0.596855 0.575646 0.301561 -0.150188 
0.003521 -0.454505 -0.627680 0.566910 0.295112 -0.150582 
0.002403 -0.461754 -0.660377 0.536483 0.289875 -0.151399 
0.001409 -0.468579 -0.693519 0.504588 0.283776 -0.152634 
0.008262 -0.473164 -0.710261 0.475592 0.277993 -0.153988 
0.022079 -0.477808 -0.729422 0.442659 0.268539 -0.157230 
0.052516 -0.482279 -0.746848 0.417100 0.257469 -0.158850 
0.120843 -0.485128 -0.761268 0.395502 0.245313 -0.160165 
0.251317 -0.487847 -0.776325 0.366880 0.238479 -0.161652 
0.421665 -0.489831 -0.783849 0.329731 0.224728 -0.164937 
0.561067 -0.491506 -0.797404 0.300255 0.211389 -0.167806 
0.640053 -0.494436 -0.804181 0.269700 0.189965 -0.170565 
0.678036 -0.495901 -0.811657 0.242688 0.165584 -0.173412 
0.696347 -0.497219 -0.820143 0.220026 0.149467 -0.177173 
0.705848 -0.498274 -0.825761 0.190187 0.109731 -0.183027 
0.711210 -0.493190 -0.831916 0.160623 0.070827 -0.190809 
0.710391 -0.484153 -0.835748 0.140676 0.039432 -0.194699 
0.709488 -0.455788 -0.839897 0.117311 0.011038 -0.204210 
0.708491 -0.418955 -0.842861 0.100582 -0.030219 -0.208965 
0.707387 -0.371437 -0.845400 0.087094 -0.072371 -0.223619 
0.706162 -0.262236 -0.847601 0.074023 -0.107273 -0.235975 
0.704798 -0.091607 -0.849731 0.062998 -0.138538 -0.250411 
0.703276 0.040854 -0.851437 0.052267 -0.182944 -0.269035 
0.701585 0.149896 -0.853074 0.044746 -0.221295 -0.284098 
0.699687 0.228400 -0.854380 0.037948 -0.261440 -0.309213 
0.697553 0.274409 -0.854469 0.032004 -0.293705 -0.333865 
0.695146 0.297746 -0.851397 0.026218 -0.320784 -0.351472 
0.692424 0.313094 -0.839523 0.022641 -0.334324 -0.383114 
0.689336 0.320768 -0.819517 0.018942 -0.360053 -0.408102 
0.685826 0.324042 -0.787736 0.016447 -0.381603 -0.440272 
0.681827 0.325081 -0.738130 0.013837 -0.397647 -0.471814 
0.677261 0.325369 -0.605067 0.011109 -0.414073 -0.511329 
0.672040 0.325513 -0.495327 0.008786 -0.426706 -0.546340 
0.666063 0.322322 -0.367335 0.007175 -0.439416 -0.582599 
0.659218 0.320726 -0.281053 0.005435 -0.448933 -0.611256 
0.651318 0.318350 -0.222589 0.004061 -0.457530 -0.641586 
0.641881 0.315987 -0.190286 0.002736 -0.464051 -0.668743 
0.630986 0.314788 -0.170160 0.004102 -0.469041 -0.693985 
0.618433 0.312321 -0.158764 0.013851 -0.473080 -0.717254 
0.604020 0.309784 -0.153070 0.031748 -0.477764 -0.735076 
0.587554 0.305737 -0.150565 0.066855 -0.481239 -0.753125 
0.568865 0.302152 -0.150362 0.142594 -0.485400 -0.768176 
0.547830 0.297749 -0.150666 0.268576 -0.488609 -0.784956 
0.524389 0.290966 -0.151322 0.381833 -0.491107 -0.795063 
0.498575 0.281797 -0.152558 0.487726 -0.492787 -0.805614 
0.470527 0.277213 -0.154650 0.574946 -0.494612 -0.811905 
0.440503 0.271514 -0.155696 0.630267 -0.496377 -0.818404 
0.408883 0.263764 -0.157818 0.663196 -0.497866 -0.823928 
0.376154 0.249699 -0.159533 0.683534 -0.496242 -0.828859 
0.342887 0.236425 -0.161261 0.696507 -0.491267 -0.833704 
0.309697 0.220517 -0.163962 0.703557 -0.460117 -0.837906 
0.277202 0.209311 -0.166104 0.706448 -0.409914 -0.841854 
0.245975 0.183376 -0.170427 0.707538 -0.334387 -0.844319 
0.216506 0.161437 -0.176253 0.708083 -0.220228 -0.846858 
0.189173 0.137574 -0.179166 0.708356 -0.067102 -0.848856 
0.164227 0.115632 -0.185173 0.705702 0.048379 -0.850559 
0.141790 0.092825 -0.190227 0.704375 0.147347 -0.851935 
0.121869 0.056736 -0.195719 0.702547 0.211123 -0.853498 
0.104376 0.012764 -0.201443 0.700764 0.261931 -0.854816 
0.089156 -0.030099 -0.211272 0.698426 0.292798 -0.852321 
0.076007 -0.072487 -0.220346 0.696183 0.311079 -0.846535 
0.064709 -0.113485 -0.234331 0.693140 0.319988 -0.834690 
0.055037 -0.160905 -0.246933 0.690146 0.324075 -0.811494 
0.046774 -0.191434 -0.271601 0.686164 0.325311 -0.744612 
0.039721 -0.218886 -0.289263 0.682313 0.325481 -0.659623 
0.033698 -0.249865 -0.312500 0.680387 0.324561 -0.512952 
0.028549 -0.279821 -0.324119 0.676058 0.323539 -0.404160 
0.024138 -0.311302 -0.357011 0.671296 0.322188 -0.314779 
0.020351 -0.336507 -0.385716 0.664431 0.320387 -0.252882 
0.017089 -0.365900 -0.418637 0.657656 0.317882 -0.207976 
0.014270 -0.380597 -0.451217 0.647794 0.315722 -0.181051 
0.011826 -0.399497 -0.480361 0.637890 0.312569 -0.163935 
0.009700 -0.411416 -0.506975 0.624408 0.309814 -0.155670 
0.007843 -0.428608 -0.551809 0.611498 0.306632 -0.151830 
0.006216 -0.441167 -0.588913 0.593349 0.304161 -0.150248 
0.004785 -0.450899 -0.614501 0.575762 0.298826 -0.150199 
0.003522 -0.457736 -0.640270 0.540909 0.293745 -0.150588 
0.002404 -0.463369 -0.673479 0.523482 0.288038 -0.151702 
0.001410 -0.470559 -0.700070 0.495879 0.280959 -0.152785 
0.008264 -0.476506 -0.724326 0.471237 0.273420 -0.154064 
0.022083 -0.480083 -0.744300 0.440481 0.266253 -0.157268 
0.052525 -0.484030 -0.759994 0.407193 0.256325 -0.159374 
0.120863 -0.486004 -0.775688 0.372726 0.243985 -0.161256 
0.251350 -0.488285 -0.783531 0.355492 0.231880 -0.162198 
0.421700 -0.490050 -0.793176 0.324037 0.221428 -0.165209 
0.561091 -0.491615 -0.802067 0.297408 0.209739 -0.167942 
0.640066 -0.494491 -0.810600 0.268276 0.189141 -0.170634 
0.678043 -0.495928 -0.814866 0.241976 0.165172 -0.173446 
0.696350 -0.497395 -0.821748 0.219670 0.149260 -0.177190 
0.705850 -0.498362 -0.826563 0.190009 0.109628 -0.183036 
0.711212 -0.493234 -0.832317 0.160534 0.070775 -0.190813 
0.711210 -0.484175 -0.835948 0.140631 0.039406 -0.194701 
0.710391 -0.455799 -0.839997 0.117289 0.011026 -0.204211 
0.709488 -0.418960 -0.842911 0.100571 -0.030225 -0.208965 
0.708491 -0.371439 -0.845425 0.087088 -0.072374 -0.223619 
0.707387 -0.262237 -0.847613 0.074020 -0.107275 -0.235975 
0.706162 -0.091608 -0.849737 0.062996 -0.138538 -0.250411 
0.704798 0.040854 -0.851440 0.052266 -0.182945 -0.269035 
0.703288 0.149896 -0.853076 0.044739 -0.221295 -0.284098 
0.701601 0.228399 -0.854381 0.037944 -0.261441 -0.309213 
0.699710 0.274409 -0.854470 0.032003 -0.293705 -0.333865 
0.697585 0.297746 -0.851397 0.026217 -0.320784 -0.351472 
0.695190 0.313094 -0.839524 0.022640 -0.334324 -0.383114 
0.692485 0.320768 -0.819517 0.018942 -0.360053 -0.408102 
0.689421 0.324042 -0.787736 0.016447 -0.381603 -0.440272 
0.685944 0.325081 -0.738130 0.013837 -0.397647 -0.471814 
0.681989 0.325369 -0.605067 0.011109 -0.414073 -0.511329 
0.677486 0.325513 -0.495327 0.008786 -0.426706 -0.546340 
0.672351 0.322322 -0.367335 0.007175 -0.439416 -0.582599 
0.666495 0.320726 -0.281053 0.005435 -0.448933 -0.611256 
0.659425 0.318350 -0.222589 0.004061 -0.457530 -0.641586 
0.651254 0.315987 -0.190286 0.002736 -0.464051 -0.668743 
0.641811 0.314788 -0.170160 0.004102 -0.469041 -0.693985 
0.630908 0.312321 -0.158764 0.013851 -0.473080 -0.717254 
0.618347 0.309784 -0.153070 0.031748 -0.477764 -0.735076 
0.603926 0.305737 -0.150565 0.066855 -0.481239 -0.753125 
0.587451 0.302152 -0.150362 0.142594 -0.485400 -0.768176 
0.568754 0.297749 -0.150666 0.268576 -0.488609 -0.784956 
0.547710 0.290966 -0.151322 0.381833 -0.491107 -0.795063 
0.524262 0.281797 -0.152558 0.487726 -0.492787 -0.803013 
0.498442 0.277213 -0.154650 0.574946 -0.494612 -0.810604 
0.470389 0.271514 -0.155696 0.630267 -0.496377 -0.817754 
0.440362 0.263764 -0.157818 0.663196 -0.497865 -0.823603 
0.408741 0.249699 -0.159533 0.683534 -0.496241 -0.828697 
0.376014 0.241386 -0.161261 0.696507 -0.491266 -0.833622 
0.342751 0.222997 -0.163668 0.703557 -0.482108 -0.837865 
0.309568 0.210551 -0.165957 0.706522 -0.420909 -0.841045 
0.277081 0.196978 -0.170354 0.707575 -0.371306 -0.843424 
0.245864 0.168238 -0.176216 0.708102 -0.238688 -0.846411 
0.216406 0.150793 -0.179148 0.708365 -0.076332 -0.848632 
0.189084 0.122242 -0.185164 0.705707 0.043764 -0.850447 
0.164149 0.096129 -0.188172 0.704378 0.145040 -0.851879 
0.141723 0.058388 -0.192014 0.702549 0.209970 -0.853087 
0.121811 0.029214 -0.199590 0.700765 0.261354 -0.854611 
0.104328 -0.021874 -0.210346 0.698426 0.290838 -0.855595 
0.089115 -0.053516 -0.219883 0.696183 0.310098 -0.848172 
0.075973 -0.084196 -0.234099 0.693140 0.319498 -0.835509 
0.064681 -0.127226 -0.246818 0.690146 0.323830 -0.811903 
0.055014 -0.174594 -0.261175 0.688649 0.325189 -0.744816 
0.046754 -0.210466 -0.284051 0.685415 0.325420 -0.659725 
0.039704 -0.245655 -0.297997 0.681939 0.324865 -0.513003 
0.033684 -0.277716 -0.316867 0.676833 0.324262 -0.404186 
0.028538 -0.310249 -0.353385 0.671684 0.322549 -0.314792 
0.024129 -0.335981 -0.371470 0.664625 0.320568 -0.252889 
0.020343 -0.365637 -0.411514 0.657753 0.317972 -0.207979 
0.017082 -0.380465 -0.447656 0.647842 0.315767 -0.181052 
0.014264 -0.399431 -0.478580 0.637914 0.313284 -0.163936 
0.011822 -0.411383 -0.506085 0.624420 0.311371 -0.155366 
0.009696 -0.424528 -0.538758 0.611504 0.307411 -0.151678 
0.007840 -0.435164 -0.567700 0.593352 0.304550 -0.150172 
0.006213 -0.444445 -0.603894 0.575763 0.301533 -0.150161 
0.004783 -0.454509 -0.634967 0.566969 0.295098 -0.150569 
0.003520 -0.461756 -0.664020 0.536512 0.288715 -0.151692 
0.002402 -0.468580 -0.695341 0.504603 0.281297 -0.152781 
0.007561 -0.473164 -0.711172 0.475599 0.276754 -0.154062 
0.019221 -0.477809 -0.737723 0.442662 0.267919 -0.157266 
0.043135 -0.482893 -0.750999 0.417101 0.257159 -0.159373 
0.094021 -0.485435 -0.763343 0.395503 0.245158 -0.161256 
0.193507 -0.488001 -0.777359 0.366881 0.232467 -0.162198 
0.342525 -0.489908 -0.784366 0.329731 0.221722 -0.165209 
0.493366 -0.491544 -0.797662 0.300255 0.209886 -0.166715 
0.598014 -0.492362 -0.804311 0.269700 0.196940 -0.170020 
0.654902 -0.494864 -0.811721 0.254396 0.182741 -0.173140 
0.683467 -0.496115 -0.818909 0.225880 0.158045 -0.177036 
0.698218 -0.497489 -0.825144 0.199462 0.133443 -0.178985 
0.706371 -0.493996 -0.830026 0.165260 0.101719 -0.183933 
0.711210 -0.491051 -0.834802 0.142994 0.066821 -0.191262 
0.710377 -0.479127 -0.838470 0.124081 0.037429 -0.194926 
0.709457 -0.453275 -0.841257 0.109011 0.002909 -0.204323 
0.708440 -0.388597 -0.843538 0.094396 -0.034283 -0.209021 
0.707312 -0.272971 -0.846185 0.077674 -0.074403 -0.223647 
0.706058 -0.140859 -0.848170 0.064823 -0.108289 -0.237380 
0.704658 0.016228 -0.850290 0.055925 -0.144997 -0.251114 
0.703106 0.137583 -0.851851 0.048731 -0.186174 -0.269387 
0.701367 0.218481 -0.853490 0.040901 -0.222910 -0.292101 
0.699414 0.262692 -0.854682 0.033481 -0.262248 -0.313214 
0.697213 0.291888 -0.853735 0.028834 -0.294109 -0.341147 
0.694727 0.306486 -0.849867 0.024633 -0.320986 -0.377952 
0.691911 0.317464 -0.838759 0.020262 -0.353385 -0.405571 
0.688714 0.322430 -0.819135 0.017107 -0.369584 -0.430867 
0.685075 0.324873 -0.778465 0.014167 -0.386661 -0.461144 
0.680924 0.325265 -0.688259 0.011904 -0.404224 -0.494321 
0.676183 0.325461 -0.580131 0.009816 -0.417361 -0.522395 
0.670763 0.322296 -0.432001 0.007743 -0.431727 -0.559698 
0.664562 0.320713 -0.325053 0.005886 -0.441896 -0.589277 
0.657123 0.319368 -0.253116 0.004286 -0.450173 -0.624548 
0.648443 0.317595 -0.208620 0.003130 -0.458435 -0.660224 
0.638389 0.316242 -0.181376 0.004169 -0.464539 -0.676614 
0.626761 0.313048 -0.165056 0.007909 -0.470831 -0.697921 
0.613347 0.311253 -0.156205 0.015755 -0.475804 -0.719219 
0.597938 0.309250 -0.152132 0.037905 -0.480259 -0.741648 
0.580337 0.305470 -0.151145 0.095502 -0.483854 -0.756411 
0.560384 0.299408 -0.150641 0.177611 -0.486707 -0.769819 
0.537973 0.291795 -0.150803 0.286084 -0.489265 -0.785778 
0.513080 0.287989 -0.152298 0.420687 -0.491866 -0.798370 
0.485786 0.280309 -0.153046 0.530373 -0.494152 -0.808283 
0.456294 0.273062 -0.154894 0.596270 -0.495539 -0.815665 
0.424937 0.264538 -0.156374 0.640929 -0.496841 -0.822559 
0.392169 0.250086 -0.157647 0.672103 -0.498096 -0.828175 
0.358551 0.241579 -0.160592 0.690791 -0.496357 -0.832878 
0.324711 0.232125 -0.163334 0.700877 -0.484654 -0.836986 
0.291302 0.215082 -0.166202 0.705194 -0.456811 -0.840605 
0.258951 0.199243 -0.168896 0.707267 -0.408260 -0.843204 
0.228214 0.169371 -0.171823 0.707947 -0.302974 -0.846020 
0.199540 0.151360 -0.176951 0.708288 -0.204522 -0.848437 
0.173245 0.132535 -0.179515 0.705668 -0.059249 -0.850349 
0.149509 0.101276 -0.185347 0.704358 0.078123 -0.851830 
0.128379 0.061488 -0.190602 0.703703 0.176511 -0.853063 
0.109798 0.030764 -0.195831 0.702211 0.239668 -0.854062 
0.093621 -0.011505 -0.206185 0.700596 0.279995 -0.855320 
0.079650 -0.048331 -0.217803 0.698342 0.303022 -0.852573 
0.067658 -0.081604 -0.233191 0.696141 0.316297 -0.846661 
0.057409 -0.125930 -0.246364 0.693119 0.322229 -0.817480 
0.048671 -0.167128 -0.260948 0.690135 0.324656 -0.792908 
0.041231 -0.194545 -0.278608 0.686159 0.325610 -0.735319 
0.034895 -0.237694 -0.295276 0.682310 0.324959 -0.639011 
0.029494 -0.273736 -0.315506 0.677019 0.324310 -0.502646 
0.024881 -0.308259 -0.352449 0.671777 0.322573 -0.364022 
0.020931 -0.334986 -0.371002 0.664672 0.321300 -0.277503 
0.017539 -0.365140 -0.411279 0.657535 0.318872 -0.220287 
0.014616 -0.380217 -0.438741 0.647733 0.317141 -0.191679 
0.012090 -0.399307 -0.474123 0.637860 0.313970 -0.170759 
0.009897 -0.411321 -0.503856 0.624393 0.311714 -0.158777 
0.007987 -0.424497 -0.537643 0.611035 0.309386 -0.153074 
0.006318 -0.435149 -0.567143 0.604812 0.305510 -0.150870 
0.004853 -0.444438 -0.596580 0.581493 0.302012 -0.150263 
0.003563 -0.452535 -0.627542 0.569834 0.295338 -0.150200 
0.002423 -0.460769 -0.660308 0.537945 0.289988 -0.151208 
0.001412 -0.468087 -0.693484 0.505319 0.283833 -0.152538 
0.001410 -0.472917 -0.710244 0.486797 0.278021 -0.153941 
0.007561 -0.477685 -0.729413 0.448261 0.268553 -0.157206 
0.019221 -0.482217 -0.746844 0.419901 0.257476 -0.158839 
0.043135 -0.485097 -0.761266 0.396903 0.247897 -0.160159 
0.094021 -0.487832 -0.776323 0.367581 0.239770 -0.161649 
0.193507 -0.489824 -0.783849 0.330081 0.225374 -0.162394 
0.342525 -0.490820 -0.793335 0.311332 0.218175 -0.165308 
0.493366 -0.492000 -0.802147 0.291055 0.208113 -0.167991 
0.598014 -0.494683 -0.806553 0.265100 0.188327 -0.170658 
0.654902 -0.496024 -0.812842 0.240388 0.164765 -0.173459 
0.683467 -0.496695 -0.819470 0.218876 0.149057 -0.177196 
0.698218 -0.497779 -0.825424 0.189612 0.128949 -0.183039 
0.706371 -0.494141 -0.831748 0.160336 0.099472 -0.185960 
0.710392 -0.484629 -0.835664 0.140532 0.065697 -0.192275 
0.709489 -0.456026 -0.838900 0.121358 0.024171 -0.202997 
0.708493 -0.419074 -0.842363 0.107649 -0.003720 -0.208359 
0.707389 -0.371496 -0.845151 0.090628 -0.045333 -0.223316 
0.706164 -0.262266 -0.847476 0.075790 -0.079928 -0.235824 
0.704800 -0.106056 -0.848816 0.063881 -0.124865 -0.243469 
0.703276 0.033630 -0.850612 0.055454 -0.153285 -0.254158 
0.701585 0.146284 -0.852012 0.046340 -0.190318 -0.276659 
0.699687 0.222831 -0.853849 0.038744 -0.224982 -0.295737 
0.697553 0.271624 -0.854861 0.032403 -0.263284 -0.327127 
0.695146 0.296354 -0.853827 0.028295 -0.305574 -0.348104 
0.692424 0.308719 -0.849913 0.023679 -0.326718 -0.381430 
0.689336 0.318580 -0.836449 0.019785 -0.356251 -0.407311 
0.685826 0.322989 -0.796203 0.016869 -0.379702 -0.431737 
0.681827 0.324555 -0.742363 0.014048 -0.396696 -0.467547 
0.677261 0.325106 -0.670208 0.011215 -0.409939 -0.497523 
0.672040 0.325382 -0.527898 0.008839 -0.424616 -0.539437 
0.666063 0.322256 -0.405884 0.007255 -0.438370 -0.579147 
0.659218 0.320693 -0.300328 0.005641 -0.448411 -0.609530 
0.651318 0.319358 -0.240753 0.004164 -0.457269 -0.640723 
0.641881 0.316491 -0.199368 0.002787 -0.463920 -0.668311 
0.630986 0.314393 -0.176750 0.003998 -0.468976 -0.693769 
0.618433 0.312124 -0.162743 0.007823 -0.473050 -0.717146 
0.604020 0.309685 -0.155059 0.028734 -0.477749 -0.735022 
0.587554 0.305687 -0.151559 0.044394 -0.481232 -0.749549 
0.568865 0.302253 -0.150859 0.098747 -0.484340 -0.766388 
0.547830 0.297800 -0.150915 0.179233 -0.488080 -0.784062 
0.524389 0.290991 -0.151446 0.325561 -0.490843 -0.794616 
0.498575 0.287587 -0.152620 0.440415 -0.492655 -0.802789 
0.470527 0.280108 -0.153207 0.540238 -0.494546 -0.810492 
0.440503 0.272961 -0.154975 0.607080 -0.495737 -0.816770 
0.408883 0.264487 -0.156414 0.651603 -0.496939 -0.823111 
0.376154 0.250061 -0.158300 0.677738 -0.495924 -0.828451 
0.342887 0.241567 -0.160919 0.693609 -0.491108 -0.833016 
0.309697 0.232119 -0.163497 0.702108 -0.482029 -0.837055 
0.277202 0.215079 -0.166283 0.705798 -0.455499 -0.840640 
0.245975 0.199241 -0.170517 0.707568 -0.388601 -0.843712 
0.216506 0.169370 -0.172634 0.708098 -0.293144 -0.846274 
0.189173 0.151359 -0.177356 0.708363 -0.199607 -0.848564 
0.164227 0.122525 -0.179718 0.705706 -0.017874 -0.850412 
0.141790 0.096271 -0.185449 0.704377 0.098811 -0.851862 
0.121869 0.058459 -0.190652 0.703101 0.186855 -0.853079 
0.104376 0.029249 -0.198910 0.701910 0.244840 -0.854070 
0.089156 -0.012262 -0.207725 0.700446 0.282581 -0.855324 
0.076007 -0.048710 -0.218573 0.698266 0.304315 -0.851174 
0.064709 -0.081793 -0.233576 0.696104 0.316944 -0.837010 
0.055037 -0.126024 -0.246556 0.693100 0.322553 -0.812654 
0.046774 -0.167175 -0.261045 0.690126 0.324818 -0.790496 
0.039721 -0.194569 -0.278656 0.686154 0.325690 -0.682565 
0.033698 -0.237706 -0.295300 0.682308 0.325000 -0.586270 
0.028549 -0.273742 -0.315518 0.677018 0.324330 -0.476275 
0.024138 -0.308262 -0.352455 0.671776 0.322583 -0.360414 
0.020351 -0.334988 -0.371005 0.664671 0.321305 -0.275700 
0.017089 -0.365141 -0.411281 0.657535 0.318875 -0.219385 
0.014270 -0.380217 -0.447539 0.647733 0.317142 -0.186755 
0.011826 -0.399307 -0.478522 0.637860 0.313971 -0.168297 
0.009700 -0.411321 -0.506056 0.624393 0.311714 -0.157546 
0.007843 -0.424497 -0.538743 0.611035 0.307582 -0.152774 
0.006216 -0.435149 -0.567693 0.593118 0.304608 -0.150720 
0.004785 -0.444438 -0.596855 0.575646 0.301561 -0.150188 
0.003522 -0.454505 -0.627680 0.566910 0.295112 -0.150582 
0.002404 -0.461754 -0.660377 0.536483 0.289875 -0.151399 
0.001410 -0.468579 -0.693519 0.504588 0.283776 -0.152634 
0.008264 -0.473164 -0.710261 0.475592 0.277993 -0.153988 
0.022083 -0.477808 -0.729422 0.442659 0.268539 -0.157230 
0.052525 -0.482279 -0.746848 0.417100 0.257469 -0.158850 
0.120863 -0.485128 -0.761268 0.395502 0.245313 -0.160165 
0.251350 -0.487847 -0.776325 0.366880 0.238479 -0.161652 
0.421700 -0.489831 -0.783849 0.329731 0.224728 -0.164937 
0.561091 -0.491506 -0.797404 0.300255 0.211389 -0.167806 
0.640066 -0.494436 -0.804181 0.269700 0.189965 -0.170565 
0.678043 -0.495901 -0.811657 0.242688 0.165584 -0.173412 
0.696350 -0.497219 -0.820143 0.220026 0.149467 -0.177173 
0.705850 -0.498274 -0.825761 0.190187 0.109731 -0.183027 
0.711212 -0.493190 -0.831916 0.160623 0.070827 -0.190809 
0.710392 -0.484153 -0.835748 0.140676 0.039432 -0.194699 
0.709489 -0.455788 -0.839897 0.117311 0.011038 -0.204210 
0.708493 -0.418955 -0.842861 0.100582 -0.030219 -0.208965 
0.707389 -0.371437 -0.845400 0.087094 -0.072371 -0.223619 
0.706164 -0.262236 -0.847601 0.074023 -0.107273 -0.235975 
0.704800 -0.091607 -0.849731 0.062998 -0.138538 -0.250411 
0.703276 0.040854 -0.851437 0.052267 -0.182944 -0.269035 
0.701586 0.149896 -0.853074 0.044746 -0.221295 -0.284098 
0.699690 0.228400 -0.854380 0.037948 -0.261440 -0.309213 
0.697558 0.274409 -0.854469 0.032004 -0.293705 -0.333865 
0.695156 0.297746 -0.851397 0.026218 -0.320784 -0.351472 
0.692439 0.313094 -0.839523 0.022641 -0.334324 -0.383114 
0.689361 0.320768 -0.819517 0.018942 -0.360053 -0.408102 
0.685864 0.324042 -0.787736 0.016447 -0.381603 -0.440272 
0.681884 0.325081 -0.738130 0.013837 -0.397647 -0.471814 
0.677346 0.325369 -0.605067 0.011109 -0.414073 -0.511329 
0.672164 0.325513 -0.495327 0.008786 -0.426706 -0.546340 
0.666245 0.322322 -0.367335 0.007175 -0.439416 -0.582599 
0.659482 0.320726 -0.281053 0.005435 -0.448933 -0.611256 
0.651318 0.318350 -0.222589 0.004061 -0.457530 -0.641586 
0.641881 0.315987 -0.190286 0.002736 -0.464051 -0.668743 
0.630986 0.314788 -0.170160 0.004102 -0.469041 -0.693985 
0.618433 0.312321 -0.158764 0.013851 -0.473080 -0.717254 
0.604020 0.309784 -0.153070 0.031748 -0.477764 -0.735076 
0.587554 0.305737 -0.150565 0.066855 -0.481239 -0.753125 
0.568865 0.302152 -0.150362 0.142594 -0.485400 -0.768176 
0.547830 0.297749 -0.150666 0.268576 -0.488609 -0.784956 
0.524389 0.290966 -0.151322 0.381833 -0.491107 -0.795063 
0.498575 0.281797 -0.152558 0.487726 -0.492787 -0.805614 
0.470527 0.277213 -0.154650 0.574946 -0.494612 -0.811905 
0.440503 0.271514 -0.155696 0.630267 -0.496377 -0.818404 
0.408883 0.263764 -0.157818 0.663196 -0.497866 -0.823928 
0.376154 0.249699 -0.159533 0.683534 -0.496242 -0.828859 
0.342887 0.236425 -0.161261 0.696507 -0.491267 -0.833704 
0.309697 0.220517 -0.163962 0.703557 -0.460117 -0.837906 
0.277202 0.209311 -0.166104 0.706448 -0.409914 -0.841854 
0.245975 0.183376 -0.170427 0.707538 -0.334387 -0.844319 
0.216506 0.161437 -0.176253 0.708083 -0.220228 -0.846858 
0.189173 0.137574 -0.179166 0.708356 -0.067102 -0.848856 
0.164227 0.115632 -0.185173 0.705702 0.048379 -0.850559 
0.141790 0.092825 -0.190227 0.704375 0.147347 -0.851935 
0.121869 0.056736 -0.195719 0.702547 0.211123 -0.853498 
0.104376 0.012764 -0.201443 0.700764 0.261931 -0.854816 
0.089156 -0.030099 -0.211272 0.698426 0.292798 -0.852321 
0.076007 -0.072487 -0.220346 0.696183 0.311079 -0.846535 
0.064709 -0.113485 -0.234331 0.693140 0.319988 -0.834690 
0.055037 -0.160905 -0.246933 0.690146 0.324075 -0.811494 
0.046774 -0.191434 -0.271601 0.686164 0.325311 -0.744612 
0.039721 -0.218886 -0.289263 0.682313 0.325481 -0.659623 
0.033698 -0.249865 -0.312500 0.680387 0.324561 -0.512952 
0.028549 -0.279821 -0.324119 0.676058 0.323539 -0.404160 
0.024138 -0.311302 -0.357011 0.671296 0.322188 -0.314779 
0.020351 -0.336507 -0.385716 0.664431 0.320387 -0.252882 
0.017089 -0.365900 -0.418637 0.657656 0.317882 -0.207976 
0.014270 -0.380597 -0.451217 0.647794 0.315722 -0.181051 
0.011826 -0.399497 -0.480361 0.637890 0.312569 -0.163935 
0.009700 -0.411416 -0.506975 0.624408 0.309814 -0.155670 
0.007843 -0.428608 -0.551809 0.611498 0.306632 -0.151830 
0.006216 -0.441167 -0.588913 0.593349 0.304161 -0.150248 
0.004785 -0.450899 -0.614501 0.575762 0.298826 -0.150199 
0.003522 -0.457736 -0.640270 0.540909 0.293745 -0.150588 
0.002404 -0.463369 -0.673479 0.523482 0.288038 -0.151702 
0.001410 -0.470559 -0.700070 0.495879 0.280959 -0.152785 
0.008264 -0.476506 -0.724326 0.471237 0.273420 -0.154064 
0.022083 -0.480083 -0.744300 0.440481 0.266253 -0.157268 
0.052525 -0.484030 -0.759994 0.407193 0.256325 -0.159374 
0.120863 -0.486004 -0.775688 0.372726 0.243985 -0.161256 
0.251350 -0.488285 -0.783531 0.355492 0.231880 -0.162198 
0.421700 -0.490050 -0.793176 0.324037 0.221428 -0.165209 
0.561091 -0.491615 -0.802067 0.297408 0.209739 -0.167942 
0.640066 -0.494491 -0.810600 0.268276 0.189141 -0.170634 
