0.357500 0.000000 0.000000 0.000000 0.000000 0.000000 
0.357500 0.000000 0.000000 0.000000 0.000000 0.000000 
-0.009420 0.000000 0.000000 0.000000 0.000000 0.000000 
0.724576 0.000000 0.000000 0.000000 0.000000 0.000000 
0.640965 0.000000 0.000000 0.000000 0.000000 0.000000 
0.001386 0.000000 0.000000 0.000000 0.000000 0.000000 
0.001386 0.000000 0.000000 0.000000 0.000000 0.000000 
0.001386 0.000000 0.000000 0.000000 0.000000 0.000000 
0.001386 0.000000 0.000000 0.000000 0.000000 0.000000 
0.001386 0.000000 0.000000 0.000000 0.000000 0.000000 
0.001386 0.000000 0.000000 0.000000 0.000000 0.000000 
0.001386 0.000000 0.000000 0.000000 0.000000 0.000000 
0.001386 0.000000 0.000000 0.000000 0.000000 0.000000 
0.001386 0.000000 0.000000 0.000000 0.000000 0.000000 
0.001386 0.000000 0.000000 0.000000 0.000000 0.000000 
0.001386 0.000000 0.000000 0.000000 0.000000 0.000000 
0.001386 0.000000 0.000000 0.000000 0.000000 0.000000 
0.001386 0.000000 0.000000 0.000000 0.000000 0.000000 
0.001386 0.000000 0.000000 0.000000 0.000000 0.000000 
0.001386 0.000000 0.000000 0.000000 0.000000 0.000000 
0.001386 0.000000 0.000000 0.000000 0.000000 0.000000 
0.001386 0.000000 0.000000 0.000000 0.000000 0.000000 
0.001386 0.000000 0.000000 0.000000 0.000000 0.000000 
0.001386 0.000000 0.000000 0.000000 0.000000 0.000000 
0.001386 0.000000 0.000000 0.000000 0.000000 0.000000 
0.001386 0.000000 0.000000 0.000000 0.000000 0.000000 
0.001386 0.000000 0.000000 0.000000 0.000000 0.000000 
0.001386 0.000000 0.000000 0.000000 0.000000 0.000000 
0.001386 0.000000 0.000000 0.000000 0.000000 0.000000 
0.001386 0.000000 0.000000 0.000000 0.000000 0.000000 
0.001386 0.000000 0.000000 0.000000 0.000000 0.000000 
0.001386 0.000000 0.000000 0.000000 0.000000 0.000000 
0.001386 0.000000 0.000000 0.000000 0.000000 0.000000 
0.001386 0.000000 0.000000 0.000000 0.000000 0.000000 
0.001386 0.000000 0.000000 0.000000 0.000000 0.000000 
0.001386 0.000000 0.000000 0.000000 0.000000 0.000000 
0.001386 0.000000 0.000000 0.000000 0.000000 0.000000 
0.001386 0.000000 0.000000 0.000000 0.000000 0.000000 
0.711202 0.000000 0.000000 0.000000 0.000000 0.000000 
0.711202 0.000000 0.000000 0.000000 0.000000 0.000000 
0.711202 0.000000 0.000000 0.000000 0.000000 0.000000 
0.711202 0.000000 0.000000 0.000000 0.000000 0.000000 
0.711202 0.000000 0.000000 0.000000 0.000000 0.000000 
0.711202 0.000000 0.000000 0.000000 0.000000 0.000000 
0.711202 0.000000 0.000000 0.000000 0.000000 0.000000 
0.711202 0.000000 0.000000 0.000000 0.000000 0.000000 
0.709620 0.000000 0.000000 0.000000 0.000000 0.000000 
0.707720 0.000000 0.000000 0.000000 0.000000 0.000000 
0.705417 0.000000 0.000000 0.000000 0.000000 0.000000 
0.702598 0.000000 0.000000 0.000000 0.000000 0.000000 
0.699630 0.000000 0.000000 0.000000 0.000000 0.000000 
0.695383 0.000000 0.000000 0.000000 0.000000 0.000000 
0.690020 -0.087171 -0.442794 -0.246768 -0.469646 -0.548501 
0.683177 0.115979 -0.318783 -0.121370 -0.460886 -0.594207 
0.674360 0.215977 -0.249981 -0.059980 -0.463506 -0.633062 
0.662908 0.264800 -0.202056 -0.027386 -0.467039 -0.664481 
0.647965 0.287327 -0.174712 -0.007869 -0.472081 -0.702502 
0.628464 0.297287 -0.161044 0.020888 -0.477265 -0.727700 
0.603031 0.298053 -0.154552 0.061425 -0.480990 -0.749437 
0.570533 0.295700 -0.152761 0.160572 -0.486404 -0.766332 
0.530055 0.289941 -0.151866 0.316231 -0.489112 -0.785751 
0.481447 0.281285 -0.152830 0.464784 -0.491789 -0.800958 
0.425755 0.273550 -0.154786 0.569354 -0.494358 -0.812003 
0.365397 0.264782 -0.156849 0.632739 -0.496856 -0.820728 
0.303886 0.250208 -0.159049 0.668306 -0.495883 -0.827259 
0.245083 0.236680 -0.161019 0.689634 -0.484417 -0.834176 
0.192277 0.217359 -0.165044 0.699573 -0.456692 -0.839117 
0.147495 0.192968 -0.169898 0.704456 -0.419264 -0.842950 
0.111306 0.157101 -0.175988 0.706542 -0.262667 -0.846902 
0.083124 0.125396 -0.183584 0.704795 -0.049404 -0.849582 
0.061716 0.073548 -0.189720 0.703310 0.104678 -0.851938 
0.045673 0.021170 -0.198443 0.702015 0.203752 -0.854037 
0.033704 -0.025896 -0.209873 0.699051 0.263709 -0.851931 
0.024751 -0.083977 -0.226005 0.695515 0.296534 -0.846340 
0.018003 -0.127116 -0.242770 0.692805 0.312348 -0.807339 
0.012866 -0.198111 -0.269519 0.687494 0.319455 -0.748811 
0.008908 -0.253944 -0.302628 0.679611 0.321548 -0.557545 
0.005822 -0.298363 -0.346010 0.673073 0.321192 -0.401104 
0.003386 -0.330038 -0.380216 0.665320 0.319890 -0.296045 
0.001440 -0.362666 -0.423209 0.651625 0.317633 -0.229558 
0.001436 -0.390531 -0.466357 0.639806 0.314216 -0.189698 
0.001433 -0.414103 -0.518894 0.625366 0.310637 -0.168551 
0.001430 -0.429951 -0.568866 0.600283 0.306135 -0.158608 
0.001427 -0.447262 -0.613685 0.579229 0.297399 -0.154792 
0.001424 -0.458132 -0.660187 0.542642 0.289865 -0.153814 
0.001421 -0.469021 -0.693595 0.505459 0.281038 -0.154578 
0.001418 -0.476340 -0.733872 0.453811 0.270061 -0.157525 
0.001416 -0.482159 -0.754780 0.413858 0.254190 -0.159502 
0.001413 -0.486362 -0.773080 0.376058 0.242917 -0.161321 
0.013908 -0.489089 -0.787951 0.334320 0.226947 -0.164771 
0.052549 -0.490452 -0.799455 0.302550 0.212499 -0.167723 
0.178000 -0.491816 -0.805207 0.286665 0.198247 -0.169199 
0.421794 -0.492498 -0.808083 0.262904 0.191121 -0.171262 
0.607433 -0.494932 -0.813607 0.250998 0.179831 -0.173761 
0.678060 -0.496897 -0.821118 0.224181 0.156590 -0.177347 
0.701826 -0.497880 -0.828015 0.192265 0.113292 -0.183114 
0.711216 -0.492993 -0.833043 0.161662 0.072608 -0.190852 
0.709988 -0.460208 -0.837590 0.127804 0.027626 -0.202286 
0.708570 -0.392063 -0.841708 0.100705 -0.029660 -0.208003 
0.706926 -0.272549 -0.845755 0.080829 -0.072091 -0.228168 
0.705005 -0.049617 -0.849082 0.063928 -0.126898 -0.246507 
0.702762 0.104660 -0.852106 0.050570 -0.193272 -0.272834 
0.700129 0.205782 -0.853896 0.040859 -0.247429 -0.303581 
0.697007 0.263433 -0.853344 0.032523 -0.297646 -0.336331 
0.693287 0.295415 -0.838165 0.024207 -0.341715 -0.384761 
0.688829 0.311406 -0.797060 0.019725 -0.372434 -0.420462 
0.683464 0.318532 -0.697556 0.013726 -0.397807 -0.473980 
0.676985 0.322094 -0.541572 0.010095 -0.418550 -0.535491 
0.669144 0.320612 -0.390458 0.007061 -0.435338 -0.577174 
0.659047 0.318293 -0.285818 0.004874 -0.450732 -0.624545 
0.646565 0.315959 -0.219975 0.003142 -0.460652 -0.660222 
0.631148 0.312906 -0.183672 0.007395 -0.468888 -0.700373 
0.612180 0.310077 -0.165523 0.028520 -0.475668 -0.726635 
0.589034 0.304448 -0.157841 0.065241 -0.481558 -0.748904 
0.561156 0.298897 -0.154406 0.162480 -0.486689 -0.777037 
0.528192 0.291540 -0.154100 0.358875 -0.490578 -0.794007 
0.490131 0.282084 -0.153947 0.510521 -0.493508 -0.805086 
0.447445 0.269049 -0.156430 0.592222 -0.495825 -0.817269 
0.401151 0.252342 -0.158308 0.648048 -0.495367 -0.825530 
0.352771 0.242707 -0.160923 0.678763 -0.490829 -0.831555 
0.304164 0.223658 -0.163499 0.694387 -0.481890 -0.836324 
0.257251 0.196117 -0.167545 0.701863 -0.431863 -0.841554 
0.213728 0.167808 -0.171148 0.705246 -0.314775 -0.845195 
0.174828 0.140759 -0.176613 0.704147 -0.114376 -0.848260 
0.141204 0.105388 -0.183896 0.703598 0.065970 -0.850786 
0.112956 0.063287 -0.192478 0.702159 0.175968 -0.852923 
0.089758 0.001400 -0.204509 0.700570 0.248145 -0.854751 
0.071021 -0.041879 -0.216965 0.697255 0.287097 -0.850887 
0.056051 -0.098180 -0.232640 0.693676 0.307997 -0.836867 
0.044160 -0.153253 -0.254086 0.690414 0.317272 -0.763575 
0.034728 -0.217048 -0.283015 0.684438 0.320791 -0.653139 
0.027234 -0.263413 -0.309376 0.678083 0.321654 -0.474254 
0.021254 -0.312563 -0.349466 0.667825 0.320840 -0.332620 
0.016456 -0.353928 -0.400511 0.659353 0.318643 -0.247845 
0.012577 -0.386163 -0.442154 0.643670 0.316103 -0.200985 
0.009420 -0.404749 -0.487872 0.627298 0.312780 -0.173890 
0.006830 -0.425275 -0.542257 0.612943 0.308115 -0.160940 
0.004688 -0.439501 -0.591173 0.585559 0.303315 -0.155545 
0.002905 -0.454252 -0.628606 0.545807 0.293977 -0.153881 
0.013901 -0.464828 -0.677634 0.509250 0.285827 -0.153875 
0.052527 -0.473640 -0.713108 0.477923 0.275854 -0.154609 
0.177935 -0.480195 -0.738691 0.434732 0.261126 -0.157540 
0.421709 -0.484086 -0.765036 0.386495 0.246385 -0.160339 
0.607389 -0.488633 -0.783929 0.339539 0.223685 -0.164280 
0.678044 -0.493000 -0.798688 0.288295 0.199494 -0.168793 
0.701819 -0.495183 -0.812392 0.242829 0.166421 -0.174091 
0.711212 -0.497255 -0.821885 0.201589 0.137632 -0.180471 
0.711210 -0.492681 -0.829729 0.166330 0.084777 -0.189531 
0.709950 -0.479942 -0.835933 0.135749 0.033711 -0.201625 
0.708491 -0.420035 -0.840875 0.109801 -0.018883 -0.207673 
0.706791 -0.214391 -0.845339 0.085377 -0.080529 -0.228002 
0.704798 -0.020538 -0.848600 0.069012 -0.131117 -0.243662 
0.702468 0.119200 -0.851656 0.053112 -0.195381 -0.271411 
0.699710 0.213052 -0.853765 0.042131 -0.248484 -0.302869 
0.696424 0.267068 -0.854162 0.033159 -0.287226 -0.335974 
0.692485 0.297755 -0.840906 0.026111 -0.317545 -0.375365 
0.687738 0.312576 -0.820208 0.020032 -0.360349 -0.415763 
0.681989 0.319117 -0.709130 0.014837 -0.391068 -0.459561 
0.675003 0.322387 -0.547359 0.011321 -0.415204 -0.520457 
0.666495 0.320759 -0.382733 0.008442 -0.433634 -0.569656 
0.655489 0.319391 -0.281956 0.005564 -0.449880 -0.614738 
0.641816 0.317400 -0.219970 0.003488 -0.460261 -0.653871 
0.624856 0.313627 -0.184353 0.007568 -0.468690 -0.686549 
0.603939 0.310437 -0.165861 0.023537 -0.475569 -0.721025 
0.578408 0.306063 -0.158010 0.072198 -0.481509 -0.746099 
0.547735 0.299705 -0.154490 0.233378 -0.486664 -0.773918 
0.511674 0.291944 -0.154142 0.413498 -0.490566 -0.792440 
0.470427 0.282286 -0.155442 0.537833 -0.493502 -0.805317 
0.424766 0.269150 -0.156648 0.611710 -0.495822 -0.817385 
0.376062 0.252393 -0.158948 0.658214 -0.495220 -0.825588 
0.326161 0.237532 -0.160969 0.684588 -0.484085 -0.832068 
0.277131 0.217818 -0.164607 0.697038 -0.456527 -0.838146 
0.230936 0.187629 -0.169679 0.702833 -0.357694 -0.843491 
0.189127 0.150670 -0.175879 0.705730 -0.135835 -0.847172 
0.152657 0.110343 -0.183529 0.704390 0.055240 -0.850242 
0.121843 0.065764 -0.192294 0.702555 0.165070 -0.852651 
0.096475 0.005995 -0.204417 0.700768 0.242696 -0.854615 
0.075994 -0.039581 -0.216919 0.698427 0.284372 -0.852220 
0.059675 -0.097032 -0.232617 0.694262 0.306635 -0.837533 
0.046768 -0.152679 -0.254075 0.690707 0.316859 -0.802935 
0.036587 -0.199508 -0.283009 0.684584 0.321255 -0.672819 
0.028546 -0.254643 -0.309373 0.678156 0.321887 -0.484094 
0.022171 -0.308178 -0.349464 0.667861 0.320956 -0.354746 
0.017087 -0.351736 -0.400511 0.659371 0.318701 -0.258908 
0.013004 -0.373515 -0.442154 0.648651 0.316132 -0.206516 
0.009700 -0.398425 -0.487872 0.629789 0.312795 -0.176656 
0.007003 -0.422113 -0.542257 0.614188 0.308123 -0.162323 
0.004785 -0.437920 -0.591173 0.586181 0.303319 -0.156237 
0.002946 -0.453461 -0.628606 0.546119 0.293978 -0.153607 
0.001410 -0.464433 -0.677634 0.509406 0.285828 -0.153738 
0.011791 -0.471091 -0.702319 0.478001 0.275855 -0.154540 
0.039506 -0.478920 -0.733296 0.434770 0.261126 -0.157506 
0.120854 -0.483449 -0.754492 0.404337 0.247142 -0.160322 
0.306976 -0.487632 -0.772933 0.371298 0.229059 -0.161731 
0.521371 -0.490406 -0.787877 0.321039 0.213555 -0.164976 
0.640055 -0.493886 -0.799418 0.280091 0.191048 -0.169150 
0.685605 -0.495626 -0.812757 0.247884 0.166126 -0.172705 
0.703294 -0.497244 -0.822068 0.210463 0.137484 -0.179778 
0.709952 -0.493874 -0.830070 0.170761 0.103739 -0.184330 
0.708493 -0.480538 -0.836103 0.137965 0.055888 -0.191460 
0.706793 -0.431330 -0.840965 0.115953 0.012139 -0.202590 
0.704801 -0.292182 -0.844899 0.088452 -0.051192 -0.220431 
0.702449 -0.106580 -0.848380 0.070212 -0.116449 -0.242639 
0.699681 0.076179 -0.850896 0.053719 -0.171900 -0.265149 
0.696380 0.187778 -0.853291 0.042434 -0.215772 -0.289939 
0.692419 0.254098 -0.853042 0.033311 -0.270871 -0.324228 
0.687638 0.287591 -0.849520 0.026187 -0.309367 -0.369492 
0.681837 0.307494 -0.824515 0.020715 -0.347575 -0.412828 
0.674769 0.316807 -0.756519 0.015971 -0.380633 -0.458092 
0.666134 0.321232 -0.614261 0.011849 -0.405566 -0.504468 
0.655579 0.320181 -0.449066 0.008706 -0.425818 -0.550695 
0.641920 0.319656 -0.321919 0.006201 -0.442135 -0.595304 
0.624977 0.317739 -0.243022 0.004088 -0.456353 -0.645602 
0.604078 0.315664 -0.196528 0.007868 -0.466738 -0.682415 
0.578566 0.311456 -0.171941 0.015734 -0.474589 -0.717656 
0.547912 0.306572 -0.160000 0.058848 -0.479652 -0.744415 
0.511868 0.299959 -0.155079 0.159283 -0.484606 -0.763821 
0.470633 0.292071 -0.153528 0.327187 -0.489106 -0.784496 
0.424978 0.282350 -0.153661 0.483623 -0.492772 -0.801345 
0.376271 0.269182 -0.156287 0.584605 -0.495457 -0.813125 
0.326359 0.252408 -0.158236 0.644239 -0.495183 -0.823458 
0.277312 0.237780 -0.160613 0.676859 -0.490737 -0.831003 
0.231094 0.213293 -0.164841 0.693186 -0.459853 -0.837530 
0.189261 0.185367 -0.169796 0.700907 -0.359357 -0.842157 
0.152766 0.153301 -0.175937 0.704767 -0.232713 -0.846505 
0.121930 0.123496 -0.183558 0.703908 -0.034427 -0.849383 
0.096543 0.072598 -0.192385 0.702866 0.120236 -0.851839 
0.076046 0.020695 -0.204462 0.700924 0.216488 -0.853987 
0.059714 -0.032231 -0.212781 0.698505 0.270077 -0.850505 
0.046798 -0.087145 -0.230680 0.695242 0.299481 -0.836676 
0.036609 -0.147735 -0.253107 0.691197 0.313282 -0.802506 
0.028563 -0.208420 -0.280016 0.686689 0.319467 -0.688570 
0.022184 -0.259099 -0.307877 0.679209 0.321563 -0.527425 
0.017098 -0.300941 -0.348634 0.672872 0.320782 -0.386044 
0.013012 -0.331327 -0.381528 0.661635 0.318613 -0.288515 
0.009706 -0.363310 -0.432663 0.649783 0.317011 -0.221320 
0.007008 -0.390854 -0.471084 0.638885 0.313213 -0.184201 
0.004789 -0.414264 -0.521257 0.618281 0.308332 -0.166101 
0.002950 -0.433995 -0.573637 0.596741 0.303424 -0.157879 
0.001413 -0.449284 -0.619839 0.577457 0.296043 -0.154428 
0.001410 -0.462344 -0.663264 0.541757 0.286860 -0.153622 
0.013901 -0.471127 -0.705923 0.494176 0.276371 -0.154482 
0.052527 -0.477393 -0.740036 0.451951 0.267728 -0.157477 
0.177935 -0.482686 -0.757862 0.412928 0.253023 -0.159478 
0.421709 -0.486626 -0.774618 0.375593 0.236399 -0.161309 
0.607389 -0.489903 -0.792788 0.323186 0.217225 -0.165992 
0.678044 -0.493634 -0.805960 0.281139 0.192883 -0.170907 
0.701819 -0.496086 -0.817295 0.239252 0.163116 -0.175920 
0.711212 -0.497707 -0.826103 0.199800 0.116556 -0.182401 
0.709984 -0.492907 -0.832841 0.160264 0.074239 -0.190495 
0.708566 -0.460165 -0.838443 0.127105 0.028442 -0.202108 
0.706921 -0.392042 -0.843191 0.100356 -0.029252 -0.220190 
0.705000 -0.170944 -0.846673 0.076164 -0.085713 -0.235652 
0.702743 0.001186 -0.849908 0.058850 -0.156532 -0.261656 
0.700100 0.130062 -0.852519 0.048031 -0.208089 -0.288236 
0.696965 0.218482 -0.854197 0.037046 -0.254837 -0.311282 
0.693223 0.269783 -0.851260 0.028739 -0.301350 -0.340180 
0.688733 0.299112 -0.837123 0.022315 -0.343567 -0.386686 
0.683319 0.313214 -0.796539 0.017254 -0.373360 -0.429564 
0.676763 0.319436 -0.697296 0.012818 -0.398270 -0.478531 
0.668803 0.322547 -0.541442 0.009244 -0.422181 -0.529941 
0.659131 0.320838 -0.379774 0.006636 -0.437123 -0.584927 
0.646663 0.318406 -0.280476 0.004661 -0.451625 -0.628422 
0.631261 0.315351 -0.217304 0.004935 -0.461134 -0.662161 
0.612310 0.312602 -0.182336 0.014267 -0.469126 -0.701342 
0.589182 0.309925 -0.165198 0.031956 -0.476920 -0.732709 
0.561322 0.304372 -0.157678 0.092528 -0.482184 -0.757968 
0.528375 0.298859 -0.154325 0.282222 -0.487002 -0.779852 
0.490328 0.291521 -0.154059 0.437921 -0.490734 -0.795407 
0.447650 0.278668 -0.155401 0.550044 -0.493831 -0.809228 
0.401357 0.267341 -0.156627 0.623084 -0.496592 -0.819340 
0.352971 0.251488 -0.158938 0.663479 -0.495605 -0.828460 
0.304350 0.237080 -0.162506 0.687220 -0.484278 -0.834777 
0.257418 0.217592 -0.165376 0.698354 -0.433057 -0.839501 
0.213873 0.178545 -0.170063 0.703491 -0.315372 -0.844169 
0.174949 0.146128 -0.176071 0.706059 -0.114674 -0.847511 
0.141301 0.108072 -0.183625 0.704554 0.065821 -0.850411 
0.113033 0.064629 -0.192342 0.702637 0.175893 -0.852736 
0.089818 0.005428 -0.204441 0.700809 0.248107 -0.854657 
0.071067 -0.039865 -0.216931 0.697375 0.287078 -0.850841 
0.056086 -0.097173 -0.232623 0.693735 0.307987 -0.836843 
0.044187 -0.152749 -0.254078 0.690444 0.317268 -0.763563 
0.034749 -0.216796 -0.283011 0.684453 0.320788 -0.653133 
0.027250 -0.263287 -0.309374 0.678091 0.321653 -0.474251 
0.021266 -0.312500 -0.349465 0.667828 0.320840 -0.332618 
0.016465 -0.353897 -0.400511 0.659355 0.318642 -0.247844 
0.012585 -0.386147 -0.442154 0.643671 0.316103 -0.200985 
0.009426 -0.404741 -0.487872 0.627299 0.312780 -0.173890 
0.006834 -0.425271 -0.542257 0.612943 0.308115 -0.160940 
0.004692 -0.439499 -0.591173 0.585559 0.303315 -0.155545 
0.002908 -0.454251 -0.628606 0.545807 0.293977 -0.153881 
0.001410 -0.464828 -0.677634 0.509250 0.285827 -0.153875 
0.013901 -0.473640 -0.713108 0.477923 0.275854 -0.154609 
0.052527 -0.480195 -0.738691 0.434732 0.261126 -0.157540 
0.177935 -0.484086 -0.757190 0.386495 0.246385 -0.160339 
0.421709 -0.487951 -0.774282 0.339539 0.228681 -0.164280 
0.607389 -0.490566 -0.792620 0.305159 0.213366 -0.167478 
0.678044 -0.493966 -0.805876 0.272126 0.190954 -0.171868 
0.701819 -0.496252 -0.817253 0.234745 0.162151 -0.176401 
0.711212 -0.497790 -0.826082 0.197546 0.116073 -0.182641 
0.709984 -0.492948 -0.832077 0.159137 0.073998 -0.190616 
0.708566 -0.460185 -0.837107 0.130661 0.028321 -0.202168 
0.706921 -0.392052 -0.841462 0.102133 -0.029312 -0.207944 
0.705000 -0.200400 -0.845809 0.081543 -0.085744 -0.228138 
0.702743 -0.013542 -0.849476 0.064285 -0.133724 -0.246492 
0.700100 0.122698 -0.852094 0.050749 -0.196685 -0.280654 
0.696965 0.214800 -0.853984 0.038405 -0.249135 -0.307491 
0.693223 0.267942 -0.851154 0.031296 -0.298499 -0.338285 
0.688733 0.298192 -0.837070 0.023594 -0.342141 -0.376521 
0.683319 0.312754 -0.796513 0.018773 -0.372647 -0.416340 
0.676763 0.319206 -0.697283 0.014207 -0.397914 -0.471919 
0.668803 0.322432 -0.541435 0.010335 -0.418627 -0.526636 
0.659131 0.320781 -0.379771 0.007182 -0.435346 -0.572746 
0.646663 0.319402 -0.280475 0.004934 -0.450736 -0.622331 
0.631261 0.317146 -0.219229 0.003173 -0.460689 -0.657667 
0.612310 0.313500 -0.183299 0.007411 -0.468904 -0.699095 
0.589182 0.310374 -0.165679 0.028528 -0.476509 -0.727298 
0.561322 0.304596 -0.157919 0.090814 -0.481979 -0.755263 
0.528375 0.298971 -0.154445 0.242686 -0.486899 -0.778499 
0.490328 0.291577 -0.154120 0.418152 -0.490683 -0.794731 
0.447650 0.278696 -0.155431 0.540160 -0.493805 -0.808889 
0.401357 0.267355 -0.156642 0.618142 -0.495973 -0.819171 
0.352971 0.251495 -0.158945 0.661008 -0.495296 -0.828376 
0.304350 0.237083 -0.162510 0.685985 -0.484123 -0.834735 
0.257418 0.217594 -0.165378 0.697736 -0.456546 -0.839480 
0.213873 0.178546 -0.170064 0.703182 -0.357703 -0.844158 
0.174949 0.146128 -0.176072 0.705905 -0.135839 -0.847506 
0.141301 0.108073 -0.183626 0.704477 0.055238 -0.850409 
0.113033 0.064629 -0.192343 0.702598 0.170602 -0.852735 
0.089818 0.005428 -0.204441 0.700790 0.245462 -0.854657 
0.071067 -0.039865 -0.216931 0.697365 0.285755 -0.850840 
0.056086 -0.097173 -0.232623 0.693731 0.307326 -0.836843 
0.044187 -0.152749 -0.254078 0.690441 0.316937 -0.763563 
0.034749 -0.216796 -0.283011 0.684452 0.320623 -0.653133 
0.027250 -0.263287 -0.309374 0.678090 0.321570 -0.474251 
0.021266 -0.312500 -0.349465 0.667828 0.320798 -0.332618 
0.016465 -0.353897 -0.400511 0.659355 0.318622 -0.247844 
0.012585 -0.386147 -0.442154 0.643670 0.316092 -0.200985 
0.009426 -0.404741 -0.487872 0.627299 0.312775 -0.173890 
0.006834 -0.425271 -0.542257 0.612943 0.308113 -0.160940 
0.004692 -0.439499 -0.591173 0.585559 0.303314 -0.155545 
0.002908 -0.454251 -0.628606 0.545807 0.293976 -0.153881 
0.001410 -0.464828 -0.677634 0.509250 0.285827 -0.153875 
0.013901 -0.473640 -0.713108 0.477923 0.275854 -0.154609 
0.052527 -0.480195 -0.738691 0.434732 0.261126 -0.157540 
0.177935 -0.484086 -0.757190 0.386495 0.246385 -0.160339 
0.421709 -0.487951 -0.774282 0.339539 0.228681 -0.164280 
0.607389 -0.490566 -0.792620 0.305159 0.213366 -0.167478 
0.678044 -0.493966 -0.805876 0.272126 0.190954 -0.171868 
0.701819 -0.496252 -0.817253 0.234745 0.162151 -0.176401 
0.711212 -0.497790 -0.826082 0.197546 0.116073 -0.182641 
0.709984 -0.492948 -0.832077 0.159137 0.073998 -0.190616 
0.708566 -0.460185 -0.837107 0.130661 0.028321 -0.202168 
0.706921 -0.392052 -0.841462 0.102133 -0.029312 -0.207944 
0.705000 -0.200400 -0.845809 0.081543 -0.085744 -0.228138 
0.702743 -0.013542 -0.849476 0.064285 -0.133724 -0.246492 
0.700100 0.122698 -0.852094 0.050749 -0.196685 -0.280654 
0.696965 0.214800 -0.853984 0.038405 -0.249135 -0.307491 
0.693223 0.267942 -0.851154 0.031296 -0.298499 -0.338285 
0.688733 0.298192 -0.837070 0.023594 -0.342141 -0.376521 
0.683319 0.312754 -0.796513 0.018773 -0.372647 -0.416340 
0.676763 0.319206 -0.697283 0.014207 -0.397914 -0.471919 
0.668803 0.322432 -0.541435 0.010335 -0.418627 -0.526636 
0.659131 0.320781 -0.379771 0.007182 -0.435346 -0.572746 
0.646663 0.319402 -0.280475 0.004934 -0.450736 -0.622331 
0.631261 0.317146 -0.219229 0.003173 -0.460689 -0.657667 
0.612310 0.313500 -0.183299 0.007411 -0.468904 -0.699095 
0.589182 0.310374 -0.165679 0.028528 -0.476509 -0.727298 
0.561322 0.304596 -0.157919 0.090814 -0.481979 -0.755263 
0.528375 0.298971 -0.154445 0.242686 -0.486899 -0.778499 
0.490328 0.291577 -0.154120 0.418152 -0.490683 -0.794731 
0.447650 0.278696 -0.155431 0.540160 -0.493805 -0.808889 
0.401357 0.267355 -0.156642 0.618142 -0.495973 -0.819171 
0.352971 0.251495 -0.158945 0.661008 -0.495296 -0.828376 
0.304350 0.237083 -0.162510 0.685985 -0.484123 -0.834735 
0.257418 0.217594 -0.165378 0.697736 -0.456546 -0.839480 
0.213873 0.178546 -0.170064 0.703182 -0.357703 -0.844158 
0.174949 0.146128 -0.176072 0.705905 -0.135839 -0.847506 
0.141301 0.108073 -0.183626 0.704477 0.055238 -0.850409 
0.113033 0.064629 -0.192343 0.702598 0.170602 -0.852735 
0.089818 0.005428 -0.204441 0.700790 0.245462 -0.854657 
0.071067 -0.039865 -0.216931 0.697365 0.285755 -0.850840 
0.056086 -0.097173 -0.232623 0.693731 0.307326 -0.836843 
0.044187 -0.152749 -0.254078 0.690441 0.316937 -0.763563 
0.034749 -0.216796 -0.283011 0.684452 0.320623 -0.653133 
0.027250 -0.263287 -0.309374 0.678090 0.321570 -0.474251 
0.021266 -0.312500 -0.349465 0.667828 0.320798 -0.332618 
0.016465 -0.353897 -0.400511 0.659355 0.318622 -0.247844 
0.012585 -0.386147 -0.442154 0.643670 0.316092 -0.200985 
0.009426 -0.404741 -0.487872 0.627299 0.312775 -0.173890 
0.006834 -0.425271 -0.542257 0.612943 0.308113 -0.160940 
0.004692 -0.439499 -0.591173 0.585559 0.303314 -0.155545 
0.002908 -0.454251 -0.628606 0.545807 0.293976 -0.153881 
0.001410 -0.464828 -0.677634 0.509250 0.285827 -0.153875 
0.013901 -0.473640 -0.713108 0.477923 0.275854 -0.154609 
0.052527 -0.480195 -0.738691 0.434732 0.261126 -0.157540 
0.177935 -0.484086 -0.757190 0.386495 0.246385 -0.160339 
0.421709 -0.487951 -0.774282 0.339539 0.228681 -0.164280 
0.607389 -0.490566 -0.792620 0.305159 0.213366 -0.167478 
0.678044 -0.493966 -0.805876 0.272126 0.190954 -0.171868 
0.701819 -0.496252 -0.817253 0.234745 0.162151 -0.176401 
0.711212 -0.497790 -0.826082 0.197546 0.116073 -0.182641 
0.709984 -0.492948 -0.832077 0.159137 0.073998 -0.190616 
0.708566 -0.460185 -0.837107 0.130661 0.028321 -0.202168 
0.706921 -0.392052 -0.841462 0.102133 -0.029312 -0.207944 
0.705000 -0.200400 -0.845809 0.081543 -0.085744 -0.228138 
0.702743 -0.013542 -0.849476 0.064285 -0.133724 -0.246492 
0.700100 0.122698 -0.852094 0.050749 -0.196685 -0.280654 
0.696965 0.214800 -0.853984 0.038405 -0.249135 -0.307491 
0.693223 0.267942 -0.851154 0.031296 -0.298499 -0.338285 
0.688733 0.298192 -0.837070 0.023594 -0.342141 -0.376521 
0.683319 0.312754 -0.796513 0.018773 -0.372647 -0.416340 
0.676763 0.319206 -0.697283 0.014207 -0.397914 -0.471919 
0.668803 0.322432 -0.541435 0.010335 -0.418627 -0.526636 
0.659131 0.320781 -0.379771 0.007182 -0.435346 -0.572746 
0.646663 0.319402 -0.280475 0.004934 -0.450736 -0.622331 
0.631261 0.317146 -0.219229 0.003173 -0.460689 -0.657667 
0.612310 0.313500 -0.183299 0.007411 -0.468904 -0.699095 
0.589182 0.310374 -0.165679 0.028528 -0.476509 -0.727298 
0.561322 0.304596 -0.157919 0.090814 -0.481979 -0.755263 
0.528375 0.298971 -0.154445 0.242686 -0.486899 -0.778499 
0.490328 0.291577 -0.154120 0.418152 -0.490683 -0.794731 
0.447650 0.278696 -0.155431 0.540160 -0.493805 -0.808889 
0.401357 0.267355 -0.156642 0.618142 -0.495973 -0.819171 
0.352971 0.251495 -0.158945 0.661008 -0.495296 -0.828376 
0.304350 0.237083 -0.162510 0.685985 -0.484123 -0.834735 
0.257418 0.217594 -0.165378 0.697736 -0.456546 -0.839480 
0.213873 0.178546 -0.170064 0.703182 -0.357703 -0.844158 
0.174949 0.146128 -0.176072 0.705905 -0.135839 -0.847506 
0.141301 0.108073 -0.183626 0.704477 0.055238 -0.850409 
0.113033 0.064629 -0.192343 0.702598 0.170602 -0.852735 
0.089818 0.005428 -0.204441 0.700790 0.245462 -0.854657 
0.071067 -0.039865 -0.216931 0.697365 0.285755 -0.850840 
0.056086 -0.097173 -0.232623 0.693731 0.307326 -0.836843 
0.044187 -0.152749 -0.254078 0.690441 0.316937 -0.763563 
0.034749 -0.216796 -0.283011 0.684452 0.320623 -0.653133 
0.027250 -0.263287 -0.309374 0.678090 0.321570 -0.474251 
0.021266 -0.312500 -0.349465 0.667828 0.320798 -0.332618 
0.016465 -0.353897 -0.400511 0.659355 0.318622 -0.247844 
0.012585 -0.386147 -0.442154 0.643670 0.316092 -0.200985 
0.009426 -0.404741 -0.487872 0.627299 0.312775 -0.173890 
0.006834 -0.425271 -0.542257 0.612943 0.308113 -0.160940 
0.004692 -0.439499 -0.591173 0.585559 0.303314 -0.155545 
0.002908 -0.454251 -0.628606 0.545807 0.293976 -0.153881 
0.001410 -0.464828 -0.677634 0.509250 0.285827 -0.153875 
0.013901 -0.473640 -0.713108 0.477923 0.275854 -0.154609 
0.052527 -0.480195 -0.738691 0.434732 0.261126 -0.157540 
0.177935 -0.484086 -0.757190 0.386495 0.246385 -0.160339 
0.421709 -0.487951 -0.774282 0.339539 0.228681 -0.164280 
0.607389 -0.490566 -0.792620 0.305159 0.213366 -0.167478 
0.678044 -0.493966 -0.805876 0.272126 0.190954 -0.171868 
0.701819 -0.496252 -0.817253 0.234745 0.162151 -0.176401 
0.711212 -0.497790 -0.826082 0.197546 0.116073 -0.182641 
0.709984 -0.492948 -0.832077 0.159137 0.073998 -0.190616 
0.708566 -0.460185 -0.837107 0.130661 0.028321 -0.202168 
0.706921 -0.392052 -0.841462 0.102133 -0.029312 -0.207944 
0.705000 -0.200400 -0.845809 0.081543 -0.085744 -0.228138 
0.702762 -0.013542 -0.849476 0.064285 -0.133724 -0.246492 
0.700129 0.122698 -0.852094 0.050749 -0.196685 -0.280654 
0.697007 0.214800 -0.853984 0.038405 -0.249135 -0.307491 
0.693287 0.267942 -0.851154 0.031296 -0.298499 -0.338285 
0.688829 0.298192 -0.837070 0.023594 -0.342141 -0.376521 
0.683464 0.312754 -0.796513 0.018773 -0.372647 -0.416340 
0.676985 0.319206 -0.697283 0.014207 -0.397914 -0.471919 
0.669144 0.322432 -0.541435 0.010335 -0.418627 -0.526636 
0.659131 0.320781 -0.379771 0.007182 -0.435346 -0.572746 
0.646661 0.319402 -0.280475 0.004934 -0.450736 -0.622331 
0.631255 0.317146 -0.219229 0.003173 -0.460689 -0.657667 
0.612300 0.313500 -0.183299 0.007411 -0.468904 -0.699095 
0.589167 0.310374 -0.165679 0.028528 -0.476509 -0.727298 
0.561302 0.304596 -0.157919 0.090814 -0.481979 -0.755263 
0.528348 0.298971 -0.154445 0.242686 -0.486899 -0.778499 
0.490295 0.291577 -0.154120 0.418152 -0.490683 -0.794731 
0.447610 0.278696 -0.155431 0.540160 -0.493805 -0.808889 
0.401312 0.267355 -0.156642 0.618142 -0.495973 -0.819171 
0.352923 0.251495 -0.158945 0.661008 -0.495296 -0.828376 
0.304301 0.237083 -0.162510 0.685985 -0.484123 -0.834735 
0.257370 0.217594 -0.165378 0.697736 -0.456546 -0.839480 
0.213828 0.178546 -0.170064 0.703182 -0.357703 -0.844158 
0.174908 0.146128 -0.176072 0.705905 -0.135839 -0.847506 
0.141266 0.108073 -0.183626 0.704477 0.055238 -0.850409 
0.113004 0.064629 -0.192343 0.702598 0.170602 -0.852735 
0.089793 0.005428 -0.204441 0.700790 0.245462 -0.854657 
0.071047 -0.039865 -0.216931 0.697365 0.285755 -0.850840 
0.056070 -0.097173 -0.232623 0.693731 0.307326 -0.836843 
0.044174 -0.152749 -0.254078 0.690441 0.316937 -0.763563 
0.034738 -0.216796 -0.283011 0.684452 0.320623 -0.653133 
0.027241 -0.263287 -0.309374 0.678090 0.321570 -0.474251 
0.021260 -0.312500 -0.349465 0.667828 0.320798 -0.332618 
0.016459 -0.353897 -0.400511 0.659355 0.318622 -0.247844 
0.012580 -0.386147 -0.442154 0.643670 0.316092 -0.200985 
0.009422 -0.404741 -0.487872 0.627299 0.312775 -0.173890 
0.006831 -0.425271 -0.542257 0.612943 0.308113 -0.160940 
0.004690 -0.439499 -0.591173 0.585559 0.303314 -0.155545 
0.002906 -0.454251 -0.628606 0.545807 0.293976 -0.153881 
0.001409 -0.464828 -0.677634 0.509250 0.285827 -0.153875 
0.013896 -0.473640 -0.713108 0.477923 0.275854 -0.154609 
0.052513 -0.480195 -0.738691 0.434732 0.261126 -0.157540 
0.177895 -0.484086 -0.757190 0.386495 0.246385 -0.160339 
0.421657 -0.487951 -0.774282 0.339539 0.228681 -0.164280 
0.607364 -0.490566 -0.792620 0.305159 0.213366 -0.167478 
0.678035 -0.493966 -0.805876 0.272126 0.190954 -0.171868 
0.701816 -0.496252 -0.817253 0.234745 0.162151 -0.176401 
0.711210 -0.497790 -0.826082 0.197546 0.116073 -0.182641 
0.709982 -0.492948 -0.832077 0.159137 0.073998 -0.190616 
0.708564 -0.460185 -0.837107 0.130661 0.028321 -0.202168 
0.706918 -0.392052 -0.841462 0.102133 -0.029312 -0.207944 
0.704997 -0.200400 -0.845809 0.081543 -0.085744 -0.228138 
0.702760 -0.013542 -0.849476 0.064285 -0.133724 -0.246492 
0.700122 0.122698 -0.852094 0.050749 -0.196685 -0.280654 
0.696992 0.214800 -0.853984 0.038405 -0.249135 -0.307491 
0.693256 0.267942 -0.851154 0.031296 -0.298499 -0.338285 
0.688773 0.298192 -0.837070 0.023594 -0.342141 -0.376521 
0.683363 0.312754 -0.796513 0.018773 -0.372647 -0.416340 
0.676807 0.319206 -0.697283 0.014207 -0.397914 -0.471919 
0.668837 0.322432 -0.541435 0.010335 -0.418627 -0.526636 
0.659045 0.320781 -0.379771 0.007182 -0.435346 -0.572746 
0.646561 0.319402 -0.280475 0.004934 -0.450736 -0.622331 
0.631140 0.317146 -0.219229 0.003173 -0.460689 -0.657667 
0.612168 0.313500 -0.183299 0.007411 -0.468904 -0.699095 
0.589016 0.310374 -0.165679 0.028528 -0.476509 -0.727298 
0.561133 0.304596 -0.157919 0.090814 -0.481979 -0.755263 
0.528162 0.298971 -0.154445 0.242686 -0.486899 -0.778499 
0.490095 0.291577 -0.154120 0.418152 -0.490683 -0.794731 
0.447402 0.278696 -0.155431 0.540160 -0.493805 -0.808889 
0.401103 0.267355 -0.156642 0.618142 -0.495973 -0.819171 
0.352721 0.251495 -0.158945 0.661008 -0.495296 -0.828376 
0.304112 0.237083 -0.162510 0.685985 -0.484123 -0.834735 
0.257201 0.217594 -0.165378 0.697736 -0.456546 -0.839480 
0.213682 0.178546 -0.170064 0.703182 -0.357703 -0.844158 
0.174786 0.146128 -0.176072 0.705905 -0.135839 -0.847506 
0.141168 0.108073 -0.183626 0.704477 0.055238 -0.850409 
0.112926 0.064629 -0.192343 0.702598 0.170602 -0.852735 
0.089733 0.005428 -0.204441 0.700790 0.245462 -0.854657 
0.071001 -0.039865 -0.216931 0.697365 0.285755 -0.850840 
0.056035 -0.097173 -0.232623 0.693731 0.307326 -0.836843 
0.044147 -0.152749 -0.254078 0.690441 0.316937 -0.763563 
0.034718 -0.216796 -0.283011 0.684452 0.320623 -0.653133 
0.027226 -0.263287 -0.309374 0.678090 0.321570 -0.474251 
0.021248 -0.312500 -0.349465 0.667828 0.320798 -0.332618 
0.016450 -0.353897 -0.400511 0.659355 0.318622 -0.247844 
0.012573 -0.386147 -0.442154 0.643670 0.316092 -0.200985 
0.009417 -0.404741 -0.487872 0.627299 0.312775 -0.173890 
0.006827 -0.425271 -0.542257 0.612943 0.308113 -0.160940 
0.004686 -0.439499 -0.591173 0.585559 0.303314 -0.155545 
0.002903 -0.454251 -0.628606 0.545807 0.293976 -0.153881 
0.001406 -0.464828 -0.677634 0.509250 0.285827 -0.153875 
0.013891 -0.473640 -0.713108 0.477923 0.275854 -0.154609 
0.052495 -0.480195 -0.738691 0.434732 0.261126 -0.157540 
0.177845 -0.484086 -0.757190 0.386495 0.246385 -0.160339 
0.421595 -0.487951 -0.774282 0.339539 0.228681 -0.164280 
0.607333 -0.490566 -0.792620 0.305159 0.213366 -0.167478 
0.678025 -0.493966 -0.805876 0.272126 0.190954 -0.171868 
0.701811 -0.496252 -0.817253 0.234745 0.162151 -0.176401 
0.711208 -0.497790 -0.826082 0.197546 0.116073 -0.182641 
0.709979 -0.492948 -0.832077 0.159137 0.073998 -0.190616 
0.708561 -0.460185 -0.837107 0.130661 0.028321 -0.202168 
0.706916 -0.392052 -0.841462 0.102133 -0.029312 -0.207944 
0.704997 -0.200400 -0.845809 0.081543 -0.085744 -0.228138 
0.702762 -0.013542 -0.849476 0.064285 -0.133724 -0.246492 
0.700129 0.122698 -0.852094 0.050749 -0.196685 -0.280654 
0.697007 0.214800 -0.853984 0.038405 -0.249135 -0.307491 
0.693287 0.267942 -0.851154 0.031296 -0.298499 -0.338285 
0.688829 0.298192 -0.837070 0.023594 -0.342141 -0.376521 
0.683464 0.312754 -0.796513 0.018773 -0.372647 -0.416340 
0.676985 0.319206 -0.697283 0.014207 -0.397914 -0.471919 
0.669144 0.322432 -0.541435 0.010335 -0.418627 -0.526636 
0.659047 0.320781 -0.379771 0.007182 -0.435346 -0.572746 
0.646565 0.319402 -0.280475 0.004934 -0.450736 -0.622331 
0.631148 0.317146 -0.219229 0.003173 -0.460689 -0.657667 
0.612180 0.313500 -0.183299 0.007411 -0.468904 -0.699095 
0.589034 0.310374 -0.165679 0.028528 -0.476509 -0.727298 
0.561156 0.304596 -0.157919 0.090814 -0.481979 -0.755263 
0.528192 0.298971 -0.154445 0.242686 -0.486899 -0.778499 
0.490131 0.291577 -0.154120 0.418152 -0.490683 -0.794731 
0.447445 0.278696 -0.155431 0.540160 -0.493805 -0.808889 
0.401151 0.267355 -0.156642 0.618142 -0.495973 -0.819171 
0.352771 0.251495 -0.158945 0.661008 -0.495296 -0.828376 
0.304164 0.237083 -0.162510 0.685985 -0.484123 -0.834735 
0.257251 0.217594 -0.165378 0.697736 -0.456546 -0.839480 
0.213728 0.178546 -0.170064 0.703182 -0.357703 -0.844158 
0.174828 0.146128 -0.176072 0.705905 -0.135839 -0.847506 
0.141204 0.108073 -0.183626 0.704477 0.055238 -0.850409 
0.112956 0.064629 -0.192343 0.702598 0.170602 -0.852735 
0.089758 0.005428 -0.204441 0.700790 0.245462 -0.854657 
0.071021 -0.039865 -0.216931 0.697365 0.285755 -0.850840 
0.056051 -0.097173 -0.232623 0.693731 0.307326 -0.836843 
0.044160 -0.152749 -0.254078 0.690441 0.316937 -0.763563 
0.034728 -0.216796 -0.283011 0.684452 0.320623 -0.653133 
0.027234 -0.263287 -0.309374 0.678090 0.321570 -0.474251 
0.021254 -0.312500 -0.349465 0.667828 0.320798 -0.332618 
0.016456 -0.353897 -0.400511 0.659355 0.318622 -0.247844 
0.012577 -0.386147 -0.442154 0.643670 0.316092 -0.200985 
0.009420 -0.404741 -0.487872 0.627299 0.312775 -0.173890 
0.006830 -0.425271 -0.542257 0.612943 0.308113 -0.160940 
0.004688 -0.439499 -0.591173 0.585559 0.303314 -0.155545 
0.002905 -0.454251 -0.628606 0.545807 0.293976 -0.153881 
0.013901 -0.464828 -0.677634 0.509250 0.285827 -0.153875 
0.052527 -0.473640 -0.713108 0.477923 0.275854 -0.154609 
0.177935 -0.480195 -0.738691 0.434732 0.261126 -0.157540 
0.421709 -0.484086 -0.765036 0.386495 0.246385 -0.160339 
0.607389 -0.488633 -0.783929 0.339539 0.223685 -0.164280 
0.678044 -0.493000 -0.798688 0.288295 0.199494 -0.168793 
0.701819 -0.495183 -0.812392 0.242829 0.166421 -0.174091 
0.711212 -0.497255 -0.821885 0.201589 0.137632 -0.180471 
0.709952 -0.492681 -0.829729 0.166330 0.084777 -0.189531 
0.708493 -0.479942 -0.835933 0.135749 0.033711 -0.201625 
0.706793 -0.420035 -0.840875 0.109801 -0.018883 -0.207673 
0.704801 -0.214391 -0.845339 0.085377 -0.080529 -0.228002 
0.702449 -0.020538 -0.848600 0.069012 -0.131117 -0.243662 
0.699681 0.119200 -0.851656 0.053112 -0.195381 -0.271411 
0.696380 0.213052 -0.853765 0.042131 -0.248484 -0.302869 
0.692419 0.267068 -0.854162 0.033159 -0.287226 -0.335974 
0.687638 0.297755 -0.840906 0.026111 -0.317545 -0.375365 
0.681837 0.312576 -0.820208 0.020032 -0.360349 -0.415763 
0.674769 0.319117 -0.709130 0.014837 -0.391068 -0.459561 
0.666134 0.322387 -0.547359 0.011321 -0.415204 -0.520457 
0.655579 0.320759 -0.382733 0.008442 -0.433634 -0.569656 
0.641920 0.319391 -0.281956 0.005564 -0.449880 -0.614738 
0.624977 0.317400 -0.219970 0.003488 -0.460261 -0.653871 
0.604078 0.313627 -0.184353 0.007568 -0.468690 -0.686549 
0.578566 0.310437 -0.165861 0.023537 -0.475569 -0.721025 
0.547912 0.306063 -0.158010 0.072198 -0.481509 -0.746099 
0.511868 0.299705 -0.154490 0.233378 -0.486664 -0.773918 
0.470633 0.291944 -0.154142 0.413498 -0.490566 -0.792440 
0.424978 0.282286 -0.155442 0.537833 -0.493502 -0.805317 
0.376271 0.269150 -0.156648 0.616979 -0.495822 -0.817385 
0.326359 0.252393 -0.158948 0.660848 -0.495220 -0.825588 
0.277312 0.237532 -0.162512 0.685905 -0.484085 -0.833341 
0.231094 0.217818 -0.165379 0.697696 -0.456527 -0.838783 
0.189261 0.178658 -0.170065 0.703162 -0.327107 -0.843809 
0.152766 0.146184 -0.176072 0.703105 -0.120541 -0.847567 
0.121930 0.108101 -0.183626 0.703077 0.062887 -0.850439 
0.096543 0.064643 -0.192343 0.701898 0.174426 -0.852750 
0.076046 0.005435 -0.204441 0.700440 0.247374 -0.854664 
0.059714 -0.039862 -0.216931 0.697190 0.286711 -0.847707 
0.046798 -0.097172 -0.232623 0.693643 0.307804 -0.835276 
0.036609 -0.165655 -0.254078 0.690398 0.317176 -0.762779 
0.028563 -0.223249 -0.283011 0.684430 0.320742 -0.626377 
0.022184 -0.266513 -0.336201 0.675482 0.321630 -0.460873 
0.017098 -0.314113 -0.362878 0.666524 0.320828 -0.325929 
0.013012 -0.354703 -0.407217 0.658703 0.318637 -0.244500 
0.009706 -0.386550 -0.445508 0.643345 0.316100 -0.199312 
0.007008 -0.404943 -0.489548 0.627136 0.312779 -0.173054 
0.004789 -0.425371 -0.543095 0.612862 0.307206 -0.160522 
0.002950 -0.443001 -0.591592 0.585518 0.300349 -0.155336 
0.001413 -0.456002 -0.642333 0.545787 0.292493 -0.153776 
0.001410 -0.465703 -0.684497 0.509240 0.283187 -0.153822 
0.013901 -0.474078 -0.716540 0.477918 0.274534 -0.154583 
0.052527 -0.480414 -0.740407 0.434729 0.260466 -0.157527 
0.177935 -0.484196 -0.765894 0.386494 0.246055 -0.160333 
0.421709 -0.488006 -0.778634 0.339538 0.228516 -0.164277 
0.607389 -0.490593 -0.794796 0.305159 0.206255 -0.167476 
0.678044 -0.493979 -0.806964 0.260417 0.187398 -0.171868 
0.701819 -0.496421 -0.817797 0.228891 0.160374 -0.176400 
0.711212 -0.497874 -0.826354 0.194619 0.115184 -0.182641 
0.709984 -0.492990 -0.832967 0.157674 0.073554 -0.190615 
0.708566 -0.460206 -0.838506 0.125810 0.028099 -0.202168 
0.706921 -0.392062 -0.843222 0.099708 -0.029423 -0.220220 
0.705000 -0.170954 -0.846689 0.075840 -0.085799 -0.235667 
0.702743 0.001180 -0.849916 0.058688 -0.156575 -0.261663 
0.700100 0.130059 -0.852523 0.047950 -0.208110 -0.288240 
0.696965 0.218481 -0.854199 0.037006 -0.254848 -0.311284 
0.693223 0.269783 -0.851261 0.028718 -0.301356 -0.340181 
0.688733 0.299112 -0.837123 0.022305 -0.343570 -0.386686 
0.683319 0.313214 -0.796540 0.017249 -0.373361 -0.429564 
0.676763 0.319436 -0.697296 0.012815 -0.398271 -0.478531 
0.668803 0.322547 -0.541442 0.009243 -0.422181 -0.529942 
0.659131 0.320838 -0.379774 0.006635 -0.437123 -0.584928 
0.646663 0.318406 -0.280476 0.004661 -0.451625 -0.628422 
0.631261 0.315351 -0.217304 0.004934 -0.461134 -0.662161 
0.612310 0.312602 -0.182336 0.014267 -0.469126 -0.701342 
0.589182 0.309925 -0.165198 0.031956 -0.476920 -0.732709 
0.561322 0.304372 -0.157678 0.092528 -0.482184 -0.757968 
0.528375 0.298859 -0.154325 0.282222 -0.487002 -0.779852 
0.490328 0.291521 -0.154059 0.437921 -0.490734 -0.795407 
0.447650 0.278668 -0.155401 0.550044 -0.493831 -0.809228 
0.401357 0.267341 -0.156627 0.623084 -0.496592 -0.819340 
0.352971 0.251488 -0.158938 0.663479 -0.495605 -0.828460 
0.304350 0.237080 -0.162506 0.687220 -0.484278 -0.834777 
0.257418 0.217592 -0.165376 0.698354 -0.433057 -0.839501 
0.213873 0.178545 -0.170063 0.703491 -0.315372 -0.844169 
0.174949 0.146128 -0.176071 0.706059 -0.114674 -0.847511 
0.141301 0.108072 -0.183625 0.704554 0.065821 -0.850411 
0.113033 0.064629 -0.192342 0.702637 0.175893 -0.852736 
0.089818 0.005428 -0.204441 0.700809 0.248107 -0.854657 
0.071067 -0.039865 -0.216931 0.697375 0.287078 -0.850841 
0.056086 -0.097173 -0.232623 0.693735 0.307987 -0.836843 
0.044187 -0.152749 -0.254078 0.690444 0.317268 -0.763563 
0.034749 -0.216796 -0.283011 0.684453 0.320788 -0.653133 
0.027250 -0.263287 -0.309374 0.678091 0.321653 -0.474251 
0.021266 -0.312500 -0.349465 0.667828 0.320840 -0.332618 
0.016465 -0.353897 -0.400511 0.659355 0.318642 -0.247844 
0.012585 -0.386147 -0.442154 0.643671 0.316103 -0.200985 
0.009426 -0.404741 -0.487872 0.627299 0.312780 -0.173890 
0.006834 -0.425271 -0.542257 0.612943 0.308115 -0.160940 
0.004692 -0.439499 -0.591173 0.585559 0.303315 -0.155545 
0.002908 -0.454251 -0.628606 0.545807 0.293977 -0.153881 
0.001410 -0.464828 -0.677634 0.509250 0.285827 -0.153875 
0.013901 -0.473640 -0.713108 0.477923 0.275854 -0.154609 
0.052527 -0.480195 -0.738691 0.434732 0.261126 -0.157540 
0.177935 -0.484086 -0.757190 0.386495 0.246385 -0.160339 
0.421709 -0.487951 -0.774282 0.339539 0.228681 -0.164280 
0.607389 -0.490566 -0.792620 0.305159 0.213366 -0.167478 
0.678044 -0.493966 -0.805876 0.272126 0.190954 -0.171868 
0.701819 -0.496252 -0.817253 0.234745 0.162151 -0.176401 
0.711212 -0.497790 -0.826082 0.197546 0.116073 -0.182641 
0.709984 -0.492948 -0.832077 0.159137 0.073998 -0.190616 
0.708566 -0.460185 -0.837107 0.130661 0.028321 -0.202168 
0.706921 -0.392052 -0.841462 0.102133 -0.029312 -0.207944 
0.705000 -0.200400 -0.845809 0.081543 -0.085744 -0.228138 
0.702743 -0.013542 -0.849476 0.064285 -0.133724 -0.246492 
0.700100 0.122698 -0.852094 0.050749 -0.196685 -0.280654 
0.696965 0.214800 -0.853984 0.038405 -0.249135 -0.307491 
0.693223 0.267942 -0.851154 0.031296 -0.298499 -0.338285 
0.688733 0.298192 -0.837070 0.023594 -0.342141 -0.376521 
0.683319 0.312754 -0.796513 0.018773 -0.372647 -0.416340 
0.676763 0.319206 -0.697283 0.014207 -0.397914 -0.471919 
0.668803 0.322432 -0.541435 0.010335 -0.418627 -0.526636 
0.659131 0.320781 -0.379771 0.007182 -0.435346 -0.572746 
0.646663 0.319402 -0.280475 0.004934 -0.450736 -0.622331 
0.631261 0.317146 -0.219229 0.003173 -0.460689 -0.657667 
0.612310 0.313500 -0.183299 0.007411 -0.468904 -0.699095 
0.589182 0.310374 -0.165679 0.028528 -0.476509 -0.727298 
0.561322 0.304596 -0.157919 0.090814 -0.481979 -0.755263 
0.528375 0.298971 -0.154445 0.242686 -0.486899 -0.778499 
0.490328 0.291577 -0.154120 0.418152 -0.490683 -0.794731 
0.447650 0.278696 -0.155431 0.540160 -0.493805 -0.808889 
0.401357 0.267355 -0.156642 0.618142 -0.495973 -0.819171 
0.352971 0.251495 -0.158945 0.661008 -0.495296 -0.828376 
0.304350 0.237083 -0.162510 0.685985 -0.484123 -0.834735 
0.257418 0.217594 -0.165378 0.697736 -0.456546 -0.839480 
0.213873 0.178546 -0.170064 0.703182 -0.357703 -0.844158 
0.174949 0.146128 -0.176072 0.705905 -0.135839 -0.847506 
0.141301 0.108073 -0.183626 0.704477 0.055238 -0.850409 
0.113033 0.064629 -0.192343 0.702598 0.170602 -0.852735 
0.089818 0.005428 -0.204441 0.700790 0.245462 -0.854657 
0.071067 -0.039865 -0.216931 0.697365 0.285755 -0.850840 
0.056086 -0.097173 -0.232623 0.693731 0.307326 -0.836843 
0.044187 -0.152749 -0.254078 0.690441 0.316937 -0.763563 
0.034749 -0.216796 -0.283011 0.684452 0.320623 -0.653133 
0.027250 -0.263287 -0.309374 0.678090 0.321570 -0.474251 
0.021266 -0.312500 -0.349465 0.667828 0.320798 -0.332618 
0.016465 -0.353897 -0.400511 0.659355 0.318622 -0.247844 
0.012585 -0.386147 -0.442154 0.643670 0.316092 -0.200985 
0.009426 -0.404741 -0.487872 0.627299 0.312775 -0.173890 
0.006834 -0.425271 -0.542257 0.612943 0.308113 -0.160940 
0.004692 -0.439499 -0.591173 0.585559 0.303314 -0.155545 
0.002908 -0.454251 -0.628606 0.545807 0.293976 -0.153881 
0.001410 -0.464828 -0.677634 0.509250 0.285827 -0.153875 
0.013901 -0.473640 -0.713108 0.477923 0.275854 -0.154609 
0.052527 -0.480195 -0.738691 0.434732 0.261126 -0.157540 
0.177935 -0.484086 -0.757190 0.386495 0.246385 -0.160339 
0.421709 -0.487951 -0.774282 0.339539 0.228681 -0.164280 
0.607389 -0.490566 -0.792620 0.305159 0.213366 -0.167478 
0.678044 -0.493966 -0.805876 0.272126 0.190954 -0.171868 
0.701819 -0.496252 -0.817253 0.234745 0.162151 -0.176401 
0.711212 -0.497790 -0.826082 0.197546 0.116073 -0.182641 
0.709984 -0.492948 -0.832077 0.159137 0.073998 -0.190616 
0.708566 -0.460185 -0.837107 0.130661 0.028321 -0.202168 
0.706921 -0.392052 -0.841462 0.102133 -0.029312 -0.207944 
0.705000 -0.200400 -0.845809 0.081543 -0.085744 -0.228138 
0.702743 -0.013542 -0.849476 0.064285 -0.133724 -0.246492 
0.700100 0.122698 -0.852094 0.050749 -0.196685 -0.280654 
0.696965 0.214800 -0.853984 0.038405 -0.249135 -0.307491 
0.693223 0.267942 -0.851154 0.031296 -0.298499 -0.338285 
0.688733 0.298192 -0.837070 0.023594 -0.342141 -0.376521 
0.683319 0.312754 -0.796513 0.018773 -0.372647 -0.416340 
0.676763 0.319206 -0.697283 0.014207 -0.397914 -0.471919 
0.668803 0.322432 -0.541435 0.010335 -0.418627 -0.526636 
0.659131 0.320781 -0.379771 0.007182 -0.435346 -0.572746 
0.646663 0.319402 -0.280475 0.004934 -0.450736 -0.622331 
0.631261 0.317146 -0.219229 0.003173 -0.460689 -0.657667 
0.612310 0.313500 -0.183299 0.007411 -0.468904 -0.699095 
0.589182 0.310374 -0.165679 0.028528 -0.476509 -0.727298 
0.561322 0.304596 -0.157919 0.090814 -0.481979 -0.755263 
0.528375 0.298971 -0.154445 0.242686 -0.486899 -0.778499 
0.490328 0.291577 -0.154120 0.418152 -0.490683 -0.794731 
0.447650 0.278696 -0.155431 0.540160 -0.493805 -0.808889 
0.401357 0.267355 -0.156642 0.618142 -0.495973 -0.819171 
0.352971 0.251495 -0.158945 0.661008 -0.495296 -0.828376 
0.304350 0.237083 -0.162510 0.685985 -0.484123 -0.834735 
0.257418 0.217594 -0.165378 0.697736 -0.456546 -0.839480 
0.213873 0.178546 -0.170064 0.703182 -0.357703 -0.844158 
0.174949 0.146128 -0.176072 0.705905 -0.135839 -0.847506 
0.141301 0.108073 -0.183626 0.704477 0.055238 -0.850409 
0.113033 0.064629 -0.192343 0.702598 0.170602 -0.852735 
0.089818 0.005428 -0.204441 0.700790 0.245462 -0.854657 
0.071067 -0.039865 -0.216931 0.697365 0.285755 -0.850840 
0.056086 -0.097173 -0.232623 0.693731 0.307326 -0.836843 
0.044187 -0.152749 -0.254078 0.690441 0.316937 -0.763563 
0.034749 -0.216796 -0.283011 0.684452 0.320623 -0.653133 
0.027250 -0.263287 -0.309374 0.678090 0.321570 -0.474251 
0.021266 -0.312500 -0.349465 0.667828 0.320798 -0.332618 
0.016465 -0.353897 -0.400511 0.659355 0.318622 -0.247844 
0.012585 -0.386147 -0.442154 0.643670 0.316092 -0.200985 
0.009426 -0.404741 -0.487872 0.627299 0.312775 -0.173890 
0.006834 -0.425271 -0.542257 0.612943 0.308113 -0.160940 
0.004692 -0.439499 -0.591173 0.585559 0.303314 -0.155545 
0.002908 -0.454251 -0.628606 0.545807 0.293976 -0.153881 
0.001410 -0.464828 -0.677634 0.509250 0.285827 -0.153875 
0.013901 -0.473640 -0.713108 0.477923 0.275854 -0.154609 
0.052527 -0.480195 -0.738691 0.434732 0.261126 -0.157540 
0.177935 -0.484086 -0.757190 0.386495 0.246385 -0.160339 
0.421709 -0.487951 -0.774282 0.339539 0.228681 -0.164280 
0.607389 -0.490566 -0.792620 0.305159 0.213366 -0.167478 
0.678044 -0.493966 -0.805876 0.272126 0.190954 -0.171868 
0.701819 -0.496252 -0.817253 0.234745 0.162151 -0.176401 
0.711212 -0.497790 -0.826082 0.197546 0.116073 -0.182641 
0.709984 -0.492948 -0.832077 0.159137 0.073998 -0.190616 
0.708566 -0.460185 -0.837107 0.130661 0.028321 -0.202168 
0.706921 -0.392052 -0.841462 0.102133 -0.029312 -0.207944 
0.705000 -0.200400 -0.845809 0.081543 -0.085744 -0.228138 
0.702743 -0.013542 -0.849476 0.064285 -0.133724 -0.246492 
0.700100 0.122698 -0.852094 0.050749 -0.196685 -0.280654 
0.696965 0.214800 -0.853984 0.038405 -0.249135 -0.307491 
0.693223 0.267942 -0.851154 0.031296 -0.298499 -0.338285 
0.688733 0.298192 -0.837070 0.023594 -0.342141 -0.376521 
0.683319 0.312754 -0.796513 0.018773 -0.372647 -0.416340 
0.676763 0.319206 -0.697283 0.014207 -0.397914 -0.471919 
0.668803 0.322432 -0.541435 0.010335 -0.418627 -0.526636 
0.659131 0.320781 -0.379771 0.007182 -0.435346 -0.572746 
0.646663 0.319402 -0.280475 0.004934 -0.450736 -0.622331 
0.631261 0.317146 -0.219229 0.003173 -0.460689 -0.657667 
0.612310 0.313500 -0.183299 0.007411 -0.468904 -0.699095 
0.589182 0.310374 -0.165679 0.028528 -0.476509 -0.727298 
0.561322 0.304596 -0.157919 0.090814 -0.481979 -0.755263 
0.528375 0.298971 -0.154445 0.242686 -0.486899 -0.778499 
0.490328 0.291577 -0.154120 0.418152 -0.490683 -0.794731 
0.447650 0.278696 -0.155431 0.540160 -0.493805 -0.808889 
0.401357 0.267355 -0.156642 0.618142 -0.495973 -0.819171 
0.352971 0.251495 -0.158945 0.661008 -0.495296 -0.828376 
0.304350 0.237083 -0.162510 0.685985 -0.484123 -0.834735 
0.257418 0.217594 -0.165378 0.697736 -0.456546 -0.839480 
0.213873 0.178546 -0.170064 0.703182 -0.357703 -0.844158 
0.174949 0.146128 -0.176072 0.705905 -0.135839 -0.847506 
0.141301 0.108073 -0.183626 0.704477 0.055238 -0.850409 
0.113033 0.064629 -0.192343 0.702598 0.170602 -0.852735 
0.089818 0.005428 -0.204441 0.700790 0.245462 -0.854657 
0.071067 -0.039865 -0.216931 0.697365 0.285755 -0.850840 
0.056086 -0.097173 -0.232623 0.693731 0.307326 -0.836843 
0.044187 -0.152749 -0.254078 0.690441 0.316937 -0.763563 
0.034749 -0.216796 -0.283011 0.684452 0.320623 -0.653133 
0.027250 -0.263287 -0.309374 0.678090 0.321570 -0.474251 
0.021266 -0.312500 -0.349465 0.667828 0.320798 -0.332618 
0.016465 -0.353897 -0.400511 0.659355 0.318622 -0.247844 
0.012585 -0.386147 -0.442154 0.643670 0.316092 -0.200985 
0.009426 -0.404741 -0.487872 0.627299 0.312775 -0.173890 
0.006834 -0.425271 -0.542257 0.612943 0.308113 -0.160940 
0.004692 -0.439499 -0.591173 0.585559 0.303314 -0.155545 
0.002908 -0.454251 -0.628606 0.545807 0.293976 -0.153881 
0.001410 -0.464828 -0.677634 0.509250 0.285827 -0.153875 
0.013901 -0.473640 -0.713108 0.477923 0.275854 -0.154609 
0.052527 -0.480195 -0.738691 0.434732 0.261126 -0.157540 
0.177935 -0.484086 -0.757190 0.386495 0.246385 -0.160339 
0.421709 -0.487951 -0.774282 0.339539 0.228681 -0.164280 
0.607389 -0.490566 -0.792620 0.305159 0.213366 -0.167478 
0.678044 -0.493966 -0.805876 0.272126 0.190954 -0.171868 
0.701819 -0.496252 -0.817253 0.234745 0.162151 -0.176401 
0.711212 -0.497790 -0.826082 0.197546 0.116073 -0.182641 
0.709984 -0.492948 -0.832077 0.159137 0.073998 -0.190616 
0.708566 -0.460185 -0.837107 0.130661 0.028321 -0.202168 
0.706921 -0.392052 -0.841462 0.102133 -0.029312 -0.207944 
0.705000 -0.200400 -0.845809 0.081543 -0.085744 -0.228138 
0.702743 -0.013542 -0.849476 0.064285 -0.133724 -0.246492 
0.700100 0.122698 -0.852094 0.050749 -0.196685 -0.280654 
0.696965 0.214800 -0.853984 0.038405 -0.249135 -0.307491 
0.693223 0.267942 -0.851154 0.031296 -0.298499 -0.338285 
0.688733 0.298192 -0.837070 0.023594 -0.342141 -0.376521 
0.683319 0.312754 -0.796513 0.018773 -0.372647 -0.416340 
0.676763 0.319206 -0.697283 0.014207 -0.397914 -0.471919 
0.668803 0.322432 -0.541435 0.010335 -0.418627 -0.526636 
0.659131 0.320781 -0.379771 0.007182 -0.435346 -0.572746 
0.646663 0.319402 -0.280475 0.004934 -0.450736 -0.622331 
0.631261 0.317146 -0.219229 0.003173 -0.460689 -0.657667 
0.612310 0.313500 -0.183299 0.007411 -0.468904 -0.699095 
0.589182 0.310374 -0.165679 0.028528 -0.476509 -0.727298 
0.561322 0.304596 -0.157919 0.090814 -0.481979 -0.755263 
0.528375 0.298971 -0.154445 0.242686 -0.486899 -0.778499 
0.490328 0.291577 -0.154120 0.418152 -0.490683 -0.794731 
0.447650 0.278696 -0.155431 0.540160 -0.493805 -0.808889 
0.401357 0.267355 -0.156642 0.618142 -0.495973 -0.819171 
0.352971 0.251495 -0.158945 0.661008 -0.495296 -0.828376 
0.304350 0.237083 -0.162510 0.685985 -0.484123 -0.834735 
0.257418 0.217594 -0.165378 0.697736 -0.456546 -0.839480 
0.213873 0.178546 -0.170064 0.703182 -0.357703 -0.844158 
0.174949 0.146128 -0.176072 0.705905 -0.135839 -0.847506 
0.141301 0.108073 -0.183626 0.704477 0.055238 -0.850409 
0.113033 0.064629 -0.192343 0.702598 0.170602 -0.852735 
0.089818 0.005428 -0.204441 0.700790 0.245462 -0.854657 
0.071067 -0.039865 -0.216931 0.697365 0.285755 -0.850840 
0.056086 -0.097173 -0.232623 0.693731 0.307326 -0.836843 
0.044187 -0.152749 -0.254078 0.690441 0.316937 -0.763563 
0.034749 -0.216796 -0.283011 0.684452 0.320623 -0.653133 
0.027250 -0.263287 -0.309374 0.678090 0.321570 -0.474251 
0.021266 -0.312500 -0.349465 0.667828 0.320798 -0.332618 
0.016465 -0.353897 -0.400511 0.659355 0.318622 -0.247844 
0.012585 -0.386147 -0.442154 0.643670 0.316092 -0.200985 
0.009426 -0.404741 -0.487872 0.627299 0.312775 -0.173890 
0.006834 -0.425271 -0.542257 0.612943 0.308113 -0.160940 
0.004692 -0.439499 -0.591173 0.585559 0.303314 -0.155545 
0.002908 -0.454251 -0.628606 0.545807 0.293976 -0.153881 
0.001410 -0.464828 -0.677634 0.509250 0.285827 -0.153875 
0.013901 -0.473640 -0.713108 0.477923 0.275854 -0.154609 
0.052527 -0.480195 -0.738691 0.434732 0.261126 -0.157540 
0.177935 -0.484086 -0.757190 0.386495 0.246385 -0.160339 
0.421709 -0.487951 -0.774282 0.339539 0.228681 -0.164280 
0.607389 -0.490566 -0.792620 0.305159 0.213366 -0.167478 
0.678044 -0.493966 -0.805876 0.272126 0.190954 -0.171868 
0.701819 -0.496252 -0.817253 0.234745 0.162151 -0.176401 
0.711212 -0.497790 -0.826082 0.197546 0.116073 -0.182641 
0.709984 -0.492948 -0.832077 0.159137 0.073998 -0.190616 
0.708566 -0.460185 -0.837107 0.130661 0.028321 -0.202168 
0.706921 -0.392052 -0.841462 0.102133 -0.029312 -0.207944 
0.705000 -0.200400 -0.845809 0.081543 -0.085744 -0.228138 
0.702762 -0.013542 -0.849476 0.064285 -0.133724 -0.246492 
0.700129 0.122698 -0.852094 0.050749 -0.196685 -0.280654 
0.697007 0.214800 -0.853984 0.038405 -0.249135 -0.307491 
0.693287 0.267942 -0.851154 0.031296 -0.298499 -0.338285 
0.688829 0.298192 -0.837070 0.023594 -0.342141 -0.376521 
0.683464 0.312754 -0.796513 0.018773 -0.372647 -0.416340 
0.676985 0.319206 -0.697283 0.014207 -0.397914 -0.471919 
0.669144 0.322432 -0.541435 0.010335 -0.418627 -0.526636 
0.659131 0.320781 -0.379771 0.007182 -0.435346 -0.572746 
0.646661 0.319402 -0.280475 0.004934 -0.450736 -0.622331 
0.631255 0.317146 -0.219229 0.003173 -0.460689 -0.657667 
0.612300 0.313500 -0.183299 0.007411 -0.468904 -0.699095 
0.589167 0.310374 -0.165679 0.028528 -0.476509 -0.727298 
0.561302 0.304596 -0.157919 0.090814 -0.481979 -0.755263 
0.528348 0.298971 -0.154445 0.242686 -0.486899 -0.778499 
0.490295 0.291577 -0.154120 0.418152 -0.490683 -0.794731 
0.447610 0.278696 -0.155431 0.540160 -0.493805 -0.808889 
0.401312 0.267355 -0.156642 0.618142 -0.495973 -0.819171 
0.352923 0.251495 -0.158945 0.661008 -0.495296 -0.828376 
0.304301 0.237083 -0.162510 0.685985 -0.484123 -0.834735 
0.257370 0.217594 -0.165378 0.697736 -0.456546 -0.839480 
0.213828 0.178546 -0.170064 0.703182 -0.357703 -0.844158 
0.174908 0.146128 -0.176072 0.705905 -0.135839 -0.847506 
0.141266 0.108073 -0.183626 0.704477 0.055238 -0.850409 
0.113004 0.064629 -0.192343 0.702598 0.170602 -0.852735 
0.089793 0.005428 -0.204441 0.700790 0.245462 -0.854657 
0.071047 -0.039865 -0.216931 0.697365 0.285755 -0.850840 
0.056070 -0.097173 -0.232623 0.693731 0.307326 -0.836843 
0.044174 -0.152749 -0.254078 0.690441 0.316937 -0.763563 
0.034738 -0.216796 -0.283011 0.684452 0.320623 -0.653133 
0.027241 -0.263287 -0.309374 0.678090 0.321570 -0.474251 
0.021260 -0.312500 -0.349465 0.667828 0.320798 -0.332618 
0.016459 -0.353897 -0.400511 0.659355 0.318622 -0.247844 
0.012580 -0.386147 -0.442154 0.643670 0.316092 -0.200985 
0.009422 -0.404741 -0.487872 0.627299 0.312775 -0.173890 
0.006831 -0.425271 -0.542257 0.612943 0.308113 -0.160940 
0.004690 -0.439499 -0.591173 0.585559 0.303314 -0.155545 
0.002906 -0.454251 -0.628606 0.545807 0.293976 -0.153881 
0.001409 -0.464828 -0.677634 0.509250 0.285827 -0.153875 
0.013896 -0.473640 -0.713108 0.477923 0.275854 -0.154609 
0.052513 -0.480195 -0.738691 0.434732 0.261126 -0.157540 
0.177895 -0.484086 -0.757190 0.386495 0.246385 -0.160339 
0.421657 -0.487951 -0.774282 0.339539 0.228681 -0.164280 
0.607364 -0.490566 -0.792620 0.305159 0.213366 -0.167478 
0.678035 -0.493966 -0.805876 0.272126 0.190954 -0.171868 
0.701816 -0.496252 -0.817253 0.234745 0.162151 -0.176401 
0.711210 -0.497790 -0.826082 0.197546 0.116073 -0.182641 
0.709982 -0.492948 -0.832077 0.159137 0.073998 -0.190616 
0.708564 -0.460185 -0.837107 0.130661 0.028321 -0.202168 
0.706918 -0.392052 -0.841462 0.102133 -0.029312 -0.207944 
0.704997 -0.200400 -0.845809 0.081543 -0.085744 -0.228138 
0.702760 -0.013542 -0.849476 0.064285 -0.133724 -0.246492 
0.700122 0.122698 -0.852094 0.050749 -0.196685 -0.280654 
0.696992 0.214800 -0.853984 0.038405 -0.249135 -0.307491 
0.693256 0.267942 -0.851154 0.031296 -0.298499 -0.338285 
0.688773 0.298192 -0.837070 0.023594 -0.342141 -0.376521 
0.683363 0.312754 -0.796513 0.018773 -0.372647 -0.416340 
0.676807 0.319206 -0.697283 0.014207 -0.397914 -0.471919 
0.668837 0.322432 -0.541435 0.010335 -0.418627 -0.526636 
0.659045 0.320781 -0.379771 0.007182 -0.435346 -0.572746 
0.646561 0.319402 -0.280475 0.004934 -0.450736 -0.622331 
0.631140 0.317146 -0.219229 0.003173 -0.460689 -0.657667 
0.612168 0.313500 -0.183299 0.007411 -0.468904 -0.699095 
0.589016 0.310374 -0.165679 0.028528 -0.476509 -0.727298 
0.561133 0.304596 -0.157919 0.090814 -0.481979 -0.755263 
0.528162 0.298971 -0.154445 0.242686 -0.486899 -0.778499 
0.490095 0.291577 -0.154120 0.418152 -0.490683 -0.794731 
0.447402 0.278696 -0.155431 0.540160 -0.493805 -0.808889 
0.401103 0.267355 -0.156642 0.618142 -0.495973 -0.819171 
0.352721 0.251495 -0.158945 0.661008 -0.495296 -0.828376 
0.304112 0.237083 -0.162510 0.685985 -0.484123 -0.834735 
0.257201 0.217594 -0.165378 0.697736 -0.456546 -0.839480 
0.213682 0.178546 -0.170064 0.703182 -0.357703 -0.844158 
0.174786 0.146128 -0.176072 0.705905 -0.135839 -0.847506 
0.141168 0.108073 -0.183626 0.704477 0.055238 -0.850409 
0.112926 0.064629 -0.192343 0.702598 0.170602 -0.852735 
0.089733 0.005428 -0.204441 0.700790 0.245462 -0.854657 
0.071001 -0.039865 -0.216931 0.697365 0.285755 -0.850840 
0.056035 -0.097173 -0.232623 0.693731 0.307326 -0.836843 
0.044147 -0.152749 -0.254078 0.690441 0.316937 -0.763563 
0.034718 -0.216796 -0.283011 0.684452 0.320623 -0.653133 
0.027226 -0.263287 -0.309374 0.678090 0.321570 -0.474251 
0.021248 -0.312500 -0.349465 0.667828 0.320798 -0.332618 
0.016450 -0.353897 -0.400511 0.659355 0.318622 -0.247844 
0.012573 -0.386147 -0.442154 0.643670 0.316092 -0.200985 
0.009417 -0.404741 -0.487872 0.627299 0.312775 -0.173890 
0.006827 -0.425271 -0.542257 0.612943 0.308113 -0.160940 
0.004686 -0.439499 -0.591173 0.585559 0.303314 -0.155545 
0.002903 -0.454251 -0.628606 0.545807 0.293976 -0.153881 
0.013896 -0.464828 -0.677634 0.509250 0.285827 -0.153875 
0.052513 -0.473640 -0.713108 0.477923 0.275854 -0.154609 
0.177895 -0.480195 -0.738691 0.434732 0.261126 -0.157540 
0.421657 -0.484086 -0.765036 0.386495 0.246385 -0.160339 
0.607364 -0.488633 -0.783929 0.339539 0.223685 -0.164280 
0.678035 -0.493000 -0.798688 0.288295 0.199494 -0.168793 
0.701816 -0.495183 -0.812392 0.242829 0.166421 -0.174091 
0.711210 -0.497255 -0.821885 0.201589 0.137632 -0.180471 
0.711208 -0.492681 -0.829729 0.166330 0.084777 -0.189531 
0.709948 -0.479942 -0.835933 0.135749 0.033711 -0.201625 
0.708489 -0.420035 -0.840875 0.109801 -0.018883 -0.207673 
0.706788 -0.214391 -0.845339 0.085377 -0.080529 -0.228002 
0.704798 -0.020538 -0.848600 0.069012 -0.131117 -0.243662 
0.702468 0.119200 -0.851656 0.053112 -0.195381 -0.271411 
0.699710 0.213052 -0.853765 0.042131 -0.248484 -0.302869 
0.696424 0.267068 -0.854162 0.033159 -0.287226 -0.335974 
0.692485 0.297755 -0.840906 0.026111 -0.317545 -0.375365 
0.687738 0.312576 -0.820208 0.020032 -0.360349 -0.415763 
0.681989 0.319117 -0.709130 0.014837 -0.391068 -0.459561 
0.675003 0.322387 -0.547359 0.011321 -0.415204 -0.520457 
0.666495 0.320759 -0.382733 0.008442 -0.433634 -0.569656 
0.655489 0.319391 -0.281956 0.005564 -0.449880 -0.614738 
0.641816 0.317400 -0.219970 0.003488 -0.460261 -0.653871 
0.624856 0.313627 -0.184353 0.007568 -0.468690 -0.686549 
0.603939 0.310437 -0.165861 0.023537 -0.475569 -0.721025 
0.578408 0.306063 -0.158010 0.072198 -0.481509 -0.746099 
0.547735 0.299705 -0.154490 0.233378 -0.486664 -0.773918 
0.511674 0.291944 -0.154142 0.413498 -0.490566 -0.792440 
0.470427 0.282286 -0.155442 0.537833 -0.493502 -0.805317 
0.424766 0.269150 -0.156648 0.611710 -0.495822 -0.817385 
0.376062 0.252393 -0.158948 0.658214 -0.495220 -0.825588 
0.326161 0.237532 -0.160969 0.684588 -0.484085 -0.832068 
0.277131 0.217818 -0.164607 0.697038 -0.456527 -0.838146 
0.230936 0.187629 -0.169679 0.702833 -0.357694 -0.843491 
0.189127 0.150670 -0.175879 0.705730 -0.135835 -0.847172 
0.152657 0.110343 -0.183529 0.704390 0.055240 -0.850242 
0.121843 0.065764 -0.192294 0.702555 0.165070 -0.852651 
0.096475 0.005995 -0.204417 0.700768 0.242696 -0.854615 
0.075994 -0.039581 -0.216919 0.698427 0.284372 -0.852220 
0.059675 -0.097032 -0.232617 0.694262 0.306635 -0.837533 
0.046768 -0.152679 -0.254075 0.690707 0.316859 -0.802935 
0.036587 -0.199508 -0.283009 0.684584 0.321255 -0.672819 
0.028546 -0.254643 -0.309373 0.678156 0.321887 -0.484094 
0.022171 -0.308178 -0.349464 0.667861 0.320956 -0.354746 
0.017087 -0.351736 -0.400511 0.659371 0.318701 -0.258908 
0.013004 -0.373515 -0.442154 0.648651 0.316132 -0.206516 
0.009700 -0.398425 -0.487872 0.629789 0.312795 -0.176656 
0.007003 -0.422113 -0.542257 0.614188 0.308123 -0.162323 
0.004785 -0.437920 -0.591173 0.586181 0.303319 -0.156237 
0.002946 -0.453461 -0.628606 0.546119 0.293978 -0.153607 
0.001410 -0.464433 -0.677634 0.509406 0.285828 -0.153738 
0.011791 -0.471091 -0.702319 0.478001 0.275855 -0.154540 
0.039506 -0.478920 -0.733296 0.434770 0.261126 -0.157506 
0.120854 -0.483449 -0.754492 0.404337 0.247142 -0.160322 
0.306976 -0.487632 -0.772933 0.371298 0.229059 -0.161731 
0.521371 -0.490406 -0.787877 0.321039 0.213555 -0.164976 
0.640055 -0.493886 -0.799418 0.280091 0.191048 -0.169150 
0.685605 -0.495626 -0.812757 0.247884 0.166126 -0.172705 
0.703294 -0.497244 -0.822068 0.210463 0.137484 -0.179778 
0.709952 -0.493874 -0.830070 0.170761 0.103739 -0.184330 
0.708493 -0.480538 -0.836103 0.137965 0.055888 -0.191460 
0.706793 -0.431330 -0.840965 0.115953 0.012139 -0.202590 
0.704801 -0.292182 -0.844899 0.088452 -0.051192 -0.220431 
0.702449 -0.106580 -0.848380 0.070212 -0.116449 -0.242639 
0.699681 0.076179 -0.850896 0.053719 -0.171900 -0.265149 
0.696380 0.187778 -0.853291 0.042434 -0.215772 -0.289939 
0.692419 0.254098 -0.853042 0.033311 -0.270871 -0.324228 
0.687638 0.287591 -0.849520 0.026187 -0.309367 -0.369492 
0.681837 0.307494 -0.824515 0.020715 -0.347575 -0.412828 
0.674769 0.316807 -0.756519 0.015971 -0.380633 -0.458092 
0.666134 0.321232 -0.614261 0.011849 -0.405566 -0.504468 
0.655579 0.320181 -0.449066 0.008706 -0.425818 -0.550695 
0.641920 0.319656 -0.321919 0.006201 -0.442135 -0.595304 
0.624977 0.317739 -0.243022 0.004088 -0.456353 -0.645602 
0.604078 0.315664 -0.196528 0.007868 -0.466738 -0.682415 
0.578566 0.311456 -0.171941 0.015734 -0.474589 -0.717656 
0.547912 0.306572 -0.160000 0.058848 -0.479652 -0.744415 
0.511868 0.299959 -0.155079 0.159283 -0.484606 -0.763821 
0.470633 0.292071 -0.153528 0.327187 -0.489106 -0.784496 
0.424978 0.282350 -0.153661 0.483623 -0.492772 -0.801345 
0.376271 0.269182 -0.156287 0.584605 -0.495457 -0.813125 
0.326359 0.252408 -0.158236 0.644239 -0.495183 -0.823458 
0.277312 0.237780 -0.160613 0.676859 -0.490737 -0.831003 
0.231094 0.213293 -0.164841 0.693186 -0.459853 -0.837530 
0.189261 0.185367 -0.169796 0.700907 -0.359357 -0.842157 
0.152766 0.153301 -0.175937 0.704767 -0.232713 -0.846505 
0.121930 0.123496 -0.183558 0.703908 -0.034427 -0.849383 
0.096543 0.072598 -0.192385 0.702866 0.120236 -0.851839 
0.076046 0.020695 -0.204462 0.700924 0.216488 -0.853987 
0.059714 -0.032231 -0.212781 0.698505 0.270077 -0.850505 
0.046798 -0.087145 -0.230680 0.695242 0.299481 -0.836676 
0.036609 -0.147735 -0.253107 0.691197 0.313282 -0.802506 
0.028563 -0.208420 -0.280016 0.686689 0.319467 -0.688570 
0.022184 -0.259099 -0.307877 0.679209 0.321563 -0.527425 
0.017098 -0.300941 -0.348634 0.672872 0.320782 -0.386044 
0.013012 -0.331327 -0.381528 0.661635 0.318613 -0.288515 
0.009706 -0.363310 -0.432663 0.649783 0.317011 -0.221320 
0.007008 -0.390854 -0.471084 0.638885 0.313213 -0.184201 
0.004789 -0.414264 -0.521257 0.618281 0.308332 -0.166101 
0.002950 -0.433995 -0.573637 0.596741 0.303424 -0.157879 
0.001413 -0.449284 -0.619839 0.577457 0.296043 -0.154428 
0.001410 -0.462344 -0.663264 0.541757 0.286860 -0.153622 
0.013901 -0.471127 -0.705923 0.494176 0.276371 -0.154482 
0.052527 -0.477393 -0.740036 0.451951 0.267728 -0.157477 
0.177935 -0.482686 -0.757862 0.412928 0.253023 -0.159478 
0.421709 -0.486626 -0.774618 0.375593 0.236399 -0.161309 
0.607389 -0.489903 -0.792788 0.323186 0.217225 -0.165992 
0.678044 -0.493634 -0.805960 0.281139 0.192883 -0.170907 
0.701819 -0.496086 -0.817295 0.239252 0.163116 -0.175920 
0.711212 -0.497707 -0.826103 0.199800 0.116556 -0.182401 
0.709984 -0.492907 -0.832841 0.160264 0.074239 -0.190495 
0.708566 -0.460165 -0.838443 0.127105 0.028442 -0.202108 
0.706921 -0.392042 -0.843191 0.100356 -0.029252 -0.220190 
0.705000 -0.170944 -0.846673 0.076164 -0.085713 -0.235652 
0.702743 0.001186 -0.849908 0.058850 -0.156532 -0.261656 
0.700100 0.130062 -0.852519 0.048031 -0.208089 -0.288236 
0.696965 0.218482 -0.854197 0.037046 -0.254837 -0.311282 
0.693223 0.269783 -0.851260 0.028739 -0.301350 -0.340180 
0.688733 0.299112 -0.837123 0.022315 -0.343567 -0.386686 
0.683319 0.313214 -0.796539 0.017254 -0.373360 -0.429564 
0.676763 0.319436 -0.697296 0.012818 -0.398270 -0.478531 
0.668803 0.322547 -0.541442 0.009244 -0.422181 -0.529941 
0.659131 0.320838 -0.379774 0.006636 -0.437123 -0.584927 
0.646663 0.318406 -0.280476 0.004661 -0.451625 -0.628422 
0.631261 0.315351 -0.217304 0.004935 -0.461134 -0.662161 
0.612310 0.312602 -0.182336 0.014267 -0.469126 -0.701342 
0.589182 0.309925 -0.165198 0.031956 -0.476920 -0.732709 
0.561322 0.304372 -0.157678 0.092528 -0.482184 -0.757968 
0.528375 0.298859 -0.154325 0.282222 -0.487002 -0.779852 
0.490328 0.291521 -0.154059 0.437921 -0.490734 -0.795407 
0.447650 0.278668 -0.155401 0.550044 -0.493831 -0.809228 
0.401357 0.267341 -0.156627 0.623084 -0.496592 -0.819340 
0.352971 0.251488 -0.158938 0.663479 -0.495605 -0.828460 
0.304350 0.237080 -0.162506 0.687220 -0.484278 -0.834777 
0.257418 0.217592 -0.165376 0.698354 -0.433057 -0.839501 
0.213873 0.178545 -0.170063 0.703491 -0.315372 -0.844169 
0.174949 0.146128 -0.176071 0.706059 -0.114674 -0.847511 
0.141301 0.108072 -0.183625 0.704554 0.065821 -0.850411 
0.113033 0.064629 -0.192342 0.702637 0.175893 -0.852736 
0.089818 0.005428 -0.204441 0.700809 0.248107 -0.854657 
0.071067 -0.039865 -0.216931 0.697375 0.287078 -0.850841 
0.056086 -0.097173 -0.232623 0.693735 0.307987 -0.836843 
0.044187 -0.152749 -0.254078 0.690444 0.317268 -0.763563 
0.034749 -0.216796 -0.283011 0.684453 0.320788 -0.653133 
0.027250 -0.263287 -0.309374 0.678091 0.321653 -0.474251 
0.021266 -0.312500 -0.349465 0.667828 0.320840 -0.332618 
0.016465 -0.353897 -0.400511 0.659355 0.318642 -0.247844 
0.012585 -0.386147 -0.442154 0.643671 0.316103 -0.200985 
0.009426 -0.404741 -0.487872 0.627299 0.312780 -0.173890 
0.006834 -0.425271 -0.542257 0.612943 0.308115 -0.160940 
0.004692 -0.439499 -0.591173 0.585559 0.303315 -0.155545 
0.002908 -0.454251 -0.628606 0.545807 0.293977 -0.153881 
0.001410 -0.464828 -0.677634 0.509250 0.285827 -0.153875 
0.013901 -0.473640 -0.713108 0.477923 0.275854 -0.154609 
0.052527 -0.480195 -0.738691 0.434732 0.261126 -0.157540 
0.177935 -0.484086 -0.757190 0.386495 0.246385 -0.160339 
0.421709 -0.487951 -0.774282 0.339539 0.228681 -0.164280 
0.607389 -0.490566 -0.792620 0.305159 0.213366 -0.167478 
0.678044 -0.493966 -0.805876 0.272126 0.190954 -0.171868 
0.701819 -0.496252 -0.817253 0.234745 0.162151 -0.176401 
0.711212 -0.497790 -0.826082 0.197546 0.116073 -0.182641 
0.709984 -0.492948 -0.832077 0.159137 0.073998 -0.190616 
0.708566 -0.460185 -0.837107 0.130661 0.028321 -0.202168 
0.706921 -0.392052 -0.841462 0.102133 -0.029312 -0.207944 
0.705000 -0.200400 -0.845809 0.081543 -0.085744 -0.228138 
0.702743 -0.013542 -0.849476 0.064285 -0.133724 -0.246492 
0.700100 0.122698 -0.852094 0.050749 -0.196685 -0.280654 
0.696965 0.214800 -0.853984 0.038405 -0.249135 -0.307491 
0.693223 0.267942 -0.851154 0.031296 -0.298499 -0.338285 
0.688733 0.298192 -0.837070 0.023594 -0.342141 -0.376521 
0.683319 0.312754 -0.796513 0.018773 -0.372647 -0.416340 
0.676763 0.319206 -0.697283 0.014207 -0.397914 -0.471919 
0.668803 0.322432 -0.541435 0.010335 -0.418627 -0.526636 
0.659131 0.320781 -0.379771 0.007182 -0.435346 -0.572746 
0.646663 0.319402 -0.280475 0.004934 -0.450736 -0.622331 
0.631261 0.317146 -0.219229 0.003173 -0.460689 -0.657667 
0.612310 0.313500 -0.183299 0.007411 -0.468904 -0.699095 
0.589182 0.310374 -0.165679 0.028528 -0.476509 -0.727298 
0.561322 0.304596 -0.157919 0.090814 -0.481979 -0.755263 
0.528375 0.298971 -0.154445 0.242686 -0.486899 -0.778499 
0.490328 0.291577 -0.154120 0.418152 -0.490683 -0.794731 
0.447650 0.278696 -0.155431 0.540160 -0.493805 -0.808889 
0.401357 0.267355 -0.156642 0.618142 -0.495973 -0.819171 
0.352971 0.251495 -0.158945 0.661008 -0.495296 -0.828376 
0.304350 0.237083 -0.162510 0.685985 -0.484123 -0.834735 
0.257418 0.217594 -0.165378 0.697736 -0.456546 -0.839480 
0.213873 0.178546 -0.170064 0.703182 -0.357703 -0.844158 
0.174949 0.146128 -0.176072 0.705905 -0.135839 -0.847506 
0.141301 0.108073 -0.183626 0.704477 0.055238 -0.850409 
0.113033 0.064629 -0.192343 0.702598 0.170602 -0.852735 
0.089818 0.005428 -0.204441 0.700790 0.245462 -0.854657 
0.071067 -0.039865 -0.216931 0.697365 0.285755 -0.850840 
0.056086 -0.097173 -0.232623 0.693731 0.307326 -0.836843 
0.044187 -0.152749 -0.254078 0.690441 0.316937 -0.763563 
0.034749 -0.216796 -0.283011 0.684452 0.320623 -0.653133 
0.027250 -0.263287 -0.309374 0.678090 0.321570 -0.474251 
0.021266 -0.312500 -0.349465 0.667828 0.320798 -0.332618 
0.016465 -0.353897 -0.400511 0.659355 0.318622 -0.247844 
0.012585 -0.386147 -0.442154 0.643670 0.316092 -0.200985 
0.009426 -0.404741 -0.487872 0.627299 0.312775 -0.173890 
0.006834 -0.425271 -0.542257 0.612943 0.308113 -0.160940 
0.004692 -0.439499 -0.591173 0.585559 0.303314 -0.155545 
0.002908 -0.454251 -0.628606 0.545807 0.293976 -0.153881 
0.001410 -0.464828 -0.677634 0.509250 0.285827 -0.153875 
0.013901 -0.473640 -0.713108 0.477923 0.275854 -0.154609 
0.052527 -0.480195 -0.738691 0.434732 0.261126 -0.157540 
0.177935 -0.484086 -0.757190 0.386495 0.246385 -0.160339 
0.421709 -0.487951 -0.774282 0.339539 0.228681 -0.164280 
0.607389 -0.490566 -0.792620 0.305159 0.213366 -0.167478 
0.678044 -0.493966 -0.805876 0.272126 0.190954 -0.171868 
0.701819 -0.496252 -0.817253 0.234745 0.162151 -0.176401 
0.711212 -0.497790 -0.826082 0.197546 0.116073 -0.182641 
0.709984 -0.492948 -0.832077 0.159137 0.073998 -0.190616 
0.708566 -0.460185 -0.837107 0.130661 0.028321 -0.202168 
0.706921 -0.392052 -0.841462 0.102133 -0.029312 -0.207944 
0.705000 -0.200400 -0.845809 0.081543 -0.085744 -0.228138 
0.702743 -0.013542 -0.849476 0.064285 -0.133724 -0.246492 
0.700100 0.122698 -0.852094 0.050749 -0.196685 -0.280654 
0.696965 0.214800 -0.853984 0.038405 -0.249135 -0.307491 
0.693223 0.267942 -0.851154 0.031296 -0.298499 -0.338285 
0.688733 0.298192 -0.837070 0.023594 -0.342141 -0.376521 
0.683319 0.312754 -0.796513 0.018773 -0.372647 -0.416340 
0.676763 0.319206 -0.697283 0.014207 -0.397914 -0.471919 
0.668803 0.322432 -0.541435 0.010335 -0.418627 -0.526636 
0.659131 0.320781 -0.379771 0.007182 -0.435346 -0.572746 
0.646663 0.319402 -0.280475 0.004934 -0.450736 -0.622331 
0.631261 0.317146 -0.219229 0.003173 -0.460689 -0.657667 
0.612310 0.313500 -0.183299 0.007411 -0.468904 -0.699095 
0.589182 0.310374 -0.165679 0.028528 -0.476509 -0.727298 
0.561322 0.304596 -0.157919 0.090814 -0.481979 -0.755263 
0.528375 0.298971 -0.154445 0.242686 -0.486899 -0.778499 
0.490328 0.291577 -0.154120 0.418152 -0.490683 -0.794731 
0.447650 0.278696 -0.155431 0.540160 -0.493805 -0.808889 
0.401357 0.267355 -0.156642 0.618142 -0.495973 -0.819171 
0.352971 0.251495 -0.158945 0.661008 -0.495296 -0.828376 
0.304350 0.237083 -0.162510 0.685985 -0.484123 -0.834735 
0.257418 0.217594 -0.165378 0.697736 -0.456546 -0.839480 
0.213873 0.178546 -0.170064 0.703182 -0.357703 -0.844158 
0.174949 0.146128 -0.176072 0.705905 -0.135839 -0.847506 
0.141301 0.108073 -0.183626 0.704477 0.055238 -0.850409 
0.113033 0.064629 -0.192343 0.702598 0.170602 -0.852735 
0.089818 0.005428 -0.204441 0.700790 0.245462 -0.854657 
0.071067 -0.039865 -0.216931 0.697365 0.285755 -0.850840 
0.056086 -0.097173 -0.232623 0.693731 0.307326 -0.836843 
0.044187 -0.152749 -0.254078 0.690441 0.316937 -0.763563 
0.034749 -0.216796 -0.283011 0.684452 0.320623 -0.653133 
0.027250 -0.263287 -0.309374 0.678090 0.321570 -0.474251 
0.021266 -0.312500 -0.349465 0.667828 0.320798 -0.332618 
0.016465 -0.353897 -0.400511 0.659355 0.318622 -0.247844 
0.012585 -0.386147 -0.442154 0.643670 0.316092 -0.200985 
0.009426 -0.404741 -0.487872 0.627299 0.312775 -0.173890 
0.006834 -0.425271 -0.542257 0.612943 0.308113 -0.160940 
0.004692 -0.439499 -0.591173 0.585559 0.303314 -0.155545 
0.002908 -0.454251 -0.628606 0.545807 0.293976 -0.153881 
0.001410 -0.464828 -0.677634 0.509250 0.285827 -0.153875 
0.013901 -0.473640 -0.713108 0.477923 0.275854 -0.154609 
0.052527 -0.480195 -0.738691 0.434732 0.261126 -0.157540 
0.177935 -0.484086 -0.757190 0.386495 0.246385 -0.160339 
0.421709 -0.487951 -0.774282 0.339539 0.228681 -0.164280 
0.607389 -0.490566 -0.792620 0.305159 0.213366 -0.167478 
0.678044 -0.493966 -0.805876 0.272126 0.190954 -0.171868 
0.701819 -0.496252 -0.817253 0.234745 0.162151 -0.176401 
0.711212 -0.497790 -0.826082 0.197546 0.116073 -0.182641 
0.709984 -0.492948 -0.832077 0.159137 0.073998 -0.190616 
0.708566 -0.460185 -0.837107 0.130661 0.028321 -0.202168 
0.706921 -0.392052 -0.841462 0.102133 -0.029312 -0.207944 
0.705000 -0.200400 -0.845809 0.081543 -0.085744 -0.228138 
0.702743 -0.013542 -0.849476 0.064285 -0.133724 -0.246492 
0.700100 0.122698 -0.852094 0.050749 -0.196685 -0.280654 
0.696965 0.214800 -0.853984 0.038405 -0.249135 -0.307491 
0.693223 0.267942 -0.851154 0.031296 -0.298499 -0.338285 
0.688733 0.298192 -0.837070 0.023594 -0.342141 -0.376521 
0.683319 0.312754 -0.796513 0.018773 -0.372647 -0.416340 
0.676763 0.319206 -0.697283 0.014207 -0.397914 -0.471919 
0.668803 0.322432 -0.541435 0.010335 -0.418627 -0.526636 
0.659131 0.320781 -0.379771 0.007182 -0.435346 -0.572746 
0.646663 0.319402 -0.280475 0.004934 -0.450736 -0.622331 
0.631261 0.317146 -0.219229 0.003173 -0.460689 -0.657667 
0.612310 0.313500 -0.183299 0.007411 -0.468904 -0.699095 
0.589182 0.310374 -0.165679 0.028528 -0.476509 -0.727298 
0.561322 0.304596 -0.157919 0.090814 -0.481979 -0.755263 
0.528375 0.298971 -0.154445 0.242686 -0.486899 -0.778499 
0.490328 0.291577 -0.154120 0.418152 -0.490683 -0.794731 
0.447650 0.278696 -0.155431 0.540160 -0.493805 -0.808889 
0.401357 0.267355 -0.156642 0.618142 -0.495973 -0.819171 
0.352971 0.251495 -0.158945 0.661008 -0.495296 -0.828376 
0.304350 0.237083 -0.162510 0.685985 -0.484123 -0.834735 
0.257418 0.217594 -0.165378 0.697736 -0.456546 -0.839480 
0.213873 0.178546 -0.170064 0.703182 -0.357703 -0.844158 
0.174949 0.146128 -0.176072 0.705905 -0.135839 -0.847506 
0.141301 0.108073 -0.183626 0.704477 0.055238 -0.850409 
0.113033 0.064629 -0.192343 0.702598 0.170602 -0.852735 
0.089818 0.005428 -0.204441 0.700790 0.245462 -0.854657 
0.071067 -0.039865 -0.216931 0.697365 0.285755 -0.850840 
0.056086 -0.097173 -0.232623 0.693731 0.307326 -0.836843 
0.044187 -0.152749 -0.254078 0.690441 0.316937 -0.763563 
0.034749 -0.216796 -0.283011 0.684452 0.320623 -0.653133 
0.027250 -0.263287 -0.309374 0.678090 0.321570 -0.474251 
0.021266 -0.312500 -0.349465 0.667828 0.320798 -0.332618 
0.016465 -0.353897 -0.400511 0.659355 0.318622 -0.247844 
0.012585 -0.386147 -0.442154 0.643670 0.316092 -0.200985 
0.009426 -0.404741 -0.487872 0.627299 0.312775 -0.173890 
0.006834 -0.425271 -0.542257 0.612943 0.308113 -0.160940 
0.004692 -0.439499 -0.591173 0.585559 0.303314 -0.155545 
0.002908 -0.454251 -0.628606 0.545807 0.293976 -0.153881 
0.001410 -0.464828 -0.677634 0.509250 0.285827 -0.153875 
0.013901 -0.473640 -0.713108 0.477923 0.275854 -0.154609 
0.052527 -0.480195 -0.738691 0.434732 0.261126 -0.157540 
0.177935 -0.484086 -0.757190 0.386495 0.246385 -0.160339 
0.421709 -0.487951 -0.774282 0.339539 0.228681 -0.164280 
0.607389 -0.490566 -0.792620 0.305159 0.213366 -0.167478 
0.678044 -0.493966 -0.805876 0.272126 0.190954 -0.171868 
0.701819 -0.496252 -0.817253 0.234745 0.162151 -0.176401 
0.711212 -0.497790 -0.826082 0.197546 0.116073 -0.182641 
0.709984 -0.492948 -0.832077 0.159137 0.073998 -0.190616 
0.708566 -0.460185 -0.837107 0.130661 0.028321 -0.202168 
0.706921 -0.392052 -0.841462 0.102133 -0.029312 -0.207944 
0.705000 -0.200400 -0.845809 0.081543 -0.085744 -0.228138 
0.702743 -0.013542 -0.849476 0.064285 -0.133724 -0.246492 
0.700100 0.122698 -0.852094 0.050749 -0.196685 -0.280654 
0.696965 0.214800 -0.853984 0.038405 -0.249135 -0.307491 
0.693223 0.267942 -0.851154 0.031296 -0.298499 -0.338285 
0.688733 0.298192 -0.837070 0.023594 -0.342141 -0.376521 
0.683319 0.312754 -0.796513 0.018773 -0.372647 -0.416340 
0.676763 0.319206 -0.697283 0.014207 -0.397914 -0.471919 
0.668803 0.322432 -0.541435 0.010335 -0.418627 -0.526636 
0.659131 0.320781 -0.379771 0.007182 -0.435346 -0.572746 
0.646663 0.319402 -0.280475 0.004934 -0.450736 -0.622331 
0.631261 0.317146 -0.219229 0.003173 -0.460689 -0.657667 
0.612310 0.313500 -0.183299 0.007411 -0.468904 -0.699095 
0.589182 0.310374 -0.165679 0.028528 -0.476509 -0.727298 
0.561322 0.304596 -0.157919 0.090814 -0.481979 -0.755263 
0.528375 0.298971 -0.154445 0.242686 -0.486899 -0.778499 
0.490328 0.291577 -0.154120 0.418152 -0.490683 -0.794731 
0.447650 0.278696 -0.155431 0.540160 -0.493805 -0.808889 
0.401357 0.267355 -0.156642 0.618142 -0.495973 -0.819171 
0.352971 0.251495 -0.158945 0.661008 -0.495296 -0.828376 
0.304350 0.237083 -0.162510 0.685985 -0.484123 -0.834735 
0.257418 0.217594 -0.165378 0.697736 -0.456546 -0.839480 
0.213873 0.178546 -0.170064 0.703182 -0.357703 -0.844158 
0.174949 0.146128 -0.176072 0.705905 -0.135839 -0.847506 
0.141301 0.108073 -0.183626 0.704477 0.055238 -0.850409 
0.113033 0.064629 -0.192343 0.702598 0.170602 -0.852735 
0.089818 0.005428 -0.204441 0.700790 0.245462 -0.854657 
0.071067 -0.039865 -0.216931 0.697365 0.285755 -0.850840 
0.056086 -0.097173 -0.232623 0.693731 0.307326 -0.836843 
0.044187 -0.152749 -0.254078 0.690441 0.316937 -0.763563 
0.034749 -0.216796 -0.283011 0.684452 0.320623 -0.653133 
0.027250 -0.263287 -0.309374 0.678090 0.321570 -0.474251 
0.021266 -0.312500 -0.349465 0.667828 0.320798 -0.332618 
0.016465 -0.353897 -0.400511 0.659355 0.318622 -0.247844 
0.012585 -0.386147 -0.442154 0.643670 0.316092 -0.200985 
0.009426 -0.404741 -0.487872 0.627299 0.312775 -0.173890 
0.006834 -0.425271 -0.542257 0.612943 0.308113 -0.160940 
0.004692 -0.439499 -0.591173 0.585559 0.303314 -0.155545 
0.002908 -0.454251 -0.628606 0.545807 0.293976 -0.153881 
0.001410 -0.464828 -0.677634 0.509250 0.285827 -0.153875 
0.013901 -0.473640 -0.713108 0.477923 0.275854 -0.154609 
0.052527 -0.480195 -0.738691 0.434732 0.261126 -0.157540 
0.177935 -0.484086 -0.757190 0.386495 0.246385 -0.160339 
0.421709 -0.487951 -0.774282 0.339539 0.228681 -0.164280 
0.607389 -0.490566 -0.792620 0.305159 0.213366 -0.167478 
0.678044 -0.493966 -0.805876 0.272126 0.190954 -0.171868 
0.701819 -0.496252 -0.817253 0.234745 0.162151 -0.176401 
0.711212 -0.497790 -0.826082 0.197546 0.116073 -0.182641 
0.709984 -0.492948 -0.832077 0.159137 0.073998 -0.190616 
0.708566 -0.460185 -0.837107 0.130661 0.028321 -0.202168 
0.706921 -0.392052 -0.841462 0.102133 -0.029312 -0.207944 
0.705000 -0.200400 -0.845809 0.081543 -0.085744 -0.228138 
0.702762 -0.013542 -0.849476 0.064285 -0.133724 -0.246492 
0.700129 0.122698 -0.852094 0.050749 -0.196685 -0.280654 
0.697007 0.214800 -0.853984 0.038405 -0.249135 -0.307491 
0.693287 0.267942 -0.851154 0.031296 -0.298499 -0.338285 
0.688829 0.298192 -0.837070 0.023594 -0.342141 -0.376521 
0.683464 0.312754 -0.796513 0.018773 -0.372647 -0.416340 
0.676985 0.319206 -0.697283 0.014207 -0.397914 -0.471919 
0.669144 0.322432 -0.541435 0.010335 -0.418627 -0.526636 
0.659045 0.320781 -0.379771 0.007182 -0.435346 -0.572746 
0.646561 0.319402 -0.280475 0.004934 -0.450736 -0.622331 
0.631140 0.317146 -0.219229 0.003173 -0.460689 -0.657667 
0.612168 0.313500 -0.183299 0.007411 -0.468904 -0.699095 
0.589016 0.310374 -0.165679 0.028528 -0.476509 -0.727298 
0.561133 0.304596 -0.157919 0.090814 -0.481979 -0.755263 
0.528162 0.298971 -0.154445 0.242686 -0.486899 -0.778499 
0.490095 0.291577 -0.154120 0.418152 -0.490683 -0.794731 
0.447402 0.278696 -0.155431 0.540160 -0.493805 -0.808889 
0.401103 0.267355 -0.156642 0.618142 -0.495973 -0.819171 
0.352721 0.251495 -0.158945 0.661008 -0.495296 -0.828376 
0.304112 0.237083 -0.162510 0.685985 -0.484123 -0.834735 
0.257201 0.217594 -0.165378 0.697736 -0.456546 -0.839480 
0.213682 0.178546 -0.170064 0.703182 -0.357703 -0.844158 
0.174786 0.146128 -0.176072 0.705905 -0.135839 -0.847506 
0.141168 0.108073 -0.183626 0.704477 0.055238 -0.850409 
0.112926 0.064629 -0.192343 0.702598 0.170602 -0.852735 
0.089733 0.005428 -0.204441 0.700790 0.245462 -0.854657 
0.071001 -0.039865 -0.216931 0.697365 0.285755 -0.850840 
0.056035 -0.097173 -0.232623 0.693731 0.307326 -0.836843 
0.044147 -0.152749 -0.254078 0.690441 0.316937 -0.763563 
0.034718 -0.216796 -0.283011 0.684452 0.320623 -0.653133 
0.027226 -0.263287 -0.309374 0.678090 0.321570 -0.474251 
0.021248 -0.312500 -0.349465 0.667828 0.320798 -0.332618 
0.016450 -0.353897 -0.400511 0.659355 0.318622 -0.247844 
0.012573 -0.386147 -0.442154 0.643670 0.316092 -0.200985 
0.009417 -0.404741 -0.487872 0.627299 0.312775 -0.173890 
0.006827 -0.425271 -0.542257 0.612943 0.308113 -0.160940 
0.004686 -0.439499 -0.591173 0.585559 0.303314 -0.155545 
0.002903 -0.454251 -0.628606 0.545807 0.293976 -0.153881 
0.001406 -0.464828 -0.677634 0.509250 0.285827 -0.153875 
0.013891 -0.473640 -0.713108 0.477923 0.275854 -0.154609 
0.052495 -0.480195 -0.738691 0.434732 0.261126 -0.157540 
0.177845 -0.484086 -0.757190 0.386495 0.246385 -0.160339 
0.421595 -0.487951 -0.774282 0.339539 0.228681 -0.164280 
0.607333 -0.490566 -0.792620 0.305159 0.213366 -0.167478 
0.678025 -0.493966 -0.805876 0.272126 0.190954 -0.171868 
0.701811 -0.496252 -0.817253 0.234745 0.162151 -0.176401 
0.711208 -0.497790 -0.826082 0.197546 0.116073 -0.182641 
0.709979 -0.492948 -0.832077 0.159137 0.073998 -0.190616 
0.708561 -0.460185 -0.837107 0.130661 0.028321 -0.202168 
0.706916 -0.392052 -0.841462 0.102133 -0.029312 -0.207944 
0.704997 -0.200400 -0.845809 0.081543 -0.085744 -0.228138 
0.702762 -0.013542 -0.849476 0.064285 -0.133724 -0.246492 
0.700129 0.122698 -0.852094 0.050749 -0.196685 -0.280654 
0.697007 0.214800 -0.853984 0.038405 -0.249135 -0.307491 
0.693287 0.267942 -0.851154 0.031296 -0.298499 -0.338285 
0.688829 0.298192 -0.837070 0.023594 -0.342141 -0.376521 
0.683464 0.312754 -0.796513 0.018773 -0.372647 -0.416340 
0.676985 0.319206 -0.697283 0.014207 -0.397914 -0.471919 
0.669144 0.322432 -0.541435 0.010335 -0.418627 -0.526636 
0.659047 0.320781 -0.379771 0.007182 -0.435346 -0.572746 
0.646565 0.319402 -0.280475 0.004934 -0.450736 -0.622331 
0.631148 0.317146 -0.219229 0.003173 -0.460689 -0.657667 
0.612180 0.313500 -0.183299 0.007411 -0.468904 -0.699095 
0.589034 0.310374 -0.165679 0.028528 -0.476509 -0.727298 
0.561156 0.304596 -0.157919 0.090814 -0.481979 -0.755263 
0.528192 0.298971 -0.154445 0.242686 -0.486899 -0.778499 
0.490131 0.291577 -0.154120 0.418152 -0.490683 -0.794731 
0.447445 0.278696 -0.155431 0.540160 -0.493805 -0.808889 
0.401151 0.267355 -0.156642 0.618142 -0.495973 -0.819171 
0.352771 0.251495 -0.158945 0.661008 -0.495296 -0.828376 
0.304164 0.237083 -0.162510 0.685985 -0.484123 -0.834735 
0.257251 0.217594 -0.165378 0.697736 -0.456546 -0.839480 
0.213728 0.178546 -0.170064 0.703182 -0.357703 -0.844158 
0.174828 0.146128 -0.176072 0.705905 -0.135839 -0.847506 
0.141204 0.108073 -0.183626 0.704477 0.055238 -0.850409 
0.112956 0.064629 -0.192343 0.702598 0.170602 -0.852735 
0.089758 0.005428 -0.204441 0.700790 0.245462 -0.854657 
0.071021 -0.039865 -0.216931 0.697365 0.285755 -0.850840 
0.056051 -0.097173 -0.232623 0.693731 0.307326 -0.836843 
0.044160 -0.152749 -0.254078 0.690441 0.316937 -0.763563 
0.034728 -0.216796 -0.283011 0.684452 0.320623 -0.653133 
0.027234 -0.263287 -0.309374 0.678090 0.321570 -0.474251 
0.021254 -0.312500 -0.349465 0.667828 0.320798 -0.332618 
0.016456 -0.353897 -0.400511 0.659355 0.318622 -0.247844 
0.012577 -0.386147 -0.442154 0.643670 0.316092 -0.200985 
0.009420 -0.404741 -0.487872 0.627299 0.312775 -0.173890 
0.006830 -0.425271 -0.542257 0.612943 0.308113 -0.160940 
0.004688 -0.439499 -0.591173 0.585559 0.303314 -0.155545 
0.002905 -0.454251 -0.628606 0.545807 0.293976 -0.153881 
0.013901 -0.464828 -0.677634 0.509250 0.285827 -0.153875 
0.052527 -0.473640 -0.713108 0.477923 0.275854 -0.154609 
0.177935 -0.480195 -0.738691 0.434732 0.261126 -0.157540 
0.421709 -0.484086 -0.765036 0.386495 0.246385 -0.160339 
0.607389 -0.488633 -0.783929 0.339539 0.223685 -0.164280 
0.678044 -0.493000 -0.798688 0.288295 0.199494 -0.168793 
0.701819 -0.495183 -0.812392 0.242829 0.166421 -0.174091 
0.711212 -0.497255 -0.821885 0.201589 0.137632 -0.180471 
0.711210 -0.492681 -0.829729 0.166330 0.084777 -0.189531 
0.709950 -0.479942 -0.835933 0.135749 0.033711 -0.201625 
0.708491 -0.420035 -0.840875 0.109801 -0.018883 -0.207673 
0.706791 -0.214391 -0.845339 0.085377 -0.080529 -0.228002 
0.704798 -0.020538 -0.848600 0.069012 -0.131117 -0.243662 
0.702468 0.119200 -0.851656 0.053112 -0.195381 -0.271411 
0.699710 0.213052 -0.853765 0.042131 -0.248484 -0.302869 
0.696424 0.267068 -0.854162 0.033159 -0.287226 -0.335974 
0.692485 0.297755 -0.840906 0.026111 -0.317545 -0.375365 
0.687738 0.312576 -0.820208 0.020032 -0.360349 -0.415763 
0.681989 0.319117 -0.709130 0.014837 -0.391068 -0.459561 
0.675003 0.322387 -0.547359 0.011321 -0.415204 -0.520457 
0.666495 0.320759 -0.382733 0.008442 -0.433634 -0.569656 
0.655489 0.319391 -0.281956 0.005564 -0.449880 -0.614738 
0.641816 0.317400 -0.219970 0.003488 -0.460261 -0.653871 
0.624856 0.313627 -0.184353 0.007568 -0.468690 -0.686549 
0.603939 0.310437 -0.165861 0.023537 -0.475569 -0.721025 
0.578408 0.306063 -0.158010 0.072198 -0.481509 -0.746099 
0.547735 0.299705 -0.154490 0.233378 -0.486664 -0.773918 
0.511674 0.291944 -0.154142 0.413498 -0.490566 -0.792440 
0.470427 0.282286 -0.155442 0.537833 -0.493502 -0.805317 
0.424766 0.269150 -0.156648 0.611710 -0.495822 -0.817385 
0.376062 0.252393 -0.158948 0.658214 -0.495220 -0.825588 
0.326161 0.237532 -0.160969 0.684588 -0.484085 -0.832068 
0.277131 0.217818 -0.164607 0.697038 -0.456527 -0.838146 
0.230936 0.187629 -0.169679 0.702833 -0.357694 -0.843491 
0.189127 0.150670 -0.175879 0.705730 -0.135835 -0.847172 
0.152657 0.110343 -0.183529 0.704390 0.055240 -0.850242 
0.121843 0.065764 -0.192294 0.702555 0.165070 -0.852651 
0.096475 0.005995 -0.204417 0.700768 0.242696 -0.854615 
0.075994 -0.039581 -0.216919 0.698427 0.284372 -0.852220 
0.059675 -0.097032 -0.232617 0.694262 0.306635 -0.837533 
0.046768 -0.152679 -0.254075 0.690707 0.316859 -0.802935 
0.036587 -0.199508 -0.283009 0.684584 0.321255 -0.672819 
0.028546 -0.254643 -0.309373 0.678156 0.321887 -0.484094 
0.022171 -0.308178 -0.349464 0.667861 0.320956 -0.354746 
0.017087 -0.351736 -0.400511 0.659371 0.318701 -0.258908 
0.013004 -0.373515 -0.442154 0.648651 0.316132 -0.206516 
0.009700 -0.398425 -0.487872 0.629789 0.312795 -0.176656 
0.007003 -0.422113 -0.542257 0.614188 0.308123 -0.162323 
0.004785 -0.437920 -0.591173 0.586181 0.303319 -0.156237 
0.002946 -0.453461 -0.628606 0.546119 0.293978 -0.153607 
0.001410 -0.464433 -0.677634 0.509406 0.285828 -0.153738 
0.011791 -0.471091 -0.702319 0.478001 0.275855 -0.154540 
0.039506 -0.478920 -0.733296 0.434770 0.261126 -0.157506 
0.120854 -0.483449 -0.754492 0.404337 0.247142 -0.160322 
0.306976 -0.487632 -0.772933 0.371298 0.229059 -0.161731 
0.521371 -0.490406 -0.787877 0.321039 0.213555 -0.164976 
0.640055 -0.493886 -0.799418 0.280091 0.191048 -0.169150 
0.685605 -0.495626 -0.812757 0.247884 0.166126 -0.172705 
0.703294 -0.497244 -0.822068 0.210463 0.137484 -0.179778 
0.709952 -0.493874 -0.830070 0.170761 0.103739 -0.184330 
0.708493 -0.480538 -0.836103 0.137965 0.055888 -0.191460 
0.706793 -0.431330 -0.840965 0.115953 0.012139 -0.202590 
0.704801 -0.292182 -0.844899 0.088452 -0.051192 -0.220431 
0.702449 -0.106580 -0.848380 0.070212 -0.116449 -0.242639 
0.699681 0.076179 -0.850896 0.053719 -0.171900 -0.265149 
0.696380 0.187778 -0.853291 0.042434 -0.215772 -0.289939 
0.692419 0.254098 -0.853042 0.033311 -0.270871 -0.324228 
0.687638 0.287591 -0.849520 0.026187 -0.309367 -0.369492 
0.681837 0.307494 -0.824515 0.020715 -0.347575 -0.412828 
0.674769 0.316807 -0.756519 0.015971 -0.380633 -0.458092 
0.666134 0.321232 -0.614261 0.011849 -0.405566 -0.504468 
0.655579 0.320181 -0.449066 0.008706 -0.425818 -0.550695 
0.641920 0.319656 -0.321919 0.006201 -0.442135 -0.595304 
0.624977 0.317739 -0.243022 0.004088 -0.456353 -0.645602 
0.604078 0.315664 -0.196528 0.007868 -0.466738 -0.682415 
0.578566 0.311456 -0.171941 0.015734 -0.474589 -0.717656 
0.547912 0.306572 -0.160000 0.058848 -0.479652 -0.744415 
0.511868 0.299959 -0.155079 0.159283 -0.484606 -0.763821 
0.470633 0.292071 -0.153528 0.327187 -0.489106 -0.784496 
0.424978 0.282350 -0.153661 0.483623 -0.492772 -0.801345 
