0.357500 0.000000 0.000000 0.000000 0.000000 0.000000 
0.357500 0.000000 0.000000 0.000000 0.000000 0.000000 
-0.009420 0.000000 0.000000 0.000000 0.000000 0.000000 
0.724576 0.000000 0.000000 0.000000 0.000000 0.000000 
0.640965 0.000000 0.000000 0.000000 0.000000 0.000000 
0.001386 0.000000 0.000000 0.000000 0.000000 0.000000 
0.001386 0.000000 0.000000 0.000000 0.000000 0.000000 
0.001386 0.000000 0.000000 0.000000 0.000000 0.000000 
0.001386 0.000000 0.000000 0.000000 0.000000 0.000000 
0.001386 0.000000 0.000000 0.000000 0.000000 0.000000 
0.001386 0.000000 0.000000 0.000000 0.000000 0.000000 
0.001386 0.000000 0.000000 0.000000 0.000000 0.000000 
0.001386 0.000000 0.000000 0.000000 0.000000 0.000000 
0.001386 0.000000 0.000000 0.000000 0.000000 0.000000 
0.001386 0.000000 0.000000 0.000000 0.000000 0.000000 
0.001386 0.000000 0.000000 0.000000 0.000000 0.000000 
0.001386 0.000000 0.000000 0.000000 0.000000 0.000000 
0.001386 0.000000 0.000000 0.000000 0.000000 0.000000 
0.001386 0.000000 0.000000 0.000000 0.000000 0.000000 
0.001386 0.000000 0.000000 0.000000 0.000000 0.000000 
0.001386 0.000000 0.000000 0.000000 0.000000 0.000000 
0.001386 0.000000 0.000000 0.000000 0.000000 0.000000 
0.711202 0.000000 0.000000 0.000000 0.000000 0.000000 
0.711202 0.000000 0.000000 0.000000 0.000000 0.000000 
0.711202 0.000000 0.000000 0.000000 0.000000 0.000000 
0.711202 0.000000 0.000000 0.000000 0.000000 0.000000 
0.711202 -0.120531 -0.677565 -0.231394 -0.379823 -0.407408 
0.707949 0.100277 -0.762945 -0.106165 -0.363843 -0.411082 
0.703276 0.213199 -0.759450 -0.047469 -0.388767 -0.457220 
0.696907 0.269428 -0.572519 -0.020503 -0.414030 -0.527111 
0.686430 0.292701 -0.363325 -0.009546 -0.442301 -0.611505 
0.669641 0.301278 -0.255347 0.020049 -0.459712 -0.676014 
0.642029 0.300048 -0.201703 0.061006 -0.472213 -0.723594 
0.596366 0.292116 -0.176337 0.266447 -0.483340 -0.764382 
0.524933 0.278965 -0.166540 0.470185 -0.490134 -0.793715 
0.425634 0.257300 -0.163894 0.587029 -0.492522 -0.813753 
0.310553 0.227669 -0.166070 0.648271 -0.460745 -0.827930 
0.203297 0.180509 -0.174074 0.678449 -0.283407 -0.838664 
0.122393 0.125263 -0.182627 0.690749 -0.018546 -0.845988 
0.070466 0.026151 -0.201864 0.693418 0.150888 -0.851283 
0.039911 -0.072053 -0.230700 0.690285 0.239525 -0.819791 
0.022286 -0.176448 -0.271322 0.684374 0.281917 -0.593035 
0.011895 -0.269081 -0.330438 0.670970 0.300252 -0.392010 
0.005522 -0.343739 -0.419972 0.649478 0.306907 -0.269415 
0.001440 -0.394770 -0.508307 0.624033 0.304298 -0.209041 
0.001433 -0.431886 -0.600690 0.565044 0.293315 -0.180928 
0.001427 -0.457169 -0.682482 0.487385 0.276200 -0.170700 
0.001422 -0.473868 -0.736928 0.412822 0.253922 -0.166919 
0.001417 -0.482842 -0.769875 0.352702 0.225986 -0.167570 
0.031420 -0.487329 -0.790417 0.311741 0.212018 -0.169123 
0.220375 -0.490255 -0.800688 0.291260 0.198006 -0.169899 
0.581532 -0.493810 -0.809910 0.265176 0.183274 -0.171612 
0.690516 -0.496336 -0.819270 0.212762 0.126635 -0.180247 
0.708645 -0.481770 -0.830703 0.153354 0.054640 -0.189418 
0.705200 -0.317402 -0.839768 0.107153 -0.029942 -0.218875 
0.700482 -0.029232 -0.846456 0.072189 -0.144793 -0.259018 
0.693916 0.145926 -0.849624 0.048188 -0.246328 -0.314049 
0.684559 0.236661 -0.802790 0.031716 -0.324740 -0.385106 
0.670951 0.281159 -0.594189 0.019089 -0.382016 -0.467975 
0.650987 0.298567 -0.387684 0.010888 -0.424071 -0.569945 
0.619750 0.304210 -0.267526 0.011268 -0.450597 -0.655234 
0.573462 0.301515 -0.208842 0.056615 -0.469023 -0.713204 
0.508424 0.292849 -0.181318 0.305942 -0.481745 -0.762091 
0.425092 0.279332 -0.169030 0.489933 -0.489336 -0.792569 
0.331009 0.256202 -0.166284 0.599706 -0.492123 -0.815075 
0.239311 0.212389 -0.168937 0.654522 -0.436980 -0.829650 
0.162237 0.172869 -0.175508 0.681575 -0.175478 -0.840251 
0.105226 0.096758 -0.188359 0.692312 0.049711 -0.847273 
0.066703 0.005800 -0.208890 0.694199 0.187880 -0.848549 
0.041887 -0.101263 -0.242212 0.690676 0.257481 -0.808443 
0.026085 -0.205520 -0.288974 0.681202 0.290571 -0.587362 
0.015903 -0.300407 -0.370266 0.665800 0.303508 -0.375216 
0.009180 -0.361871 -0.451928 0.638363 0.306483 -0.261006 
0.004611 -0.407799 -0.538973 0.598269 0.302499 -0.205331 
0.001416 -0.441602 -0.632817 0.535481 0.290088 -0.179600 
0.001411 -0.464176 -0.698545 0.463511 0.268243 -0.170036 
0.052531 -0.477371 -0.744960 0.400885 0.244009 -0.166587 
0.421731 -0.484593 -0.773891 0.335832 0.221030 -0.168631 
0.678050 -0.490979 -0.796511 0.287462 0.194786 -0.170978 
0.711213 -0.494921 -0.813945 0.223905 0.132390 -0.179930 
0.708764 -0.461172 -0.828041 0.158926 0.057518 -0.196825 
0.705532 -0.307103 -0.838921 0.109939 -0.028503 -0.222578 
0.701223 -0.024083 -0.847026 0.073576 -0.144074 -0.260869 
0.695343 0.148501 -0.847675 0.048882 -0.245969 -0.314975 
0.687164 0.237949 -0.801815 0.031417 -0.324561 -0.385569 
0.675643 0.281803 -0.593702 0.018940 -0.381927 -0.483460 
0.658157 0.298889 -0.387440 0.010813 -0.424026 -0.577688 
0.632000 0.304371 -0.267404 0.011231 -0.450575 -0.659106 
0.593518 0.301595 -0.208781 0.114782 -0.469012 -0.721167 
0.538920 0.292889 -0.181288 0.335026 -0.481739 -0.766072 
0.466670 0.274452 -0.169571 0.515575 -0.489941 -0.797762 
0.380403 0.248801 -0.166280 0.613269 -0.481446 -0.818155 
0.289725 0.216103 -0.170515 0.660948 -0.401574 -0.831979 
0.206673 0.164906 -0.180847 0.681999 -0.118857 -0.842120 
0.139904 0.093046 -0.194007 0.691359 0.096941 -0.849127 
0.091608 -0.010915 -0.221161 0.692650 0.213257 -0.844938 
0.059029 -0.116439 -0.258714 0.687416 0.269910 -0.761334 
0.037768 -0.229611 -0.324309 0.676975 0.296214 -0.493366 
0.023949 -0.312452 -0.395256 0.663928 0.305811 -0.328218 
0.014840 -0.375063 -0.483343 0.631258 0.306435 -0.237794 
0.008695 -0.417847 -0.561623 0.594716 0.297549 -0.193965 
0.004436 -0.447798 -0.644313 0.531495 0.284880 -0.173917 
0.052540 -0.467888 -0.710001 0.452700 0.259019 -0.167698 
0.421760 -0.479852 -0.750687 0.372641 0.234998 -0.167960 
0.678054 -0.486516 -0.780823 0.305892 0.209496 -0.170642 
0.711214 -0.492689 -0.804726 0.239468 0.159169 -0.175788 
0.708637 -0.479946 -0.822153 0.180098 0.083603 -0.187189 
0.705190 -0.318646 -0.835046 0.126852 -0.015460 -0.212731 
0.700469 -0.072666 -0.844094 0.084194 -0.121405 -0.250195 
0.693900 0.123876 -0.849327 0.055128 -0.223687 -0.304356 
0.684489 0.226159 -0.824419 0.035185 -0.304735 -0.368722 
0.670717 0.275908 -0.648211 0.021456 -0.367617 -0.459783 
0.650285 0.297519 -0.421491 0.012576 -0.413034 -0.549848 
0.619739 0.305554 -0.285763 0.009022 -0.443533 -0.634538 
0.573433 0.303622 -0.216911 0.055492 -0.465491 -0.702856 
0.508372 0.293902 -0.184444 0.275291 -0.479548 -0.754013 
0.425017 0.279858 -0.170593 0.480439 -0.488845 -0.789459 
0.330920 0.251505 -0.166791 0.594959 -0.487568 -0.814003 
0.239225 0.217455 -0.170771 0.651794 -0.404636 -0.829903 
0.162166 0.165582 -0.180975 0.677421 -0.120388 -0.841082 
0.105174 0.082811 -0.194071 0.688201 0.096175 -0.848608 
0.066668 -0.016033 -0.221193 0.691071 0.212874 -0.835727 
0.041864 -0.131185 -0.264059 0.686626 0.269263 -0.705181 
0.026070 -0.236984 -0.326982 0.676581 0.295050 -0.465289 
0.015893 -0.316139 -0.405390 0.657256 0.305229 -0.309707 
0.009173 -0.376906 -0.488410 0.627922 0.306144 -0.228848 
0.004606 -0.420739 -0.577225 0.593048 0.297404 -0.189912 
0.001412 -0.449244 -0.652114 0.519822 0.284807 -0.172628 
0.001407 -0.468611 -0.713901 0.446863 0.258982 -0.167054 
0.052505 -0.480213 -0.752638 0.369722 0.234979 -0.167638 
0.421634 -0.486014 -0.781798 0.320251 0.216515 -0.169156 
0.678032 -0.491690 -0.800465 0.279672 0.192528 -0.171241 
0.711210 -0.495276 -0.815922 0.220010 0.131262 -0.180061 
0.708760 -0.461349 -0.829029 0.156978 0.056953 -0.196890 
0.705527 -0.307192 -0.839416 0.108965 -0.028785 -0.222611 
0.701223 -0.024127 -0.847273 0.073089 -0.144215 -0.260886 
0.695343 0.148478 -0.847798 0.048638 -0.246039 -0.314983 
0.687164 0.237938 -0.801877 0.031296 -0.324596 -0.385573 
0.675643 0.281798 -0.593733 0.018879 -0.381944 -0.483463 
0.658157 0.298886 -0.387456 0.010783 -0.424035 -0.577689 
0.632000 0.304370 -0.267412 0.011216 -0.450579 -0.659106 
0.593518 0.301594 -0.208785 0.114775 -0.469014 -0.721167 
0.538920 0.292889 -0.181290 0.335022 -0.481741 -0.766072 
0.466670 0.274451 -0.169572 0.515574 -0.489941 -0.797762 
0.380403 0.248801 -0.166280 0.613268 -0.481446 -0.818155 
0.289725 0.216103 -0.170516 0.660948 -0.401574 -0.831979 
0.206673 0.164906 -0.180848 0.681998 -0.118857 -0.842120 
0.139904 0.093046 -0.194007 0.691359 0.096941 -0.849127 
0.091608 -0.010915 -0.221161 0.692650 0.213257 -0.844938 
0.059029 -0.116439 -0.258714 0.687416 0.269910 -0.761334 
0.037768 -0.229611 -0.324309 0.676975 0.296214 -0.493366 
0.023949 -0.312452 -0.395256 0.663928 0.305811 -0.328218 
0.014840 -0.375063 -0.483343 0.631258 0.306435 -0.237794 
0.008695 -0.417847 -0.561623 0.594716 0.297549 -0.193965 
0.004436 -0.447798 -0.644313 0.531495 0.284880 -0.173917 
0.052540 -0.467888 -0.710001 0.452700 0.259019 -0.167698 
0.421760 -0.479852 -0.750687 0.372641 0.234998 -0.167960 
0.678054 -0.486516 -0.780823 0.305892 0.209496 -0.170642 
0.711214 -0.492689 -0.804726 0.239468 0.159169 -0.175788 
0.711210 -0.479946 -0.822153 0.180098 0.083603 -0.187189 
0.708632 -0.318646 -0.835046 0.126852 -0.015460 -0.212731 
0.705184 -0.072666 -0.844094 0.084194 -0.121405 -0.250195 
0.700506 0.123876 -0.849327 0.055128 -0.223687 -0.304356 
0.693975 0.226159 -0.824419 0.035185 -0.304735 -0.368722 
0.684644 0.275908 -0.648211 0.021783 -0.367617 -0.459783 
0.671045 0.297519 -0.421491 0.012740 -0.413034 -0.549848 
0.650803 0.305554 -0.285763 0.009104 -0.443533 -0.634538 
0.619495 0.303622 -0.216911 0.055533 -0.465491 -0.702856 
0.573119 0.293902 -0.184444 0.275312 -0.479548 -0.752296 
0.507995 0.279858 -0.170593 0.480449 -0.488845 -0.788600 
0.424610 0.256465 -0.166791 0.594964 -0.491731 -0.813574 
0.330536 0.219935 -0.169191 0.652152 -0.425721 -0.829689 
0.238912 0.166822 -0.175635 0.677600 -0.169848 -0.840271 
0.161945 0.094004 -0.188347 0.689160 0.052526 -0.847666 
0.105033 -0.010436 -0.208884 0.691550 0.191049 -0.844208 
0.066583 -0.116200 -0.252576 0.686866 0.258806 -0.760968 
0.041814 -0.212988 -0.294156 0.676700 0.290662 -0.493183 
0.026041 -0.304141 -0.380180 0.663791 0.303036 -0.328127 
0.015875 -0.363738 -0.456885 0.631189 0.305047 -0.237748 
0.009162 -0.412185 -0.548394 0.594682 0.301781 -0.193942 
0.004599 -0.444966 -0.637699 0.531478 0.286996 -0.173905 
0.001407 -0.466472 -0.700986 0.452691 0.266697 -0.167693 
0.031373 -0.479144 -0.746180 0.372637 0.238837 -0.165416 
0.220124 -0.485480 -0.774501 0.332609 0.218444 -0.166819 
0.581363 -0.489330 -0.792730 0.301694 0.201219 -0.168747 
0.690482 -0.493348 -0.805931 0.258685 0.167284 -0.172503 
0.708632 -0.490727 -0.822001 0.194872 0.099603 -0.185546 
0.705184 -0.436424 -0.833914 0.134239 0.014064 -0.199633 
0.700518 -0.193135 -0.843161 0.093106 -0.077869 -0.232240 
0.694026 0.056884 -0.849423 0.062127 -0.189728 -0.283284 
0.684808 0.192663 -0.836204 0.040595 -0.287756 -0.349020 
0.671530 0.259160 -0.717128 0.025911 -0.355468 -0.438259 
0.650987 0.289145 -0.478236 0.014969 -0.403797 -0.528558 
0.619739 0.301385 -0.318110 0.008190 -0.437184 -0.612229 
0.573433 0.304316 -0.232742 0.028917 -0.460650 -0.682563 
0.508372 0.298831 -0.191857 0.144318 -0.476234 -0.742150 
0.425017 0.285730 -0.174300 0.403242 -0.486581 -0.782599 
0.330920 0.260682 -0.167774 0.553558 -0.490745 -0.808195 
0.239225 0.229360 -0.168422 0.631523 -0.459857 -0.826210 
0.162166 0.181355 -0.175250 0.670075 -0.282963 -0.838531 
0.105174 0.101001 -0.185553 0.686562 -0.004032 -0.846413 
0.066668 0.007922 -0.207487 0.691324 0.161008 -0.848119 
0.041864 -0.100202 -0.241510 0.689238 0.244046 -0.808228 
0.026070 -0.204989 -0.288624 0.680483 0.283853 -0.587254 
0.015893 -0.300142 -0.370090 0.665441 0.300149 -0.375162 
0.009173 -0.361738 -0.451840 0.638184 0.304804 -0.260979 
0.004606 -0.407732 -0.538929 0.598179 0.301659 -0.205318 
0.001412 -0.441569 -0.632795 0.535436 0.289668 -0.179593 
0.052540 -0.464159 -0.698534 0.463488 0.268033 -0.170032 
0.421760 -0.477362 -0.744954 0.400874 0.243904 -0.166586 
0.678054 -0.485271 -0.777956 0.320009 0.213949 -0.168630 
0.711214 -0.492067 -0.803293 0.246526 0.161396 -0.174782 
0.711210 -0.479635 -0.822715 0.174355 0.084717 -0.186686 
0.708632 -0.316335 -0.835774 0.123981 -0.014903 -0.212479 
0.705184 -0.028698 -0.844458 0.082758 -0.121127 -0.250069 
0.700506 0.146193 -0.848625 0.053473 -0.223548 -0.309575 
0.693975 0.236795 -0.824068 0.034358 -0.304666 -0.382869 
0.684644 0.281226 -0.648036 0.021043 -0.367582 -0.466856 
0.671045 0.300178 -0.414607 0.011864 -0.413017 -0.553385 
0.650803 0.305016 -0.281672 0.011756 -0.445070 -0.636306 
0.619495 0.303353 -0.214866 0.056859 -0.466259 -0.703740 
0.573119 0.293768 -0.183422 0.275975 -0.479932 -0.757359 
0.507995 0.279791 -0.170082 0.480781 -0.489037 -0.791132 
0.424610 0.256432 -0.166536 0.595130 -0.487664 -0.814840 
0.330536 0.219918 -0.169063 0.652234 -0.423687 -0.830322 
0.238912 0.166814 -0.175571 0.677642 -0.168831 -0.841291 
0.161945 0.094000 -0.188315 0.689181 0.053034 -0.848176 
0.105033 -0.010438 -0.208868 0.691561 0.191304 -0.844463 
0.066583 -0.116201 -0.252568 0.686871 0.258933 -0.761096 
0.041814 -0.212989 -0.294152 0.676703 0.290726 -0.493247 
0.026041 -0.304141 -0.380178 0.663792 0.303067 -0.328159 
0.015875 -0.363738 -0.456884 0.631190 0.305063 -0.237764 
0.009162 -0.412185 -0.548393 0.594682 0.301789 -0.193950 
0.004599 -0.444966 -0.637699 0.531478 0.287000 -0.173909 
0.001407 -0.466472 -0.700986 0.452691 0.266699 -0.167695 
0.031373 -0.479144 -0.746180 0.372637 0.238838 -0.165417 
0.220124 -0.485480 -0.774501 0.332609 0.218444 -0.166819 
0.581363 -0.489330 -0.792730 0.301694 0.201219 -0.168747 
0.690482 -0.493348 -0.805931 0.258685 0.167284 -0.172503 
0.708632 -0.490727 -0.822001 0.194872 0.099603 -0.185547 
0.705184 -0.436424 -0.833914 0.134239 0.014064 -0.199633 
0.700518 -0.193135 -0.843161 0.093106 -0.077869 -0.232240 
0.694026 0.056884 -0.849423 0.062127 -0.189728 -0.283284 
0.684808 0.192663 -0.836204 0.040595 -0.287756 -0.349020 
0.671530 0.259160 -0.717128 0.025911 -0.355468 -0.438259 
0.650987 0.289145 -0.478236 0.014969 -0.403797 -0.528558 
0.619739 0.301385 -0.318110 0.008190 -0.437184 -0.612229 
0.573433 0.304316 -0.232742 0.028917 -0.460650 -0.682563 
0.508372 0.298831 -0.191857 0.144318 -0.476234 -0.742150 
0.425017 0.285730 -0.174300 0.403242 -0.486581 -0.782599 
0.330920 0.260682 -0.167774 0.553558 -0.490745 -0.808195 
0.239225 0.229360 -0.168422 0.631523 -0.459857 -0.826210 
0.162166 0.181355 -0.175250 0.670075 -0.282963 -0.838531 
0.105174 0.101001 -0.185553 0.686562 -0.004032 -0.846413 
0.066668 0.007922 -0.207487 0.691324 0.161008 -0.848119 
0.041864 -0.100202 -0.241510 0.689238 0.244046 -0.808228 
0.026070 -0.204989 -0.288624 0.680483 0.283853 -0.587254 
0.015893 -0.300142 -0.370090 0.665441 0.300149 -0.375162 
0.009173 -0.361738 -0.451840 0.638184 0.304804 -0.260979 
0.004606 -0.407732 -0.538929 0.598179 0.301659 -0.205318 
0.001412 -0.441569 -0.632795 0.535436 0.289668 -0.179593 
0.052540 -0.464159 -0.698534 0.463488 0.268033 -0.170032 
0.421760 -0.477362 -0.744954 0.400874 0.243904 -0.166586 
0.678054 -0.485271 -0.777956 0.320009 0.213949 -0.168630 
0.711214 -0.492067 -0.803293 0.246526 0.161396 -0.174782 
0.711210 -0.479635 -0.822715 0.174355 0.084717 -0.186686 
0.708632 -0.316335 -0.835774 0.123981 -0.014903 -0.212479 
0.705184 -0.028698 -0.844458 0.082758 -0.121127 -0.250069 
0.700506 0.146193 -0.848625 0.053473 -0.223548 -0.309575 
0.693975 0.236795 -0.824068 0.034358 -0.304666 -0.382869 
0.684644 0.281226 -0.648036 0.021043 -0.367582 -0.466856 
0.671045 0.300178 -0.414607 0.011864 -0.413017 -0.553385 
0.650803 0.305016 -0.281672 0.011756 -0.445070 -0.636306 
0.619495 0.303353 -0.214866 0.056859 -0.466259 -0.703740 
0.573119 0.293768 -0.183422 0.275975 -0.479932 -0.757359 
0.507995 0.279791 -0.170082 0.480781 -0.489037 -0.791132 
0.424610 0.256432 -0.166536 0.595130 -0.487664 -0.814840 
0.330536 0.219918 -0.169063 0.652234 -0.423687 -0.830322 
0.238912 0.166814 -0.175571 0.677642 -0.168831 -0.841291 
0.161945 0.094000 -0.188315 0.689181 0.053034 -0.848176 
0.105033 -0.010438 -0.208868 0.691561 0.191304 -0.844463 
0.066583 -0.116201 -0.252568 0.686871 0.258933 -0.761096 
0.041814 -0.212989 -0.294152 0.676703 0.290726 -0.493247 
0.026041 -0.304141 -0.380178 0.663792 0.303067 -0.328159 
0.015875 -0.363738 -0.456884 0.631190 0.305063 -0.237764 
0.009162 -0.412185 -0.548393 0.594682 0.301789 -0.193950 
0.004599 -0.444966 -0.637699 0.531478 0.287000 -0.173909 
0.001407 -0.466472 -0.700986 0.452691 0.266699 -0.167695 
0.031373 -0.479144 -0.746180 0.372637 0.238838 -0.165417 
0.220124 -0.485480 -0.774501 0.332609 0.218444 -0.166819 
0.581363 -0.489330 -0.792730 0.301694 0.201219 -0.168747 
0.690482 -0.493348 -0.805931 0.258685 0.167284 -0.172503 
0.708632 -0.490727 -0.822001 0.194872 0.099603 -0.185547 
0.705184 -0.436424 -0.833914 0.134239 0.014064 -0.199633 
0.700469 -0.193135 -0.843161 0.093106 -0.077869 -0.232240 
0.693916 0.056884 -0.849423 0.062127 -0.189728 -0.283284 
0.684559 0.192663 -0.836204 0.040595 -0.287756 -0.349020 
0.670951 0.259160 -0.717128 0.025911 -0.355468 -0.438259 
0.650987 0.289145 -0.478236 0.014969 -0.403797 -0.528558 
0.619750 0.301385 -0.318110 0.008190 -0.437184 -0.612229 
0.573462 0.304316 -0.232742 0.028917 -0.460650 -0.682563 
0.508424 0.298831 -0.191857 0.144318 -0.476234 -0.742150 
0.425092 0.285730 -0.174300 0.403242 -0.486581 -0.782599 
0.331009 0.260682 -0.167774 0.553558 -0.490745 -0.808195 
0.239311 0.229360 -0.168422 0.631523 -0.459857 -0.826210 
0.162237 0.181355 -0.175250 0.670075 -0.282963 -0.838531 
0.105226 0.101001 -0.185553 0.686562 -0.004032 -0.846413 
0.066703 0.007922 -0.207487 0.691324 0.161008 -0.848119 
0.041887 -0.100202 -0.241510 0.689238 0.244046 -0.808228 
0.026085 -0.204989 -0.288624 0.680483 0.283853 -0.587254 
0.015903 -0.300142 -0.370090 0.665441 0.300149 -0.375162 
0.009180 -0.361738 -0.451840 0.638184 0.304804 -0.260979 
0.004611 -0.407732 -0.538929 0.598179 0.301659 -0.205318 
0.001416 -0.441569 -0.632795 0.535436 0.289668 -0.179593 
0.052567 -0.464159 -0.698534 0.463488 0.268033 -0.170032 
0.421860 -0.477362 -0.744954 0.400874 0.243904 -0.166586 
0.678072 -0.485271 -0.777956 0.320009 0.213949 -0.168630 
0.711218 -0.492067 -0.803293 0.246526 0.161396 -0.174782 
0.711213 -0.479635 -0.822715 0.174355 0.084717 -0.186686 
0.708637 -0.316335 -0.835774 0.123981 -0.014903 -0.212479 
0.705190 -0.028698 -0.844458 0.082758 -0.121127 -0.250069 
0.700518 0.146193 -0.848625 0.053473 -0.223548 -0.309575 
0.694026 0.236795 -0.824068 0.034358 -0.304666 -0.382869 
0.684808 0.281226 -0.648036 0.021043 -0.367582 -0.466856 
0.671530 0.300178 -0.414607 0.011864 -0.413017 -0.553385 
0.650987 0.305016 -0.281672 0.011756 -0.445070 -0.636306 
0.619739 0.303353 -0.214866 0.056859 -0.466259 -0.703740 
0.573433 0.293768 -0.183422 0.275975 -0.479932 -0.757359 
0.508372 0.279791 -0.170082 0.480781 -0.489037 -0.791132 
0.425017 0.256432 -0.166536 0.595130 -0.487664 -0.814840 
0.330920 0.219918 -0.169063 0.652234 -0.423687 -0.830322 
0.239225 0.166814 -0.175571 0.677642 -0.168831 -0.841291 
0.162166 0.094000 -0.188315 0.689181 0.053034 -0.848176 
0.105174 -0.010438 -0.208868 0.691561 0.191304 -0.844463 
0.066668 -0.116201 -0.252568 0.686871 0.258933 -0.761096 
0.041864 -0.212989 -0.294152 0.676703 0.290726 -0.493247 
0.026070 -0.304141 -0.380178 0.663792 0.303067 -0.328159 
0.015893 -0.363738 -0.456884 0.631190 0.305063 -0.237764 
0.009173 -0.412185 -0.548393 0.594682 0.301789 -0.193950 
0.004606 -0.444966 -0.637699 0.531478 0.287000 -0.173909 
0.001412 -0.466472 -0.700986 0.452691 0.266699 -0.167695 
0.031395 -0.479144 -0.746180 0.372637 0.238838 -0.165417 
0.220234 -0.485480 -0.774501 0.332609 0.218444 -0.166819 
0.581433 -0.489330 -0.792730 0.301694 0.201219 -0.168747 
0.690495 -0.493348 -0.805931 0.258685 0.167284 -0.172503 
0.708637 -0.490727 -0.822001 0.194872 0.099603 -0.185547 
0.705190 -0.436424 -0.833914 0.134239 0.014064 -0.199633 
0.700469 -0.193135 -0.843161 0.093106 -0.077869 -0.232240 
0.693900 0.056884 -0.849423 0.062127 -0.189728 -0.283284 
0.684489 0.192663 -0.836204 0.040595 -0.287756 -0.349020 
0.670717 0.259160 -0.717128 0.025911 -0.355468 -0.438259 
0.650285 0.289145 -0.478236 0.014969 -0.403797 -0.528558 
0.619739 0.301385 -0.318110 0.008190 -0.437184 -0.612229 
0.573433 0.304316 -0.232742 0.028917 -0.460650 -0.682563 
0.508372 0.298831 -0.191857 0.144318 -0.476234 -0.742150 
0.425017 0.285730 -0.174300 0.403242 -0.486581 -0.782599 
0.330920 0.260682 -0.167774 0.553558 -0.490745 -0.808195 
0.239225 0.229360 -0.168422 0.631523 -0.459857 -0.826210 
0.162166 0.181355 -0.175250 0.670075 -0.282963 -0.838531 
0.105174 0.101001 -0.185553 0.686562 -0.004032 -0.846413 
0.066668 0.007922 -0.207487 0.691324 0.161008 -0.848119 
0.041864 -0.100202 -0.241510 0.689238 0.244046 -0.808228 
0.026070 -0.204989 -0.288624 0.680483 0.283853 -0.587254 
0.015893 -0.300142 -0.370090 0.665441 0.300149 -0.375162 
0.009173 -0.361738 -0.451840 0.638184 0.304804 -0.260979 
0.004606 -0.407732 -0.538929 0.598179 0.301659 -0.205318 
0.001412 -0.441569 -0.632795 0.535436 0.289668 -0.179593 
0.001407 -0.464159 -0.698534 0.463488 0.268033 -0.170032 
0.052505 -0.477362 -0.744954 0.400874 0.243904 -0.166586 
0.421634 -0.484589 -0.773888 0.335826 0.220977 -0.168630 
0.678032 -0.490977 -0.796510 0.287459 0.194760 -0.170978 
0.711210 -0.494920 -0.813944 0.223904 0.132377 -0.179929 
0.708760 -0.461171 -0.828040 0.158925 0.057511 -0.196825 
0.705527 -0.307103 -0.838921 0.109939 -0.028506 -0.222578 
0.701223 -0.024083 -0.847026 0.073576 -0.144076 -0.260869 
0.695343 0.148501 -0.847675 0.048881 -0.245969 -0.314975 
0.687164 0.237949 -0.801815 0.031417 -0.324561 -0.385569 
0.675643 0.281803 -0.593702 0.018940 -0.381927 -0.483460 
0.658157 0.298889 -0.387440 0.010813 -0.424026 -0.577688 
0.632000 0.304371 -0.267404 0.011231 -0.450575 -0.659106 
0.593518 0.301595 -0.208781 0.114782 -0.469012 -0.721167 
0.538920 0.292889 -0.181288 0.335026 -0.481739 -0.766072 
0.466670 0.274452 -0.169571 0.515575 -0.489941 -0.797762 
0.380403 0.248801 -0.166280 0.613269 -0.481446 -0.818155 
0.289725 0.216103 -0.170515 0.660948 -0.401574 -0.831979 
0.206673 0.164906 -0.180847 0.681999 -0.118857 -0.842120 
0.139904 0.093046 -0.194007 0.691359 0.096941 -0.849127 
0.091608 -0.010915 -0.221161 0.692650 0.213257 -0.844938 
0.059029 -0.116439 -0.258714 0.687416 0.269910 -0.761334 
0.037768 -0.229611 -0.324309 0.676975 0.296214 -0.493366 
0.023949 -0.312452 -0.395256 0.663928 0.305811 -0.328218 
0.014840 -0.375063 -0.483343 0.631258 0.306435 -0.237794 
0.008695 -0.417847 -0.561623 0.594716 0.297549 -0.193965 
0.004436 -0.447798 -0.644313 0.531495 0.284880 -0.173917 
0.052540 -0.467888 -0.710001 0.452700 0.259019 -0.167698 
0.421760 -0.479852 -0.750687 0.372641 0.234998 -0.167960 
0.678054 -0.486516 -0.780823 0.305892 0.209496 -0.170642 
0.711214 -0.492689 -0.804726 0.239468 0.159169 -0.175788 
0.711210 -0.479946 -0.822153 0.180098 0.083603 -0.187189 
0.708632 -0.318646 -0.835046 0.126852 -0.015460 -0.212731 
0.705184 -0.072666 -0.844094 0.084194 -0.121405 -0.250195 
0.700506 0.123876 -0.849327 0.055128 -0.223687 -0.304356 
0.693975 0.226159 -0.824419 0.035185 -0.304735 -0.368722 
0.684644 0.275908 -0.648211 0.021783 -0.367617 -0.459783 
0.671045 0.297519 -0.421491 0.012740 -0.413034 -0.549848 
0.650803 0.305554 -0.285763 0.009104 -0.443533 -0.634538 
0.619495 0.303622 -0.216911 0.055533 -0.465491 -0.702856 
0.573119 0.293902 -0.184444 0.275312 -0.479548 -0.752296 
0.507995 0.279858 -0.170593 0.480449 -0.488845 -0.788600 
0.424610 0.256465 -0.166791 0.594964 -0.491731 -0.813574 
0.330536 0.219935 -0.169191 0.652152 -0.425721 -0.829689 
0.238912 0.166822 -0.175635 0.677600 -0.169848 -0.840271 
0.161945 0.094004 -0.188347 0.689160 0.052526 -0.847666 
0.105033 -0.010436 -0.208884 0.691550 0.191049 -0.844208 
0.066583 -0.116200 -0.252576 0.686866 0.258806 -0.760968 
0.041814 -0.212988 -0.294156 0.676700 0.290662 -0.493183 
0.026041 -0.304141 -0.380180 0.663791 0.303036 -0.328127 
0.015875 -0.363738 -0.456885 0.631189 0.305047 -0.237748 
0.009162 -0.412185 -0.548394 0.594682 0.301781 -0.193942 
0.004599 -0.444966 -0.637699 0.531478 0.286996 -0.173905 
0.001407 -0.466472 -0.700986 0.452691 0.266697 -0.167693 
0.031373 -0.479144 -0.746180 0.372637 0.238837 -0.165416 
0.220124 -0.485480 -0.774501 0.332609 0.218444 -0.166819 
0.581363 -0.489330 -0.792730 0.301694 0.201219 -0.168747 
0.690482 -0.493348 -0.805931 0.258685 0.167284 -0.172503 
0.708632 -0.490727 -0.822001 0.194872 0.099603 -0.185546 
0.705184 -0.436424 -0.833914 0.134239 0.014064 -0.199633 
0.700518 -0.193135 -0.843161 0.093106 -0.077869 -0.232240 
0.694026 0.056884 -0.849423 0.062127 -0.189728 -0.283284 
0.684808 0.192663 -0.836204 0.040595 -0.287756 -0.349020 
0.671530 0.259160 -0.717128 0.025911 -0.355468 -0.438259 
0.650987 0.289145 -0.478236 0.014969 -0.403797 -0.528558 
0.619739 0.301385 -0.318110 0.008190 -0.437184 -0.612229 
0.573433 0.304316 -0.232742 0.028917 -0.460650 -0.682563 
0.508372 0.298831 -0.191857 0.144318 -0.476234 -0.742150 
0.425017 0.285730 -0.174300 0.403242 -0.486581 -0.782599 
0.330920 0.260682 -0.167774 0.553558 -0.490745 -0.808195 
0.239225 0.229360 -0.168422 0.631523 -0.459857 -0.826210 
0.162166 0.181355 -0.175250 0.670075 -0.282963 -0.838531 
0.105174 0.101001 -0.185553 0.686562 -0.004032 -0.846413 
0.066668 0.007922 -0.207487 0.691324 0.161008 -0.848119 
0.041864 -0.100202 -0.241510 0.689238 0.244046 -0.808228 
0.026070 -0.204989 -0.288624 0.680483 0.283853 -0.587254 
0.015893 -0.300142 -0.370090 0.665441 0.300149 -0.375162 
0.009173 -0.361738 -0.451840 0.638184 0.304804 -0.260979 
0.004606 -0.407732 -0.538929 0.598179 0.301659 -0.205318 
0.001412 -0.441569 -0.632795 0.535436 0.289668 -0.179593 
0.052540 -0.464159 -0.698534 0.463488 0.268033 -0.170032 
0.421760 -0.477362 -0.744954 0.400874 0.243904 -0.166586 
0.678054 -0.485271 -0.777956 0.320009 0.213949 -0.168630 
0.711214 -0.492067 -0.803293 0.246526 0.161396 -0.174782 
0.711210 -0.479635 -0.822715 0.174355 0.084717 -0.186686 
0.708632 -0.316335 -0.835774 0.123981 -0.014903 -0.212479 
0.705184 -0.028698 -0.844458 0.082758 -0.121127 -0.250069 
0.700506 0.146193 -0.848625 0.053473 -0.223548 -0.309575 
0.693975 0.236795 -0.824068 0.034358 -0.304666 -0.382869 
0.684644 0.281226 -0.648036 0.021043 -0.367582 -0.466856 
0.671045 0.300178 -0.414607 0.011864 -0.413017 -0.553385 
0.650803 0.305016 -0.281672 0.011756 -0.445070 -0.636306 
0.619495 0.303353 -0.214866 0.056859 -0.466259 -0.703740 
0.573119 0.293768 -0.183422 0.275975 -0.479932 -0.757359 
0.507995 0.279791 -0.170082 0.480781 -0.489037 -0.791132 
0.424610 0.256432 -0.166536 0.595130 -0.487664 -0.814840 
0.330536 0.219918 -0.169063 0.652234 -0.423687 -0.830322 
0.238912 0.166814 -0.175571 0.677642 -0.168831 -0.841291 
0.161945 0.094000 -0.188315 0.689181 0.053034 -0.848176 
0.105033 -0.010438 -0.208868 0.691561 0.191304 -0.844463 
0.066583 -0.116201 -0.252568 0.686871 0.258933 -0.761096 
0.041814 -0.212989 -0.294152 0.676703 0.290726 -0.493247 
0.026041 -0.304141 -0.380178 0.663792 0.303067 -0.328159 
0.015875 -0.363738 -0.456884 0.631190 0.305063 -0.237764 
0.009162 -0.412185 -0.548393 0.594682 0.301789 -0.193950 
0.004599 -0.444966 -0.637699 0.531478 0.287000 -0.173909 
0.001407 -0.466472 -0.700986 0.452691 0.266699 -0.167695 
0.031373 -0.479144 -0.746180 0.372637 0.238838 -0.165417 
0.220124 -0.485480 -0.774501 0.332609 0.218444 -0.166819 
0.581363 -0.489330 -0.792730 0.301694 0.201219 -0.168747 
0.690482 -0.493348 -0.805931 0.258685 0.167284 -0.172503 
0.708632 -0.490727 -0.822001 0.194872 0.099603 -0.185547 
0.705184 -0.436424 -0.833914 0.134239 0.014064 -0.199633 
0.700518 -0.193135 -0.843161 0.093106 -0.077869 -0.232240 
0.694026 0.056884 -0.849423 0.062127 -0.189728 -0.283284 
0.684808 0.192663 -0.836204 0.040595 -0.287756 -0.349020 
0.671530 0.259160 -0.717128 0.025911 -0.355468 -0.438259 
0.650987 0.289145 -0.478236 0.014969 -0.403797 -0.528558 
0.619739 0.301385 -0.318110 0.008190 -0.437184 -0.612229 
0.573433 0.304316 -0.232742 0.028917 -0.460650 -0.682563 
0.508372 0.298831 -0.191857 0.144318 -0.476234 -0.742150 
0.425017 0.285730 -0.174300 0.403242 -0.486581 -0.782599 
0.330920 0.260682 -0.167774 0.553558 -0.490745 -0.808195 
0.239225 0.229360 -0.168422 0.631523 -0.459857 -0.826210 
0.162166 0.181355 -0.175250 0.670075 -0.282963 -0.838531 
0.105174 0.101001 -0.185553 0.686562 -0.004032 -0.846413 
0.066668 0.007922 -0.207487 0.691324 0.161008 -0.848119 
0.041864 -0.100202 -0.241510 0.689238 0.244046 -0.808228 
0.026070 -0.204989 -0.288624 0.680483 0.283853 -0.587254 
0.015893 -0.300142 -0.370090 0.665441 0.300149 -0.375162 
0.009173 -0.361738 -0.451840 0.638184 0.304804 -0.260979 
0.004606 -0.407732 -0.538929 0.598179 0.301659 -0.205318 
0.001412 -0.441569 -0.632795 0.535436 0.289668 -0.179593 
0.052540 -0.464159 -0.698534 0.463488 0.268033 -0.170032 
0.421760 -0.477362 -0.744954 0.400874 0.243904 -0.166586 
0.678054 -0.485271 -0.777956 0.320009 0.213949 -0.168630 
0.711214 -0.492067 -0.803293 0.246526 0.161396 -0.174782 
0.711210 -0.479635 -0.822715 0.174355 0.084717 -0.186686 
0.708632 -0.316335 -0.835774 0.123981 -0.014903 -0.212479 
0.705184 -0.028698 -0.844458 0.082758 -0.121127 -0.250069 
0.700506 0.146193 -0.848625 0.053473 -0.223548 -0.309575 
0.693975 0.236795 -0.824068 0.034358 -0.304666 -0.382869 
0.684644 0.281226 -0.648036 0.021043 -0.367582 -0.466856 
0.671045 0.300178 -0.414607 0.011864 -0.413017 -0.553385 
0.650803 0.305016 -0.281672 0.011756 -0.445070 -0.636306 
0.619495 0.303353 -0.214866 0.056859 -0.466259 -0.703740 
0.573119 0.293768 -0.183422 0.275975 -0.479932 -0.757359 
0.507995 0.279791 -0.170082 0.480781 -0.489037 -0.791132 
0.424610 0.256432 -0.166536 0.595130 -0.487664 -0.814840 
0.330536 0.219918 -0.169063 0.652234 -0.423687 -0.830322 
0.238912 0.166814 -0.175571 0.677642 -0.168831 -0.841291 
0.161945 0.094000 -0.188315 0.689181 0.053034 -0.848176 
0.105033 -0.010438 -0.208868 0.691561 0.191304 -0.844463 
0.066583 -0.116201 -0.252568 0.686871 0.258933 -0.761096 
0.041814 -0.212989 -0.294152 0.676703 0.290726 -0.493247 
0.026041 -0.304141 -0.380178 0.663792 0.303067 -0.328159 
0.015875 -0.363738 -0.456884 0.631190 0.305063 -0.237764 
0.009162 -0.412185 -0.548393 0.594682 0.301789 -0.193950 
0.004599 -0.444966 -0.637699 0.531478 0.287000 -0.173909 
0.001407 -0.466472 -0.700986 0.452691 0.266699 -0.167695 
0.031373 -0.479144 -0.746180 0.372637 0.238838 -0.165417 
0.220124 -0.485480 -0.774501 0.332609 0.218444 -0.166819 
0.581363 -0.489330 -0.792730 0.301694 0.201219 -0.168747 
0.690482 -0.493348 -0.805931 0.258685 0.167284 -0.172503 
0.708632 -0.490727 -0.822001 0.194872 0.099603 -0.185547 
0.705184 -0.436424 -0.833914 0.134239 0.014064 -0.199633 
0.700469 -0.193135 -0.843161 0.093106 -0.077869 -0.232240 
0.693916 0.056884 -0.849423 0.062127 -0.189728 -0.283284 
0.684559 0.192663 -0.836204 0.040595 -0.287756 -0.349020 
0.670951 0.259160 -0.717128 0.025911 -0.355468 -0.438259 
0.650987 0.289145 -0.478236 0.014969 -0.403797 -0.528558 
0.619750 0.301385 -0.318110 0.008190 -0.437184 -0.612229 
0.573462 0.304316 -0.232742 0.028917 -0.460650 -0.682563 
0.508424 0.298831 -0.191857 0.144318 -0.476234 -0.742150 
0.425092 0.285730 -0.174300 0.403242 -0.486581 -0.782599 
0.331009 0.260682 -0.167774 0.553558 -0.490745 -0.808195 
0.239311 0.229360 -0.168422 0.631523 -0.459857 -0.826210 
0.162237 0.181355 -0.175250 0.670075 -0.282963 -0.838531 
0.105226 0.101001 -0.185553 0.686562 -0.004032 -0.846413 
0.066703 0.007922 -0.207487 0.691324 0.161008 -0.848119 
0.041887 -0.100202 -0.241510 0.689238 0.244046 -0.808228 
0.026085 -0.204989 -0.288624 0.680483 0.283853 -0.587254 
0.015903 -0.300142 -0.370090 0.665441 0.300149 -0.375162 
0.009180 -0.361738 -0.451840 0.638184 0.304804 -0.260979 
0.004611 -0.407732 -0.538929 0.598179 0.301659 -0.205318 
0.001416 -0.441569 -0.632795 0.535436 0.289668 -0.179593 
0.052567 -0.464159 -0.698534 0.463488 0.268033 -0.170032 
0.421860 -0.477362 -0.744954 0.400874 0.243904 -0.166586 
0.678072 -0.485271 -0.777956 0.320009 0.213949 -0.168630 
0.711218 -0.492067 -0.803293 0.246526 0.161396 -0.174782 
0.711213 -0.479635 -0.822715 0.174355 0.084717 -0.186686 
0.708637 -0.316335 -0.835774 0.123981 -0.014903 -0.212479 
0.705190 -0.028698 -0.844458 0.082758 -0.121127 -0.250069 
0.700518 0.146193 -0.848625 0.053473 -0.223548 -0.309575 
0.694026 0.236795 -0.824068 0.034358 -0.304666 -0.382869 
0.684808 0.281226 -0.648036 0.021043 -0.367582 -0.466856 
0.671530 0.300178 -0.414607 0.011864 -0.413017 -0.553385 
0.650803 0.305016 -0.281672 0.011756 -0.445070 -0.636306 
0.619495 0.303353 -0.214866 0.056859 -0.466259 -0.703740 
0.573119 0.293768 -0.183422 0.275975 -0.479932 -0.757359 
0.507995 0.279791 -0.170082 0.480781 -0.489037 -0.791132 
0.424610 0.256432 -0.166536 0.595130 -0.487664 -0.814840 
0.330536 0.219918 -0.169063 0.652234 -0.423687 -0.830322 
0.238912 0.166814 -0.175571 0.677642 -0.168831 -0.841291 
0.161945 0.094000 -0.188315 0.689181 0.053034 -0.848176 
0.105033 -0.010438 -0.208868 0.691561 0.191304 -0.844463 
0.066583 -0.116201 -0.252568 0.686871 0.258933 -0.761096 
0.041814 -0.212989 -0.294152 0.676703 0.290726 -0.493247 
0.026041 -0.304141 -0.380178 0.663792 0.303067 -0.328159 
0.015875 -0.363738 -0.456884 0.631190 0.305063 -0.237764 
0.009162 -0.412185 -0.548393 0.594682 0.301789 -0.193950 
0.004599 -0.444966 -0.637699 0.531478 0.287000 -0.173909 
0.001407 -0.466472 -0.700986 0.452691 0.266699 -0.167695 
0.031373 -0.479144 -0.746180 0.372637 0.238838 -0.165417 
0.220124 -0.485480 -0.774501 0.332609 0.218444 -0.166819 
0.581363 -0.489330 -0.792730 0.301694 0.201219 -0.168747 
0.690482 -0.493348 -0.805931 0.258685 0.167284 -0.172503 
0.708632 -0.490727 -0.822001 0.194872 0.099603 -0.185547 
0.705184 -0.436424 -0.833914 0.134239 0.014064 -0.199633 
0.700469 -0.193135 -0.843161 0.093106 -0.077869 -0.232240 
0.693916 0.056884 -0.849423 0.062127 -0.189728 -0.283284 
0.684559 0.192663 -0.836204 0.040595 -0.287756 -0.349020 
0.670951 0.259160 -0.717128 0.025911 -0.355468 -0.438259 
0.650987 0.289145 -0.478236 0.014969 -0.403797 -0.528558 
0.619750 0.301385 -0.318110 0.008190 -0.437184 -0.612229 
0.573462 0.304316 -0.232742 0.028917 -0.460650 -0.682563 
0.508424 0.298831 -0.191857 0.144318 -0.476234 -0.742150 
0.425092 0.285730 -0.174300 0.403242 -0.486581 -0.782599 
0.331009 0.260682 -0.167774 0.553558 -0.490745 -0.808195 
0.239311 0.229360 -0.168422 0.631523 -0.459857 -0.826210 
0.162237 0.181355 -0.175250 0.670075 -0.282963 -0.838531 
0.105226 0.101001 -0.185553 0.686562 -0.004032 -0.846413 
0.066703 0.007922 -0.207487 0.691324 0.161008 -0.848119 
0.041887 -0.100202 -0.241510 0.689238 0.244046 -0.808228 
0.026085 -0.204989 -0.288624 0.680483 0.283853 -0.587254 
0.015903 -0.300142 -0.370090 0.665441 0.300149 -0.375162 
0.009180 -0.361738 -0.451840 0.638184 0.304804 -0.260979 
0.004611 -0.407732 -0.538929 0.598179 0.301659 -0.205318 
0.001416 -0.441569 -0.632795 0.535436 0.289668 -0.179593 
0.001411 -0.464159 -0.698534 0.463488 0.268033 -0.170032 
0.052531 -0.477362 -0.744954 0.400874 0.243904 -0.166586 
0.421731 -0.484589 -0.773888 0.335826 0.220977 -0.168630 
0.678050 -0.490977 -0.796510 0.287459 0.194760 -0.170978 
0.711213 -0.494920 -0.813944 0.223904 0.132377 -0.179929 
0.708764 -0.461171 -0.828040 0.158925 0.057511 -0.196825 
0.705532 -0.307103 -0.838921 0.109939 -0.028506 -0.222578 
0.701223 -0.024083 -0.847026 0.073576 -0.144076 -0.260869 
0.695343 0.148501 -0.847675 0.048881 -0.245969 -0.314975 
0.687164 0.237949 -0.801815 0.031417 -0.324561 -0.385569 
0.675643 0.281803 -0.593702 0.018940 -0.381927 -0.483460 
0.658157 0.298889 -0.387440 0.010813 -0.424026 -0.577688 
0.632000 0.304371 -0.267404 0.011231 -0.450575 -0.659106 
0.593518 0.301595 -0.208781 0.114782 -0.469012 -0.721167 
0.538920 0.292889 -0.181288 0.335026 -0.481739 -0.766072 
0.466670 0.274452 -0.169571 0.515575 -0.489941 -0.797762 
0.380403 0.248801 -0.166280 0.613269 -0.481446 -0.818155 
0.289725 0.216103 -0.170515 0.660948 -0.401574 -0.831979 
0.206673 0.164906 -0.180847 0.681999 -0.118857 -0.842120 
0.139904 0.093046 -0.194007 0.691359 0.096941 -0.849127 
0.091608 -0.010915 -0.221161 0.692650 0.213257 -0.844938 
0.059029 -0.116439 -0.258714 0.687416 0.269910 -0.761334 
0.037768 -0.229611 -0.324309 0.676975 0.296214 -0.493366 
0.023949 -0.312452 -0.395256 0.663928 0.305811 -0.328218 
0.014840 -0.375063 -0.483343 0.631258 0.306435 -0.237794 
0.008695 -0.417847 -0.561623 0.594716 0.297549 -0.193965 
0.004436 -0.447798 -0.644313 0.531495 0.284880 -0.173917 
0.052540 -0.467888 -0.710001 0.452700 0.259019 -0.167698 
0.421760 -0.479852 -0.750687 0.372641 0.234998 -0.167960 
0.678054 -0.486516 -0.780823 0.305892 0.209496 -0.170642 
0.711214 -0.492689 -0.804726 0.239468 0.159169 -0.175788 
0.708637 -0.479946 -0.822153 0.180098 0.083603 -0.187189 
0.705190 -0.318646 -0.835046 0.126852 -0.015460 -0.212731 
0.700469 -0.072666 -0.844094 0.084194 -0.121405 -0.250195 
0.693900 0.123876 -0.849327 0.055128 -0.223687 -0.304356 
0.684489 0.226159 -0.824419 0.035185 -0.304735 -0.368722 
0.670717 0.275908 -0.648211 0.021456 -0.367617 -0.459783 
0.650285 0.297519 -0.421491 0.012576 -0.413034 -0.549848 
0.619739 0.305554 -0.285763 0.009022 -0.443533 -0.634538 
0.573433 0.303622 -0.216911 0.055492 -0.465491 -0.702856 
0.508372 0.293902 -0.184444 0.275291 -0.479548 -0.754013 
0.425017 0.279858 -0.170593 0.480439 -0.488845 -0.789459 
0.330920 0.251505 -0.166791 0.594959 -0.487568 -0.814003 
0.239225 0.217455 -0.170771 0.651794 -0.404636 -0.829903 
0.162166 0.165582 -0.180975 0.677421 -0.120388 -0.841082 
0.105174 0.082811 -0.194071 0.688201 0.096175 -0.848608 
0.066668 -0.016033 -0.221193 0.691071 0.212874 -0.835727 
0.041864 -0.131185 -0.264059 0.686626 0.269263 -0.705181 
0.026070 -0.236984 -0.326982 0.676581 0.295050 -0.465289 
0.015893 -0.316139 -0.405390 0.657256 0.305229 -0.309707 
0.009173 -0.376906 -0.488410 0.627922 0.306144 -0.228848 
0.004606 -0.420739 -0.577225 0.593048 0.297404 -0.189912 
0.001412 -0.449244 -0.652114 0.519822 0.284807 -0.172628 
0.001407 -0.468611 -0.713901 0.446863 0.258982 -0.167054 
0.052505 -0.480213 -0.752638 0.369722 0.234979 -0.167638 
0.421634 -0.486014 -0.781798 0.320251 0.216515 -0.169156 
0.678032 -0.491690 -0.800465 0.279672 0.192528 -0.171241 
0.711210 -0.495276 -0.815922 0.220010 0.131262 -0.180061 
0.708760 -0.461349 -0.829029 0.156978 0.056953 -0.196890 
0.705527 -0.307192 -0.839416 0.108965 -0.028785 -0.222611 
0.701223 -0.024127 -0.847273 0.073089 -0.144215 -0.260886 
0.695343 0.148478 -0.847798 0.048638 -0.246039 -0.314983 
0.687164 0.237938 -0.801877 0.031296 -0.324596 -0.385573 
0.675643 0.281798 -0.593733 0.018879 -0.381944 -0.483463 
0.658157 0.298886 -0.387456 0.010783 -0.424035 -0.577689 
0.632000 0.304370 -0.267412 0.011216 -0.450579 -0.659106 
0.593518 0.301594 -0.208785 0.114775 -0.469014 -0.721167 
0.538920 0.292889 -0.181290 0.335022 -0.481741 -0.766072 
0.466670 0.274451 -0.169572 0.515574 -0.489941 -0.797762 
0.380403 0.248801 -0.166280 0.613268 -0.481446 -0.818155 
0.289725 0.216103 -0.170516 0.660948 -0.401574 -0.831979 
0.206673 0.164906 -0.180848 0.681998 -0.118857 -0.842120 
0.139904 0.093046 -0.194007 0.691359 0.096941 -0.849127 
0.091608 -0.010915 -0.221161 0.692650 0.213257 -0.844938 
0.059029 -0.116439 -0.258714 0.687416 0.269910 -0.761334 
0.037768 -0.229611 -0.324309 0.676975 0.296214 -0.493366 
0.023949 -0.312452 -0.395256 0.663928 0.305811 -0.328218 
0.014840 -0.375063 -0.483343 0.631258 0.306435 -0.237794 
0.008695 -0.417847 -0.561623 0.594716 0.297549 -0.193965 
0.004436 -0.447798 -0.644313 0.531495 0.284880 -0.173917 
0.052540 -0.467888 -0.710001 0.452700 0.259019 -0.167698 
0.421760 -0.479852 -0.750687 0.372641 0.234998 -0.167960 
0.678054 -0.486516 -0.780823 0.305892 0.209496 -0.170642 
0.711214 -0.492689 -0.804726 0.239468 0.159169 -0.175788 
0.711210 -0.479946 -0.822153 0.180098 0.083603 -0.187189 
0.708632 -0.318646 -0.835046 0.126852 -0.015460 -0.212731 
0.705184 -0.072666 -0.844094 0.084194 -0.121405 -0.250195 
0.700506 0.123876 -0.849327 0.055128 -0.223687 -0.304356 
0.693975 0.226159 -0.824419 0.035185 -0.304735 -0.368722 
0.684644 0.275908 -0.648211 0.021783 -0.367617 -0.459783 
0.671045 0.297519 -0.421491 0.012740 -0.413034 -0.549848 
0.650803 0.305554 -0.285763 0.009104 -0.443533 -0.634538 
0.619495 0.303622 -0.216911 0.055533 -0.465491 -0.702856 
0.573119 0.293902 -0.184444 0.275312 -0.479548 -0.752296 
0.507995 0.279858 -0.170593 0.480449 -0.488845 -0.788600 
0.424610 0.256465 -0.166791 0.594964 -0.491731 -0.813574 
0.330536 0.219935 -0.169191 0.652152 -0.425721 -0.829689 
0.238912 0.166822 -0.175635 0.677600 -0.169848 -0.840271 
0.161945 0.094004 -0.188347 0.689160 0.052526 -0.847666 
0.105033 -0.010436 -0.208884 0.691550 0.191049 -0.844208 
0.066583 -0.116200 -0.252576 0.686866 0.258806 -0.760968 
0.041814 -0.212988 -0.294156 0.676700 0.290662 -0.493183 
0.026041 -0.304141 -0.380180 0.663791 0.303036 -0.328127 
0.015875 -0.363738 -0.456885 0.631189 0.305047 -0.237748 
0.009162 -0.412185 -0.548394 0.594682 0.301781 -0.193942 
0.004599 -0.444966 -0.637699 0.531478 0.286996 -0.173905 
0.001407 -0.466472 -0.700986 0.452691 0.266697 -0.167693 
0.031373 -0.479144 -0.746180 0.372637 0.238837 -0.165416 
0.220124 -0.485480 -0.774501 0.332609 0.218444 -0.166819 
0.581363 -0.489330 -0.792730 0.301694 0.201219 -0.168747 
0.690482 -0.493348 -0.805931 0.258685 0.167284 -0.172503 
0.708632 -0.490727 -0.822001 0.194872 0.099603 -0.185546 
0.705184 -0.436424 -0.833914 0.134239 0.014064 -0.199633 
0.700518 -0.193135 -0.843161 0.093106 -0.077869 -0.232240 
0.694026 0.056884 -0.849423 0.062127 -0.189728 -0.283284 
0.684808 0.192663 -0.836204 0.040595 -0.287756 -0.349020 
0.671530 0.259160 -0.717128 0.025911 -0.355468 -0.438259 
0.650987 0.289145 -0.478236 0.014969 -0.403797 -0.528558 
0.619739 0.301385 -0.318110 0.008190 -0.437184 -0.612229 
0.573433 0.304316 -0.232742 0.028917 -0.460650 -0.682563 
0.508372 0.298831 -0.191857 0.144318 -0.476234 -0.742150 
0.425017 0.285730 -0.174300 0.403242 -0.486581 -0.782599 
0.330920 0.260682 -0.167774 0.553558 -0.490745 -0.808195 
0.239225 0.229360 -0.168422 0.631523 -0.459857 -0.826210 
0.162166 0.181355 -0.175250 0.670075 -0.282963 -0.838531 
0.105174 0.101001 -0.185553 0.686562 -0.004032 -0.846413 
0.066668 0.007922 -0.207487 0.691324 0.161008 -0.848119 
0.041864 -0.100202 -0.241510 0.689238 0.244046 -0.808228 
0.026070 -0.204989 -0.288624 0.680483 0.283853 -0.587254 
0.015893 -0.300142 -0.370090 0.665441 0.300149 -0.375162 
0.009173 -0.361738 -0.451840 0.638184 0.304804 -0.260979 
0.004606 -0.407732 -0.538929 0.598179 0.301659 -0.205318 
0.001412 -0.441569 -0.632795 0.535436 0.289668 -0.179593 
0.052540 -0.464159 -0.698534 0.463488 0.268033 -0.170032 
0.421760 -0.477362 -0.744954 0.400874 0.243904 -0.166586 
0.678054 -0.485271 -0.777956 0.320009 0.213949 -0.168630 
0.711214 -0.492067 -0.803293 0.246526 0.161396 -0.174782 
0.711210 -0.479635 -0.822715 0.174355 0.084717 -0.186686 
0.708632 -0.316335 -0.835774 0.123981 -0.014903 -0.212479 
0.705184 -0.028698 -0.844458 0.082758 -0.121127 -0.250069 
0.700506 0.146193 -0.848625 0.053473 -0.223548 -0.309575 
0.693975 0.236795 -0.824068 0.034358 -0.304666 -0.382869 
0.684644 0.281226 -0.648036 0.021043 -0.367582 -0.466856 
0.671045 0.300178 -0.414607 0.011864 -0.413017 -0.553385 
0.650803 0.305016 -0.281672 0.011756 -0.445070 -0.636306 
0.619495 0.303353 -0.214866 0.056859 -0.466259 -0.703740 
0.573119 0.293768 -0.183422 0.275975 -0.479932 -0.757359 
0.507995 0.279791 -0.170082 0.480781 -0.489037 -0.791132 
0.424610 0.256432 -0.166536 0.595130 -0.487664 -0.814840 
0.330536 0.219918 -0.169063 0.652234 -0.423687 -0.830322 
0.238912 0.166814 -0.175571 0.677642 -0.168831 -0.841291 
0.161945 0.094000 -0.188315 0.689181 0.053034 -0.848176 
0.105033 -0.010438 -0.208868 0.691561 0.191304 -0.844463 
0.066583 -0.116201 -0.252568 0.686871 0.258933 -0.761096 
0.041814 -0.212989 -0.294152 0.676703 0.290726 -0.493247 
0.026041 -0.304141 -0.380178 0.663792 0.303067 -0.328159 
0.015875 -0.363738 -0.456884 0.631190 0.305063 -0.237764 
0.009162 -0.412185 -0.548393 0.594682 0.301789 -0.193950 
0.004599 -0.444966 -0.637699 0.531478 0.287000 -0.173909 
0.001407 -0.466472 -0.700986 0.452691 0.266699 -0.167695 
0.031373 -0.479144 -0.746180 0.372637 0.238838 -0.165417 
0.220124 -0.485480 -0.774501 0.332609 0.218444 -0.166819 
0.581363 -0.489330 -0.792730 0.301694 0.201219 -0.168747 
0.690482 -0.493348 -0.805931 0.258685 0.167284 -0.172503 
0.708632 -0.490727 -0.822001 0.194872 0.099603 -0.185547 
0.705184 -0.436424 -0.833914 0.134239 0.014064 -0.199633 
0.700518 -0.193135 -0.843161 0.093106 -0.077869 -0.232240 
0.694026 0.056884 -0.849423 0.062127 -0.189728 -0.283284 
0.684808 0.192663 -0.836204 0.040595 -0.287756 -0.349020 
0.671530 0.259160 -0.717128 0.025911 -0.355468 -0.438259 
0.650987 0.289145 -0.478236 0.014969 -0.403797 -0.528558 
0.619739 0.301385 -0.318110 0.008190 -0.437184 -0.612229 
0.573433 0.304316 -0.232742 0.028917 -0.460650 -0.682563 
0.508372 0.298831 -0.191857 0.144318 -0.476234 -0.742150 
0.425017 0.285730 -0.174300 0.403242 -0.486581 -0.782599 
0.330920 0.260682 -0.167774 0.553558 -0.490745 -0.808195 
0.239225 0.229360 -0.168422 0.631523 -0.459857 -0.826210 
0.162166 0.181355 -0.175250 0.670075 -0.282963 -0.838531 
0.105174 0.101001 -0.185553 0.686562 -0.004032 -0.846413 
0.066668 0.007922 -0.207487 0.691324 0.161008 -0.848119 
0.041864 -0.100202 -0.241510 0.689238 0.244046 -0.808228 
0.026070 -0.204989 -0.288624 0.680483 0.283853 -0.587254 
0.015893 -0.300142 -0.370090 0.665441 0.300149 -0.375162 
0.009173 -0.361738 -0.451840 0.638184 0.304804 -0.260979 
0.004606 -0.407732 -0.538929 0.598179 0.301659 -0.205318 
0.001412 -0.441569 -0.632795 0.535436 0.289668 -0.179593 
0.052540 -0.464159 -0.698534 0.463488 0.268033 -0.170032 
0.421760 -0.477362 -0.744954 0.400874 0.243904 -0.166586 
0.678054 -0.485271 -0.777956 0.320009 0.213949 -0.168630 
0.711214 -0.492067 -0.803293 0.246526 0.161396 -0.174782 
0.711210 -0.479635 -0.822715 0.174355 0.084717 -0.186686 
0.708632 -0.316335 -0.835774 0.123981 -0.014903 -0.212479 
0.705184 -0.028698 -0.844458 0.082758 -0.121127 -0.250069 
0.700506 0.146193 -0.848625 0.053473 -0.223548 -0.309575 
0.693975 0.236795 -0.824068 0.034358 -0.304666 -0.382869 
0.684644 0.281226 -0.648036 0.021043 -0.367582 -0.466856 
0.671045 0.300178 -0.414607 0.011864 -0.413017 -0.553385 
0.650803 0.305016 -0.281672 0.011756 -0.445070 -0.636306 
0.619495 0.303353 -0.214866 0.056859 -0.466259 -0.703740 
0.573119 0.293768 -0.183422 0.275975 -0.479932 -0.757359 
0.507995 0.279791 -0.170082 0.480781 -0.489037 -0.791132 
0.424610 0.256432 -0.166536 0.595130 -0.487664 -0.814840 
0.330536 0.219918 -0.169063 0.652234 -0.423687 -0.830322 
0.238912 0.166814 -0.175571 0.677642 -0.168831 -0.841291 
0.161945 0.094000 -0.188315 0.689181 0.053034 -0.848176 
0.105033 -0.010438 -0.208868 0.691561 0.191304 -0.844463 
0.066583 -0.116201 -0.252568 0.686871 0.258933 -0.761096 
0.041814 -0.212989 -0.294152 0.676703 0.290726 -0.493247 
0.026041 -0.304141 -0.380178 0.663792 0.303067 -0.328159 
0.015875 -0.363738 -0.456884 0.631190 0.305063 -0.237764 
0.009162 -0.412185 -0.548393 0.594682 0.301789 -0.193950 
0.004599 -0.444966 -0.637699 0.531478 0.287000 -0.173909 
0.001407 -0.466472 -0.700986 0.452691 0.266699 -0.167695 
0.031373 -0.479144 -0.746180 0.372637 0.238838 -0.165417 
0.220124 -0.485480 -0.774501 0.332609 0.218444 -0.166819 
0.581363 -0.489330 -0.792730 0.301694 0.201219 -0.168747 
0.690482 -0.493348 -0.805931 0.258685 0.167284 -0.172503 
0.708632 -0.490727 -0.822001 0.194872 0.099603 -0.185547 
0.705184 -0.436424 -0.833914 0.134239 0.014064 -0.199633 
0.700469 -0.193135 -0.843161 0.093106 -0.077869 -0.232240 
0.693916 0.056884 -0.849423 0.062127 -0.189728 -0.283284 
0.684559 0.192663 -0.836204 0.040595 -0.287756 -0.349020 
0.670951 0.259160 -0.717128 0.025911 -0.355468 -0.438259 
0.650987 0.289145 -0.478236 0.014969 -0.403797 -0.528558 
0.619750 0.301385 -0.318110 0.008190 -0.437184 -0.612229 
0.573462 0.304316 -0.232742 0.028917 -0.460650 -0.682563 
0.508424 0.298831 -0.191857 0.144318 -0.476234 -0.742150 
0.425092 0.285730 -0.174300 0.403242 -0.486581 -0.782599 
0.331009 0.260682 -0.167774 0.553558 -0.490745 -0.808195 
0.239311 0.229360 -0.168422 0.631523 -0.459857 -0.826210 
0.162237 0.181355 -0.175250 0.670075 -0.282963 -0.838531 
0.105226 0.101001 -0.185553 0.686562 -0.004032 -0.846413 
0.066703 0.007922 -0.207487 0.691324 0.161008 -0.848119 
0.041887 -0.100202 -0.241510 0.689238 0.244046 -0.808228 
0.026085 -0.204989 -0.288624 0.680483 0.283853 -0.587254 
0.015903 -0.300142 -0.370090 0.665441 0.300149 -0.375162 
0.009180 -0.361738 -0.451840 0.638184 0.304804 -0.260979 
0.004611 -0.407732 -0.538929 0.598179 0.301659 -0.205318 
0.001416 -0.441569 -0.632795 0.535436 0.289668 -0.179593 
0.052567 -0.464159 -0.698534 0.463488 0.268033 -0.170032 
0.421860 -0.477362 -0.744954 0.400874 0.243904 -0.166586 
0.678072 -0.485271 -0.777956 0.320009 0.213949 -0.168630 
0.711218 -0.492067 -0.803293 0.246526 0.161396 -0.174782 
0.711213 -0.479635 -0.822715 0.174355 0.084717 -0.186686 
0.708637 -0.316335 -0.835774 0.123981 -0.014903 -0.212479 
0.705190 -0.028698 -0.844458 0.082758 -0.121127 -0.250069 
0.700518 0.146193 -0.848625 0.053473 -0.223548 -0.309575 
0.694026 0.236795 -0.824068 0.034358 -0.304666 -0.382869 
0.684808 0.281226 -0.648036 0.021043 -0.367582 -0.466856 
0.671530 0.300178 -0.414607 0.011864 -0.413017 -0.553385 
0.650987 0.305016 -0.281672 0.011756 -0.445070 -0.636306 
0.619739 0.303353 -0.214866 0.056859 -0.466259 -0.703740 
0.573433 0.293768 -0.183422 0.275975 -0.479932 -0.757359 
0.508372 0.279791 -0.170082 0.480781 -0.489037 -0.791132 
0.425017 0.256432 -0.166536 0.595130 -0.487664 -0.814840 
0.330920 0.219918 -0.169063 0.652234 -0.423687 -0.830322 
0.239225 0.166814 -0.175571 0.677642 -0.168831 -0.841291 
0.162166 0.094000 -0.188315 0.689181 0.053034 -0.848176 
0.105174 -0.010438 -0.208868 0.691561 0.191304 -0.844463 
0.066668 -0.116201 -0.252568 0.686871 0.258933 -0.761096 
0.041864 -0.212989 -0.294152 0.676703 0.290726 -0.493247 
0.026070 -0.304141 -0.380178 0.663792 0.303067 -0.328159 
0.015893 -0.363738 -0.456884 0.631190 0.305063 -0.237764 
0.009173 -0.412185 -0.548393 0.594682 0.301789 -0.193950 
0.004606 -0.444966 -0.637699 0.531478 0.287000 -0.173909 
0.001412 -0.466472 -0.700986 0.452691 0.266699 -0.167695 
0.031395 -0.479144 -0.746180 0.372637 0.238838 -0.165417 
0.220234 -0.485480 -0.774501 0.332609 0.218444 -0.166819 
0.581433 -0.489330 -0.792730 0.301694 0.201219 -0.168747 
0.690495 -0.493348 -0.805931 0.258685 0.167284 -0.172503 
0.708637 -0.490727 -0.822001 0.194872 0.099603 -0.185547 
0.705190 -0.436424 -0.833914 0.134239 0.014064 -0.199633 
0.700469 -0.193135 -0.843161 0.093106 -0.077869 -0.232240 
0.693900 0.056884 -0.849423 0.062127 -0.189728 -0.283284 
0.684489 0.192663 -0.836204 0.040595 -0.287756 -0.349020 
0.670717 0.259160 -0.717128 0.025911 -0.355468 -0.438259 
0.650285 0.289145 -0.478236 0.014969 -0.403797 -0.528558 
0.619739 0.301385 -0.318110 0.008190 -0.437184 -0.612229 
0.573433 0.304316 -0.232742 0.028917 -0.460650 -0.682563 
0.508372 0.298831 -0.191857 0.144318 -0.476234 -0.742150 
0.425017 0.285730 -0.174300 0.403242 -0.486581 -0.782599 
0.330920 0.260682 -0.167774 0.553558 -0.490745 -0.808195 
0.239225 0.229360 -0.168422 0.631523 -0.459857 -0.826210 
0.162166 0.181355 -0.175250 0.670075 -0.282963 -0.838531 
0.105174 0.101001 -0.185553 0.686562 -0.004032 -0.846413 
0.066668 0.007922 -0.207487 0.691324 0.161008 -0.848119 
0.041864 -0.100202 -0.241510 0.689238 0.244046 -0.808228 
0.026070 -0.204989 -0.288624 0.680483 0.283853 -0.587254 
0.015893 -0.300142 -0.370090 0.665441 0.300149 -0.375162 
0.009173 -0.361738 -0.451840 0.638184 0.304804 -0.260979 
0.004606 -0.407732 -0.538929 0.598179 0.301659 -0.205318 
0.001412 -0.441569 -0.632795 0.535436 0.289668 -0.179593 
0.001407 -0.464159 -0.698534 0.463488 0.268033 -0.170032 
0.052505 -0.477362 -0.744954 0.400874 0.243904 -0.166586 
0.421634 -0.484589 -0.773888 0.335826 0.220977 -0.168630 
0.678032 -0.490977 -0.796510 0.287459 0.194760 -0.170978 
0.711210 -0.494920 -0.813944 0.223904 0.132377 -0.179929 
0.708760 -0.461171 -0.828040 0.158925 0.057511 -0.196825 
0.705527 -0.307103 -0.838921 0.109939 -0.028506 -0.222578 
0.701223 -0.024083 -0.847026 0.073576 -0.144076 -0.260869 
0.695343 0.148501 -0.847675 0.048881 -0.245969 -0.314975 
0.687164 0.237949 -0.801815 0.031417 -0.324561 -0.385569 
0.675643 0.281803 -0.593702 0.018940 -0.381927 -0.483460 
0.658157 0.298889 -0.387440 0.010813 -0.424026 -0.577688 
0.632000 0.304371 -0.267404 0.011231 -0.450575 -0.659106 
0.593518 0.301595 -0.208781 0.114782 -0.469012 -0.721167 
0.538920 0.292889 -0.181288 0.335026 -0.481739 -0.766072 
0.466670 0.274452 -0.169571 0.515575 -0.489941 -0.797762 
0.380403 0.248801 -0.166280 0.613269 -0.481446 -0.818155 
0.289725 0.216103 -0.170515 0.660948 -0.401574 -0.831979 
0.206673 0.164906 -0.180847 0.681999 -0.118857 -0.842120 
0.139904 0.093046 -0.194007 0.691359 0.096941 -0.849127 
0.091608 -0.010915 -0.221161 0.692650 0.213257 -0.844938 
0.059029 -0.116439 -0.258714 0.687416 0.269910 -0.761334 
0.037768 -0.229611 -0.324309 0.676975 0.296214 -0.493366 
0.023949 -0.312452 -0.395256 0.663928 0.305811 -0.328218 
0.014840 -0.375063 -0.483343 0.631258 0.306435 -0.237794 
0.008695 -0.417847 -0.561623 0.594716 0.297549 -0.193965 
0.004436 -0.447798 -0.644313 0.531495 0.284880 -0.173917 
0.052540 -0.467888 -0.710001 0.452700 0.259019 -0.167698 
0.421760 -0.479852 -0.750687 0.372641 0.234998 -0.167960 
0.678054 -0.486516 -0.780823 0.305892 0.209496 -0.170642 
0.711214 -0.492689 -0.804726 0.239468 0.159169 -0.175788 
0.711210 -0.479946 -0.822153 0.180098 0.083603 -0.187189 
0.708632 -0.318646 -0.835046 0.126852 -0.015460 -0.212731 
0.705184 -0.072666 -0.844094 0.084194 -0.121405 -0.250195 
0.700506 0.123876 -0.849327 0.055128 -0.223687 -0.304356 
0.693975 0.226159 -0.824419 0.035185 -0.304735 -0.368722 
0.684644 0.275908 -0.648211 0.021783 -0.367617 -0.459783 
0.671045 0.297519 -0.421491 0.012740 -0.413034 -0.549848 
0.650803 0.305554 -0.285763 0.009104 -0.443533 -0.634538 
0.619495 0.303622 -0.216911 0.055533 -0.465491 -0.702856 
0.573119 0.293902 -0.184444 0.275312 -0.479548 -0.752296 
0.507995 0.279858 -0.170593 0.480449 -0.488845 -0.788600 
0.424610 0.256465 -0.166791 0.594964 -0.491731 -0.813574 
0.330536 0.219935 -0.169191 0.652152 -0.425721 -0.829689 
0.238912 0.166822 -0.175635 0.677600 -0.169848 -0.840271 
0.161945 0.094004 -0.188347 0.689160 0.052526 -0.847666 
0.105033 -0.010436 -0.208884 0.691550 0.191049 -0.844208 
0.066583 -0.116200 -0.252576 0.686866 0.258806 -0.760968 
0.041814 -0.212988 -0.294156 0.676700 0.290662 -0.493183 
0.026041 -0.304141 -0.380180 0.663791 0.303036 -0.328127 
0.015875 -0.363738 -0.456885 0.631189 0.305047 -0.237748 
0.009162 -0.412185 -0.548394 0.594682 0.301781 -0.193942 
0.004599 -0.444966 -0.637699 0.531478 0.286996 -0.173905 
0.001407 -0.466472 -0.700986 0.452691 0.266697 -0.167693 
0.031373 -0.479144 -0.746180 0.372637 0.238837 -0.165416 
0.220124 -0.485480 -0.774501 0.332609 0.218444 -0.166819 
0.581363 -0.489330 -0.792730 0.301694 0.201219 -0.168747 
0.690482 -0.493348 -0.805931 0.258685 0.167284 -0.172503 
0.708632 -0.490727 -0.822001 0.194872 0.099603 -0.185546 
0.705184 -0.436424 -0.833914 0.134239 0.014064 -0.199633 
0.700518 -0.193135 -0.843161 0.093106 -0.077869 -0.232240 
0.694026 0.056884 -0.849423 0.062127 -0.189728 -0.283284 
0.684808 0.192663 -0.836204 0.040595 -0.287756 -0.349020 
0.671530 0.259160 -0.717128 0.025911 -0.355468 -0.438259 
0.650987 0.289145 -0.478236 0.014969 -0.403797 -0.528558 
0.619739 0.301385 -0.318110 0.008190 -0.437184 -0.612229 
0.573433 0.304316 -0.232742 0.028917 -0.460650 -0.682563 
0.508372 0.298831 -0.191857 0.144318 -0.476234 -0.742150 
0.425017 0.285730 -0.174300 0.403242 -0.486581 -0.782599 
0.330920 0.260682 -0.167774 0.553558 -0.490745 -0.808195 
0.239225 0.229360 -0.168422 0.631523 -0.459857 -0.826210 
0.162166 0.181355 -0.175250 0.670075 -0.282963 -0.838531 
0.105174 0.101001 -0.185553 0.686562 -0.004032 -0.846413 
0.066668 0.007922 -0.207487 0.691324 0.161008 -0.848119 
0.041864 -0.100202 -0.241510 0.689238 0.244046 -0.808228 
0.026070 -0.204989 -0.288624 0.680483 0.283853 -0.587254 
0.015893 -0.300142 -0.370090 0.665441 0.300149 -0.375162 
0.009173 -0.361738 -0.451840 0.638184 0.304804 -0.260979 
0.004606 -0.407732 -0.538929 0.598179 0.301659 -0.205318 
0.001412 -0.441569 -0.632795 0.535436 0.289668 -0.179593 
0.052540 -0.464159 -0.698534 0.463488 0.268033 -0.170032 
0.421760 -0.477362 -0.744954 0.400874 0.243904 -0.166586 
0.678054 -0.485271 -0.777956 0.320009 0.213949 -0.168630 
0.711214 -0.492067 -0.803293 0.246526 0.161396 -0.174782 
0.711210 -0.479635 -0.822715 0.174355 0.084717 -0.186686 
0.708632 -0.316335 -0.835774 0.123981 -0.014903 -0.212479 
0.705184 -0.028698 -0.844458 0.082758 -0.121127 -0.250069 
0.700506 0.146193 -0.848625 0.053473 -0.223548 -0.309575 
0.693975 0.236795 -0.824068 0.034358 -0.304666 -0.382869 
0.684644 0.281226 -0.648036 0.021043 -0.367582 -0.466856 
0.671045 0.300178 -0.414607 0.011864 -0.413017 -0.553385 
0.650803 0.305016 -0.281672 0.011756 -0.445070 -0.636306 
0.619495 0.303353 -0.214866 0.056859 -0.466259 -0.703740 
0.573119 0.293768 -0.183422 0.275975 -0.479932 -0.757359 
0.507995 0.279791 -0.170082 0.480781 -0.489037 -0.791132 
0.424610 0.256432 -0.166536 0.595130 -0.487664 -0.814840 
0.330536 0.219918 -0.169063 0.652234 -0.423687 -0.830322 
0.238912 0.166814 -0.175571 0.677642 -0.168831 -0.841291 
0.161945 0.094000 -0.188315 0.689181 0.053034 -0.848176 
0.105033 -0.010438 -0.208868 0.691561 0.191304 -0.844463 
0.066583 -0.116201 -0.252568 0.686871 0.258933 -0.761096 
0.041814 -0.212989 -0.294152 0.676703 0.290726 -0.493247 
0.026041 -0.304141 -0.380178 0.663792 0.303067 -0.328159 
0.015875 -0.363738 -0.456884 0.631190 0.305063 -0.237764 
0.009162 -0.412185 -0.548393 0.594682 0.301789 -0.193950 
0.004599 -0.444966 -0.637699 0.531478 0.287000 -0.173909 
0.001407 -0.466472 -0.700986 0.452691 0.266699 -0.167695 
0.031373 -0.479144 -0.746180 0.372637 0.238838 -0.165417 
0.220124 -0.485480 -0.774501 0.332609 0.218444 -0.166819 
0.581363 -0.489330 -0.792730 0.301694 0.201219 -0.168747 
0.690482 -0.493348 -0.805931 0.258685 0.167284 -0.172503 
0.708632 -0.490727 -0.822001 0.194872 0.099603 -0.185547 
0.705184 -0.436424 -0.833914 0.134239 0.014064 -0.199633 
0.700518 -0.193135 -0.843161 0.093106 -0.077869 -0.232240 
0.694026 0.056884 -0.849423 0.062127 -0.189728 -0.283284 
0.684808 0.192663 -0.836204 0.040595 -0.287756 -0.349020 
0.671530 0.259160 -0.717128 0.025911 -0.355468 -0.438259 
0.650987 0.289145 -0.478236 0.014969 -0.403797 -0.528558 
0.619739 0.301385 -0.318110 0.008190 -0.437184 -0.612229 
0.573433 0.304316 -0.232742 0.028917 -0.460650 -0.682563 
0.508372 0.298831 -0.191857 0.144318 -0.476234 -0.742150 
0.425017 0.285730 -0.174300 0.403242 -0.486581 -0.782599 
0.330920 0.260682 -0.167774 0.553558 -0.490745 -0.808195 
0.239225 0.229360 -0.168422 0.631523 -0.459857 -0.826210 
0.162166 0.181355 -0.175250 0.670075 -0.282963 -0.838531 
0.105174 0.101001 -0.185553 0.686562 -0.004032 -0.846413 
0.066668 0.007922 -0.207487 0.691324 0.161008 -0.848119 
0.041864 -0.100202 -0.241510 0.689238 0.244046 -0.808228 
0.026070 -0.204989 -0.288624 0.680483 0.283853 -0.587254 
0.015893 -0.300142 -0.370090 0.665441 0.300149 -0.375162 
0.009173 -0.361738 -0.451840 0.638184 0.304804 -0.260979 
0.004606 -0.407732 -0.538929 0.598179 0.301659 -0.205318 
0.001412 -0.441569 -0.632795 0.535436 0.289668 -0.179593 
0.052540 -0.464159 -0.698534 0.463488 0.268033 -0.170032 
0.421760 -0.477362 -0.744954 0.400874 0.243904 -0.166586 
0.678054 -0.485271 -0.777956 0.320009 0.213949 -0.168630 
0.711214 -0.492067 -0.803293 0.246526 0.161396 -0.174782 
0.711210 -0.479635 -0.822715 0.174355 0.084717 -0.186686 
0.708632 -0.316335 -0.835774 0.123981 -0.014903 -0.212479 
0.705184 -0.028698 -0.844458 0.082758 -0.121127 -0.250069 
0.700506 0.146193 -0.848625 0.053473 -0.223548 -0.309575 
0.693975 0.236795 -0.824068 0.034358 -0.304666 -0.382869 
0.684644 0.281226 -0.648036 0.021043 -0.367582 -0.466856 
0.671045 0.300178 -0.414607 0.011864 -0.413017 -0.553385 
0.650803 0.305016 -0.281672 0.011756 -0.445070 -0.636306 
0.619495 0.303353 -0.214866 0.056859 -0.466259 -0.703740 
0.573119 0.293768 -0.183422 0.275975 -0.479932 -0.757359 
0.507995 0.279791 -0.170082 0.480781 -0.489037 -0.791132 
0.424610 0.256432 -0.166536 0.595130 -0.487664 -0.814840 
0.330536 0.219918 -0.169063 0.652234 -0.423687 -0.830322 
0.238912 0.166814 -0.175571 0.677642 -0.168831 -0.841291 
0.161945 0.094000 -0.188315 0.689181 0.053034 -0.848176 
0.105033 -0.010438 -0.208868 0.691561 0.191304 -0.844463 
0.066583 -0.116201 -0.252568 0.686871 0.258933 -0.761096 
0.041814 -0.212989 -0.294152 0.676703 0.290726 -0.493247 
0.026041 -0.304141 -0.380178 0.663792 0.303067 -0.328159 
0.015875 -0.363738 -0.456884 0.631190 0.305063 -0.237764 
0.009162 -0.412185 -0.548393 0.594682 0.301789 -0.193950 
0.004599 -0.444966 -0.637699 0.531478 0.287000 -0.173909 
0.001407 -0.466472 -0.700986 0.452691 0.266699 -0.167695 
0.031373 -0.479144 -0.746180 0.372637 0.238838 -0.165417 
0.220124 -0.485480 -0.774501 0.332609 0.218444 -0.166819 
0.581363 -0.489330 -0.792730 0.301694 0.201219 -0.168747 
0.690482 -0.493348 -0.805931 0.258685 0.167284 -0.172503 
0.708632 -0.490727 -0.822001 0.194872 0.099603 -0.185547 
0.705184 -0.436424 -0.833914 0.134239 0.014064 -0.199633 
0.700469 -0.193135 -0.843161 0.093106 -0.077869 -0.232240 
0.693916 0.056884 -0.849423 0.062127 -0.189728 -0.283284 
0.684559 0.192663 -0.836204 0.040595 -0.287756 -0.349020 
0.670951 0.259160 -0.717128 0.025911 -0.355468 -0.438259 
0.650987 0.289145 -0.478236 0.014969 -0.403797 -0.528558 
0.619750 0.301385 -0.318110 0.008190 -0.437184 -0.612229 
0.573462 0.304316 -0.232742 0.028917 -0.460650 -0.682563 
0.508424 0.298831 -0.191857 0.144318 -0.476234 -0.742150 
0.425092 0.285730 -0.174300 0.403242 -0.486581 -0.782599 
0.331009 0.260682 -0.167774 0.553558 -0.490745 -0.808195 
0.239311 0.229360 -0.168422 0.631523 -0.459857 -0.826210 
0.162237 0.181355 -0.175250 0.670075 -0.282963 -0.838531 
0.105226 0.101001 -0.185553 0.686562 -0.004032 -0.846413 
0.066703 0.007922 -0.207487 0.691324 0.161008 -0.848119 
0.041887 -0.100202 -0.241510 0.689238 0.244046 -0.808228 
0.026085 -0.204989 -0.288624 0.680483 0.283853 -0.587254 
0.015903 -0.300142 -0.370090 0.665441 0.300149 -0.375162 
0.009180 -0.361738 -0.451840 0.638184 0.304804 -0.260979 
0.004611 -0.407732 -0.538929 0.598179 0.301659 -0.205318 
0.001416 -0.441569 -0.632795 0.535436 0.289668 -0.179593 
0.052567 -0.464159 -0.698534 0.463488 0.268033 -0.170032 
0.421860 -0.477362 -0.744954 0.400874 0.243904 -0.166586 
0.678072 -0.485271 -0.777956 0.320009 0.213949 -0.168630 
0.711218 -0.492067 -0.803293 0.246526 0.161396 -0.174782 
0.711213 -0.479635 -0.822715 0.174355 0.084717 -0.186686 
0.708637 -0.316335 -0.835774 0.123981 -0.014903 -0.212479 
0.705190 -0.028698 -0.844458 0.082758 -0.121127 -0.250069 
0.700518 0.146193 -0.848625 0.053473 -0.223548 -0.309575 
0.694026 0.236795 -0.824068 0.034358 -0.304666 -0.382869 
0.684808 0.281226 -0.648036 0.021043 -0.367582 -0.466856 
0.671530 0.300178 -0.414607 0.011864 -0.413017 -0.553385 
0.650803 0.305016 -0.281672 0.011756 -0.445070 -0.636306 
0.619495 0.303353 -0.214866 0.056859 -0.466259 -0.703740 
0.573119 0.293768 -0.183422 0.275975 -0.479932 -0.757359 
0.507995 0.279791 -0.170082 0.480781 -0.489037 -0.791132 
0.424610 0.256432 -0.166536 0.595130 -0.487664 -0.814840 
0.330536 0.219918 -0.169063 0.652234 -0.423687 -0.830322 
0.238912 0.166814 -0.175571 0.677642 -0.168831 -0.841291 
0.161945 0.094000 -0.188315 0.689181 0.053034 -0.848176 
0.105033 -0.010438 -0.208868 0.691561 0.191304 -0.844463 
0.066583 -0.116201 -0.252568 0.686871 0.258933 -0.761096 
0.041814 -0.212989 -0.294152 0.676703 0.290726 -0.493247 
0.026041 -0.304141 -0.380178 0.663792 0.303067 -0.328159 
0.015875 -0.363738 -0.456884 0.631190 0.305063 -0.237764 
0.009162 -0.412185 -0.548393 0.594682 0.301789 -0.193950 
0.004599 -0.444966 -0.637699 0.531478 0.287000 -0.173909 
0.001407 -0.466472 -0.700986 0.452691 0.266699 -0.167695 
0.031373 -0.479144 -0.746180 0.372637 0.238838 -0.165417 
0.220124 -0.485480 -0.774501 0.332609 0.218444 -0.166819 
0.581363 -0.489330 -0.792730 0.301694 0.201219 -0.168747 
0.690482 -0.493348 -0.805931 0.258685 0.167284 -0.172503 
0.708632 -0.490727 -0.822001 0.194872 0.099603 -0.185547 
0.705184 -0.436424 -0.833914 0.134239 0.014064 -0.199633 
0.700469 -0.193135 -0.843161 0.093106 -0.077869 -0.232240 
0.693916 0.056884 -0.849423 0.062127 -0.189728 -0.283284 
0.684559 0.192663 -0.836204 0.040595 -0.287756 -0.349020 
0.670951 0.259160 -0.717128 0.025911 -0.355468 -0.438259 
0.650987 0.289145 -0.478236 0.014969 -0.403797 -0.528558 
0.619750 0.301385 -0.318110 0.008190 -0.437184 -0.612229 
0.573462 0.304316 -0.232742 0.028917 -0.460650 -0.682563 
0.508424 0.298831 -0.191857 0.144318 -0.476234 -0.742150 
0.425092 0.285730 -0.174300 0.403242 -0.486581 -0.782599 
0.331009 0.260682 -0.167774 0.553558 -0.490745 -0.808195 
0.239311 0.229360 -0.168422 0.631523 -0.459857 -0.826210 
0.162237 0.181355 -0.175250 0.670075 -0.282963 -0.838531 
0.105226 0.101001 -0.185553 0.686562 -0.004032 -0.846413 
0.066703 0.007922 -0.207487 0.691324 0.161008 -0.848119 
0.041887 -0.100202 -0.241510 0.689238 0.244046 -0.808228 
0.026085 -0.204989 -0.288624 0.680483 0.283853 -0.587254 
0.015903 -0.300142 -0.370090 0.665441 0.300149 -0.375162 
0.009180 -0.361738 -0.451840 0.638184 0.304804 -0.260979 
0.004611 -0.407732 -0.538929 0.598179 0.301659 -0.205318 
0.001416 -0.441569 -0.632795 0.535436 0.289668 -0.179593 
0.001411 -0.464159 -0.698534 0.463488 0.268033 -0.170032 
0.052531 -0.477362 -0.744954 0.400874 0.243904 -0.166586 
0.421731 -0.484589 -0.773888 0.335826 0.220977 -0.168630 
0.678050 -0.490977 -0.796510 0.287459 0.194760 -0.170978 
0.711213 -0.494920 -0.813944 0.223904 0.132377 -0.179929 
0.708764 -0.461171 -0.828040 0.158925 0.057511 -0.196825 
0.705532 -0.307103 -0.838921 0.109939 -0.028506 -0.222578 
0.701223 -0.024083 -0.847026 0.073576 -0.144076 -0.260869 
0.695343 0.148501 -0.847675 0.048881 -0.245969 -0.314975 
0.687164 0.237949 -0.801815 0.031417 -0.324561 -0.385569 
0.675643 0.281803 -0.593702 0.018940 -0.381927 -0.483460 
0.658157 0.298889 -0.387440 0.010813 -0.424026 -0.577688 
0.632000 0.304371 -0.267404 0.011231 -0.450575 -0.659106 
0.593518 0.301595 -0.208781 0.114782 -0.469012 -0.721167 
0.538920 0.292889 -0.181288 0.335026 -0.481739 -0.766072 
0.466670 0.274452 -0.169571 0.515575 -0.489941 -0.797762 
0.380403 0.248801 -0.166280 0.613269 -0.481446 -0.818155 
0.289725 0.216103 -0.170515 0.660948 -0.401574 -0.831979 
0.206673 0.164906 -0.180847 0.681999 -0.118857 -0.842120 
0.139904 0.093046 -0.194007 0.691359 0.096941 -0.849127 
0.091608 -0.010915 -0.221161 0.692650 0.213257 -0.844938 
0.059029 -0.116439 -0.258714 0.687416 0.269910 -0.761334 
0.037768 -0.229611 -0.324309 0.676975 0.296214 -0.493366 
0.023949 -0.312452 -0.395256 0.663928 0.305811 -0.328218 
0.014840 -0.375063 -0.483343 0.631258 0.306435 -0.237794 
0.008695 -0.417847 -0.561623 0.594716 0.297549 -0.193965 
0.004436 -0.447798 -0.644313 0.531495 0.284880 -0.173917 
0.052540 -0.467888 -0.710001 0.452700 0.259019 -0.167698 
0.421760 -0.479852 -0.750687 0.372641 0.234998 -0.167960 
0.678054 -0.486516 -0.780823 0.305892 0.209496 -0.170642 
0.711214 -0.492689 -0.804726 0.239468 0.159169 -0.175788 
0.711210 -0.479946 -0.822153 0.180098 0.083603 -0.187189 
0.708632 -0.318646 -0.835046 0.126852 -0.015460 -0.212731 
0.705184 -0.072666 -0.844094 0.084194 -0.121405 -0.250195 
0.700506 0.123876 -0.849327 0.055128 -0.223687 -0.304356 
0.693975 0.226159 -0.824419 0.035185 -0.304735 -0.368722 
0.684644 0.275908 -0.648211 0.021783 -0.367617 -0.459783 
0.671045 0.297519 -0.421491 0.012740 -0.413034 -0.549848 
0.650803 0.305554 -0.285763 0.009104 -0.443533 -0.634538 
0.619495 0.303622 -0.216911 0.055533 -0.465491 -0.702856 
0.573119 0.293902 -0.184444 0.275312 -0.479548 -0.752296 
0.507995 0.279858 -0.170593 0.480449 -0.488845 -0.788600 
0.424610 0.256465 -0.166791 0.594964 -0.491731 -0.813574 
0.330536 0.219935 -0.169191 0.652152 -0.425721 -0.829689 
0.238912 0.166822 -0.175635 0.677600 -0.169848 -0.840271 
0.161945 0.094004 -0.188347 0.689160 0.052526 -0.847666 
0.105033 -0.010436 -0.208884 0.691550 0.191049 -0.844208 
0.066583 -0.116200 -0.252576 0.686866 0.258806 -0.760968 
0.041814 -0.212988 -0.294156 0.676700 0.290662 -0.493183 
0.026041 -0.304141 -0.380180 0.663791 0.303036 -0.328127 
0.015875 -0.363738 -0.456885 0.631189 0.305047 -0.237748 
0.009162 -0.412185 -0.548394 0.594682 0.301781 -0.193942 
0.004599 -0.444966 -0.637699 0.531478 0.286996 -0.173905 
0.001407 -0.466472 -0.700986 0.452691 0.266697 -0.167693 
0.031373 -0.479144 -0.746180 0.372637 0.238837 -0.165416 
0.220124 -0.485480 -0.774501 0.332609 0.218444 -0.166819 
0.581363 -0.489330 -0.792730 0.301694 0.201219 -0.168747 
0.690482 -0.493348 -0.805931 0.258685 0.167284 -0.172503 
0.708632 -0.490727 -0.822001 0.194872 0.099603 -0.185546 
